*******************************************************************************
 Revised: January 26, 2022             Saturn                               699
 
 PHYSICAL DATA:
  Mass x10^26 (kg)      = 5.6834          Density (g/cm^3)       =  0.687+-.001
  Equat. radius (1 bar) = 60268+-4 km     Polar radius (km)      = 54364+-10
  Vol. Mean Radius (km) = 58232+-6        Flattening             =  0.09796
  Geometric Albedo      = 0.47            Rocky core mass (Mc/M) =  0.1027
  Sid. rot. period (III)= 10h 39m 22.4s   Sid. rot. rate (rad/s) =  0.000163785 
  Mean solar day, hrs   =~10.656         
  GM (km^3/s^2)         = 37931206.234    GM 1-sigma (km^3/s^2)  = +- 98
  Equ. grav, ge (m/s^2) = 10.44           Pol. grav, gp (m/s^2)  = 12.14+-0.01
  Vis. magnitude V(1,0) = -8.88          
  Vis. mag. (opposition)= +0.67           Obliquity to orbit     = 26.73 deg
  Sidereal orbit period = 29.447498 yr    Sidereal orbit period  = 10755.698 d
  Mean daily motion     = 0.0334979 deg/d Mean orbit velocity    =  9.68 km/s
  Atmos. temp. (1 bar)  = 134+-4 K        Escape speed, km/s    =  35.5          
  Aroche(ice)/Rp        =  2.71           Hill's sphere rad. Rp  = 1100
                                 Perihelion  Aphelion    Mean
  Solar Constant (W/m^2)         16.8        13.6        15.1
  Maximum Planetary IR (W/m^2)    4.7         4.5         4.6
  Minimum Planetary IR (W/m^2)    4.7         4.5         4.6
*******************************************************************************


*******************************************************************************
Ephemeris / WWW_USER Mon Apr  6 16:07:26 2026 Pasadena, USA      / Horizons    
*******************************************************************************
Target body name: Saturn (699)                    {source: sat441l}
Center body name: Earth (399)                     {source: DE441}
Center-site name: (user defined site below)
*******************************************************************************
Start time      : A.D. 2026-Jan-01 00:00:00.0000 UT      
Stop  time      : A.D. 2026-Dec-31 00:00:00.0000 UT      
Step-size       : 3600 minutes
*******************************************************************************
Target pole/equ : IAU_SATURN                      {West-longitude positive}
Target radii    : 60268.0, 60268.0, 54364.0 km    {Equator_a, b, pole_c}       
Center geodetic : 254.0, 28.5, 1.4                {E-lon(deg),Lat(deg),Alt(km)}
Center cylindric: 254.0, 5610.72285, 3025.98484   {E-lon(deg),Dxy(km),Dz(km)}
Center pole/equ : ITRF93                          {East-longitude positive}
Center radii    : 6378.137, 6378.137, 6356.752 km {Equator_a, b, pole_c}       
Target primary  : Sun
Vis. interferer : MOON (R_eq= 1737.400) km        {source: DE441}
Rel. light bend : Sun                             {source: DE441}
Rel. lght bnd GM: 1.3271E+11 km^3/s^2                                          
Atmos refraction: NO (AIRLESS)
RA format       : HMS
Time format     : CAL 
Calendar mode   : Mixed Julian/Gregorian
EOP file        : eop.260406.p260703                                           
EOP coverage    : DATA-BASED 1962-JAN-20 TO 2026-APR-06. PREDICTS-> 2026-JUL-02
Units conversion: 1 au= 149597870.700 km, c= 299792.458 km/s, 1 day= 86400.0 s 
Table cut-offs 1: Elevation (-90.0deg=NO ),Airmass (>38.000=NO), Daylight (NO )
Table cut-offs 2: Solar elongation (  0.0,180.0=NO ),Local Hour Angle( 0.0=NO )
Table cut-offs 3: RA/DEC angular rate (     0.0=NO )                           
**********************************************************************************************************************************************************************************************************************************************************************************************
 Date__(UT)__HR:MN     R.A._____(ICRF)_____DEC  R.A.__(a-apparent)__DEC  dRA*cosD d(DEC)/dt  Azi____(a-app)___Elev    APmag   S-brt      Illu%  Ang-diam  ObsSub-LON ObsSub-LAT             delta      deldot     S-O-T /r     S-T-O  Sky_motion  Sky_mot_PA  RelVel-ANG  Lun_Sky_Brt  sky_SNR
**********************************************************************************************************************************************************************************************************************************************************************************************
$$SOE
 2026-Jan-01 00:00 *m  23 48 11.31 -03 44 26.9  23 49 31.45 -03 35 47.5  7.617687  3.926716  174.903969  57.797189    1.007   6.907   99.74921  17.10665  331.775524  -1.170047  9.71519595637669  27.7736937   75.6122 /T    5.7424   0.1428366   62.730092   58.869434         n.a.     n.a.
 2026-Jan-03 12:00  m  23 48 43.74 -03 40 24.7  23 50 03.84 -03 31 45.2  8.563319  4.145383  359.079739 -65.026467    1.011   6.903   99.75498  17.03654  198.443823  -1.265308  9.75517307274920  27.4736713   73.2133 /T    5.6763   0.1585653   64.169023   55.761255         n.a.     n.a.
 2026-Jan-06 00:00 *   23 49 18.27 -03 36 09.8  23 50 38.39 -03 27 30.2  8.665163  4.358078  183.637809  57.987722    1.015   6.898   99.76148  16.96813   65.106704  -1.365689  9.79450443346586  27.1194349   70.8325 /T    5.6005   0.1616563   63.300240   54.787324         n.a.     n.a.
 2026-Jan-08 12:00  m  23 49 54.85 -03 31 42.1  23 51 14.89 -03 23 02.7  9.583896  4.563605    9.900890 -64.561440    1.018   6.893   99.76867  16.90097  291.763225  -1.471184  9.83342630699764  26.6660720   68.4521 /T    5.5158   0.1769161   64.537408   51.739492         n.a.     n.a.
 2026-Jan-11 00:00 *   23 50 33.41 -03 27 02.4  23 51 53.45 -03 18 23.1  9.666606  4.767119  192.256140  57.577055    1.021   6.888   99.77648  16.83566  158.415364  -1.581520  9.87157512139957  26.2882874   66.0892 /T    5.4219   0.1796360   63.749638   50.805563         n.a.     n.a.
 2026-Jan-13 12:00  m  23 51 13.94 -03 22 10.6  23 52 33.91 -03 13 31.3  10.55304  4.959021   20.015211 -63.360375    1.024   6.882   99.78488  16.77176   25.062076  -1.696686  9.90918444613581  25.6803140   63.7266 /T    5.3195   0.1943354   64.830512   47.808426         n.a.     n.a.
 2026-Jan-16 00:00 *   23 51 56.33 -03 17 07.4  23 53 16.32 -03 08 28.1  10.61580  5.151439  200.494861  56.600008    1.026   6.876   99.79377  16.70985  251.705488  -1.816382  9.94589442506649  25.2800238   61.3812 /T    5.2084   0.1966614   64.114490   46.914595         n.a.     n.a.
 2026-Jan-18 12:00     23 52 40.60 -03 11 53.0  23 54 00.54 -03 03 13.6  11.46521  5.328007   29.064389 -61.529720    1.028   6.870   99.80312  16.64952  118.344438  -1.940581  9.98193822423220  24.5219988   59.0363 /T    5.0892   0.2107123   65.075206   43.963157         n.a.     n.a.
 2026-Jan-21 00:00 *m  23 53 26.58 -03 06 28.1  23 54 46.54 -02 57 48.7  11.50802  5.507034  208.162498  55.115259    1.029   6.864   99.81284  16.59130  344.981175  -2.068956  10.0169617253343  24.1002732   56.7088 /T    4.9621   0.2126303   64.427072   43.107335         n.a.     n.a.
 2026-Jan-23 12:00     23 54 14.34 -03 00 52.9  23 55 34.22 -02 52 13.6  12.31443  5.666592   36.935629 -59.193318    1.029   6.857   99.82289  16.53479  211.614452  -2.201458  10.0511946958026  23.1964946   54.3821 /T    4.8273   0.2259274   65.290075   40.197767         n.a.     n.a.
 2026-Jan-26 00:00 *m  23 55 03.67 -02 55 08.1  23 56 23.54 -02 46 28.9  12.33438  5.830381  215.158249  53.193856    1.030   6.850   99.83317  16.48052   78.246636  -2.337738  10.0842942611305  22.7592248   52.0728 /T    4.6853   0.2273826   64.700207   39.387969         n.a.     n.a.
 2026-Jan-28 12:00     23 55 54.63 -02 49 14.0  23 57 14.46 -02 40 34.8  13.09169  5.972460   43.689491 -56.466457    1.030   6.843   99.84364  16.42807  304.876371  -2.477739  10.1164939406607  21.7258794   49.7644 /T    4.5362   0.2398278   65.477415   36.528470         n.a.     n.a.
 2026-Jan-31 00:00 *m  23 56 47.01 -02 43 11.3  23 58 06.87 -02 34 31.9  13.09007  6.121200  221.461431  50.908544    1.029   6.836   99.85419  16.37792  171.506057  -2.621115  10.1474720466069  21.2891946   47.4731 /T    4.3805   0.2408428   64.938185   35.775538         n.a.     n.a.
 2026-Feb-02 12:00  m  23 57 40.90 -02 37 00.2  23 59 00.72 -02 28 20.8  13.79972  6.247773   49.468974 -53.444423    1.028   6.829   99.86481  16.32965   38.134174  -2.767828  10.1774651863270  20.1439878   45.1822 /T    4.2184   0.2524695   65.641542   32.962804         n.a.     n.a.
 2026-Feb-05 00:00 *   23 58 36.07 -02 30 41.3  23 59 55.89 -02 22 02.0  13.78395  6.383287  227.105587  48.326192    1.027   6.821   99.87537  16.28373  264.763123  -2.917561  10.2061659340336  19.7120501   42.9075 /T    4.0503   0.2531707   65.151344   32.253571         n.a.     n.a.
 2026-Feb-07 12:00  m  23 59 32.65 -02 24 14.9  00 00 52.40 -02 15 35.7  14.44804  6.495992   54.436552 -50.201219    1.025   6.814   99.88587  16.23976  131.391297  -3.070294  10.2337978769357  18.4543847   40.6326 /T    3.8763   0.2640201   65.790812   29.464709         n.a.     n.a.
 2026-Feb-10 00:00 *   00 00 30.37 -02 17 41.6  00 01 50.14 -02 09 02.4  14.41952  6.618056  232.154153  45.504878    1.022   6.806   99.89620  16.19819  358.021185  -3.225709  10.2600599429400  18.0189044   38.3732 /T    3.6970   0.2644287   65.346524   28.782785         n.a.     n.a.
 2026-Feb-12 12:00  m  00 01 29.39 -02 11 01.5  00 02 49.12 -02 02 22.3  15.03325  6.716311   58.742852 -46.792079    1.020   6.798   99.90634  16.15866  224.651156  -3.383776  10.2851633019843  16.6505262   36.1135 /T    3.5122   0.2744224   65.926644   26.010071         n.a.     n.a.
 2026-Feb-15 00:00 *   00 02 29.41 -02 04 15.4  00 03 49.17 -01 55 36.0  14.99022  6.823402  236.682188  42.492680    1.017   6.790   99.91618  16.12157   91.283757  -3.544162  10.3088229444115  16.2133301   33.8690 /T    3.3227   0.2745024   65.525437   25.356591         n.a.     n.a.
 2026-Feb-17 12:00     00 03 30.61 -01 57 23.4  00 04 50.32 -01 48 44.1  15.54986  6.906009   62.516657 -43.257869    1.013   6.782   99.92572  16.08659  317.917309  -3.706819  10.3312424708429  14.7448362   31.6243 /T    3.1284   0.2835740   66.053023   22.600833         n.a.     n.a.
 2026-Feb-20 00:00 *m  00 04 32.65 -01 50 26.3  00 05 52.37 -01 41 47.2  15.49240  6.996221  240.764701  39.328078    1.009   6.773   99.93485  16.05409  184.554375  -3.871398  10.3521567550927  14.3110773   29.3949 /T    2.9301   0.2833145   65.696515   21.978083         n.a.     n.a.
 2026-Feb-22 12:00     00 05 35.74 -01 43 24.5  00 06 55.41 -01 34 45.4  15.99529  7.062064   65.863538 -39.628624    1.005   6.765   99.94357  16.02374   51.193228  -4.037834  10.3717610880724  12.7544974   27.1657 /T    2.7276   0.2914151   66.178111   19.239510         n.a.     n.a.
 2026-Feb-25 00:00 *m  00 06 39.53 -01 36 18.6  00 07 59.23 -01 27 39.5  15.92337  7.134807  244.471322  36.041640    1.000   6.757   99.95177  15.99590  277.836429  -4.205779  10.3898131799744  12.3316787   24.9522 /T    2.5219   0.2908126   65.864213   18.652061         n.a.     n.a.
 2026-Feb-27 12:00     00 07 44.22 -01 29 08.9  00 09 03.91 -01 20 29.6  16.36783  7.185248   68.868235 -35.926238    0.995   6.748   99.95946  15.97025  144.482195  -4.375176  10.4065025899000  10.7040455   22.7393 /T    2.3127   0.2979250   66.299197   15.935435         n.a.     n.a.
 2026-Mar-02 00:00 *m  00 08 49.46 -01 21 56.0  00 10 09.18 -01 13 16.7  16.28458  7.242475  247.863793  32.657438    0.989   6.739   99.96656  15.94709   11.133034  -4.545704  10.4216135707171  10.3022475   20.5422 /T    2.1010   0.2970414   66.023157   15.388140         n.a.     n.a.
 2026-Mar-04 12:00  m  00 09 55.48 -01 14 40.2  00 11 15.17 -01 06 01.1  16.67341  7.280005   71.598758 -32.167117    0.983   6.730   99.97306  15.92614  237.787095  -4.717333  10.4353255099290   8.6164998   18.3462 /T    1.8864   0.3032239   66.412779   12.690168         n.a.     n.a.
 2026-Mar-07 00:00 *   00 11 01.92 -01 07 22.0  00 12 21.61 -00 58 43.0  16.58433  7.322899  250.995489  29.194569    0.976   6.721   99.97889  15.90767  104.446836  -4.889763  10.4474422033678   8.2347723   16.1668 /T    1.6702   0.3021519   66.175890   12.172914         n.a.     n.a.
 2026-Mar-09 12:00  m  00 12 09.03 -01 00 01.8  00 13 28.71 -00 51 22.8  16.91927  7.347919   74.109364 -28.363520    0.969   6.712   99.98407  15.89142  331.110405  -5.062965  10.4581229979284   6.4923947   13.9902 /T    1.4518   0.3074328   66.525036   9.4783869         n.a.     n.a.
 2026-Mar-12 00:00 *   00 13 16.44 -00 52 40.0  00 14 36.14 -00 44 01.0  16.82542  7.375721  253.912583  25.668517    0.962   6.702   99.98853  15.87766  197.780256  -5.236638  10.4671871317775   6.1228534   11.8338 /T    1.2329   0.3061845   66.328909   8.9758362         n.a.     n.a.
 2026-Mar-14 12:00 Am  00 14 24.40 -00 45 16.9  00 15 44.11 -00 36 37.9  17.10292  7.387570   76.444003 -24.524762    0.953   6.692   99.99227  15.86616   64.454586  -5.410741  10.4747739236984   4.3268120    9.6880 /T    1.0132   0.3105041   66.638174   6.2747850         n.a.     n.a.
 2026-Mar-17 00:00 *   00 15 32.51 -00 37 53.1  00 16 52.25 -00 29 14.1  17.00160  7.399102  256.654566  22.091510    0.944   6.682   99.99525  15.85715  291.135839  -5.584963  10.4807252334464   3.9693746    7.5787 /T    0.7954   0.3090312   66.481309   5.7836635         n.a.     n.a.
 2026-Mar-19 12:00 A   00 16 41.06 -00 30 29.1  00 18 00.78 -00 21 50.2  17.21754  7.396604   78.639218 -20.657998    0.933   6.670   99.99747  15.85043  157.822243  -5.759245  10.4851666948578   2.1327047    5.5191 /T    0.5814   0.3123181   66.751784   3.0783034         n.a.     n.a.
 2026-Mar-22 00:00 *m  00 17 49.61 -00 23 05.3  00 19 09.35 -00 14 26.6  17.10751  7.390362  259.255593  18.473171    0.920   6.656   99.99891  15.84620   24.516178  -5.933265  10.4879698964698   1.7958431    3.6153 /T    0.3822   0.3105929   66.635894   2.6056705         n.a.     n.a.
 2026-Mar-24 12:00 A   00 18 58.45 -00 15 42.2  00 20 18.21 -00 07 03.6  17.26124  7.373099   80.725647 -16.768517    0.908   6.644   99.99958  15.84426  251.215865  -6.106957  10.4892508750173  -0.0620145    2.2529 /T    0.2378   0.3128333   66.870356   -0.095293         n.a.     n.a.
 2026-Mar-27 00:00 *m  00 20 07.16 -00 08 20.2  00 21 26.96 +00 00 18.4  17.14570  7.350129  261.745769  14.821283    0.907   6.643   99.99945  15.84477  117.923567  -6.280015  10.4889120644673  -0.3695469    2.5491 /L    0.2656   0.3109124   66.795846   -0.542817         n.a.     n.a.
 2026-Mar-29 12:00 A   00 21 16.04 -00 00 59.9  00 22 35.86 +00 07 38.8  17.23996  7.320689   82.729426 -12.860416    0.914   6.650   99.99854  15.84758  344.637507  -6.452404  10.4870537419119  -2.2361206    4.1556 /L    0.4334   0.3121647   66.992222   -3.239940         n.a.     n.a.
 2026-Apr-01 00:00 *   00 22 24.65 +00 06 18.5  00 23 44.49 +00 14 57.1  17.12236  7.283468  264.151506  11.142556    0.920   6.657   99.99685  15.85280  211.359852  -6.623847  10.4836025662256  -2.5151841    6.1076 /L    0.6381   0.3101184   66.956191   -3.667613         n.a.     n.a.
 2026-Apr-03 12:00 Am  00 23 33.32 +00 13 34.6  00 24 53.17 +00 22 13.0  17.15856  7.243426   84.673449  -8.937402    0.924   6.662   99.99438  15.86031   78.088874  -6.794327  10.4786379113261  -4.3843375    8.1647 /L    0.8536   0.3104134   67.113129   -6.368313         n.a.     n.a.
 2026-Apr-06 00:00 *   00 24 41.61 +00 20 47.9  00 26 01.50 +00 29 26.3  17.04063  7.192180  266.496859   7.442811    0.928   6.667   99.99116  15.87020  304.826656  -6.963575  10.4721092010293  -4.6386016   10.2550 /L    1.0719   0.3082705   67.117305   -6.784473         n.a.     n.a.
 2026-Apr-08 12:00 Nm  00 25 49.84 +00 27 58.2  00 27 09.77 +00 36 36.6  17.01901  7.140931   86.578069  -5.002293    0.930   6.671   99.98719  15.88238  171.571539  -7.131565  10.4640742014213  -6.5049076   12.3696 /L    1.2916   0.3076071   67.237783   -9.496606         n.a.     n.a.
 2026-Apr-11 00:00 *   00 26 57.57 +00 35 05.0  00 28 17.55 +00 43 43.4  16.90125  7.074720  268.804230   3.727339    0.932   6.674   99.98250  15.89692   38.325523  -7.298021  10.4545047801556  -6.7389993   14.4879 /L    1.5103   0.3053705   67.286234   -9.910975         n.a.     n.a.
 2026-Apr-13 12:00 Nm  00 28 05.13 +00 42 07.9  00 29 25.15 +00 50 46.3  16.81993  7.011364   88.462421  -1.057783    0.933   6.677   99.97710  15.91377  265.087049  -7.462909  10.4434355968068  -8.5981587   16.6181 /L    1.7286   0.3037129   67.371260   -12.64518         n.a.     n.a.
 2026-Apr-16 00:00 *   00 29 12.06 +00 49 06.4  00 30 32.10 +00 57 44.7  16.69910  6.929235  271.094676   0.000861    0.933   6.680   99.97105  15.93295  131.858050  -7.625941  10.4308629015540  -8.8141350   18.7459 /L    1.9445   0.3013277   67.464158   -13.06621         n.a.     n.a.
 2026-Apr-18 12:00 N   00 30 18.69 +00 56 00.2  00 31 38.77 +01 04 38.4  16.55358  6.852605   90.345128   2.893714    0.933   6.683   99.96433  15.95445  358.637071  -7.787072  10.4168051795663 -10.6522092   20.8823 /L    2.1591   0.2985982   67.512147   -15.82314         n.a.     n.a.
 2026-Apr-21 00:00 *m  00 31 24.55 +01 02 48.8  00 32 44.69 +01 11 27.0  16.42743  6.754012  273.389106  -3.732246    0.933   6.686   99.95703  15.97825  225.425911  -7.946004  10.4012933030319 -10.8387825   23.0140 /L    2.3703   0.2960280   67.650366   -16.24112         n.a.     n.a.
 2026-Apr-23 12:00 N   00 32 29.97 +01 09 31.7  00 33 50.18 +01 18 10.0  16.21910  6.664946   92.244753   6.850106    0.932   6.689   99.94914  16.00434   92.223146  -8.102706  10.3843366835708 -12.6328810   25.1530 /L    2.5795   0.2922522   67.660677   -19.00644         n.a.     n.a.
 2026-Apr-26 00:00 *m  00 33 34.49 +01 16 08.6  00 34 54.75 +01 24 46.9  16.09319  6.552340  275.708592  -7.467597    0.931   6.691   99.94074  16.03265  319.030378  -8.256908  10.3659978479827 -12.7830431   27.2865 /L    2.7847   0.2895993   67.846310   -19.41039         n.a.     n.a.
 2026-Apr-28 12:00 N   00 34 38.46 +01 22 39.1  00 35 58.77 +01 31 17.3  15.82767  6.453341   94.180683  10.808772    0.930   6.694   99.93184  16.06323  185.846244  -8.408614  10.3462637215695 -14.5273382   29.4274 /L    2.9871   0.2848785   67.818036   -22.18742         n.a.     n.a.
 2026-May-01 00:00 *   00 35 41.43 +01 29 03.0  00 37 01.78 +01 37 41.0  15.70456  6.328564  278.074866 -11.200223    0.928   6.696   99.92253  16.09598   52.672230  -8.557573  10.3252156071380 -14.6507261   31.5630 /L    3.1851   0.2821958   68.051743   -22.58994         n.a.     n.a.
 2026-May-03 12:00 Cm  00 36 43.73 +01 35 19.8  00 38 04.15 +01 43 57.8  15.38146  6.220016   96.173292  14.766727    0.926   6.699   99.91279  16.13097  279.507114  -8.703797  10.3028151517084 -16.3438842   33.7067 /L    3.3798   0.2765250   67.982378   -25.39227         n.a.     n.a.
 2026-May-06 00:00 *   00 37 44.93 +01 41 29.3  00 39 05.41 +01 50 07.4  15.25948  6.082777  280.511536 -14.924386    0.923   6.701   99.90275  16.16809  146.352268  -8.847027  10.2791665674947 -16.4448411   35.8458 /L    3.5695   0.2737862   68.266650   -25.80313         n.a.     n.a.
 2026-May-08 12:00 Cm  00 38 45.34 +01 47 31.1  00 40 05.91 +01 56 09.2  14.87766  5.963532   98.245216  18.720478    0.921   6.703   99.89238  16.20743   13.206601  -8.987267  10.2542117588301 -18.0787253   37.9940 /L    3.7554   0.2671395   68.157217   -28.63720         n.a.     n.a.
 2026-May-11 00:00 *   00 39 44.53 +01 53 24.8  00 41 05.15 +02 02 02.9  14.75597  5.812838  283.044293 -18.633695    0.917   6.705   99.88182  16.24884  240.071340  -9.124246  10.2280802182581 -18.1578914   40.1384 /L    3.9357   0.2643271   68.498963   -29.06094         n.a.     n.a.
 2026-May-13 12:00 Cm  00 40 42.81 +01 59 10.1  00 42 03.50 +02 07 48.1  14.31496  5.681630  100.422656  22.665579    0.914   6.707   99.87104  16.29246  106.945526  -9.257959  10.2006938545848 -19.7249254   42.2925 /L    4.1117   0.2566878   68.351798   -31.93442         n.a.     n.a.
 2026-May-16 00:00 *m  00 41 39.75 +02 04 46.4  00 43 00.48 +02 13 24.4  14.19061  5.516821  285.701958 -22.320673    0.910   6.709   99.86019  16.33809  333.830259  -9.388123  10.1722061779234 -19.7830938   44.4434 /L    4.2816   0.2537545   68.755635   -32.37924         n.a.     n.a.
 2026-May-18 12:00 C   00 42 35.65 +02 10 13.6  00 43 56.49 +02 18 51.6  13.68747  5.373145  102.736277  26.596623    0.905   6.711   99.84924  16.38590  200.724724  -9.514733  10.1425250400787 -21.2685365   46.6045 /L    4.4465   0.2450723   68.567046   -35.29580         n.a.     n.a.
 2026-May-21 00:00 *m  00 43 30.08 +02 15 31.0  00 44 51.00 +02 24 09.3  13.55907  5.195503  288.517897 -25.976293    0.901   6.713   99.83835  16.43563   67.629824  -9.637511  10.1118371358156 -21.2940835   48.7624 /L    4.6047   0.2420064   69.034388   -35.75142         n.a.     n.a.
 2026-May-23 12:00 C   00 44 23.34 +02 20 38.6  00 45 44.35 +02 29 16.9  12.99795  5.041598  105.223019  30.506641    0.896   6.714   99.82748  16.48748  294.544812  -9.756486  10.0800408211190 -22.6788624   50.9306 /L    4.7574   0.2323578   68.799906   -38.69820         n.a.     n.a.
 2026-May-26 00:00 *m  00 45 15.02 +02 25 35.8  00 46 36.08 +02 34 14.1  12.87096  4.853944  291.530540 -29.589378    0.890   6.716   99.81679  16.54113  161.470368  -9.871409  10.0473472488402 -22.6701710   53.0960 /L    4.9029   0.2292636   69.337357   -39.15380         n.a.     n.a.
 2026-May-28 12:00 C   00 46 05.42 +02 30 22.6  00 47 26.57 +02 39 00.9  12.25804  4.691141  107.927893  34.386107    0.884   6.717   99.80625  16.59682   28.405865  -9.982331  10.0136327112066 -23.9527441   55.2725 /L    5.0424   0.2187505   69.058204   -42.13484         n.a.     n.a.
 2026-May-31 00:00 *   00 46 54.16 +02 34 58.5  00 48 15.37 +02 43 36.9  12.13387  4.494356  294.785208 -33.145365    0.878   6.718   99.79600  16.65421  255.351830 -10.089008  9.97912215336335 -23.9211120   57.4468 /L    5.1743   0.2156579   69.675488   -42.60173         n.a.     n.a.
 2026-Jun-02 12:00 Cm  00 47 41.50 +02 39 23.5  00 49 02.83 +02 48 02.0  11.46894  4.322392  110.906256  38.222434    0.872   6.719   99.78603  16.71359  122.307829 -10.191494  9.94366918042961 -25.1024890   59.6335 /L    5.2998   0.2042736   69.349683   -45.63517         n.a.     n.a.
 2026-Jun-05 00:00 *   00 48 27.09 +02 43 37.0  00 49 48.49 +02 52 15.7  11.34388  4.116209  298.335323 -36.625808    0.865   6.720   99.77647  16.77458  349.274250 -10.289535  9.90751679881308 -25.0522697   61.8190 /L    5.4171   0.2011265   70.056325   -46.12664         n.a.     n.a.
 2026-Jun-07 12:00 *m  00 49 11.17 +02 47 38.9  00 50 32.67 +02 56 17.7  10.62550  3.933881  114.228059  41.998637    0.858   6.721   99.76729  16.83748  216.250829 -10.383177  9.87050423024281 -26.1240970   64.0180 /L    5.5276   0.1888390   69.683920   -49.22461         n.a.     n.a.
 2026-Jun-10 00:00 *   00 49 53.38 +02 51 28.8  00 51 14.92 +03 00 07.6  10.49685  3.717451  302.243558 -40.007528    0.850   6.722   99.75866  16.90188   83.237777 -10.472149  9.83289686416386 -26.0520734   66.2167 /L    5.6294   0.1855946   70.498441   -49.74483         n.a.     n.a.
 2026-Jun-12 12:00 *m  00 50 33.96 +02 55 06.5  00 51 55.61 +03 03 45.3  9.725899  3.523534  117.981998  45.691747    0.843   6.722   99.75053  16.96810  310.234973 -10.556494  9.79452334371078 -27.0023614   68.4299 /L    5.7239   0.1724081   70.085376   -52.91359         n.a.     n.a.
 2026-Jun-15 00:00 *m  00 51 12.57 +02 58 31.4  00 52 34.29 +03 07 10.5  9.592423  3.297044  306.583083 -43.260826    0.834   6.723   99.74305  17.03568  177.242427 -10.635934  9.75567101350314 -26.9036137   70.6434 /L    5.8092   0.1690538   71.031471   -53.46210         n.a.     n.a.
 2026-Jun-17 12:00 C   00 51 49.42 +03 01 43.5  00 53 11.29 +03 10 23.0  8.771203  3.092827  122.280030  49.270498    0.826   6.723   99.73620  17.10495   44.260150 -10.710530  9.71616102790387 -27.7181987   72.8717 /L    5.8866   0.1550086   70.576766   -56.70350         n.a.     n.a.
 2026-Jun-20 00:00 *m  00 52 24.21 +03 04 42.3  00 53 46.13 +03 13 22.0  8.634556  2.859723  311.436712 -46.347717    0.817   6.723   99.73010  17.17541  271.287916 -10.780038  9.67630305005584 -27.5859983   75.1003 /L    5.9545   0.1515967   71.675381   -57.26853         n.a.     n.a.
 2026-Jun-22 12:00 C   00 52 57.13 +03 07 27.9  00 54 19.16 +03 16 07.8  7.769961  2.648269  127.262042  52.691459    0.808   6.723   99.72471  17.24741  138.325847 -10.844558  9.63590804715859 -28.2564966   77.3439 /L    6.0140   0.1368146   71.179132   -60.57861         n.a.     n.a.
 2026-Jun-25 00:00 *m  00 53 27.93 +03 09 59.9  00 54 50.00 +03 18 39.9  7.633321  2.410797  316.893156 -49.219801    0.799   6.722   99.72016  17.32040    5.373506 -10.903869  9.59529801856569 -28.0946519   79.5882 /L    6.0636   0.1334162   72.472555   -61.15438         n.a.     n.a.
 2026-Jun-27 12:00 C   00 53 56.76 +03 12 18.4  00 55 18.95 +03 20 58.6  6.731116  2.192423  133.095718  55.895027    0.789   6.722   99.71641  17.39478  232.431167 -10.958076  9.55426966304089 -28.6207676   81.8483 /L    6.1045   0.1179862   71.958811   -64.54112         n.a.     n.a.
 2026-Jun-30 00:00 *   00 54 23.40 +03 14 22.8  00 55 45.66 +03 23 03.4  6.595258  1.950925  323.038460 -51.816323    0.779   6.721   99.71356  17.46996   99.498205 -11.006958  9.51315329579797 -28.4365101   84.1099 /L    6.1353   0.1146293   73.521398   -65.13023         n.a.     n.a.
 2026-Jul-02 12:00 Cm  00 54 48.00 +03 16 13.4  00 56 10.38 +03 24 54.4  5.658240  1.725479  139.967493  58.800096    0.769   6.720   99.71157  17.54636  326.575082 -11.050622  9.47173146804798 -28.8201123   86.3883 /L    6.1569   0.0985914   73.040923   -68.61118         n.a.     n.a.
 2026-Jul-05 00:00 *   00 55 10.35 +03 17 49.7  00 56 32.78 +03 26 31.0  5.519446  1.480147  329.938140 -54.064266    0.758   6.719   99.71052  17.62337  193.661014 -11.088847  9.43034278821291 -28.6176377   88.6691 /L    6.1682   0.0952411   74.988225   -69.22461         n.a.     n.a.
 2026-Jul-07 12:00 Cm  00 55 30.56 +03 19 11.9  00 56 53.09 +03 27 53.3  4.547802  1.247129  148.050481  61.299667    0.747   6.718   99.71039  17.70142   60.756647 -11.121731  9.38876389141803 -28.8525330   90.9677 /L    6.1700   0.0785950   74.664940   -72.82102         n.a.     n.a.
 2026-Jul-10 00:00 *   00 55 48.46 +03 20 19.3  00 57 11.03 +03 29 01.0  4.402485  0.997887  337.610522 -55.880400    0.736   6.717   99.71123  17.77985  287.861000 -11.149051  9.34734768105952 -28.6251449   93.2696 /L    6.1611   0.0752360   77.228876   -73.46004         n.a.     n.a.
 2026-Jul-12 12:00 Cm  00 56 04.12 +03 21 12.2  00 57 26.83 +03 29 54.4  3.400167  0.757452  157.432560  63.261862    0.725   6.715   99.71302  17.85909  154.974837 -11.170904  9.30587328446160 -28.6967224   95.5901 /L    6.1423   0.0580586   77.441339   -77.17879         n.a.     n.a.
 2026-Jul-15 00:00 *m  00 56 17.42 +03 21 50.1  00 57 40.20 +03 30 32.8  3.250717  0.506405  345.992932 -57.177442    0.714   6.713   99.71579  17.93844   22.096919 -11.187092  9.26470875039876 -28.4337912   97.9140 /L    6.1126   0.0548321   81.145491   -77.81333         n.a.     n.a.
 2026-Jul-17 12:00 C   00 56 28.42 +03 22 13.4  00 57 51.31 +03 30 56.5  2.228547  0.262362  168.004554  64.542314    0.702   6.711   99.71951  18.01833  249.228087 -11.197750  9.22363366914488 -28.3335286  100.2566 /L    6.0728   0.0373990   83.285605   -81.62804         n.a.     n.a.
 2026-Jul-20 00:00 *m  00 56 37.04 +03 22 21.7  00 57 59.96 +03 31 05.1  2.080465  0.014314  354.913917 -57.876292    0.690   6.709   99.72419  18.09802  116.366864 -11.202739  9.18301866097022 -28.0376689  102.6023 /L    6.0220   0.0346752   89.605794   -82.18319         n.a.     n.a.
 2026-Jul-22 12:00 C   00 56 43.31 +03 22 15.4  00 58 06.34 +03 30 59.1  1.047578  -0.23004  179.363003  65.015106    0.678   6.707   99.72979  18.17796  343.514234 -11.202225  9.14263567209114 -27.7706256  104.9666 /L    5.9609   0.0178756   102.38515   -85.93099         n.a.     n.a.
 2026-Jul-25 00:00 *m  00 56 47.22 +03 21 54.2  00 58 10.29 +03 30 38.4  0.901570  -0.47342    4.096077 -57.920904    0.666   6.704   99.73629  18.25740  210.668540 -11.196089  9.10285287717059 -27.4483437  107.3343 /L    5.8888   0.0169719   117.70442   -86.10781         n.a.     n.a.
 2026-Jul-27 12:00 C   00 56 48.75 +03 21 18.6  00 58 11.94 +03 30 03.3  -0.13550  -0.71758  190.845397  64.614709    0.654   6.701   99.74365  18.33680   77.830908 -11.184496  9.06343993265608 -27.0163839  109.7209 /L    5.8064   0.0121710   190.69352   -87.17439         n.a.     n.a.
 2026-Jul-30 00:00 *   00 56 47.93 +03 20 28.2  00 58 11.17 +03 29 13.5  -0.27852  -0.95584   13.203329 -57.292055    0.641   6.698   99.75182  18.41538  304.999491 -11.167341  9.02476338399170 -26.6700624  112.1114 /L    5.7131   0.0165933   196.24564   -86.11716         n.a.     n.a.
 2026-Aug-01 12:00 Nm  00 56 44.73 +03 19 23.6  00 58 08.06 +03 28 09.4  -1.31252  -1.19916  201.745920  63.360839    0.629   6.695   99.76077  18.49360  172.175549 -11.144784  8.98659167397169 -26.0765937  114.5215 /L    5.6094   0.0296305   227.58429   -82.96342         n.a.     n.a.
 2026-Aug-04 00:00 *   00 56 39.21 +03 18 04.5  00 58 02.56 +03 26 50.7  -1.45405  -1.43139   21.918261 -56.011654    0.616   6.692   99.77043  18.57069   39.357077 -11.116742  8.94928613275751 -25.7092960  116.9359 /L    5.4951   0.0340063   225.44982   -81.85693         n.a.     n.a.
 2026-Aug-06 12:00 Nm  00 56 31.30 +03 16 31.4  00 57 54.75 +03 25 18.0  -2.48079  -1.67264  211.565524  61.347346    0.603   6.688   99.78077  18.64709  266.545476 -11.083373  8.91262002434471 -24.9529378  119.3705 /L    5.3703   0.0498667   236.01074   -77.84984         n.a.     n.a.
 2026-Aug-09 00:00 *   00 56 21.12 +03 14 44.1  00 57 44.61 +03 23 31.3  -2.62255  -1.89711   30.009641 -54.134896    0.591   6.684   99.79168  18.72201  133.738552 -11.044622  8.87695573623198 -24.5562872  121.8098 /L    5.2350   0.0539464   234.11865   -76.73603         n.a.     n.a.
 2026-Aug-11 12:00 Nm  00 56 08.55 +03 12 43.2  00 57 32.15 +03 21 31.0  -3.63255  -2.13316  220.108059  58.704583    0.578   6.680   99.80313  18.79585    0.937760 -11.000667  8.84208087659503 -23.6267510  124.2693 /L    5.0894   0.0702096   239.57700   -72.37986         n.a.     n.a.
 2026-Aug-14 00:00 *m  00 55 53.77 +03 10 28.5  00 57 17.40 +03 19 16.9  -3.76729  -2.34542   37.358545 -51.736368    0.565   6.676   99.81500  18.86781  228.140651 -10.951519  8.80835693589579 -23.1918051  126.7330 /L    4.9336   0.0739622   238.09458   -71.24481         n.a.     n.a.
 2026-Aug-16 12:00 N   00 55 36.67 +03 08 00.9  00 57 00.37 +03 16 49.8  -4.74293  -2.57080  227.411470  55.563202    0.553   6.672   99.82725  18.93829   95.348698 -10.897400  8.77557780087004 -22.0932651  129.2163 /L    4.7678   0.0899142   241.54106   -66.65018         n.a.     n.a.
 2026-Aug-19 00:00 *m  00 55 17.49 +03 05 20.5  00 56 41.20 +03 14 09.8  -4.86300  -2.76644   43.943804 -48.896076    0.540   6.667   99.83973  19.00650  322.559277 -10.838391  8.74408540911951 -21.6315003  131.7028 /L    4.5924   0.0932469   240.36553   -65.50525         n.a.     n.a.
 2026-Aug-21 12:00 N   00 54 56.08 +03 02 28.0  00 56 19.89 +03 11 17.9  -5.79396  -2.97804  233.632076  52.035731    0.528   6.662   99.85241  19.07284  189.773982 -10.774730  8.71367246321787 -20.3814288  134.2082 /L    4.4074   0.1085750   242.79725   -60.70390         n.a.     n.a.
 2026-Aug-24 00:00 *m  00 54 32.73 +02 59 23.7  00 55 56.57 +03 08 14.2  -5.89988  -3.15567   49.809559 -45.689379    0.516   6.658   99.86512  19.13655   56.990090 -10.706530  8.68466158195868 -19.9013595  136.7161 /L    4.2135   0.1115134   241.85899   -59.53578         n.a.     n.a.
 2026-Aug-26 12:00 N   00 54 07.27 +02 56 08.2  00 55 31.18 +03 04 59.4  -6.77908  -3.35224  238.958514  48.211111    0.503   6.653   99.87782  19.19802  284.209289 -10.634020  8.65685415703607 -18.5082586  139.2426 /L    4.0106   0.1260439   243.68772   -54.52659         n.a.     n.a.
 2026-Aug-29 00:00 *   00 53 40.01 +02 52 41.9  00 55 03.93 +03 01 33.6  -6.87026  -3.51131   55.034420 -42.182574    0.491   6.647   99.89036  19.25652  151.428736 -10.557346  8.63055644758483 -18.0106279  141.7712 /L    3.7995   0.1285925   242.92891   -53.32062         n.a.     n.a.
 2026-Aug-31 12:00 Nm  00 53 10.77 +02 49 05.6  00 54 34.74 +02 57 57.7  -7.68860  -3.69166  243.567742  44.156967    0.479   6.642   99.90268  19.31240   18.650175 -10.476727  8.60558190802302 -16.4817661  144.3181 /L    3.5800   0.1421491   244.35214   -48.10493         n.a.     n.a.
 2026-Sep-03 00:00 *   00 52 39.92 +02 45 19.5  00 54 03.90 +02 54 12.1  -7.76388  -3.83095   59.708279 -38.431429    0.468   6.636   99.91464  19.36498  245.870658 -10.392346  8.58221759469144 -15.9672558  146.8666 /L    3.3532   0.1442933   243.73679   -46.85027         n.a.     n.a.
 2026-Sep-05 12:00 Nm  00 52 07.23 +02 41 24.6  00 53 31.29 +02 50 17.8  -8.51328  -3.99210  247.610250  39.924587    0.456   6.631   99.92619  19.41458  113.091971 -10.304431  8.56029226132472 -14.3085960  149.4327 /L    3.1186   0.1567134   244.87689   -41.42717         n.a.     n.a.
 2026-Sep-08 00:00 *   00 51 33.13 +02 37 21.2  00 52 57.21 +02 46 15.1  -8.57045  -4.10796   63.919017 -34.481787    0.445   6.625   99.93716  19.46053  340.311060 -10.213228  8.54007580730809 -13.7724247  151.9993 /L    2.8777   0.1584018   244.39080   -40.10858         n.a.     n.a.
 2026-Sep-10 12:00 N   00 50 57.37 +02 33 10.3  00 52 21.50 +02 42 04.7  -9.23844  -4.24471  251.208227  35.553104    0.434   6.619   99.94754  19.50315  207.529686 -10.119002  8.52141618021287 -11.9884152  154.5818 /L    2.6300   0.1694488   245.32302   -34.48680         n.a.     n.a.
 2026-Sep-13 00:00 *m  00 50 20.43 +02 28 52.5  00 51 44.54 +02 37 47.4  -9.26922  -4.33266   67.746666 -30.371543    0.424   6.613   99.95716  19.54181   74.744676 -10.022078  8.50455934740038 -11.4318303  157.1619 /L    2.3772   0.1705305   244.94743   -33.11194         n.a.     n.a.
 2026-Sep-15 12:00 N   00 49 42.05 +02 24 28.9  00 51 06.21 +02 33 24.3  -9.84091  -4.44107  254.459225  31.073392    0.413   6.606   99.96598  19.57678  301.957772  -9.922743  8.48936349991277  -9.5416060  159.7546 /L    2.1189   0.1799434   245.71097   -27.33089         n.a.     n.a.
 2026-Sep-18 00:00 *m  00 49 02.77 +02 20 00.3  00 50 26.94 +02 28 56.1  -9.83994  -4.49946   71.260732 -26.132128    0.403   6.600   99.97389  19.60756  169.165781  -9.821367  8.47603815806580  -8.9797122  162.3402 /L    1.8571   0.1803312   245.42703   -25.92480         n.a.     n.a.
 2026-Sep-20 12:00 A   00 48 22.32 +02 15 27.6  00 49 46.53 +02 24 24.0  -10.3086  -4.57835  257.441406  26.510746    0.393   6.593   99.98085  19.63441   36.370498  -9.718229  8.46444836371771  -7.0094499  164.9320 /L    1.5913   0.1879928   246.05263   -20.02733         n.a.     n.a.
 2026-Sep-23 00:00 *m  00 47 41.24 +02 10 51.6  00 49 05.46 +02 19 48.5  -10.2783  -4.60723   74.521221 -21.790084    0.383   6.586   99.98675  19.65689  263.568790  -9.613725  8.45476861915648  -6.4533472  167.5061 /L    1.3243   0.1877276   245.85578   -18.59592         n.a.     n.a.
 2026-Sep-25 12:00 A   00 46 59.23 +02 06 13.3  00 48 23.47 +02 15 10.6  -10.6422  -4.65651  260.217657  21.885965    0.373   6.577   99.99159  19.67525  130.762484  -9.508114  8.44687949515395  -4.4202638  170.0675 /L    1.0565   0.1936062   246.36822   -12.60971        2.971    2.214
 2026-Sep-28 00:00 *   00 46 16.88 +02 01 33.5  00 47 41.10 +02 10 31.1  -10.5854  -4.65685   77.580124 -17.368050    0.361   6.567   99.99528  19.68912  357.948502  -9.401803  8.44092609647729  -3.8710167  172.5696 /L    0.7929   0.1927410   246.25377   -11.14111         n.a.     n.a.
 2026-Sep-30 12:00 Am  00 45 33.86 +01 56 53.1  00 46 58.11 +02 05 51.1  -10.8414  -4.67684  262.839752  17.216703    0.348   6.555   99.99781  19.69873  225.128642  -9.295029  8.43681115574243  -1.7853255  174.9451 /L    0.5413   0.1967863   246.66533   -5.089308        2.301    2.849
 2026-Oct-03 00:00 *   00 44 50.78 +01 52 13.0  00 46 15.04 +02 01 11.5  -10.7567  -4.64836   80.482385 -12.885502    0.334   6.542   99.99914  19.70377   92.299855  -9.188226  8.43465211978280  -1.2400610  176.8398 /L    0.3384   0.1953024   246.62915   -3.569184         n.a.     n.a.
 2026-Oct-05 12:00 Am  00 44 07.30 +01 47 34.0  00 45 31.59 +01 56 33.0  -10.8982  -4.63657  265.351354  12.518609    0.333   6.541   99.99928  19.70442  319.463866  -9.081642  8.43437313163256   0.8853839  177.0919 /L    0.3060   0.1973924   246.95308   2.5133843        0.445   14.698
 2026-Oct-08 00:00 *   00 43 24.06 +01 42 57.2  00 44 48.34 +01 51 56.6  -10.7820  -4.57628   83.267560  -8.359910    0.346   6.554   99.99821  19.70049  186.617689  -8.975766  8.43605730715949   1.4223756  175.4087 /T    0.4809   0.1952160   247.00180   4.0812766         n.a.     n.a.
 2026-Oct-10 12:00 A   00 42 40.72 +01 38 23.7  00 44 04.99 +01 47 23.3  -10.8036  -4.52990  267.790003   7.806049    0.362   6.568   99.99593  19.69211   53.762989  -8.870864  8.43964475957283   3.5659440  173.0759 /T    0.7256   0.1952482   247.25200   10.144376         n.a.     n.a.
 2026-Oct-13 00:00 *m  00 41 57.93 +01 33 54.3  00 43 22.19 +01 42 54.1  -10.6542  -4.43719   85.970905  -3.807280    0.375   6.580   99.99249  19.67921  280.896909  -8.767450  8.44517872090744   4.0840165  170.5689 /T    0.9875   0.1923547   247.38960   11.743640         n.a.     n.a.
 2026-Oct-15 12:00 A   00 41 15.35 +01 29 30.1  00 42 39.61 +01 38 30.2  -10.5548  -4.35733  270.189655   3.092880    0.387   6.590   99.98790  19.66190  148.021074  -8.665768  8.45261324647409   6.2203456  167.9867 /T    1.2551   0.1903140   247.56770   17.734018         n.a.     n.a.
 2026-Oct-18 00:00 *m  00 40 33.62 +01 25 12.0  00 41 57.89 +01 34 12.5  -10.3737  -4.23486   88.624650   0.757573    0.398   6.599   99.98223  19.64020   15.132810  -8.566316  8.46195079053577   6.7079398  165.3800 /T    1.5224   0.1867463   247.79317   19.344845         n.a.     n.a.
 2026-Oct-20 12:00 A   00 39 52.40 +01 21 00.9  00 41 16.67 +01 30 01.6  -10.1562  -4.12431  272.581806  -1.607623    0.409   6.607   99.97549  19.61422  242.233707  -8.469301  8.47315950344802   8.8114953  162.7490 /T    1.7887   0.1826949   247.89858   25.211305         n.a.     n.a.
 2026-Oct-23 00:00 *m  00 39 12.32 +01 16 57.6  00 40 36.57 +01 25 58.5  -9.94929  -3.97506   91.259838   5.320499    0.420   6.615   99.96780  19.58408  109.321334  -8.375198  8.48620163178062   9.2585521  160.1166 /T    2.0511   0.1785665   248.22171   26.810184         n.a.     n.a.
 2026-Oct-25 12:00 Am  00 38 33.02 +01 13 02.9  00 39 57.24 +01 22 03.9  -9.62278  -3.83695  274.996897  -6.282672    0.432   6.622   99.95918  19.54984  336.397255  -8.284169  8.50106412975987  11.3103289  157.4711 /T    2.3103   0.1726589   248.26104   32.512804         n.a.     n.a.
 2026-Oct-28 00:00 *   00 37 55.11 +01 09 17.6  00 39 19.33 +01 18 18.8  -9.39785  -3.66423   93.907221   9.868102    0.443   6.630   99.94976  19.51171  203.459276  -8.196659  8.51767822751520  11.7188158  154.8311 /T    2.5636   0.1681156   248.69914   34.095493         n.a.     n.a.
 2026-Oct-30 12:00 Am  00 37 18.23 +01 05 42.4  00 38 42.45 +01 14 43.8  -8.96882  -3.50102  277.466069 -10.919585    0.455   6.637   99.93956  19.46969   70.508847  -8.112798  8.53605909728153  13.7127078  152.1820 /T    2.8124   0.1604654   248.67656   39.628587         n.a.     n.a.
 2026-Nov-02 00:00 *   00 36 42.97 +01 02 17.9  00 38 07.20 +01 11 19.6  -8.72547  -3.30561   96.598336  14.387392    0.467   6.643   99.92876  19.42406  297.543943  -8.033024  8.55611161881182  14.0894310  149.5414 /T    3.0540   0.1555107   249.25099   41.215799         n.a.     n.a.
 2026-Nov-04 12:00 Am  00 36 08.99 +00 59 05.0  00 37 33.18 +01 08 06.7  -8.19327  -3.11703  280.021888 -15.505334    0.479   6.650   99.91737  19.37479  164.565847  -7.957475  8.57787185241764  16.0106089  146.8938 /T    3.2897   0.1461027   249.17129   46.581479         n.a.     n.a.
 2026-Nov-07 00:00 *   00 35 36.86 +00 56 04.3  00 37 01.04 +01 05 06.0  -7.92970  -2.89896   99.366745  18.864840    0.491   6.656   99.90558  19.32223   31.572774  -7.886590  8.60120495419560  16.3443971  144.2572 /T    3.5171   0.1407166   249.91845   48.165345         n.a.     n.a.
 2026-Nov-09 12:00     00 35 06.27 +00 53 16.5  00 36 30.41 +01 02 18.2  -7.30090  -2.68683  282.699845 -20.025685    0.503   6.662   99.89341  19.26633  258.565932  -7.820488  8.62615778331656  18.1660249  141.6157 /T    3.7375   0.1296600   249.79569   53.340352         n.a.     n.a.
 2026-Nov-12 00:00 *m  00 34 37.74 +00 50 42.2  00 36 01.89 +00 59 44.0  -7.02324  -2.44954  102.248798  23.286424    0.515   6.667   99.88106  19.20755  125.543853  -7.759565  8.65255758787028  18.4460071  138.9874 /T    3.9485   0.1239693   250.77244   54.894461         n.a.     n.a.
 2026-Nov-14 12:00     00 34 10.95 +00 48 22.0  00 35 35.07 +00 57 23.9  -6.30936  -2.21867  285.540002 -24.465061    0.528   6.673   99.86855  19.14579  352.507666  -7.703888  8.68046758790599  20.1499960  136.3560 /T    4.1515   0.1114681   250.62591   59.865775         n.a.     n.a.
 2026-Nov-17 00:00 *m  00 33 46.39 +00 46 16.3  00 35 10.52 +00 55 18.2  -6.02397  -1.96714  105.285967  27.637138    0.540   6.678   99.85608  19.08157  219.456204  -7.653792  8.70968455551496  20.3733123  133.7395 /T    4.3444   0.1056171   251.91542   61.373912         n.a.     n.a.
 2026-Nov-19 12:00     00 33 23.76 +00 44 25.4  00 34 47.83 +00 53 27.2  -5.23574  -1.72259  288.588078 -28.806367    0.553   6.682   99.84365  19.01475   86.390480  -7.609292  8.74028992835221  21.9460568  131.1212 /T    4.5285   0.0918638   251.78848   66.142225         n.a.     n.a.
 2026-Nov-22 00:00 *m  00 33 03.50 +00 42 49.8  00 34 27.55 +00 51 51.5  -4.94900  -1.46124  108.526698  31.900313    0.565   6.687   99.83149  18.94590  313.309638  -7.570666  8.77205104871139  22.1100050  128.5190 /T    4.7018   0.0860035   253.55029   67.585494         n.a.     n.a.
 2026-Nov-24 12:00  m  00 32 45.29 +00 41 29.6  00 34 09.30 +00 50 31.2  -4.10023  -1.20718  291.897571 -33.029961    0.577   6.691   99.81956  18.87486  180.214586  -7.537887  8.80506830400661  23.5417044  125.9158 /T    4.8658   0.0712374   253.59466   72.147432         n.a.     n.a.
 2026-Nov-27 00:00 *   00 32 29.55 +00 40 25.2  00 33 53.59 +00 49 26.8  -3.81959  -0.93896  112.028175  36.057070    0.589   6.694   99.80808  18.80221   47.104761  -7.511186  8.83908947476014  23.6541234  123.3290 /T    5.0185   0.0655551   256.18898   73.505095         n.a.     n.a.
 2026-Nov-29 12:00  m  00 32 15.97 +00 39 36.6  00 33 39.98 +00 48 38.3  -2.91937  -0.67696  295.531693 -37.112643    0.601   6.697   99.79704  18.72773  273.980877  -7.490523  8.87424161681531  24.9468693  120.7412 /T    5.1614   0.0499471   256.94465   77.878563         n.a.     n.a.
 2026-Dec-02 00:00 *   00 32 04.94 +00 39 04.2  00 33 28.94 +00 48 05.7  -2.64300  -0.40212  115.859077  40.084854    0.613   6.700   99.78660  18.65204  140.842585  -7.476119  8.91025426322512  25.0145916  118.1703 /T    5.2927   0.0445569   261.34913   79.139703         n.a.     n.a.
 2026-Dec-04 12:00  m  00 31 56.17 +00 38 48.0  00 33 20.11 +00 47 49.4  -1.69467  -0.13321  299.564382 -41.026156    0.624   6.703   99.77677  18.57488    7.690405  -7.467930  8.94726854992542  26.1569465  115.5987 /T    5.4138   0.0283316   265.50541   83.318506         n.a.     n.a.
 2026-Dec-07 00:00 *   00 31 50.02 +00 38 48.4  00 33 13.96 +00 47 49.6  -1.42230  0.145953  120.101200  43.955866    0.636   6.705   99.76770  18.49691  234.524277  -7.466144  8.98498472538605  26.1698889  113.0448 /T    5.5229   0.0238295   275.85905   84.352022         n.a.     n.a.
 2026-Dec-09 12:00     00 31 46.22 +00 39 05.3  00 33 10.12 +00 48 06.3  -0.43665  0.418194  304.081487 -44.735039    0.647   6.707   99.75938  18.41785  101.344614  -7.470682  9.02355069096863  27.1434867  110.4913 /T    5.6214   0.0100768   313.76297   87.681163         n.a.     n.a.
 2026-Dec-12 00:00 *m  00 31 45.07 +00 39 38.8  00 33 08.99 +00 48 39.8  -0.17549  0.697690  124.851344  47.635463    0.658   6.708   99.75194  18.33841  328.151693  -7.481673  9.06264325441569  27.0959370  107.9563 /T    5.7078   0.0119904   345.88167   87.224671         n.a.     n.a.
 2026-Dec-14 12:00     00 31 46.31 +00 40 28.8  00 33 10.18 +00 49 29.6  0.833264  0.968906  309.178842 -48.195537    0.668   6.709   99.74536  18.25826  194.945807  -7.498995  9.10242437259612  27.8950159  105.4226 /T    5.7836   0.0212989   40.695705   85.197813         n.a.     n.a.
 2026-Dec-17 00:00 *m  00 31 50.20 +00 41 35.2  00 33 14.06 +00 50 35.8  1.077219  1.244539  130.221923  51.079784    0.678   6.709   99.73974  18.17811   61.727515  -7.522716  9.14255788677512  27.7921662  102.9082 /T    5.8472   0.0274331   40.878050   83.774451         n.a.     n.a.
 2026-Dec-19 12:00     00 31 56.49 +00 42 57.9  00 33 20.28 +00 51 58.2  2.098252  1.510788  314.956381 -51.353777    0.688   6.710   99.73505  18.09762  288.496941  -7.552679  9.18322283172206  28.4183839  100.3955 /T    5.9000   0.0430927   54.245277   80.445275         n.a.     n.a.
 2026-Dec-22 00:00 *m  00 32 05.38 +00 44 36.7  00 33 29.19 +00 53 36.8  2.322152  1.779316  136.335304  54.233416    0.698   6.709   99.73138  18.01747  155.254884  -7.588903  9.22407356152058  28.2673171   97.9024 /T    5.9410   0.0487578   52.539368   79.113655         n.a.     n.a.
 2026-Dec-24 12:00  m  00 32 16.67 +00 46 31.2  00 33 40.45 +00 55 31.3  3.346354  2.038618  321.504367 -54.144168    0.707   6.709   99.72866  17.93729   22.001295  -7.631214  9.26530472644660  28.7241380   95.4110 /T    5.9713   0.0653071   58.649986   75.713991         n.a.     n.a.
 2026-Dec-27 00:00 *   00 32 30.50 +00 48 41.5  00 33 54.31 +00 57 41.4  3.549084  2.299845  143.308725  57.027310    0.716   6.708   99.72697  17.85776  248.737180  -7.679616  9.30656602878065  28.5346466   92.9388 /T    5.9900   0.0704850   57.056325   74.470292         n.a.     n.a.
 2026-Dec-29 12:00  m  00 32 46.70 +00 51 07.2  00 34 10.45 +01 00 06.8  4.571736  2.553223  328.877050 -56.490492    0.724   6.706   99.72626  17.77848  115.462281  -7.733953  9.34806667875735  28.8266928   90.4679 /T    5.9982   0.0872731   60.817519   71.114049         n.a.     n.a.
$$EOE
**********************************************************************************************************************************************************************************************************************************************************************************************
Column meaning:
 
TIME

  Times PRIOR to 1962 are UT1, a mean-solar time closely related to the
prior but now-deprecated GMT. Times AFTER 1962 are in UTC, the current
civil or "wall-clock" time-scale. UTC is kept within 0.9 seconds of UT1
using integer leap-seconds for 1972 and later years.

  Conversion from the internal Barycentric Dynamical Time (TDB) of solar
system dynamics to the non-uniform civil UT time-scale requested for output
has not been determined for UTC times after the next July or January 1st.
Therefore, the last known leap-second is used as a constant over future
intervals.

  Time tags refer to the UT time-scale conversion from TDB on Earth
regardless of observer location within the solar system, although clock
rates may differ due to the local gravity field and no analog to "UT"
may be defined for that location.

  Any 'b' symbol in the 1st-column denotes a B.C. date. First-column blank
(" ") denotes an A.D. date.
 
CALENDAR SYSTEM

  Mixed calendar mode was active such that calendar dates after AD 1582-Oct-15
(if any) are in the modern Gregorian system. Dates prior to 1582-Oct-5 (if any)
are in the Julian calendar system, which is automatically extended for dates
prior to its adoption on 45-Jan-1 BC.  The Julian calendar is useful for
matching historical dates. The Gregorian calendar more accurately corresponds
to the Earth's orbital motion and seasons. A "Gregorian-only" calendar mode is
available if such physical events are the primary interest.

  NOTE: "n.a." in output means quantity "not available" at the print-time.
 
SOLAR PRESENCE (OBSERVING SITE)
  Time tag is followed by a blank, then a solar-presence symbol:

       '*'  Daylight (refracted solar upper-limb on or above apparent horizon)
       'C'  Civil twilight/dawn
       'N'  Nautical twilight/dawn
       'A'  Astronomical twilight/dawn
       ' '  Night OR geocentric ephemeris

LUNAR PRESENCE (OBSERVING SITE)
  The solar-presence symbol is immediately followed by a lunar-presence symbol:

       'm'  Refracted upper-limb of Moon on or above apparent horizon
       ' '  Refracted upper-limb of Moon below apparent horizon OR geocentric
            ephemeris
 
 'R.A._____(ICRF)_____DEC' =
  Astrometric right ascension and declination of the target center with
respect to the observing site (coordinate origin) in the reference frame of
the planetary ephemeris (ICRF). Compensated for down-leg light-time delay
aberration.

  Units: RA  in hours-minutes-seconds of time,    HH MM SS.ff{ffff}
         DEC in degrees-minutes-seconds of arc,  sDD MN SC.f{ffff}
 
 'R.A.__(a-apparent)__DEC' =
  Airless apparent right ascension and declination of the target center
with respect to an instantaneous reference frame defined by the Earth equator
of-date (z-axis) and meridian containing the Earth equinox of-date (x-axis,
EOP-corrected IAU76/80). Compensated for down-leg light-time delay,
gravitational deflection of light, stellar aberration, precession & nutation.
Note: equinox (RA origin) is offset -53 mas from the of-date frame defined
by the IAU06/00a P & N system.

  Units: RA  in hours-minutes-seconds of time,   HH MM SS.ff{ffff}
         DEC in degrees-minutes-seconds of arc, sDD MN SC.f{ffff}
 
 'dRA*cosD d(DEC)/dt' =
  The angular rate of change in apparent RA and DEC of the target. This is
with respect to the non-inertial IAU76/80 Earth true equator and equinox
of-date reference frame.  d(RA)/dt is multiplied by the cosine of declination
to provide a linear rate in the plane-of-sky. Units: ARCSECONDS PER HOUR
 
 'Azi____(a-app)___Elev' =
  Airless apparent azimuth and elevation of target center. Compensated
for light-time, the gravitational deflection of light, stellar aberration,
precession and nutation. Azimuth is measured clockwise from north:

  North(0) -> East(90) -> South(180) -> West(270) -> North (360)

Elevation angle is with respect to a plane perpendicular to the reference
surface local zenith direction. TOPOCENTRIC ONLY.  Units: DEGREES
 
 'APmag   S-brt' =
   Saturn's approximate apparent visual magnitude and surface brightness. The
value includes the ring system when the solar phase angle of the observer is
less than 6.5 degrees (typical when observed from Earth) AND effective ring
inclination is less than 27 degrees. Otherwise, the value is that of the globe
only (no rings).  An "n.a." will be output if outside the range of phase-angles
for which the model is valid.

   For Earth-based observers, the estimated dimming due to atmospheric
absorption (extinction) is available as a separate, requestable quantity.

   Surface brightness is the average airless visual magnitude of a
square-arcsecond of the illuminated portion of the apparent disk.

 MAGNITUDES & MAGNITUDES PER SQUARE ARCSECOND
 
 'Illu%' =
   Fraction of the target objects' assumed circular disk illuminated by Sun
(phase), as seen by the observer.  Units: PERCENT
 
 'Ang-diam' =
   The equatorial angular width of the target body full disk, if it were fully
illuminated and visible to the observer. If the target body diameter is unknown
"n.a." is output.

   Units: ARCSECONDS
 
 'ObsSub-LON ObsSub-LAT' =
   Apparent planetodetic longitude and latitude of the center of the target
disc seen by the OBSERVER at print-time. This is NOT exactly the same as the
"nearest" sub-point for a non-spherical target shape (since the center of the
disc might not be the point closest to the observer), but is generally very
close if not a very irregular body shape. Down-leg light travel-time from
target to observer is taken into account. Latitude is the angle between the
equatorial plane and the line perpendicular to the reference ellipsoid of the
body, so includes body oblateness. The reference ellipsoid is an oblate
spheroid with a single flatness coefficient in which the y-axis body radius
is taken to be the same value as the x-axis radius.  For Jupiter, Saturn, and
Uranus, IAU2015 longitude is based on the "System III" prime meridian rotation
angle of the magnetic field. By contrast, pole direction (thus latitude) is
relative to the body dynamical equator.  There can be an offset between the
magnetic pole and the dynamical pole of rotation. For Neptune, rotation is
IAU2015 "System II" rotation of optically observed features in the Neptunian
atmosphere. Positive longitude is to the WEST for this target. Cartographic
system is specified in the header.  Units: DEGREES DEGREES
 
 'delta      deldot' =
   Apparent range ("delta", light-time aberrated) and range-rate ("delta-dot")
of the target center relative to the observer. A positive "deldot" means the
target center is moving away from the observer, negative indicates movement
toward the observer.  Units: AU and KM/S
 
 'S-O-T /r' =
   Sun-Observer-Target apparent SOLAR ELONGATION ANGLE seen from the observers'
location at print-time.

   The '/r' column provides a code indicating the targets' apparent position
relative to the Sun in the observers' sky, as described below:

   Case A: For an observing location on the surface of a rotating body, that
body rotational sense is considered:

    /T indicates target TRAILS Sun   (evening sky: rises and sets AFTER Sun)
    /L indicates target LEADS Sun    (morning sky: rises and sets BEFORE Sun)

   Case B: For an observing point that does not have a rotational model (such
as a spacecraft), the "leading" and "trailing" condition is defined by the
observers' heliocentric ORBITAL motion:

    * If continuing in the observers' current direction of heliocentric
       motion would encounter the targets' apparent longitude first, followed
       by the Sun's, the target LEADS the Sun as seen by the observer.

    * If the Sun's apparent longitude would be encountered first, followed
       by the targets', the target TRAILS the Sun.

   Two other codes can be output:
    /* indicates observer is Sun-centered    (undefined)
    /? Target is aligned with Sun center     (no lead or trail)

   The S-O-T solar elongation angle is numerically the minimum separation
angle of the Sun and target in the sky in any direction. It does NOT indicate
the amount of separation in the leading or trailing directions, which would
be defined along the equator of a spherical coordinate system.

   Units: DEGREES
 
 'S-T-O' =
   The Sun-Target-Observer angle; the interior vertex angle at target center
formed by a vector from the target to the apparent center of the Sun (at
reflection time on the target) and the apparent vector from target to the
observer at print-time. Slightly different from true PHASE ANGLE (requestable
separately) at the few arcsecond level in that it includes stellar aberration
on the down-leg from target to observer.  Units: DEGREES
 
 'Sky_motion  Sky_mot_PA  RelVel-ANG' =
  Total apparent angular rate of the target in the plane-of-sky. "Sky_mot_PA"
is the position angle of the target's direction of motion in the plane-of-sky,
measured counter-clockwise from the apparent of-date north pole direction.
"RelVel-ANG" is the flight path angle of the target's relative motion with
respect to the observer's line-of-sight, in the range [-90,+90], where positive
values indicate motion away from the observer, negative values are toward the
observer:

  -90 = target is moving directly toward the observer
    0 = target is moving at right angles to the observer's line-of-sight
  +90 = target is moving directly away from the observer

UNITS:  ARCSECONDS/MINUTE, DEGREES, DEGREES
 
 'Lun_Sky_Brt  sky_SNR' =
  Sky brightness due to moonlight scattered by Earth's atmosphere at the
target's position in the sky. "sky_SNR" is the visual signal-to-noise ratio
(SNR) of the target's surface brightness relative to background sky. Output
only for topocentric Earth observers when both the Moon and target are above
the local horizon and the Sun is in astronomical twilight (or further) below
the horizon, and the target is not the Moon or Sun. If all conditions are
not met, "n.a." is output. Galactic brightness, local sky light-pollution
and weather are NOT considered. Lunar opposition surge is considered. The
value returned is accurate under ideal conditions at the approximately 8-23%
level, so is a useful but not definitive value.

  If the target-body radius is also known, "sky_SNR" is output. This is the
approximate visual signal-to-noise ratio of the target's brightness divided
by lunar sky brightness. When sky_SNR < 1, the target is dimmer than the
ideal moonlight-scattering background sky, so unlikely to be detectable at
visual wavelengths. In practice, visibility requires sky_SNR > 1 and a
detector sensitive enough to reach the target's magnitude, even if it isn't
washed out by moonlight. When relating magnitudes and brightness values,
keep in mind their logarithmic relationship m2-m1 = -2.5*log_10(b2/b1).

  UNITS: VISUAL MAGNITUDES / ARCSECOND^2, and unitless ratio

Computations by ...

    Solar System Dynamics Group, Horizons On-Line Ephemeris System
    4800 Oak Grove Drive, Jet Propulsion Laboratory
    Pasadena, CA  91109   USA

    General site: https://ssd.jpl.nasa.gov/
    Mailing list: https://ssd.jpl.nasa.gov/email_list.html
    System news : https://ssd.jpl.nasa.gov/horizons/news.html
    User Guide  : https://ssd.jpl.nasa.gov/horizons/manual.html
    Connect     : browser        https://ssd.jpl.nasa.gov/horizons/app.html#/x
                  API            https://ssd-api.jpl.nasa.gov/doc/horizons.html
                  command-line   telnet ssd.jpl.nasa.gov 6775
                  e-mail/batch   https://ssd.jpl.nasa.gov/ftp/ssd/horizons_batch.txt
                  scripts        https://ssd.jpl.nasa.gov/ftp/ssd/SCRIPTS
    Author      : Jon.D.Giorgini@jpl.nasa.gov

**********************************************************************************************************************************************************************************************************************************************************************************************
