*******************************************************************************
 Revised: January 26, 2022             Saturn                               699
 
 PHYSICAL DATA:
  Mass x10^26 (kg)      = 5.6834          Density (g/cm^3)       =  0.687+-.001
  Equat. radius (1 bar) = 60268+-4 km     Polar radius (km)      = 54364+-10
  Vol. Mean Radius (km) = 58232+-6        Flattening             =  0.09796
  Geometric Albedo      = 0.47            Rocky core mass (Mc/M) =  0.1027
  Sid. rot. period (III)= 10h 39m 22.4s   Sid. rot. rate (rad/s) =  0.000163785 
  Mean solar day, hrs   =~10.656         
  GM (km^3/s^2)         = 37931206.234    GM 1-sigma (km^3/s^2)  = +- 98
  Equ. grav, ge (m/s^2) = 10.44           Pol. grav, gp (m/s^2)  = 12.14+-0.01
  Vis. magnitude V(1,0) = -8.88          
  Vis. mag. (opposition)= +0.67           Obliquity to orbit     = 26.73 deg
  Sidereal orbit period = 29.447498 yr    Sidereal orbit period  = 10755.698 d
  Mean daily motion     = 0.0334979 deg/d Mean orbit velocity    =  9.68 km/s
  Atmos. temp. (1 bar)  = 134+-4 K        Escape speed, km/s    =  35.5          
  Aroche(ice)/Rp        =  2.71           Hill's sphere rad. Rp  = 1100
                                 Perihelion  Aphelion    Mean
  Solar Constant (W/m^2)         16.8        13.6        15.1
  Maximum Planetary IR (W/m^2)    4.7         4.5         4.6
  Minimum Planetary IR (W/m^2)    4.7         4.5         4.6
*******************************************************************************


*******************************************************************************
Ephemeris / WWW_USER Mon Apr  6 16:06:14 2026 Pasadena, USA      / Horizons    
*******************************************************************************
Target body name: Saturn (699)                    {source: sat441l}
Center body name: Earth (399)                     {source: DE441}
Center-site name: (user defined site below)
*******************************************************************************
Start time      : A.D. 2026-Jan-01 00:00:00.0000 UT      
Stop  time      : A.D. 2026-Dec-31 00:00:00.0000 UT      
Step-size       : 3600 minutes
*******************************************************************************
Target pole/equ : IAU_SATURN                      {West-longitude positive}
Target radii    : 60268.0, 60268.0, 54364.0 km    {Equator_a, b, pole_c}       
Center geodetic : 244.5, 32.5, .010               {E-lon(deg),Lat(deg),Alt(km)}
Center cylindric: 244.5, 5384.48017, 3407.32854   {E-lon(deg),Dxy(km),Dz(km)}
Center pole/equ : ITRF93                          {East-longitude positive}
Center radii    : 6378.137, 6378.137, 6356.752 km {Equator_a, b, pole_c}       
Target primary  : Sun
Vis. interferer : MOON (R_eq= 1737.400) km        {source: DE441}
Rel. light bend : Sun                             {source: DE441}
Rel. lght bnd GM: 1.3271E+11 km^3/s^2                                          
Atmos refraction: NO (AIRLESS)
RA format       : HMS
Time format     : CAL 
Calendar mode   : Mixed Julian/Gregorian
EOP file        : eop.260406.p260703                                           
EOP coverage    : DATA-BASED 1962-JAN-20 TO 2026-APR-06. PREDICTS-> 2026-JUL-02
Units conversion: 1 au= 149597870.700 km, c= 299792.458 km/s, 1 day= 86400.0 s 
Table cut-offs 1: Elevation (-90.0deg=NO ),Airmass (>38.000=NO), Daylight (NO )
Table cut-offs 2: Solar elongation (  0.0,180.0=NO ),Local Hour Angle( 0.0=NO )
Table cut-offs 3: RA/DEC angular rate (     0.0=NO )                           
**********************************************************************************************************************************************************************************************************************************************************************************************
 Date__(UT)__HR:MN     R.A._____(ICRF)_____DEC  R.A.__(a-apparent)__DEC  dRA*cosD d(DEC)/dt  Azi____(a-app)___Elev    APmag   S-brt      Illu%  Ang-diam  ObsSub-LON ObsSub-LAT             delta      deldot     S-O-T /r     S-T-O  Sky_motion  Sky_mot_PA  RelVel-ANG  Lun_Sky_Brt  sky_SNR
**********************************************************************************************************************************************************************************************************************************************************************************************
$$SOE
 2026-Jan-01 00:00 *m  23 48 11.32 -03 44 27.0  23 49 31.46 -03 35 47.5  7.630416  3.924677  159.893592  52.088235    1.007   6.907   99.74921  17.10664  331.775477  -1.170033  9.71519839734705  27.7101328   75.6121 /T    5.7424   0.1430096   62.781136   58.780558         n.a.     n.a.
 2026-Jan-03 12:00  m  23 48 43.73 -03 40 24.8  23 50 03.83 -03 31 45.2  8.551970  4.147413  340.210050 -59.582520    1.011   6.903   99.75498  17.03655  198.443866  -1.265286  9.75517118706700  27.5381903   73.2135 /T    5.6763   0.1584098   64.128201   55.849864         n.a.     n.a.
 2026-Jan-06 00:00 *   23 49 18.27 -03 36 09.8  23 50 38.40 -03 27 30.3  8.675131  4.356078  167.280957  53.331896    1.015   6.898   99.76149  16.96813   65.106658  -1.365675  9.79450638873927  27.0540577   70.8323 /T    5.6005   0.1617897   63.337219   54.699843         n.a.     n.a.
 2026-Jan-08 12:00  m  23 49 54.84 -03 31 42.2  23 51 14.88 -03 23 02.7  9.575310  4.565583  349.305743 -60.469775    1.018   6.893   99.76867  16.90097  291.763265  -1.471162  9.83342489899086  26.7321879   68.4523 /T    5.5158   0.1768011   64.507824   51.826572         n.a.     n.a.
 2026-Jan-11 00:00 *   23 50 33.42 -03 27 02.4  23 51 53.46 -03 18 23.1  9.673813  4.765182  174.968948  54.084186    1.021   6.888   99.77649  16.83565  158.415320  -1.581505  9.87157658201477  26.2215317   66.0890 /T    5.4219   0.1797294   63.775804   50.719581         n.a.     n.a.
 2026-Jan-13 12:00  m  23 51 13.93 -03 22 10.6  23 52 33.90 -03 13 31.3  10.54721  4.960924  358.656646 -60.718867    1.024   6.882   99.78487  16.77176   25.062115  -1.696664  9.90918352194020  25.7475893   63.7267 /T    5.3195   0.1942610   64.809851   47.893941         n.a.     n.a.
 2026-Jan-16 00:00 *   23 51 56.34 -03 17 07.5  23 53 16.33 -03 08 28.2  10.62026  5.149587  182.790500  54.325380    1.026   6.876   99.79377  16.70985  251.705447  -1.816368  9.94589538527445  25.2123268   61.3810 /T    5.2084   0.1967149   64.132037   46.830162         n.a.     n.a.
 2026-Jan-18 12:00     23 52 40.59 -03 11 53.1  23 54 00.53 -03 03 13.7  11.46211  5.329815    7.904603 -60.326195    1.028   6.870   99.80312  16.64952  118.344475  -1.940560  9.98193778687899  24.5899975   59.0365 /T    5.0893   0.2106781   65.061847   44.047094         n.a.     n.a.
 2026-Jan-21 00:00 *m  23 53 26.59 -03 06 28.1  23 54 46.55 -02 57 48.8  11.50977  5.505287  190.556409  54.055611    1.029   6.864   99.81284  16.59130  344.981137  -2.068941  10.0169621825128  24.0320690   56.7086 /T    4.9620   0.2126440   64.437545   43.024473         n.a.     n.a.
 2026-Jan-23 12:00     23 54 14.33 -03 00 52.9  23 55 34.21 -02 52 13.7  12.31402  5.668286   16.714887 -59.328030    1.029   6.857   99.82289  16.53479  211.614486  -2.201437  10.0511947453407  23.2647847   54.3823 /T    4.8274   0.2259330   65.282842   40.280131         n.a.     n.a.
 2026-Jan-26 00:00 *m  23 55 03.67 -02 55 08.1  23 56 23.55 -02 46 29.0  12.33346  5.828755  198.086005  53.295589    1.030   6.850   99.83317  16.48052   78.246600  -2.337723  10.0842942156735  22.6909426   52.0726 /T    4.6852   0.2273572   64.704737   39.306692         n.a.     n.a.
 2026-Jan-28 12:00     23 55 54.62 -02 49 14.0  23 57 14.45 -02 40 34.8  13.09392  5.974026   24.849371 -57.790699    1.030   6.843   99.84364  16.42807  304.876403  -2.477719  10.1164944742856  21.7940351   49.7646 /T    4.5362   0.2398725   65.475429   36.609244         n.a.     n.a.
 2026-Jan-31 00:00 *m  23 56 47.02 -02 43 11.3  23 58 06.88 -02 34 32.0  13.08654  6.119708  205.234895  52.083387    1.029   6.836   99.85419  16.37792  171.506024  -2.621100  10.1474715017807  21.2212568   47.4729 /T    4.3805   0.2407790   64.937615   35.695912         n.a.     n.a.
 2026-Feb-02 12:00  m  23 57 40.89 -02 37 00.2  23 59 00.71 -02 28 20.8  13.80454  6.249198   32.191649 -55.795437    1.028   6.829   99.86480  16.32965   38.134202  -2.767808  10.1774661984973  20.2115908   45.1824 /T    4.2184   0.2525524   65.644136   33.041906         n.a.     n.a.
 2026-Feb-05 00:00 *   23 58 36.08 -02 30 41.4  23 59 55.90 -02 22 02.1  13.77787  6.381940  211.908942  50.467934    1.027   6.821   99.87537  16.28373  264.763092  -2.917546  10.2061648959019  19.6448703   42.9073 /T    4.0503   0.2530694   65.146321   32.175693         n.a.     n.a.
 2026-Feb-07 12:00  m  23 59 32.64 -02 24 15.0  00 00 52.39 -02 15 35.8  14.45536  6.497269   38.728346 -53.424590    1.025   6.814   99.88587  16.23976  131.391323  -3.070274  10.2337993594516  18.5210265   40.6328 /T    3.8764   0.2641402   65.797460   29.542071         n.a.     n.a.
 2026-Feb-10 00:00 *   00 00 30.38 -02 17 41.6  00 01 50.15 -02 09 02.5  14.41096  6.616860  218.065027  48.503105    1.022   6.806   99.89620  16.19820  358.021157  -3.225695  10.2600584202699  17.9528859   38.3731 /T    3.6969   0.2642908   65.337563   28.706703         n.a.     n.a.
 2026-Feb-12 12:00  m  00 01 29.39 -02 11 01.6  00 02 49.11 -02 02 22.3  15.04301  6.717434   44.512316 -50.752222    1.020   6.798   99.90634  16.15866  224.651179  -3.383756  10.2851652440700  16.7158092   36.1137 /T    3.5122   0.2745785   65.936922   26.085672         n.a.     n.a.
 2026-Feb-15 00:00 *   00 02 29.42 -02 04 15.4  00 03 49.18 -01 55 36.1  14.97928  6.822361  223.701952  46.241936    1.017   6.790   99.91618  16.12158   91.283733  -3.544147  10.3088209485542  16.1488645   33.8689 /T    3.3227   0.2743292   65.512952   25.282321         n.a.     n.a.
 2026-Feb-17 12:00     00 03 30.60 -01 57 23.5  00 04 50.32 -01 48 44.2  15.56197  6.906975   49.629199 -47.840854    1.013   6.782   99.92572  16.08658  317.917329  -3.706799  10.3312448592839  14.8083754   31.6245 /T    3.1284   0.2837649   66.066587   22.674662         n.a.     n.a.
 2026-Feb-20 00:00 *m  00 04 32.66 -01 50 26.4  00 05 52.38 -01 41 47.2  15.47915  6.995336  228.846901  43.732757    1.009   6.773   99.93485  16.05409  184.554354  -3.871383  10.3521542998747  14.2485428   29.3947 /T    2.9301   0.2831072   65.680846   21.905643         n.a.     n.a.
 2026-Feb-22 12:00     00 05 35.73 -01 43 24.6  00 06 55.40 -01 34 45.5  16.00965  7.062874   54.173789 -44.740934    1.005   6.765   99.94356  16.02374   51.193245  -4.037815  10.3717639073443  12.8159216   27.1659 /T    2.7277   0.2916395   66.194676   19.311550         n.a.     n.a.
 2026-Feb-25 00:00 *m  00 06 39.53 -01 36 18.6  00 07 59.23 -01 27 39.5  15.90792  7.134077  233.543485  41.017884    1.000   6.757   99.95177  15.99591  277.836411  -4.205764  10.3898102815675  12.2714391   24.9520 /T    2.5219   0.2905727   65.845641   18.581478         n.a.     n.a.
 2026-Feb-27 12:00     00 07 44.21 -01 29 08.9  00 09 03.90 -01 20 29.7  16.38434  7.185905   58.236718 -41.491914    0.995   6.748   99.95946  15.97024  144.482209  -4.375157  10.4065058222801  10.7629987   22.7395 /T    2.3127   0.2981815   66.318527   16.005651         n.a.     n.a.
 2026-Mar-02 00:00 *   00 08 49.46 -01 21 56.1  00 10 09.19 -01 13 16.8  16.26702  7.241894  237.842266  38.133142    0.989   6.739   99.96656  15.94710   11.133019  -4.545689  10.4216102475293  10.2446508   20.5421 /T    2.1010   0.2967701   66.001915   15.319474         n.a.     n.a.
 2026-Mar-04 12:00  m  00 09 55.47 -01 14 40.3  00 11 15.16 -01 06 01.1  16.69197  7.280516   61.899015 -38.124676    0.983   6.730   99.97306  15.92613  237.787105  -4.717314  10.4353291356031   8.6726422   18.3465 /T    1.8864   0.3035108   66.434674   12.758490         n.a.     n.a.
 2026-Mar-07 00:00 *   00 11 01.93 -01 07 22.1  00 12 21.62 -00 58 43.1  16.56479  7.322459  241.794528  35.108408    0.976   6.721   99.97890  15.90767  104.446826  -4.889748  10.4474384759589   8.1801499   16.1666 /T    1.6702   0.3018510   66.152186   12.106238         n.a.     n.a.
 2026-Mar-09 12:00  m  00 12 09.03 -01 00 01.8  00 13 28.70 -00 51 22.9  16.93977  7.348293   65.230023 -34.663076    0.969   6.712   99.98407  15.89142  331.110412  -5.062946  10.4581269950662   6.5454040   13.9904 /T    1.4519   0.3077486   66.549309   9.5447565         n.a.     n.a.
 2026-Mar-12 00:00 *   00 13 16.44 -00 52 40.0  00 14 36.15 -00 44 01.0  16.80400  7.375413  245.449425  31.968648    0.962   6.702   99.98853  15.87767  197.780249  -5.236623  10.4671830227445   6.0715182   11.8337 /T    1.2329   0.3058554   66.302935   8.9111861         n.a.     n.a.
 2026-Mar-14 12:00  m  00 14 24.39 -00 45 17.0  00 15 44.10 -00 36 37.9  17.12524  7.387818   68.288352 -31.125665    0.953   6.692   99.99227  15.86615   64.454589  -5.410723  10.4747782685567   4.3763847    9.6882 /T    1.0133   0.3108473   66.664662   6.3391912         n.a.     n.a.
 2026-Mar-17 00:00 *   00 15 32.52 -00 37 53.2  00 16 52.26 -00 29 14.2  16.97842  7.398913  248.851947  28.734144    0.944   6.682   99.99525  15.85716  291.135835  -5.584948  10.4807207673189   3.9216204    7.5785 /T    0.7953   0.3086757   66.453226   5.7210334         n.a.     n.a.
 2026-Mar-19 12:00     00 16 41.05 -00 30 29.1  00 18 00.77 -00 21 50.3  17.24155  7.396738   71.123733 -27.526973    0.933   6.670   99.99747  15.85043  157.822243  -5.759227  10.4851713619214   2.1785570    5.5193 /T    0.5814   0.3126868   66.780353   3.1407595         n.a.     n.a.
 2026-Mar-22 00:00 *m  00 17 49.61 -00 23 05.3  00 19 09.36 -00 14 26.6  17.08270  7.390278  252.042659  25.421266    0.920   6.656   99.99891  15.84620   24.516178  -5.933249  10.4879650995829   1.7519437    3.6151 /T    0.3821   0.3102127   66.605837   2.5450500         n.a.     n.a.
 2026-Mar-24 12:00     00 18 58.45 -00 15 42.2  00 20 18.21 -00 07 03.6  17.28682  7.373137   73.778162 -23.878154    0.908   6.644   99.99958  15.84425  251.215862  -6.106938  10.4892558371205  -0.0201459    2.2529 /T    0.2378   0.3132257   66.900889   -0.034787         n.a.     n.a.
 2026-Mar-27 00:00 *m  00 20 07.16 -00 08 20.3  00 21 26.97 +00 00 18.4  17.11938  7.350134  255.058026  22.043405    0.907   6.643   99.99945  15.84478  117.923570  -6.280000  10.4889069648351  -0.4093388    2.5490 /L    0.2656   0.3105094   66.763941   -0.601410         n.a.     n.a.
 2026-Mar-29 12:00     00 21 16.03 -00 00 59.9  00 22 35.85 +00 07 38.8  17.26697  7.320646   76.287250 -20.187971    0.914   6.650   99.99854  15.84757  344.637500  -6.452385  10.4870589703437  -2.1984775    4.1553 /L    0.4334   0.3125790   67.024606   -3.181411         n.a.     n.a.
 2026-Apr-01 00:00 *   00 22 24.66 +00 06 18.4  00 23 44.50 +00 14 57.1  17.09468  7.283545  257.930206  18.611836    0.920   6.657   99.99685  15.85281  211.359858  -6.623832  10.4835971934554  -2.5506378    6.1077 /L    0.6381   0.3096943   66.922559   -3.724149         n.a.     n.a.
 2026-Apr-03 12:00  m  00 23 33.32 +00 13 34.5  00 24 53.17 +00 22 13.0  17.18687  7.243320   78.681559 -16.463851    0.924   6.662   99.99438  15.86030   78.088864  -6.794309  10.4786433759329  -4.3511392    8.1645 /L    0.8536   0.3108475   67.147258   -6.311785         n.a.     n.a.
 2026-Apr-06 00:00 *   00 24 41.62 +00 20 47.9  00 26 01.50 +00 29 26.3  17.01172  7.192309  260.688175  15.136109    0.928   6.667   99.99116  15.87021  304.826666  -6.963559  10.4721035861950  -4.6695097   10.2551 /L    1.0719   0.3078275   67.082063   -6.838938         n.a.     n.a.
 2026-Apr-08 12:00 Am  00 25 49.84 +00 27 58.1  00 27 09.76 +00 36 36.6  17.04848  7.140782   80.987561 -12.711571    0.930   6.671   99.98719  15.88238  171.571526  -7.131547  10.4640798707075  -6.4763497   12.3693 /L    1.2916   0.3080591   67.273553   -9.442081         n.a.     n.a.
 2026-Apr-11 00:00 *   00 26 57.58 +00 35 04.9  00 28 17.56 +00 43 43.4  16.87126  7.074881  263.358286  11.624527    0.932   6.674   99.98250  15.89693   38.325536  -7.298006  10.4544989556751  -6.7651782   14.4880 /L    1.5103   0.3049105   67.249500   -9.963382         n.a.     n.a.
 2026-Apr-13 12:00 Am  00 28 05.13 +00 42 07.8  00 29 25.14 +00 50 46.2  16.85041  7.011193   83.229060  -8.936199    0.933   6.677   99.97710  15.91376  265.087033  -7.462891  10.4434414380701  -8.5744121   16.6179 /L    1.7286   0.3041807   67.408568   -12.59263         n.a.     n.a.
 2026-Apr-16 00:00 *m  00 29 12.07 +00 49 06.4  00 30 32.11 +00 57 44.7  16.66818  6.929408  265.964539   8.084171    0.933   6.680   99.97105  15.93296  131.858066  -7.625926  10.4308569010731  -8.8354264   18.7460 /L    1.9445   0.3008529   67.426036   -13.11661         n.a.     n.a.
 2026-Apr-18 12:00 A   00 30 18.69 +00 56 00.2  00 31 38.76 +01 04 38.3  16.58490  6.852432   85.428038  -5.142056    0.933   6.683   99.96433  15.95445  358.637052  -7.787053  10.4168111590380 -10.6334197   20.8821 /L    2.1590   0.2990795   67.550916   -15.77249         n.a.     n.a.
 2026-Apr-21 00:00 *m  00 31 24.55 +01 02 48.7  00 32 44.69 +01 11 26.9  16.39574  6.754176  268.529727   4.521255    0.933   6.686   99.95703  15.97826  225.425931  -7.945989  10.4012871612782 -10.8550533   23.0141 /L    2.3703   0.2955406   67.610936   -16.28960         n.a.     n.a.
 2026-Apr-23 12:00 A   00 32 29.96 +01 09 31.7  00 33 50.17 +01 18 09.9  16.25112  6.664791   87.605165  -1.332712    0.932   6.689   99.94914  16.00433   92.223124  -8.102687  10.3843427665402 -12.6191686   25.1528 /L    2.5794   0.2927448   67.700841   -18.95763         n.a.     n.a.
 2026-Apr-26 00:00 *m  00 33 34.49 +01 16 08.6  00 34 54.76 +01 24 46.8  16.06089  6.552474  271.075665   0.941487    0.931   6.691   99.94074  16.03266  319.030400  -8.256893  10.3659916006421 -12.7941866   27.2867 /L    2.7847   0.2891016   67.805664   -19.45697         n.a.     n.a.
 2026-Apr-28 12:00 A   00 34 38.46 +01 22 39.1  00 35 58.77 +01 31 17.2  15.86022  6.453226   89.780625   2.488096    0.930   6.694   99.93184  16.06322  185.846219  -8.408596  10.3462698725185 -14.5187960   29.4271 /L    2.9871   0.2853801   67.859508   -22.14044         n.a.     n.a.
 2026-May-01 00:00 *   00 35 41.43 +01 29 02.9  00 37 01.78 +01 37 41.0  15.67182  6.328647  273.623596  -2.649334    0.928   6.696   99.92253  16.09599   52.672256  -8.557558  10.3252092907280 -14.6566629   31.5631 /L    3.1851   0.2816901   68.009989   -22.63464         n.a.     n.a.
 2026-May-03 12:00 Nm  00 36 43.73 +01 35 19.8  00 38 04.15 +01 43 57.8  15.41436  6.219962   91.974234   6.316653    0.926   6.699   99.91279  16.13096  279.507086  -8.703778  10.3028213344306 -16.3405776   33.7064 /L    3.3798   0.2770331   68.025070   -25.34707         n.a.     n.a.
 2026-May-06 00:00 *   00 37 44.93 +01 41 29.3  00 39 05.41 +01 50 07.3  15.22647  6.082789  276.195263  -6.245115    0.923   6.701   99.90275  16.16810  146.352297  -8.847011  10.2791602192019 -16.4455202   35.8460 /L    3.5695   0.2732752   68.223890   -25.84602         n.a.     n.a.
 2026-May-08 12:00 Nm  00 38 45.34 +01 47 31.1  00 40 05.90 +01 56 09.2  14.91075  5.963558   94.206552  10.149089    0.921   6.703   99.89238  16.20742   13.206570  -8.987248  10.2542179365801 -18.0806909   37.9937 /L    3.7554   0.2676516   68.201048   -28.59369         n.a.     n.a.
 2026-May-11 00:00 *   00 39 44.53 +01 53 24.8  00 41 05.15 +02 02 02.9  14.72286  5.812760  278.812963  -9.839652    0.917   6.705   99.88182  16.24885  240.071371  -9.124230  10.2280738757961 -18.1532904   40.1385 /L    3.9357   0.2638133   68.455302   -29.10212         n.a.     n.a.
 2026-May-13 12:00 Nm  00 40 42.81 +01 59 10.0  00 42 03.49 +02 07 48.0  14.34805  5.681755   96.499861  13.980968    0.914   6.707   99.87104  16.29245  106.945493  -9.257940  10.2006999902481 -19.7321708   42.2923 /L    4.1117   0.2572012   68.396682   -31.89249         n.a.     n.a.
 2026-May-16 00:00 *m  00 41 39.75 +02 04 46.4  00 43 00.49 +02 13 24.3  14.15760  5.516635  281.500310 -13.426270    0.910   6.709   99.86019  16.33810  333.830293  -9.388107  10.1721998793785 -19.7732200   44.4436 /L    4.2816   0.2532406   68.711179   -32.41885         n.a.     n.a.
 2026-May-18 12:00 N   00 42 35.65 +02 10 13.5  00 43 56.49 +02 18 51.6  13.72037  5.373386   98.878643  17.807385    0.905   6.711   99.84924  16.38589  200.724688  -9.514714  10.1425310963219 -21.2810398   46.6043 /L    4.4465   0.2455842   68.612918   -35.25530         n.a.     n.a.
 2026-May-21 00:00 *m  00 43 30.08 +02 15 31.0  00 44 51.00 +02 24 09.2  13.52633  5.195192  284.283271 -16.997468    0.901   6.713   99.83835  16.43564   67.629860  -9.637495  10.1118309194794 -21.2789738   48.7626 /L    4.6047   0.2414951   68.989220   -35.78960         n.a.     n.a.
 2026-May-23 12:00 N   00 44 23.34 +02 20 38.5  00 45 44.35 +02 29 16.8  13.03047  5.041971  101.370706  21.622497    0.896   6.714   99.82748  16.48747  294.544774  -9.756467  10.0800467605520 -22.6965715   50.9304 /L    4.7574   0.2328654   68.846709   -38.65900         n.a.     n.a.
 2026-May-26 00:00 *m  00 45 15.02 +02 25 35.8  00 46 36.08 +02 34 14.1  12.83871  4.853495  287.190247 -20.544544    0.890   6.716   99.81679  16.54114  161.470406  -9.871392  10.0473411530526 -22.6498930   53.0962 /L    4.9029   0.2287580   69.291595   -39.19065         n.a.     n.a.
 2026-May-28 12:00 N   00 46 05.42 +02 30 22.6  00 47 26.57 +02 39 00.8  12.28999  4.691659  104.008046  25.418767    0.884   6.717   99.80625  16.59681   28.405824  -9.982312  10.0136384965633 -23.9755758   55.2722 /L    5.0424   0.2192510   69.105831   -42.09686         n.a.     n.a.
 2026-May-31 00:00 *   00 46 54.15 +02 34 58.5  00 48 15.37 +02 43 36.8  12.10228  4.493756  290.253338 -24.056612    0.878   6.718   99.79601  16.65422  255.351871 -10.088991  9.97911621630640 -23.8957644   57.4470 /L    5.1743   0.2151608   69.629298   -42.63735         n.a.     n.a.
 2026-Jun-02 12:00 Nm  00 47 41.51 +02 39 23.4  00 49 02.83 +02 48 01.9  11.50012  4.323066  106.827878  29.186815    0.872   6.719   99.78603  16.71358  122.307786 -10.191475  9.94367477474355 -25.1303285   59.6332 /L    5.2998   0.2047638   69.398012   -45.59826         n.a.     n.a.
 2026-Jun-05 00:00 *   00 48 27.09 +02 43 36.9  00 49 48.48 +02 52 15.6  11.31317  4.115447  293.509001 -27.520493    0.865   6.720   99.77647  16.77459  349.274292 -10.289518  9.90751105831210 -25.0219832   61.8192 /L    5.4171   0.2006411   70.009881   -46.16119         n.a.     n.a.
 2026-Jun-07 12:00 Nm  00 49 11.17 +02 47 38.9  00 50 32.67 +02 56 17.6  10.65569  3.934719  109.875064  32.914591    0.858   6.721   99.76729  16.83747  216.250786 -10.383158  9.87050959705793 -26.1567977   64.0177 /L    5.5276   0.1893158   69.732832   -49.18858         n.a.     n.a.
 2026-Jun-10 00:00 *   00 49 53.38 +02 51 28.7  00 51 14.92 +03 00 07.6  10.46723  3.716522  296.998772 -30.920385    0.850   6.722   99.75866  16.90189   83.237821 -10.472132  9.83289135749953 -26.0170107   66.2169 /L    5.6294   0.1851241   70.451946   -49.77851         n.a.     n.a.
 2026-Jun-12 12:00 Nm  00 50 33.96 +02 55 06.4  00 51 55.61 +03 03 45.3  9.754905  3.524542  113.204032  36.586610    0.843   6.722   99.75053  16.96809  310.234928 -10.556475  9.79452844728553 -27.0397447   68.4297 /L    5.7239   0.1728684   70.134718   -52.87822         n.a.     n.a.
 2026-Jun-15 00:00 *m  00 51 12.56 +02 58 31.3  00 52 34.29 +03 07 10.5  9.564091  3.295943  300.770415 -34.236727    0.834   6.723   99.74305  17.03568  177.242473 -10.635916  9.75566577719992 -26.8639695   70.6436 /L    5.8092   0.1686013   70.985207   -53.49515         n.a.     n.a.
 2026-Jun-17 12:00 N   00 51 49.43 +03 01 43.4  00 53 11.29 +03 10 22.9  8.798811  3.094006  116.880790  40.182862    0.826   6.723   99.73620  17.10494   44.260103 -10.710511  9.71616583340969 -27.7600538   72.8715 /L    5.8866   0.1554491   70.626329   -56.66854         n.a.     n.a.
 2026-Jun-20 00:00 *m  00 52 24.21 +03 04 42.2  00 53 46.13 +03 13 22.0  8.607727  2.858450  304.878097 -37.445212    0.817   6.723   99.73010  17.17542  271.287963 -10.780020  9.67629811966292 -27.5419995   75.1005 /L    5.9544   0.1511656   71.629729   -57.30115         n.a.     n.a.
 2026-Jun-22 12:00 N   00 52 57.14 +03 07 27.9  00 54 19.16 +03 16 07.7  7.795960  2.649619  120.985601  43.676677    0.808   6.723   99.72471  17.24740  138.325800 -10.844540  9.63591252092800 -28.3025804   77.3437 /L    6.0140   0.1372320   71.228603   -60.54385         n.a.     n.a.
 2026-Jun-25 00:00 *m  00 53 27.92 +03 09 59.8  00 54 49.99 +03 18 39.8  7.608207  2.409356  309.381867 -40.515416    0.799   6.722   99.72017  17.32041    5.373554 -10.903851  9.59529342840522 -28.0465576   79.5885 /L    6.0636   0.1330098   72.428123   -61.18675         n.a.     n.a.
 2026-Jun-27 12:00 N   00 53 56.76 +03 12 18.3  00 55 18.95 +03 20 58.5  6.755295  2.193939  125.613960  47.033019    0.789   6.722   99.71641  17.39477  232.431119 -10.958057  9.55427377280495 -28.6708048   81.8481 /L    6.1045   0.1183772   72.007589   -64.50636         n.a.     n.a.
 2026-Jun-30 00:00 *   00 54 23.39 +03 14 22.8  00 55 45.65 +03 23 03.3  6.572068  1.949321  314.346149 -43.409276    0.779   6.721   99.71356  17.46997   99.498253 -11.006939  9.51314907868199 -28.3846118   84.1102 /L    6.1352   0.1142511   73.479275   -65.16253         n.a.     n.a.
 2026-Jul-02 12:00 Nm  00 54 48.00 +03 16 13.4  00 56 10.39 +03 24 54.3  5.680390  1.727153  130.876806  50.205665    0.769   6.720   99.71156  17.54636  326.575033 -11.050604  9.47173518320686 -28.8737954   86.3881 /L    6.1569   0.0989527   73.087824   -68.57620         n.a.     n.a.
 2026-Jul-05 00:00 *   00 55 10.34 +03 17 49.7  00 56 32.77 +03 26 30.9  5.498389  1.478391  319.834786 -46.080525    0.758   6.719   99.71052  17.62338  193.661062 -11.088828  9.43033897518056 -28.5622588   88.6694 /L    6.1682   0.0948946   74.950409   -69.25705         n.a.     n.a.
 2026-Jul-07 12:00 Nm  00 55 30.56 +03 19 11.8  00 56 53.09 +03 27 53.2  4.567717  1.248948  136.895914  53.134200    0.747   6.718   99.71039  17.70141   60.756599 -11.121713  9.38876718331764 -28.9095229   90.9675 /L    6.1700   0.0789232   74.707440   -72.78553         n.a.     n.a.
 2026-Jul-10 00:00 *   00 55 48.45 +03 20 19.2  00 57 11.02 +03 29 00.9  4.383762  0.995992  325.903272 -48.474027    0.736   6.717   99.71123  17.77986  287.861048 -11.149031  9.34734430112013 -28.5666396   93.2699 /L    6.1610   0.0749247   77.199676   -73.49285         n.a.     n.a.
 2026-Jul-12 12:00 Nm  00 56 04.13 +03 21 12.1  00 57 26.84 +03 29 54.3  3.417649  0.759401  143.788993  55.741811    0.725   6.715   99.71302  17.85909  154.974789 -11.170886  9.30587612663848 -28.7566498   95.5899 /L    6.1423   0.0583500   77.472411   -77.14252         n.a.     n.a.
 2026-Jul-15 00:00 *m  00 56 17.41 +03 21 50.1  00 57 40.19 +03 30 32.8  3.234524  0.504389  332.585457 -50.525963    0.714   6.713   99.71579  17.93845   22.096967 -11.187072  9.26470583025122 -28.3725436   97.9143 /L    6.1126   0.0545603   81.136728   -77.84655         n.a.     n.a.
 2026-Jul-17 12:00 N   00 56 28.43 +03 22 13.4  00 57 51.32 +03 30 56.5  2.243405  0.264422  151.638942  57.934253    0.702   6.711   99.71951  18.01832  249.228039 -11.197732  9.22363603761937 -28.3959949  100.2563 /L    6.0728   0.0376489   83.277762   -81.59116         n.a.     n.a.
 2026-Jul-20 00:00 *m  00 56 37.03 +03 22 21.6  00 57 59.95 +03 31 05.0  2.066988  0.012198  339.874395 -52.166671    0.690   6.709   99.72420  18.09802  116.366912 -11.202719  9.18301622469467 -27.9740920  102.6025 /L    6.0219   0.0344504   89.661890   -82.21582         n.a.     n.a.
 2026-Jul-22 12:00 N   00 56 43.32 +03 22 15.3  00 58 06.35 +03 30 59.1  1.059632  -0.22789  160.443433  59.604193    0.678   6.707   99.72979  18.17795  343.514187 -11.202207  9.14263754569523 -27.8352041  104.9664 /L    5.9609   0.0180643   102.13747   -85.89769         n.a.     n.a.
 2026-Jul-25 00:00 *m  00 56 47.21 +03 21 54.1  00 58 10.28 +03 30 38.3  0.890981  -0.47562  347.703157 -53.325700    0.666   6.704   99.73629  18.25741  210.668586 -11.196068  9.10285094587504 -27.3828775  107.3345 /L    5.8888   0.0168330   118.09390   -86.13036         n.a.     n.a.
 2026-Jul-27 12:00 N   00 56 48.76 +03 21 18.5  00 58 11.95 +03 30 03.2  -0.12642  -0.71537  170.057396  60.644518    0.654   6.701   99.74365  18.33679   77.830862 -11.184478  9.06344129332647 -27.0826216  109.7207 /L    5.8064   0.0121075   190.02175   -87.19598         n.a.     n.a.
 2026-Jul-30 00:00 *   00 56 47.92 +03 20 28.2  00 58 11.16 +03 29 13.4  -0.28607  -0.95809  355.932791 -53.941165    0.641   6.698   99.75183  18.41538  304.999536 -11.167320  9.02476197550325 -26.6031719  112.1117 /L    5.7131   0.0166647   196.62474   -86.09072         n.a.     n.a.
 2026-Aug-01 12:00 Nm  00 56 44.74 +03 19 23.6  00 58 08.07 +03 28 09.3  -1.30655  -1.19690  180.164162  60.969158    0.629   6.695   99.76077  18.49360  172.175505 -11.144767  8.98659250706449 -26.1440142  114.5213 /L    5.6095   0.0295318   227.50786   -83.00455         n.a.     n.a.
 2026-Aug-04 00:00 *   00 56 39.20 +03 18 04.5  00 58 02.55 +03 26 50.6  -1.45841  -1.43366    4.358757 -53.970249    0.616   6.692   99.77044  18.57069   39.357121 -11.116720  8.94928526132893 -25.6414685  116.9362 /L    5.4950   0.0340847   225.49027   -81.81711         n.a.     n.a.
 2026-Aug-06 12:00 Am  00 56 31.31 +03 16 31.4  00 57 54.76 +03 25 17.9  -2.47806  -1.67038  190.318318  60.536654    0.603   6.688   99.78076  18.64709  266.545433 -11.083355  8.91262031891873 -25.0210438  119.3703 /L    5.3703   0.0498079   236.01746   -77.89581        1.186    5.640
 2026-Aug-09 00:00 *   00 56 21.11 +03 14 44.1  00 57 44.60 +03 23 31.2  -2.62362  -1.89937   12.741285 -53.396967    0.591   6.684   99.79168  18.72201  133.738593 -11.044600  8.87695541225851 -24.4880291  121.8101 /L    5.2349   0.0539830   234.09726   -76.69167         n.a.     n.a.
 2026-Aug-11 12:00 Am  00 56 08.56 +03 12 43.1  00 57 32.16 +03 21 31.0  -3.63316  -2.13092  200.063485  59.362563    0.578   6.680   99.80313  18.79585    0.937719 -11.000649  8.84208062565455 -23.6950277  124.2692 /L    5.0894   0.0701994   239.60756   -72.42989        0.010  665.218
 2026-Aug-14 00:00 *m  00 55 53.76 +03 10 28.5  00 57 17.39 +03 19 16.9  -3.76497  -2.34766   20.850020 -52.235150    0.565   6.676   99.81500  18.86781  228.140690 -10.951496  8.80835716564959 -23.1236385  126.7333 /L    4.9336   0.0739492   238.05432   -71.19648         n.a.     n.a.
 2026-Aug-16 12:00 A   00 55 36.68 +03 08 00.9  00 57 00.38 +03 16 49.7  -4.74696  -2.56860  209.056033  57.512105    0.553   6.672   99.82725  18.93829   95.348660 -10.897382  8.77557700165359 -22.1611844  129.2161 /L    4.7678   0.0899558   241.58195   -66.70449         n.a.     n.a.
 2026-Aug-19 00:00 *m  00 55 17.48 +03 05 20.4  00 56 41.19 +03 14 09.8  -4.85725  -2.76861   28.504076 -50.524547    0.540   6.667   99.83974  19.00650  322.559314 -10.838368  8.74408619444669 -21.5639585  131.7031 /L    4.5924   0.0931815   240.31705   -65.45278         n.a.     n.a.
 2026-Aug-21 12:00 A   00 54 56.09 +03 02 28.0  00 56 19.90 +03 11 17.9  -5.80144  -2.97592  217.122715  55.080208    0.528   6.662   99.85241  19.07284  189.773947 -10.774712  8.71367111744881 -20.4484533  134.2080 /L    4.4075   0.1086698   242.84391   -60.76280         n.a.     n.a.
 2026-Aug-24 00:00 *m  00 54 32.72 +02 59 23.6  00 55 56.55 +03 08 14.1  -5.89067  -3.15775   35.593037 -48.321950    0.516   6.658   99.86512  19.13654   56.990123 -10.706506  8.68466292002225 -19.8349824  136.7164 /L    4.2135   0.1113944   241.80599   -59.47884         n.a.     n.a.
 2026-Aug-26 12:00 A   00 54 07.28 +02 56 08.2  00 55 31.19 +03 04 59.3  -6.79002  -3.35022  224.241503  52.168735    0.503   6.653   99.87782  19.19802  284.209257 -10.634003  8.65685227109832 -18.5738472  139.2424 /L    4.0107   0.1261925   243.73815   -54.59044         n.a.     n.a.
 2026-Aug-29 00:00 *   00 53 40.00 +02 52 41.9  00 55 03.92 +03 01 33.5  -6.85759  -3.51328   42.075968 -45.692134    0.491   6.647   99.89036  19.25651  151.428766 -10.557322  8.63055833072880 -17.9459568  141.7715 /L    3.7995   0.1284195   242.87301   -53.25881         n.a.     n.a.
 2026-Aug-31 12:00 Am  00 53 10.78 +02 49 05.6  00 54 34.75 +02 57 57.7  -7.70298  -3.68976  230.485220  48.871427    0.479   6.642   99.90268  19.31241   18.650146 -10.476710  8.60557949308651 -16.5453790  144.3179 /L    3.5800   0.1423515   244.40536   -48.17411        3.486    1.906
 2026-Sep-03 00:00 *   00 52 39.91 +02 45 19.5  00 54 03.89 +02 54 12.1  -7.74781  -3.83278   47.964909 -42.699756    0.468   6.636   99.91464  19.36497  245.870684 -10.392322  8.58222001033903 -15.9048273  146.8669 /L    3.3531   0.1440667   243.67876   -46.78319         n.a.     n.a.
 2026-Sep-05 12:00 Am  00 52 07.24 +02 41 24.5  00 53 31.30 +02 50 17.8  -8.53102  -3.99035  235.969351  45.268008    0.456   6.631   99.92618  19.41458  113.091946 -10.304413  8.56028933339436 -14.3697010  149.4325 /L    3.1187   0.1569688   244.93236   -41.50204        0.530   12.519
 2026-Sep-08 00:00 *   00 51 33.12 +02 37 21.1  00 52 57.20 +02 46 15.0  -8.55107  -4.10964   53.304850 -39.404394    0.445   6.625   99.93717  19.46053  340.311082 -10.213204  8.54007873791768 -13.7127653  151.9996 /L    2.8777   0.1581227   244.33107   -40.03582         n.a.     n.a.
 2026-Sep-10 12:00 A   00 50 57.38 +02 33 10.2  00 52 21.51 +02 42 04.7  -9.25943  -4.24312  240.817756  41.423217    0.434   6.619   99.94754  19.50316  207.529665 -10.118985  8.52141276012330 -12.0464933  154.5816 /L    2.6301   0.1697556   245.38045   -34.56769         n.a.     n.a.
 2026-Sep-13 00:00 *m  00 50 20.42 +02 28 52.4  00 51 44.53 +02 37 47.3  -9.24666  -4.33418   58.157169 -35.858886    0.424   6.613   99.95716  19.54180   74.744694 -10.022054  8.50456277049378 -11.3754497  157.1622 /L    2.3772   0.1702007   244.88615   -33.03313         n.a.     n.a.
 2026-Sep-15 12:00     00 49 42.06 +02 24 28.9  00 51 06.22 +02 33 24.2  -9.86500  -4.43965  245.145505  37.389109    0.413   6.606   99.96598  19.57679  301.957755  -9.922725  8.48935961327178  -9.5961585  159.7544 /L    2.1190   0.1802997   245.77031   -27.41799         n.a.     n.a.
 2026-Sep-18 00:00 *m  00 49 02.77 +02 20 00.2  00 50 26.93 +02 28 56.0  -9.81438  -4.50080   62.587500 -32.108725    0.403   6.600   99.97389  19.60755  169.165795  -9.821342  8.47604204628607  -8.9270969  162.3405 /L    1.8570   0.1799531   245.36416   -25.83980         n.a.     n.a.
 2026-Sep-20 12:00     00 48 22.33 +02 15 27.5  00 49 46.54 +02 24 23.9  -10.3356  -4.57711  249.052996  33.207828    0.393   6.593   99.98085  19.63442   36.370486  -9.718212  8.46444404074419  -7.0600045  164.9318 /L    1.5914   0.1883957   246.11392   -20.12052         n.a.     n.a.
 2026-Sep-23 00:00 *m  00 47 41.23 +02 10 51.5  00 49 05.45 +02 19 48.4  -10.2499  -4.60838   66.659939 -28.192868    0.383   6.586   99.98675  19.65688  263.568799  -9.613701  8.45477294047481  -6.4049537  167.5063 /L    1.3243   0.1873043   245.79126   -18.50487         n.a.     n.a.
 2026-Sep-25 12:00  m  00 46 59.24 +02 06 13.3  00 48 23.48 +02 15 10.6  -10.6719  -4.65545  252.624886  28.913271    0.373   6.577   99.99159  19.67526  130.762477  -9.508096  8.44687477041668  -4.4663810  170.0673 /L    1.0565   0.1940523   246.43154   -12.70865        2.971    2.214
 2026-Sep-28 00:00 *   00 46 16.88 +02 01 33.4  00 47 41.09 +02 10 31.1  -10.5545  -4.65783   70.434198 -24.144512    0.361   6.567   99.99528  19.68911  357.948506  -9.401779  8.44093081452318  -3.8272662  172.5698 /L    0.7928   0.1922761   246.18752   -11.04431         n.a.     n.a.
 2026-Sep-30 12:00  m  00 45 33.87 +01 56 53.1  00 46 58.11 +02 05 51.1  -10.8735  -4.67595  255.932058  24.533212    0.348   6.555   99.99781  19.69874  225.128639  -9.295012  8.43680606779588  -1.8266043  174.9449 /L    0.5413   0.1972715   246.73078   -5.193499        2.254    2.909
 2026-Oct-03 00:00 *   00 44 50.77 +01 52 12.9  00 46 15.03 +02 01 11.4  -10.7236  -4.64916   73.963972 -19.991846    0.334   6.542   99.99914  19.70376   92.299855  -9.188202  8.43465719422466  -1.2013332  176.8399 /L    0.3383   0.1948002   246.56103   -3.467034         n.a.     n.a.
 2026-Oct-05 12:00  m  00 44 07.31 +01 47 34.0  00 45 31.60 +01 56 33.0  -10.9324  -4.63585  259.033948  20.091083    0.333   6.541   99.99928  19.70443  319.463868  -9.081624  8.43436772259021   0.8493008  177.0917 /L    0.3060   0.1979123   247.02086   2.4044953        0.407   16.057
 2026-Oct-08 00:00 *   00 43 24.06 +01 42 57.2  00 44 48.33 +01 51 56.5  -10.7468  -4.57692   77.297106 -15.759418    0.346   6.554   99.99821  19.70048  186.617684  -8.975742  8.43606269415602   1.4557470  175.4084 /T    0.4809   0.1946813   246.93160   4.1882825         n.a.     n.a.
 2026-Oct-10 12:00     00 42 40.73 +01 38 23.6  00 44 05.00 +01 47 23.2  -10.8396  -4.52934  261.980525  15.607185    0.362   6.568   99.99593  19.69213   53.762995  -8.870846  8.43963907463931   3.5353652  173.0760 /T    0.7256   0.1957979   247.32238   10.031437         n.a.     n.a.
 2026-Oct-13 00:00 *m  00 41 57.93 +01 33 54.2  00 43 22.18 +01 42 54.0  -10.6175  -4.43768   80.475950 -11.468888    0.375   6.580   99.99249  19.67920  280.896899  -8.767427  8.44518437361011   4.1117487  170.5686 /T    0.9875   0.1917925   247.31702   11.854878         n.a.     n.a.
 2026-Oct-15 12:00     00 41 15.35 +01 29 30.0  00 42 39.62 +01 38 30.2  -10.5922  -4.35691  264.815093  11.099906    0.387   6.590   99.98790  19.66191  148.021086  -8.665750  8.45260733338142   6.1955272  167.9868 /T    1.2551   0.1908882   247.64109   17.617781         n.a.     n.a.
 2026-Oct-18 00:00 *m  00 40 33.62 +01 25 11.9  00 41 57.88 +01 34 12.4  -10.3356  -4.23521   83.538279  -7.139509    0.398   6.599   99.98223  19.64019   15.132795  -8.566293  8.46195665965630   6.7298042  165.3797 /T    1.5224   0.1861620   247.71780   19.459562         n.a.     n.a.
 2026-Oct-20 12:00     00 39 52.40 +01 21 00.8  00 41 16.67 +01 30 01.6  -10.1947  -4.12402  267.575693   6.585891    0.409   6.607   99.97549  19.61424  242.233723  -8.469282  8.47315341185916   8.7926377  162.7491 /T    1.7887   0.1832881   247.97549   25.092601         n.a.     n.a.
 2026-Oct-23 00:00 *m  00 39 12.32 +01 16 57.5  00 40 36.56 +01 25 58.4  -9.91036  -3.97529   86.518925  -2.788891    0.420   6.615   99.96780  19.58406  109.321315  -8.375175  8.48620766623841   9.2743767  160.1163 /T    2.0511   0.1779655   248.14308   26.927517         n.a.     n.a.
 2026-Oct-25 12:00  m  00 38 33.02 +01 13 02.9  00 39 57.24 +01 22 03.9  -9.66202  -3.83677  270.296726   2.080338    0.432   6.622   99.95918  19.54985  336.397275  -8.284150  8.50105791064281  11.2975752  157.4712 /T    2.3103   0.1732656   248.34206   32.392529        4.008    1.652
 2026-Oct-28 00:00 *   00 37 55.11 +01 09 17.6  00 39 19.32 +01 18 18.7  -9.35838  -3.66436   89.450536   1.567005    0.443   6.630   99.94976  19.51169  203.459252  -8.196637  8.51768437508778  11.7284863  154.8308 /T    2.5637   0.1675036   248.61675   34.214527         n.a.     n.a.
 2026-Oct-30 12:00  m  00 37 18.23 +01 05 42.3  00 38 42.45 +01 14 43.7  -9.00842  -3.50094  273.010775  -2.402486    0.455   6.637   99.93956  19.46971   70.508871  -8.112778  8.53605280226194  13.7061432  152.1821 /T    2.8124   0.1610799   248.76238   39.507584         n.a.     n.a.
 2026-Nov-02 00:00 *   00 36 42.97 +01 02 17.9  00 38 07.19 +01 11 19.5  -8.68583  -3.30565   92.364454   5.913449    0.467   6.643   99.92876  19.42405  297.543915  -8.033002  8.55611782677100  14.0928910  149.5411 /T    3.0540   0.1548933   249.16420   41.335772         n.a.     n.a.
 2026-Nov-04 12:00  m  00 36 08.99 +00 59 04.9  00 37 33.18 +01 08 06.7  -8.23286  -3.11703  275.749254  -6.848778    0.479   6.650   99.91737  19.37480  164.565876  -7.957455  8.57786553317298  16.0102612  146.8940 /T    3.2897   0.1467195   249.26294   46.460339         n.a.     n.a.
 2026-Nov-07 00:00 *   00 35 36.86 +00 56 04.2  00 37 01.04 +01 05 05.9  -7.89025  -2.89893   95.291659  10.235981    0.491   6.656   99.90558  19.32221   31.572742  -7.886569  8.60121116993587  16.3416473  144.2569 /T    3.5171   0.1400991   249.82635   48.285746         n.a.     n.a.
 2026-Nov-09 12:00     00 35 06.27 +00 53 16.4  00 36 30.41 +01 02 18.1  -7.34012  -2.68689  278.543688 -11.244361    0.503   6.662   99.89341  19.26635  258.565964  -7.820468  8.62615149097131  18.1718648  141.6159 /T    3.7375   0.1302740   249.89458   53.219456         n.a.     n.a.
 2026-Nov-12 00:00 *m  00 34 37.74 +00 50 42.2  00 36 01.88 +00 59 43.9  -6.98433  -2.44945   98.263203  14.520532    0.515   6.667   99.88106  19.20754  125.543817  -7.759544  8.65256375948972  18.4371046  138.9871 /T    3.9485   0.1233566   250.67393   55.014899         n.a.     n.a.
 2026-Nov-14 12:00     00 34 10.94 +00 48 21.9  00 35 35.07 +00 57 23.8  -6.34788  -2.21878  281.426991 -15.574634    0.528   6.673   99.86855  19.14581  352.507701  -7.703867  8.68046137245304  20.1619395  136.3561 /T    4.1515   0.1120745   250.73387   59.745410         n.a.     n.a.
 2026-Nov-17 00:00 *m  00 33 46.40 +00 46 16.2  00 35 10.52 +00 55 18.1  -5.98593  -1.96700  101.311981  18.752997    0.540   6.678   99.85608  19.08156  219.456165  -7.653771  8.70969063238674  20.3583672  133.7392 /T    4.3444   0.1050138   251.80925   61.494086         n.a.     n.a.
 2026-Nov-19 12:00     00 33 23.75 +00 44 25.4  00 34 47.83 +00 53 27.2  -5.27323  -1.72275  284.434045 -19.824617    0.553   6.682   99.84365  19.01476   86.390519  -7.609271  8.74028383815519  21.9639681  131.1214 /T    4.5285   0.0924584   251.90797   66.022557         n.a.     n.a.
 2026-Nov-22 00:00 *m  00 33 03.50 +00 42 49.8  00 34 27.55 +00 51 51.4  -4.91213  -1.46105  104.473805  22.918776    0.565   6.687   99.83149  18.94589  313.309597  -7.570646  8.77205698199634  22.0891779  128.5188 /T    4.7018   0.0854135   253.43552   67.705237         n.a.     n.a.
 2026-Nov-24 12:00  m  00 32 45.28 +00 41 29.6  00 34 09.30 +00 50 31.2  -4.13640  -1.20737  287.603074 -23.978204    0.577   6.691   99.81956  18.87487  180.214628  -7.537867  8.80506238534866  23.5653994  125.9159 /T    4.8658   0.0718169   253.72804   72.028468         n.a.     n.a.
 2026-Nov-27 00:00 *   00 32 29.55 +00 40 25.1  00 33 53.60 +00 49 26.8  -3.78417  -0.93874  107.788221  27.002588    0.589   6.694   99.80809  18.80220   47.104717  -7.511167  8.83909521782837  23.6276208  123.3288 /T    5.0185   0.0649812   256.06787   73.624365         n.a.     n.a.
 2026-Nov-29 12:00  m  00 32 15.97 +00 39 36.5  00 33 39.98 +00 48 38.2  -2.95395  -0.67719  290.976745 -28.017610    0.601   6.697   99.79703  18.72775  273.980920  -7.490502  8.87423591351936  24.9761197  120.7414 /T    5.1614   0.0505096   257.08815   77.760073         n.a.     n.a.
 2026-Dec-02 00:00 *   00 32 04.94 +00 39 04.1  00 33 28.95 +00 48 05.7  -2.60930  -0.40186  111.300059  30.987482    0.613   6.700   99.78660  18.65203  140.842540  -7.476099  8.91025977203121  24.9826623  118.1700 /T    5.2927   0.0440011   261.24457   79.258612         n.a.     n.a.
 2026-Dec-04 12:00  m  00 31 56.16 +00 38 48.0  00 33 20.11 +00 47 49.3  -1.72742  -0.13347  294.602511 -31.922496    0.624   6.703   99.77677  18.57489    7.690450  -7.467910  8.94726310303798  26.1914841  115.5989 /T    5.4138   0.0288762   265.58163   83.200174         n.a.     n.a.
 2026-Dec-07 00:00 *   00 31 50.02 +00 38 48.3  00 33 13.96 +00 47 49.5  -1.39054  0.146242  115.059953  34.854007    0.636   6.705   99.76770  18.49690  234.524230  -7.466125  8.98498995878289  26.1328197  113.0446 /T    5.5229   0.0233036   276.00367   84.468102         n.a.     n.a.
 2026-Dec-09 12:00     00 31 46.21 +00 39 05.2  00 33 10.12 +00 48 06.3  -0.46736  0.417894  298.533637 -35.668619    0.647   6.707   99.75938  18.41786  101.344660  -7.470661  9.02354553846170  27.1830072  110.4915 /T    5.6214   0.0104491   311.80186   87.599092         n.a.     n.a.
 2026-Dec-12 00:00 *m  00 31 45.07 +00 39 38.7  00 33 08.99 +00 48 39.7  -0.14587  0.698019  119.125575  38.579533    0.658   6.708   99.75194  18.33840  328.151644  -7.481654  9.06264817440280  27.0540486  107.9561 /T    5.7078   0.0118850   348.19609   87.244770         n.a.     n.a.
 2026-Dec-14 12:00     00 31 46.31 +00 40 28.7  00 33 10.18 +00 49 29.5  0.804791  0.968564  302.828737 -39.227669    0.668   6.709   99.74535  18.25827  194.945855  -7.498974  9.10241954918191  27.9391835  105.4228 /T    5.7836   0.0209881   39.723568   85.275004         n.a.     n.a.
 2026-Dec-17 00:00 *m  00 31 50.20 +00 41 35.2  00 33 14.07 +00 50 35.7  1.104517  1.244913  123.563043  42.137064    0.678   6.709   99.73974  18.17810   61.727466  -7.522698  9.14256245868731  27.7458081  102.9080 /T    5.8472   0.0277377   41.580223   83.695454         n.a.     n.a.
 2026-Dec-19 12:00     00 31 56.48 +00 42 57.8  00 33 20.28 +00 51 58.1  2.072166  1.510397  307.550544 -42.566296    0.688   6.710   99.73505  18.09762  288.496989  -7.552658  9.18321836873714  28.4668362  100.3957 /T    5.9001   0.0427368   53.911787   80.538594         n.a.     n.a.
 2026-Dec-22 00:00 *m  00 32 05.39 +00 44 36.6  00 33 29.20 +00 53 36.7  2.346995  1.779743  128.446025  45.494125    0.698   6.709   99.73138  18.01746  155.254835  -7.588886  9.22407775413964  28.2168634   97.9022 /T    5.9410   0.0490914   52.826686   79.021844         n.a.     n.a.
 2026-Dec-24 12:00  m  00 32 16.66 +00 46 31.2  00 33 40.44 +00 55 31.2  3.322785  2.038170  312.762570 -45.644755    0.707   6.709   99.72866  17.93730   22.001342  -7.631193  9.26530065176496  28.7764905   95.4112 /T    5.9714   0.0649680   58.475379   75.809965         n.a.     n.a.
 2026-Dec-27 00:00 *   00 32 30.51 +00 48 41.4  00 33 54.32 +00 57 41.4  3.571354  2.300333  133.852955  48.611343    0.716   6.708   99.72697  17.85775  248.737131  -7.679598  9.30656981440289  28.4804916   92.9386 /T    5.9900   0.0708012   57.214146   74.375798         n.a.     n.a.
 2026-Dec-29 12:00  m  00 32 46.70 +00 51 07.1  00 34 10.44 +01 00 06.7  4.550788  2.552709  318.521562 -48.416617    0.724   6.706   99.72625  17.77849  115.462329  -7.733932  9.34806301675948  28.8825426   90.4681 /T    5.9983   0.0869642   60.710282   71.210020         n.a.     n.a.
$$EOE
**********************************************************************************************************************************************************************************************************************************************************************************************
Column meaning:
 
TIME

  Times PRIOR to 1962 are UT1, a mean-solar time closely related to the
prior but now-deprecated GMT. Times AFTER 1962 are in UTC, the current
civil or "wall-clock" time-scale. UTC is kept within 0.9 seconds of UT1
using integer leap-seconds for 1972 and later years.

  Conversion from the internal Barycentric Dynamical Time (TDB) of solar
system dynamics to the non-uniform civil UT time-scale requested for output
has not been determined for UTC times after the next July or January 1st.
Therefore, the last known leap-second is used as a constant over future
intervals.

  Time tags refer to the UT time-scale conversion from TDB on Earth
regardless of observer location within the solar system, although clock
rates may differ due to the local gravity field and no analog to "UT"
may be defined for that location.

  Any 'b' symbol in the 1st-column denotes a B.C. date. First-column blank
(" ") denotes an A.D. date.
 
CALENDAR SYSTEM

  Mixed calendar mode was active such that calendar dates after AD 1582-Oct-15
(if any) are in the modern Gregorian system. Dates prior to 1582-Oct-5 (if any)
are in the Julian calendar system, which is automatically extended for dates
prior to its adoption on 45-Jan-1 BC.  The Julian calendar is useful for
matching historical dates. The Gregorian calendar more accurately corresponds
to the Earth's orbital motion and seasons. A "Gregorian-only" calendar mode is
available if such physical events are the primary interest.

  NOTE: "n.a." in output means quantity "not available" at the print-time.
 
SOLAR PRESENCE (OBSERVING SITE)
  Time tag is followed by a blank, then a solar-presence symbol:

       '*'  Daylight (refracted solar upper-limb on or above apparent horizon)
       'C'  Civil twilight/dawn
       'N'  Nautical twilight/dawn
       'A'  Astronomical twilight/dawn
       ' '  Night OR geocentric ephemeris

LUNAR PRESENCE (OBSERVING SITE)
  The solar-presence symbol is immediately followed by a lunar-presence symbol:

       'm'  Refracted upper-limb of Moon on or above apparent horizon
       ' '  Refracted upper-limb of Moon below apparent horizon OR geocentric
            ephemeris
 
 'R.A._____(ICRF)_____DEC' =
  Astrometric right ascension and declination of the target center with
respect to the observing site (coordinate origin) in the reference frame of
the planetary ephemeris (ICRF). Compensated for down-leg light-time delay
aberration.

  Units: RA  in hours-minutes-seconds of time,    HH MM SS.ff{ffff}
         DEC in degrees-minutes-seconds of arc,  sDD MN SC.f{ffff}
 
 'R.A.__(a-apparent)__DEC' =
  Airless apparent right ascension and declination of the target center
with respect to an instantaneous reference frame defined by the Earth equator
of-date (z-axis) and meridian containing the Earth equinox of-date (x-axis,
EOP-corrected IAU76/80). Compensated for down-leg light-time delay,
gravitational deflection of light, stellar aberration, precession & nutation.
Note: equinox (RA origin) is offset -53 mas from the of-date frame defined
by the IAU06/00a P & N system.

  Units: RA  in hours-minutes-seconds of time,   HH MM SS.ff{ffff}
         DEC in degrees-minutes-seconds of arc, sDD MN SC.f{ffff}
 
 'dRA*cosD d(DEC)/dt' =
  The angular rate of change in apparent RA and DEC of the target. This is
with respect to the non-inertial IAU76/80 Earth true equator and equinox
of-date reference frame.  d(RA)/dt is multiplied by the cosine of declination
to provide a linear rate in the plane-of-sky. Units: ARCSECONDS PER HOUR
 
 'Azi____(a-app)___Elev' =
  Airless apparent azimuth and elevation of target center. Compensated
for light-time, the gravitational deflection of light, stellar aberration,
precession and nutation. Azimuth is measured clockwise from north:

  North(0) -> East(90) -> South(180) -> West(270) -> North (360)

Elevation angle is with respect to a plane perpendicular to the reference
surface local zenith direction. TOPOCENTRIC ONLY.  Units: DEGREES
 
 'APmag   S-brt' =
   Saturn's approximate apparent visual magnitude and surface brightness. The
value includes the ring system when the solar phase angle of the observer is
less than 6.5 degrees (typical when observed from Earth) AND effective ring
inclination is less than 27 degrees. Otherwise, the value is that of the globe
only (no rings).  An "n.a." will be output if outside the range of phase-angles
for which the model is valid.

   For Earth-based observers, the estimated dimming due to atmospheric
absorption (extinction) is available as a separate, requestable quantity.

   Surface brightness is the average airless visual magnitude of a
square-arcsecond of the illuminated portion of the apparent disk.

 MAGNITUDES & MAGNITUDES PER SQUARE ARCSECOND
 
 'Illu%' =
   Fraction of the target objects' assumed circular disk illuminated by Sun
(phase), as seen by the observer.  Units: PERCENT
 
 'Ang-diam' =
   The equatorial angular width of the target body full disk, if it were fully
illuminated and visible to the observer. If the target body diameter is unknown
"n.a." is output.

   Units: ARCSECONDS
 
 'ObsSub-LON ObsSub-LAT' =
   Apparent planetodetic longitude and latitude of the center of the target
disc seen by the OBSERVER at print-time. This is NOT exactly the same as the
"nearest" sub-point for a non-spherical target shape (since the center of the
disc might not be the point closest to the observer), but is generally very
close if not a very irregular body shape. Down-leg light travel-time from
target to observer is taken into account. Latitude is the angle between the
equatorial plane and the line perpendicular to the reference ellipsoid of the
body, so includes body oblateness. The reference ellipsoid is an oblate
spheroid with a single flatness coefficient in which the y-axis body radius
is taken to be the same value as the x-axis radius.  For Jupiter, Saturn, and
Uranus, IAU2015 longitude is based on the "System III" prime meridian rotation
angle of the magnetic field. By contrast, pole direction (thus latitude) is
relative to the body dynamical equator.  There can be an offset between the
magnetic pole and the dynamical pole of rotation. For Neptune, rotation is
IAU2015 "System II" rotation of optically observed features in the Neptunian
atmosphere. Positive longitude is to the WEST for this target. Cartographic
system is specified in the header.  Units: DEGREES DEGREES
 
 'delta      deldot' =
   Apparent range ("delta", light-time aberrated) and range-rate ("delta-dot")
of the target center relative to the observer. A positive "deldot" means the
target center is moving away from the observer, negative indicates movement
toward the observer.  Units: AU and KM/S
 
 'S-O-T /r' =
   Sun-Observer-Target apparent SOLAR ELONGATION ANGLE seen from the observers'
location at print-time.

   The '/r' column provides a code indicating the targets' apparent position
relative to the Sun in the observers' sky, as described below:

   Case A: For an observing location on the surface of a rotating body, that
body rotational sense is considered:

    /T indicates target TRAILS Sun   (evening sky: rises and sets AFTER Sun)
    /L indicates target LEADS Sun    (morning sky: rises and sets BEFORE Sun)

   Case B: For an observing point that does not have a rotational model (such
as a spacecraft), the "leading" and "trailing" condition is defined by the
observers' heliocentric ORBITAL motion:

    * If continuing in the observers' current direction of heliocentric
       motion would encounter the targets' apparent longitude first, followed
       by the Sun's, the target LEADS the Sun as seen by the observer.

    * If the Sun's apparent longitude would be encountered first, followed
       by the targets', the target TRAILS the Sun.

   Two other codes can be output:
    /* indicates observer is Sun-centered    (undefined)
    /? Target is aligned with Sun center     (no lead or trail)

   The S-O-T solar elongation angle is numerically the minimum separation
angle of the Sun and target in the sky in any direction. It does NOT indicate
the amount of separation in the leading or trailing directions, which would
be defined along the equator of a spherical coordinate system.

   Units: DEGREES
 
 'S-T-O' =
   The Sun-Target-Observer angle; the interior vertex angle at target center
formed by a vector from the target to the apparent center of the Sun (at
reflection time on the target) and the apparent vector from target to the
observer at print-time. Slightly different from true PHASE ANGLE (requestable
separately) at the few arcsecond level in that it includes stellar aberration
on the down-leg from target to observer.  Units: DEGREES
 
 'Sky_motion  Sky_mot_PA  RelVel-ANG' =
  Total apparent angular rate of the target in the plane-of-sky. "Sky_mot_PA"
is the position angle of the target's direction of motion in the plane-of-sky,
measured counter-clockwise from the apparent of-date north pole direction.
"RelVel-ANG" is the flight path angle of the target's relative motion with
respect to the observer's line-of-sight, in the range [-90,+90], where positive
values indicate motion away from the observer, negative values are toward the
observer:

  -90 = target is moving directly toward the observer
    0 = target is moving at right angles to the observer's line-of-sight
  +90 = target is moving directly away from the observer

UNITS:  ARCSECONDS/MINUTE, DEGREES, DEGREES
 
 'Lun_Sky_Brt  sky_SNR' =
  Sky brightness due to moonlight scattered by Earth's atmosphere at the
target's position in the sky. "sky_SNR" is the visual signal-to-noise ratio
(SNR) of the target's surface brightness relative to background sky. Output
only for topocentric Earth observers when both the Moon and target are above
the local horizon and the Sun is in astronomical twilight (or further) below
the horizon, and the target is not the Moon or Sun. If all conditions are
not met, "n.a." is output. Galactic brightness, local sky light-pollution
and weather are NOT considered. Lunar opposition surge is considered. The
value returned is accurate under ideal conditions at the approximately 8-23%
level, so is a useful but not definitive value.

  If the target-body radius is also known, "sky_SNR" is output. This is the
approximate visual signal-to-noise ratio of the target's brightness divided
by lunar sky brightness. When sky_SNR < 1, the target is dimmer than the
ideal moonlight-scattering background sky, so unlikely to be detectable at
visual wavelengths. In practice, visibility requires sky_SNR > 1 and a
detector sensitive enough to reach the target's magnitude, even if it isn't
washed out by moonlight. When relating magnitudes and brightness values,
keep in mind their logarithmic relationship m2-m1 = -2.5*log_10(b2/b1).

  UNITS: VISUAL MAGNITUDES / ARCSECOND^2, and unitless ratio

Computations by ...

    Solar System Dynamics Group, Horizons On-Line Ephemeris System
    4800 Oak Grove Drive, Jet Propulsion Laboratory
    Pasadena, CA  91109   USA

    General site: https://ssd.jpl.nasa.gov/
    Mailing list: https://ssd.jpl.nasa.gov/email_list.html
    System news : https://ssd.jpl.nasa.gov/horizons/news.html
    User Guide  : https://ssd.jpl.nasa.gov/horizons/manual.html
    Connect     : browser        https://ssd.jpl.nasa.gov/horizons/app.html#/x
                  API            https://ssd-api.jpl.nasa.gov/doc/horizons.html
                  command-line   telnet ssd.jpl.nasa.gov 6775
                  e-mail/batch   https://ssd.jpl.nasa.gov/ftp/ssd/horizons_batch.txt
                  scripts        https://ssd.jpl.nasa.gov/ftp/ssd/SCRIPTS
    Author      : Jon.D.Giorgini@jpl.nasa.gov

**********************************************************************************************************************************************************************************************************************************************************************************************
