*******************************************************************************
 Revised: January 26, 2022             Saturn                               699
 
 PHYSICAL DATA:
  Mass x10^26 (kg)      = 5.6834          Density (g/cm^3)       =  0.687+-.001
  Equat. radius (1 bar) = 60268+-4 km     Polar radius (km)      = 54364+-10
  Vol. Mean Radius (km) = 58232+-6        Flattening             =  0.09796
  Geometric Albedo      = 0.47            Rocky core mass (Mc/M) =  0.1027
  Sid. rot. period (III)= 10h 39m 22.4s   Sid. rot. rate (rad/s) =  0.000163785 
  Mean solar day, hrs   =~10.656         
  GM (km^3/s^2)         = 37931206.234    GM 1-sigma (km^3/s^2)  = +- 98
  Equ. grav, ge (m/s^2) = 10.44           Pol. grav, gp (m/s^2)  = 12.14+-0.01
  Vis. magnitude V(1,0) = -8.88          
  Vis. mag. (opposition)= +0.67           Obliquity to orbit     = 26.73 deg
  Sidereal orbit period = 29.447498 yr    Sidereal orbit period  = 10755.698 d
  Mean daily motion     = 0.0334979 deg/d Mean orbit velocity    =  9.68 km/s
  Atmos. temp. (1 bar)  = 134+-4 K        Escape speed, km/s    =  35.5          
  Aroche(ice)/Rp        =  2.71           Hill's sphere rad. Rp  = 1100
                                 Perihelion  Aphelion    Mean
  Solar Constant (W/m^2)         16.8        13.6        15.1
  Maximum Planetary IR (W/m^2)    4.7         4.5         4.6
  Minimum Planetary IR (W/m^2)    4.7         4.5         4.6
*******************************************************************************


*******************************************************************************
Ephemeris / WWW_USER Mon Apr  6 16:30:53 2026 Pasadena, USA      / Horizons    
*******************************************************************************
Target body name: Saturn (699)                    {source: sat441l}
Center body name: Earth (399)                     {source: DE441}
Center-site name: (user defined site below)
*******************************************************************************
Start time      : A.D. 2026-Jan-01 00:00:00.0000 UT      
Stop  time      : A.D. 2026-Dec-31 00:00:00.0000 UT      
Step-size       : 3600 minutes
*******************************************************************************
Target pole/equ : IAU_SATURN                      {West-longitude positive}
Target radii    : 60268.0, 60268.0, 54364.0 km    {Equator_a, b, pole_c}       
Center geodetic : 273.0, 21.0, .010               {E-lon(deg),Lat(deg),Alt(km)}
Center cylindric: 273.0, 5957.07452, 2271.3986    {E-lon(deg),Dxy(km),Dz(km)}
Center pole/equ : ITRF93                          {East-longitude positive}
Center radii    : 6378.137, 6378.137, 6356.752 km {Equator_a, b, pole_c}       
Target primary  : Sun
Vis. interferer : MOON (R_eq= 1737.400) km        {source: DE441}
Rel. light bend : Sun                             {source: DE441}
Rel. lght bnd GM: 1.3271E+11 km^3/s^2                                          
Atmos refraction: NO (AIRLESS)
RA format       : HMS
Time format     : CAL 
Calendar mode   : Mixed Julian/Gregorian
EOP file        : eop.260406.p260703                                           
EOP coverage    : DATA-BASED 1962-JAN-20 TO 2026-APR-06. PREDICTS-> 2026-JUL-02
Units conversion: 1 au= 149597870.700 km, c= 299792.458 km/s, 1 day= 86400.0 s 
Table cut-offs 1: Elevation (-90.0deg=NO ),Airmass (>38.000=NO), Daylight (NO )
Table cut-offs 2: Solar elongation (  0.0,180.0=NO ),Local Hour Angle( 0.0=NO )
Table cut-offs 3: RA/DEC angular rate (     0.0=NO )                           
**********************************************************************************************************************************************************************************************************************************************************************************************
 Date__(UT)__HR:MN     R.A._____(ICRF)_____DEC  R.A.__(a-apparent)__DEC  dRA*cosD d(DEC)/dt  Azi____(a-app)___Elev    APmag   S-brt      Illu%  Ang-diam  ObsSub-LON ObsSub-LAT             delta      deldot     S-O-T /r     S-T-O  Sky_motion  Sky_mot_PA  RelVel-ANG  Lun_Sky_Brt  sky_SNR
**********************************************************************************************************************************************************************************************************************************************************************************************
$$SOE
 2026-Jan-01 00:00 Nm  23 48 11.29 -03 44 26.8  23 49 31.43 -03 35 47.4  7.613468  3.931234  214.847112  60.679565    1.007   6.907   99.74921  17.10665  331.775607  -1.170076  9.71519488079941  27.9145910   75.6124 /T    5.7424   0.1428086   62.690313   59.002545         n.a.     n.a.
 2026-Jan-03 12:00 Nm  23 48 43.76 -03 40 24.6  23 50 03.86 -03 31 45.1  8.564598  4.140947   48.529900 -64.842769    1.011   6.903   99.75499  17.03654  198.443750  -1.265352  9.75517299604528  27.3325543   73.2132 /T    5.6762   0.1585523   64.196428   55.626073         n.a.     n.a.
 2026-Jan-06 00:00 N   23 49 18.25 -03 36 09.7  23 50 38.37 -03 27 30.1  8.666792  4.362393  222.406864  58.077953    1.015   6.898   99.76148  16.96813   65.106782  -1.365718  9.79450441958361  27.2605585   70.8326 /T    5.6005   0.1617128   63.281796   54.917873         n.a.     n.a.
 2026-Jan-08 12:00 Nm  23 49 54.86 -03 31 42.0  23 51 14.91 -03 23 02.5  9.579397  4.559394   55.219248 -61.338545    1.018   6.893   99.76868  16.90097  291.763157  -1.471227  9.83342519735428  26.5251914   68.4519 /T    5.5157   0.1768183   64.547499   51.607264         n.a.     n.a.
 2026-Jan-11 00:00 N   23 50 33.39 -03 27 02.3  23 51 53.43 -03 18 23.0  9.673937  4.771191  228.819482  55.108661    1.021   6.888   99.77648  16.83565  158.415436  -1.581549  9.87157616117931  26.4287186   66.0893 /T    5.4219   0.1797756   63.747460   50.933211         n.a.     n.a.
 2026-Jan-13 12:00 Nm  23 51 13.96 -03 22 10.5  23 52 33.93 -03 13 31.2  10.54292  4.955071   60.496359 -57.603865    1.024   6.882   99.78488  16.77176   25.062015  -1.696728  9.90918231715896  25.5405775   63.7264 /T    5.3194   0.1941548   64.826932   47.679351         n.a.     n.a.
 2026-Jan-16 00:00 N   23 51 56.32 -03 17 07.3  23 53 16.30 -03 08 28.0  10.62866  5.155234  234.263119  51.868623    1.026   6.876   99.79376  16.70985  251.705554  -1.816412  9.94589650418974  25.4188672   61.3813 /T    5.2085   0.1968819   64.125163   47.039108         n.a.     n.a.
 2026-Jan-18 12:00 N   23 52 40.61 -03 11 52.9  23 54 00.55 -03 03 13.5  11.44966  5.324349   64.752964 -53.720336    1.028   6.870   99.80313  16.64952  118.344383  -1.940622  9.98193509553037  24.3842885   59.0362 /T    5.0892   0.2104515   65.060515   43.837397         n.a.     n.a.
 2026-Jan-21 00:00 Nm  23 53 26.57 -03 06 28.0  23 54 46.52 -02 57 48.6  11.52621  5.510525  238.917031  48.430403    1.029   6.864   99.81284  16.59130  344.981235  -2.068985  10.0169648235019  24.2366604   56.7089 /T    4.9621   0.2129290   64.448178   43.228530         n.a.     n.a.
 2026-Jan-23 12:00 N   23 54 14.35 -03 00 52.8  23 55 34.23 -02 52 13.5  12.29365  5.663250   68.267474 -49.739796    1.029   6.857   99.82290  16.53480  211.614403  -2.201498  10.0511905926158  23.0616639   54.3819 /T    4.8272   0.2255895   65.266147   40.075442         n.a.     n.a.
 2026-Jan-26 00:00 Nm  23 55 03.65 -02 55 08.0  23 56 23.52 -02 46 28.8  12.35770  5.833547  242.938027  44.846964    1.030   6.850   99.83316  16.48052   78.246688  -2.337768  10.0842983524054  22.8923183   52.0729 /T    4.6853   0.2277566   64.729988   39.505678         n.a.     n.a.
 2026-Jan-28 12:00 N   23 55 54.65 -02 49 13.9  23 57 14.47 -02 40 34.7  13.06589  5.969450   71.234864 -45.695327    1.030   6.843   99.84364  16.42808  304.876329  -2.477779  10.1164888934880  21.5947494   49.7642 /T    4.5361   0.2394159   65.445634   36.409759         n.a.     n.a.
 2026-Jan-31 00:00 Cm  23 56 46.99 -02 43 11.2  23 58 06.85 -02 34 31.8  13.11828  6.124030  246.455354  41.156633    1.029   6.836   99.85419  16.37791  171.506103  -2.621145  10.1474770998086  21.4181901   47.4732 /T    4.3806   0.2412888   64.975339   35.889494         n.a.     n.a.
 2026-Feb-02 12:00 Nm  23 57 40.92 -02 37 00.1  23 59 00.74 -02 28 20.7  13.76916  6.245105   73.792735 -41.608489    1.028   6.829   99.86481  16.32966   38.134138  -2.767867  10.1774592305938  20.0173449   45.1820 /T    4.2183   0.2519871   65.602975   32.847983         n.a.     n.a.
 2026-Feb-05 00:00 C   23 58 36.06 -02 30 41.2  23 59 55.87 -02 22 01.9  13.81681  6.385774  249.571861  37.387186    1.027   6.821   99.87537  16.28372  264.763161  -2.917591  10.2061719129840  19.8361793   42.9076 /T    4.0504   0.2536852   65.194833   32.363489         n.a.     n.a.
 2026-Feb-07 12:00 Cm  23 59 32.67 -02 24 14.8  00 00 52.42 -02 15 35.6  14.41295  6.493668   76.039730 -37.493892    1.025   6.814   99.88588  16.23977  131.391268  -3.070332  10.2337910527395  18.3329781   40.6324 /T    3.8762   0.2634709   65.746341   29.353983         n.a.     n.a.
 2026-Feb-10 00:00 C   00 00 30.36 -02 17 41.5  00 01 50.12 -02 09 02.3  14.45677  6.620201  252.369180  33.559255    1.022   6.806   99.89620  16.19818  358.021215  -3.225740  10.2600668067489  18.1374380   38.3733 /T    3.6970   0.2650080   65.395498   28.888518         n.a.     n.a.
 2026-Feb-12 12:00 Cm  00 01 29.41 -02 11 01.4  00 02 49.14 -02 02 22.2  14.99390  6.714328   78.047582 -33.361349    1.020   6.798   99.90634  16.15867  224.651134  -3.383814  10.2851556538367  16.5350650   36.1133 /T    3.5121   0.2738102   65.876980   25.903534         n.a.     n.a.
 2026-Feb-15 00:00 C   00 02 29.40 -02 04 15.2  00 03 49.15 -01 55 35.9  15.03160  6.825211  254.912172  29.688044    1.017   6.790   99.91618  16.12156   91.283781  -3.544193  10.3088306478022  16.3255798   33.8691 /T    3.3228   0.2751426   65.579221   25.458049         n.a.     n.a.
 2026-Feb-17 12:00 C   00 03 30.62 -01 57 23.3  00 04 50.34 -01 48 44.0  15.50653  6.904357   79.870309 -29.217554    1.013   6.782   99.92572  16.08660  317.917295  -3.706856  10.3312340473142  14.6359873   31.6240 /T    3.1283   0.2829028   65.998746   22.498569         n.a.     n.a.
 2026-Feb-20 00:00 Cm  00 04 32.64 -01 50 26.2  00 05 52.35 -01 41 47.1  15.53763  6.997707  257.252438  25.784615    1.009   6.773   99.93485  16.05408  184.554391  -3.871429  10.3521652486962  14.4163978   29.3950 /T    2.9302   0.2840118   65.754546   22.075165         n.a.     n.a.
 2026-Feb-22 12:00 C   00 05 35.75 -01 43 24.4  00 06 55.43 -01 34 45.3  15.94825  7.060726   81.549467 -25.067008    1.005   6.765   99.94357  16.02376   51.193221  -4.037871  10.3717519414612  12.6528840   27.1654 /T    2.7275   0.2906890   66.119714   19.141614         n.a.     n.a.
 2026-Feb-25 00:00 Cm  00 06 39.51 -01 36 18.5  00 07 59.21 -01 27 39.4  15.97216  7.135989  259.431929  21.857176    1.000   6.757   99.95177  15.99589  277.836437  -4.205811  10.3898224106574  12.4294690   24.9523 /T    2.5220   0.2915629   65.926020   18.744652         n.a.     n.a.
 2026-Feb-27 12:00 C   00 07 44.23 -01 29 08.8  00 09 03.93 -01 20 29.5  16.31737  7.184205   83.117512 -20.912542    0.995   6.748   99.95946  15.97026  144.482196  -4.375213  10.4064927759446  10.6102456   22.7390 /T    2.3126   0.2971482   66.237086   15.842041         n.a.     n.a.
 2026-Mar-02 00:00 Cm  00 08 49.45 -01 21 55.9  00 10 09.16 -01 13 16.6  16.33663  7.243376  261.485154  17.911865    0.989   6.739   99.96656  15.94708   11.133034  -4.545736  10.4216234818658  10.3919527   20.5423 /T    2.1010   0.2978404   66.088344   15.476070         n.a.     n.a.
 2026-Mar-04 12:00 Cm  00 09 55.49 -01 14 40.1  00 11 15.18 -01 06 01.0  16.61983  7.279230   84.600784 -16.756165    0.983   6.730   99.97306  15.92615  237.787102  -4.717369  10.4353150875260   8.5310446   18.3460 /T    1.8863   0.3024005   66.347318   12.601452         n.a.     n.a.
 2026-Mar-07 00:00 C   00 11 01.91 -01 07 21.9  00 12 21.59 -00 58 42.9  16.63936  7.323548  263.440930  13.953524    0.976   6.721   99.97889  15.90765  104.446830  -4.889794  10.4474527351286   8.3158856   16.1669 /T    1.6702   0.3029955   66.244074   12.256018         n.a.     n.a.
 2026-Mar-09 12:00 Cm  00 12 09.04 -01 00 01.7  00 13 28.72 -00 51 22.7  16.86287  7.347382   86.020741 -12.599256    0.969   6.712   99.98407  15.89144  331.110419  -5.063001  10.4581120289091   6.4157665   13.9899 /T    1.4518   0.3065672   66.456590   9.3944708         n.a.     n.a.
 2026-Mar-12 00:00 C   00 13 16.43 -00 52 39.9  00 14 36.13 -00 44 00.9  16.88312  7.376149  265.324327   9.986249    0.962   6.702   99.98853  15.87764  197.780242  -5.236670  10.4671982213562   6.1949174   11.8340 /T    1.2330   0.3070682   66.399723   9.0540483         n.a.     n.a.
 2026-Mar-14 12:00 *m  00 14 24.41 -00 45 16.8  00 15 44.12 -00 36 37.8  17.04401  7.387237   87.395640  -8.442778    0.953   6.692   99.99227  15.86618   64.454607  -5.410777  10.4747624725555   4.2594426    9.6878 /T    1.0132   0.3096008   66.567068   6.1956880         n.a.     n.a.
 2026-Mar-17 00:00 C   00 15 32.51 -00 37 53.0  00 16 52.24 -00 29 14.0  17.06164  7.399344  267.157267   6.013259    0.944   6.682   99.99525  15.85713  291.135818  -5.584995  10.4807368153776   4.0319830    7.5789 /T    0.7954   0.3099507   66.554445   5.8569928         n.a.     n.a.
 2026-Mar-19 12:00 *   00 16 41.07 -00 30 29.0  00 18 00.79 -00 21 50.1  17.15644  7.396438   88.741980  -4.287333    0.933   6.670   99.99747  15.85045  157.822271  -5.759281  10.4851548284127   2.0749745    5.5189 /T    0.5813   0.3113816   66.678287   3.0040111         n.a.     n.a.
 2026-Mar-22 00:00 Cm  00 17 49.60 -00 23 05.2  00 19 09.34 -00 14 26.5  17.16959  7.390458  268.959695   2.037029    0.920   6.656   99.99891  15.84618   24.516150  -5.933297  10.4879819029152   1.8486414    3.6156 /T    0.3822   0.3115436   66.711085   2.6741166         n.a.     n.a.
 2026-Mar-24 12:00 *   00 18 58.46 -00 15 42.1  00 20 18.23 -00 07 03.5  17.19826  7.373062   90.074915  -0.133076    0.908   6.644   99.99958  15.84428  251.215900  -6.106993  10.4892386621341  -0.1097771    2.2530 /T    0.2378   0.3118681   66.794717   -0.164753         n.a.     n.a.
 2026-Mar-27 00:00 *m  00 20 07.15 -00 08 20.1  00 21 26.95 +00 00 18.5  17.20949  7.350119  270.750654  -1.940351    0.907   6.643   99.99945  15.84476  117.923532  -6.280047  10.4889244255169  -0.3268605    2.5493 /L    0.2657   0.3118898   66.872829   -0.479313         n.a.     n.a.
 2026-Mar-29 12:00 *   00 21 16.04 -00 00 59.8  00 22 35.87 +00 07 38.9  17.17543  7.320738   91.408894   4.019931    0.914   6.650   99.99854  15.84760  344.637548  -6.452439  10.4870412532311  -2.2736407    4.1559 /L    0.4334   0.3111755   66.914693   -3.304499         n.a.     n.a.
 2026-Apr-01 00:00 *m  00 22 24.65 +00 06 18.6  00 23 44.48 +00 14 57.2  17.18754  7.283394  272.548504  -5.916590    0.920   6.657   99.99685  15.85278  211.359811  -6.623879  10.4836152101308  -2.4828574    6.1076 /L    0.6381   0.3111177   67.034702   -3.609112         n.a.     n.a.
 2026-Apr-03 12:00 *m  00 23 33.33 +00 13 34.7  00 24 53.18 +00 22 13.1  17.09282  7.243518   92.758396   8.171173    0.924   6.662   99.99438  15.86033   78.088921  -6.794363  10.4786252189967  -4.4113950    8.1651 /L    0.8537   0.3094049   67.033960   -6.427928         n.a.     n.a.
 2026-Apr-06 00:00 *   00 24 41.61 +00 20 48.0  00 26 01.49 +00 29 26.4  17.10685  7.192084  274.372038  -9.889282    0.928   6.667   99.99116  15.87018  304.826609  -6.963607  10.4721220545154  -4.6168269   10.2550 /L    1.0719   0.3092870   67.197077   -6.730991         n.a.     n.a.
 2026-Apr-08 12:00 *m  00 25 49.85 +00 27 58.3  00 27 09.78 +00 36 36.7  16.95240  7.141024   94.138170  12.320288    0.930   6.671   99.98719  15.88240  171.571593  -7.131601  10.4640613788452  -6.5213385   12.3699 /L    1.2917   0.3065842   67.157239   -9.551288         n.a.     n.a.
 2026-Apr-11 00:00 *   00 26 57.57 +00 35 05.1  00 28 17.54 +00 43 43.5  16.96818  7.074646  276.241165 -13.855650    0.932   6.674   99.98250  15.89690   38.325469  -7.298053  10.4545177687186  -6.7279122   14.4878 /L    1.5103   0.3063992   67.366983   -9.862463         n.a.     n.a.
 2026-Apr-13 12:00 *m  00 28 05.13 +00 42 08.0  00 29 25.15 +00 50 46.4  16.75279  7.011415   95.564462  16.466498    0.933   6.677   99.97710  15.91379  265.087108  -7.462945  10.4434227183158  -8.6038558   16.6185 /L    1.7286   0.3026806   67.289607   -12.69502         n.a.     n.a.
 2026-Apr-16 00:00 *   00 29 12.06 +00 49 06.5  00 30 32.10 +00 57 44.8  16.76638  6.929226  278.177283 -17.812618    0.933   6.680   99.97105  15.93293  131.857991  -7.625974  10.4308759497398  -8.8138139   18.7458 /L    1.9445   0.3023637   67.545622   -13.02253         n.a.     n.a.
 2026-Apr-18 12:00 *   00 30 18.69 +00 56 00.3  00 31 38.77 +01 04 38.5  16.48625  6.852570   97.055770  20.608795    0.933   6.683   99.96433  15.95447  358.637136  -7.787107  10.4167923201077 -10.6471230   20.8827 /L    2.1591   0.2975615   67.429607   -15.86828         n.a.     n.a.
 2026-Apr-21 00:00 *m  00 31 24.55 +01 02 48.9  00 32 44.68 +01 11 27.1  16.49472  6.754110  280.204764 -21.756643    0.933   6.686   99.95703  15.97823  225.425847  -7.946037  10.4013063347527 -10.8492483   23.0138 /L    2.3703   0.2970661   67.732322   -16.20217         n.a.     n.a.
 2026-Apr-23 12:00 *   00 32 29.96 +01 09 31.8  00 33 50.18 +01 18 10.1  16.15195  6.664785   98.633571  24.745966    0.932   6.689   99.94914  16.00436   92.223216  -8.102741  10.3843239184322 -12.6170192   25.1534 /L    2.5795   0.2912162   67.577465   -19.04695         n.a.     n.a.
 2026-Apr-26 00:00 *m  00 33 34.49 +01 16 08.7  00 34 54.75 +01 24 47.0  16.16012  6.552586  282.351779 -25.683264    0.931   6.691   99.94074  16.03263  319.030308  -8.256941  10.3660107868063 -12.8042590   27.2864 /L    2.7847   0.2906344   67.928495   -19.37614         n.a.     n.a.
 2026-Apr-28 12:00 *   00 34 38.46 +01 22 39.3  00 35 58.77 +01 31 17.4  15.76105  6.453014  100.323912  28.875718    0.930   6.694   99.93184  16.06325  185.846318  -8.408649  10.3462511260504 -14.5007674   29.4277 /L    2.9871   0.2838485   67.734434   -22.22333         n.a.     n.a.
 2026-May-01 00:00 *m  00 35 41.43 +01 29 03.1  00 37 01.77 +01 37 41.1  15.77078  6.328995  284.651576 -29.586364    0.928   6.696   99.92253  16.09596   52.672155  -8.557606  10.3252283766041 -14.6825957   31.5628 /L    3.1851   0.2832224   68.133844   -22.56032         n.a.     n.a.
 2026-May-03 12:00 *m  00 36 43.73 +01 35 19.9  00 38 04.15 +01 43 57.9  15.31573  6.219486  102.158474  32.994668    0.926   6.699   99.91279  16.13099  279.507193  -8.703832  10.3028028008264 -16.3067308   33.7070 /L    3.3798   0.2755065   67.898680   -25.42368         n.a.     n.a.
 2026-May-06 00:00 *   00 37 44.93 +01 41 29.4  00 39 05.41 +01 50 07.5  15.32462  6.083429  287.144851 -33.457765    0.923   6.701   99.90275  16.16807  146.352190  -8.847060  10.2791790914830 -16.4872080   35.8456 /L    3.5695   0.2747989   68.348356   -25.77800         n.a.     n.a.
 2026-May-08 12:00 *m  00 38 45.33 +01 47 31.2  00 40 05.91 +01 56 09.3  14.81321  5.962765  104.177461  37.098033    0.921   6.703   99.89238  16.20745   13.206684  -8.987302  10.2541997269881 -18.0311757   37.9943 /L    3.7554   0.2661379   68.073726   -28.66427         n.a.     n.a.
 2026-May-11 00:00 *   00 39 44.54 +01 53 24.9  00 41 05.15 +02 02 03.0  14.81964  5.813743  289.881459 -37.286876    0.917   6.705   99.88182  16.24882  240.071257  -9.124279  10.2280924213044 -18.2105391   40.1381 /L    3.9357   0.2653203   68.579931   -29.04013         n.a.     n.a.
 2026-May-13 12:00 *m  00 40 42.80 +01 59 10.2  00 42 03.49 +02 07 48.2  14.25215  5.680597  106.433463  41.178830    0.914   6.707   99.87104  16.29248  106.945613  -9.257994  10.2006822151992 -19.6672263   42.2929 /L    4.1117   0.2557088   68.268857   -31.95737         n.a.     n.a.
 2026-May-16 00:00 *   00 41 39.76 +02 04 46.5  00 43 00.49 +02 13 24.5  14.25245  5.518007  292.923635 -41.059642    0.910   6.709   99.86019  16.33807  333.830173  -9.388157  10.1722179855574 -19.8457456   44.4432 /L    4.2816   0.2547225   68.835498   -32.36250         n.a.     n.a.
 2026-May-18 12:00 *   00 42 35.64 +02 10 13.7  00 43 56.49 +02 18 51.7  13.62669  5.371820  108.996126  45.227211    0.905   6.711   99.84925  16.38592  200.724814  -9.514768  10.1425138652584 -21.2009946   46.6049 /L    4.4465   0.2441215   68.484988   -35.31490         n.a.     n.a.
 2026-May-21 00:00 *m  00 43 30.09 +02 15 31.1  00 44 51.00 +02 24 09.4  13.61869  5.196991  296.350356 -44.757114    0.901   6.713   99.83835  16.43561   67.629734  -9.637545  10.1118484749106 -21.3664028   48.7621 /L    4.6047   0.2429434   69.112781   -35.73853         n.a.     n.a.
 2026-May-23 12:00 *   00 44 23.33 +02 20 38.7  00 45 44.35 +02 29 17.0  12.93958  5.039961  111.959950  49.228824    0.896   6.714   99.82748  16.48749  294.544905  -9.756521  10.0800301813195 -22.6018444   50.9310 /L    4.7574   0.2314411   68.719103   -38.71362         n.a.     n.a.
 2026-May-26 00:00 *m  00 45 15.03 +02 25 35.9  00 46 36.08 +02 34 14.2  12.92799  4.855754  300.261167 -48.353399    0.890   6.716   99.81679  16.54111  161.470275  -9.871443  10.0473580479635 -22.7517613   53.0957 /L    4.9029   0.2301637   69.413816   -39.14464         n.a.     n.a.
 2026-May-28 12:00 *   00 46 05.41 +02 30 22.7  00 47 26.56 +02 39 01.0  12.20246  4.689177  115.455090  53.162042    0.884   6.717   99.80625  16.59683   28.405959  -9.982366  10.0136226748220 -23.8666767   55.2728 /L    5.0424   0.2178739   68.979169   -42.14672         n.a.     n.a.
 2026-May-31 00:00 *   00 46 54.17 +02 34 58.6  00 48 15.37 +02 43 37.0  12.18791  4.496499  304.781571 -51.812341    0.878   6.718   99.79600  16.65420  255.351736 -10.089043  9.97913234323271 -24.0115161   57.4466 /L    5.1743   0.2165151   69.749411   -42.59615         n.a.     n.a.
 2026-Jun-02 12:00 *m  00 47 41.49 +02 39 23.6  00 49 02.82 +02 48 02.1  11.41654  4.320092  119.662841  56.994472    0.872   6.719   99.78603  16.71361  122.307925 -10.191529  9.94365981340751 -25.0078593   59.6338 /L    5.2997   0.2034430   69.273033   -45.64372         n.a.     n.a.
 2026-Jun-05 00:00 *   00 48 27.10 +02 43 37.1  00 49 48.49 +02 52 15.8  11.39455  4.118691  310.065848 -55.084151    0.865   6.720   99.77646  16.77456  349.274154 -10.289570  9.90752631271370 -25.1509706   61.8187 /L    5.4171   0.2019347   70.127029   -46.12439         n.a.     n.a.
 2026-Jun-07 12:00 *m  00 49 11.15 +02 47 39.1  00 50 32.66 +02 56 17.8  10.57665  3.931242  124.838693  60.676588    0.858   6.721   99.76730  16.83750  216.250926 -10.383212  9.87049559565576 -26.0214516   64.0183 /L    5.5275   0.1880604   69.610366   -49.23014         n.a.     n.a.
 2026-Jun-10 00:00 *   00 49 53.39 +02 51 28.9  00 51 14.93 +03 00 07.7  10.54378  3.720272  316.293637 -58.100978    0.850   6.722   99.75865  16.90186   83.237680 -10.472186  9.83290563832577 -26.1584955   66.2165 /L    5.6294   0.1863477   70.565092   -49.74559         n.a.     n.a.
 2026-Jun-12 12:00 *m  00 50 33.94 +02 55 06.6  00 51 55.60 +03 03 45.5  9.680988  3.520561  131.336833  64.131702    0.843   6.722   99.75053  16.96811  310.235071 -10.556529  9.79451550134881 -26.8923051   68.4302 /L    5.7238   0.1716876   70.015842   -52.91647         n.a.     n.a.
 2026-Jun-15 00:00 *m  00 51 12.58 +02 58 31.5  00 52 34.31 +03 07 10.6  9.635223  3.300195  323.651366 -60.771610    0.834   6.723   99.74305  17.03566  177.242330 -10.635971  9.75567898752239 -27.0171236   70.6431 /L    5.8092   0.1697456   71.092969   -53.46556         n.a.     n.a.
 2026-Jun-17 12:00 *   00 51 49.40 +03 01 43.6  00 53 11.27 +03 10 23.1  8.730603  3.089529  139.617873  67.240840    0.826   6.723   99.73620  17.10496   44.260248 -10.710564  9.71615403387946 -27.6013932   72.8720 /L    5.8866   0.1543522   70.512478   -56.70405         n.a.     n.a.
 2026-Jun-20 00:00 *m  00 52 24.23 +03 04 42.4  00 53 46.15 +03 13 22.1  8.672862  2.863191  332.281129 -62.978982    0.817   6.723   99.73009  17.17539  271.287818 -10.780076  9.67631016733218 -27.7059065   75.1000 /L    5.9545   0.1522210   71.730281   -57.27444         n.a.     n.a.
 2026-Jun-22 12:00 *   00 52 57.12 +03 07 28.0  00 54 19.15 +03 16 07.9  7.734035  2.644665  150.178087  69.824000    0.808   6.723   99.72472  17.24742  138.325946 -10.844593  9.63590195340784 -28.1336591   77.3442 /L    6.0139   0.1362285   71.121800   -60.57705         n.a.     n.a.
 2026-Jun-25 00:00 *m  00 53 27.94 +03 10 00.0  00 54 50.01 +03 18 40.0  7.666775  2.414561  342.185558 -64.585690    0.799   6.722   99.72016  17.32039    5.373409 -10.903907  9.59530422680893 -28.2202137   79.5879 /L    6.0636   0.1339668   72.518792   -61.16261         n.a.     n.a.
 2026-Jun-27 12:00 *   00 53 56.74 +03 12 18.5  00 55 18.94 +03 20 58.7  6.700216  2.188538  163.267024  71.635049    0.789   6.722   99.71642  17.39479  232.431264 -10.958110  9.55426451685186 -28.4926696   81.8486 /L    6.1044   0.1174765   71.911052   -64.53765         n.a.     n.a.
 2026-Jun-30 00:00 *   00 54 23.42 +03 14 22.9  00 55 45.67 +03 23 03.5  6.623517  1.954956  353.111811 -65.455020    0.779   6.721   99.71355  17.46995   99.498109 -11.006997  9.51315854757989 -28.5669280   84.1096 /L    6.1353   0.1151000   73.555838   -65.14066         n.a.     n.a.
 2026-Jul-02 12:00 *m  00 54 47.98 +03 16 13.6  00 56 10.37 +03 24 54.5  5.632701  1.721344  178.350379  72.408425    0.769   6.720   99.71157  17.54637  326.575177 -11.050657  9.47172731154419 -28.6875768   86.3886 /L    6.1569   0.0981642   73.006934   -68.60600         n.a.     n.a.
 2026-Jul-05 00:00 *   00 55 10.37 +03 17 49.8  00 56 32.79 +03 26 31.1  5.542184  1.484409    4.506327 -65.489315    0.758   6.719   99.71051  17.62336  193.660920 -11.088887  9.43034704145624 -28.7520641   88.6688 /L    6.1682   0.0956255   75.005929   -69.23710         n.a.     n.a.
 2026-Jul-07 12:00 *m  00 55 30.54 +03 19 12.0  00 56 53.07 +03 27 53.4  4.527937  1.242782  193.840605  71.983723    0.747   6.718   99.71039  17.70142   60.756740 -11.121765  9.38876076105596 -28.7164312   90.9680 /L    6.1699   0.0782566   74.651992   -72.81435         n.a.     n.a.
 2026-Jul-10 00:00 *   00 55 48.47 +03 20 19.4  00 57 11.05 +03 29 01.1  4.419402  1.002340   15.648570 -64.666013    0.736   6.717   99.71122  17.77984  287.860908 -11.149092  9.34735089948935 -28.7626858   93.2693 /L    6.1611   0.0755274   77.221245   -73.47453         n.a.     n.a.
 2026-Jul-12 12:00 *m  00 56 04.10 +03 21 12.3  00 57 26.81 +03 29 54.5  3.386264  0.752937  207.889453  70.413747    0.725   6.715   99.71302  17.85910  154.974928 -11.170938  9.30587121060895 -28.5579703   95.5903 /L    6.1423   0.0578160   77.464203   -77.17060         n.a.     n.a.
 2026-Jul-15 00:00 *m  00 56 17.44 +03 21 50.2  00 57 40.22 +03 30 32.9  3.261540  0.511003   25.912433 -63.044615    0.714   6.713   99.71578  17.93844   22.096830 -11.187134  9.26471090403388 -28.5735099   97.9137 /L    6.1127   0.0550221   81.095557   -77.83036         n.a.     n.a.
 2026-Jul-17 12:00 *   00 56 28.40 +03 22 13.5  00 57 51.29 +03 30 56.6  2.220863  0.257727  219.512740  67.918344    0.702   6.711   99.71952  18.01833  249.228175 -11.197784  9.22363267556650 -28.1930827  100.2568 /L    6.0727   0.0372628   83.380536   -81.61712         n.a.     n.a.
 2026-Jul-20 00:00 *m  00 56 37.06 +03 22 21.8  00 57 59.98 +03 31 05.2  2.084955  0.019005   34.952397 -60.739731    0.690   6.709   99.72419  18.09802  116.366779 -11.202782  9.18301972666177 -28.1785906  102.6019 /L    6.0221   0.0347507   89.477745   -82.20509         n.a.     n.a.
 2026-Jul-22 12:00 *   00 56 43.29 +03 22 15.5  00 58 06.32 +03 30 59.2  1.046333  -0.23474  228.709057  64.749739    0.678   6.707   99.72980  18.17796  343.514317 -11.202258  9.14263577538092 -27.6294779  104.9668 /L    5.9608   0.0178723   102.64472   -85.91103         n.a.     n.a.
 2026-Jul-25 00:00 *m  00 56 47.24 +03 21 54.3  00 58 10.31 +03 30 38.5  0.899527  -0.46869   42.704579 -57.881480    0.666   6.704   99.73628  18.25740  210.668459 -11.196133  9.10285283920556 -27.5894607  107.3339 /L    5.8889   0.0169052   117.52159   -86.14283         n.a.     n.a.
 2026-Jul-27 12:00 *   00 56 48.73 +03 21 18.7  00 58 11.92 +03 30 03.4  -0.13013  -0.72229  235.924638  61.110600    0.654   6.701   99.74365  18.33679   77.830986 -11.184529  9.06344114177242 -26.8755560  109.7212 /L    5.8063   0.0122320   190.21333   -87.14541         n.a.     n.a.
 2026-Jul-30 00:00 *   00 56 47.95 +03 20 28.3  00 58 11.19 +03 29 13.6  -0.28725  -0.95113   49.280443 -54.588499    0.641   6.698   99.75181  18.41538  304.999415 -11.167386  9.02476223457031 -26.8103406  112.1111 /L    5.7132   0.0165594   196.80488   -86.14528         n.a.     n.a.
 2026-Aug-01 12:00 *m  00 56 44.71 +03 19 23.8  00 58 08.04 +03 28 09.5  -1.30041  -1.20382  241.651842  57.140924    0.629   6.695   99.76078  18.49360  172.175623 -11.144817  8.98659398976314 -25.9371301  114.5217 /L    5.6094   0.0295345   227.20885   -82.94865         n.a.     n.a.
 2026-Aug-04 00:00 *   00 56 39.23 +03 18 04.7  00 58 02.58 +03 26 50.8  -1.46956  -1.42676   54.860653 -50.957305    0.616   6.692   99.77043  18.57070   39.357007 -11.116788  8.94928387241197 -25.8476828  116.9355 /L    5.4951   0.0341372   225.84661   -81.86917         n.a.     n.a.
 2026-Aug-06 12:00 *m  00 56 31.28 +03 16 31.6  00 57 54.73 +03 25 18.1  -2.46187  -1.67720  246.290557  52.932793    0.603   6.688   99.78077  18.64708  266.545543 -11.083406  8.91262343916469 -24.8158978  119.3707 /L    5.3702   0.0496481   235.73457   -77.83669         n.a.     n.a.
 2026-Aug-09 00:00 *   00 56 21.14 +03 14 44.2  00 57 44.63 +03 23 31.4  -2.64489  -1.89261   59.630904 -47.061602    0.591   6.684   99.79167  18.72202  133.738488 -11.044668  8.87695237419885 -24.6917188  121.8094 /L    5.2351   0.0542049   234.41352   -76.74523         n.a.     n.a.
 2026-Aug-11 12:00 *m  00 56 08.53 +03 12 43.3  00 57 32.13 +03 21 31.1  -3.60679  -2.13755  250.135410  48.546630    0.578   6.680   99.80313  18.79584    0.937821 -11.000699  8.84208537402194 -23.4932003  124.2695 /L    5.0893   0.0698771   239.34703   -72.36462         n.a.     n.a.
 2026-Aug-14 00:00 *m  00 55 53.79 +03 10 28.7  00 57 17.42 +03 19 17.1  -3.79644  -2.34112   63.755008 -42.956570    0.565   6.676   99.81500  18.86782  228.140594 -10.951565  8.80835249042754 -23.3232159  126.7327 /L    4.9337   0.0743374   238.33943   -71.25511         n.a.     n.a.
 2026-Aug-16 12:00 *   00 55 36.65 +03 08 01.1  00 57 00.35 +03 16 49.9  -4.71041  -2.57498  253.396487  44.023059    0.553   6.672   99.82726  18.93828   95.348752 -10.897432  8.77558335536547 -21.9642667  129.2165 /L    4.7677   0.0894713   241.33647   -66.63102         n.a.     n.a.
 2026-Aug-19 00:00 *m  00 55 17.51 +03 05 20.6  00 56 41.23 +03 14 09.9  -4.89887  -2.76238   67.367670 -38.683822    0.540   6.667   99.83973  19.00651  322.559228 -10.838439  8.74407990783650 -21.7578330  131.7024 /L    4.5925   0.0937337   240.58216   -65.51859         n.a.     n.a.
 2026-Aug-21 12:00 *   00 54 56.07 +03 02 28.1  00 56 19.86 +03 11 18.0  -5.75479  -2.98195  256.224306  39.390986    0.528   6.662   99.85241  19.07282  189.774028 -10.774762  8.71367903989741 -20.2580316  134.2083 /L    4.4074   0.1080247   242.60825   -60.67962         n.a.     n.a.
 2026-Aug-24 00:00 *m  00 54 32.75 +02 59 23.8  00 55 56.59 +03 08 14.3  -5.94230  -3.15190   70.576327 -34.274977    0.516   6.658   99.86511  19.13656   56.990049 -10.706578  8.68465506207277 -20.0215761  136.7158 /L    4.2136   0.1121078   242.05772   -59.55348         n.a.     n.a.
 2026-Aug-26 12:00 *   00 54 07.25 +02 56 08.3  00 55 31.16 +03 04 59.5  -6.73347  -3.35584  258.728040  34.671538    0.503   6.653   99.87783  19.19800  284.209327 -10.634053  8.65686171162213 -18.3914866  139.2428 /L    4.0105   0.1253897   243.50919   -54.49609         n.a.     n.a.
 2026-Aug-29 00:00 *   00 53 40.03 +02 52 42.1  00 55 03.95 +03 01 33.7  -6.91898  -3.50787   73.466814 -29.754687    0.491   6.647   99.89035  19.25653  151.428703 -10.557395  8.63054895585530 -18.1237215  141.7709 /L    3.7996   0.1292903   243.11533   -53.34393         n.a.     n.a.
 2026-Aug-31 12:00 *m  00 53 10.76 +02 49 05.7  00 54 34.72 +02 57 57.9  -7.63683  -3.69491  260.988284  29.880758    0.479   6.642   99.90269  19.31238   18.650204 -10.476760  8.60559038692057 -16.3726063  144.3183 /L    3.5799   0.1413954   244.18100   -48.06705         n.a.     n.a.
 2026-Sep-03 00:00 *   00 52 39.94 +02 45 19.7  00 54 03.92 +02 54 12.3  -7.81860  -3.82787   76.107664 -25.142646    0.468   6.636   99.91463  19.36500  245.870634 -10.392395  8.58220918729281 -16.0722619  146.8662 /L    3.3533   0.1450890   243.91433   -46.88047         n.a.     n.a.
 2026-Sep-05 12:00 *m  00 52 07.22 +02 41 24.7  00 53 31.27 +02 50 18.0  -8.45571  -3.99498  263.066458  25.031660    0.456   6.631   99.92619  19.41455  113.091991 -10.304464  8.56030160186604 -14.2079869  149.4329 /L    3.1186   0.1558658   244.71115   -41.38073         n.a.     n.a.
 2026-Sep-08 00:00 C   00 51 33.15 +02 37 21.3  00 52 57.23 +02 46 15.2  -8.63076  -4.10526   78.554044 -20.454988    0.445   6.625   99.93716  19.46056  340.311046 -10.213277  8.54006654956854 -13.8684338  151.9989 /L    2.8778   0.1592894   244.56168   -40.14699         n.a.     n.a.
 2026-Sep-10 12:00 *m  00 50 57.35 +02 33 10.4  00 52 21.48 +02 42 04.8  -9.17551  -4.24721  265.010508  20.135264    0.434   6.619   99.94754  19.50312  207.529697 -10.119036  8.52142631102505 -11.8972345  154.5820 /L    2.6300   0.1685137   245.16127   -34.43059         n.a.     n.a.
 2026-Sep-13 00:00 Cm  00 50 20.44 +02 28 52.6  00 51 44.56 +02 37 47.5  -9.33464  -4.33036   80.851441 -15.705731    0.424   6.613   99.95715  19.54183   74.744671 -10.022127  8.50454931337776 -11.5179993  157.1616 /L    2.3773   0.1715028   245.11334   -33.15982         n.a.     n.a.
 2026-Sep-15 12:00 *   00 49 42.04 +02 24 29.1  00 51 06.19 +02 33 24.4  -9.77313  -4.44318  266.859154  15.201770    0.413   6.606   99.96599  19.57676  301.957773  -9.922777  8.48937434140911  -9.4606584  159.7548 /L    2.1189   0.1789288   245.55192   -27.26395         n.a.     n.a.
 2026-Sep-18 00:00 Cm  00 49 02.79 +02 20 00.4  00 50 26.95 +02 28 56.2  -9.90994  -4.49755   83.037582 -10.907525    0.403   6.600   99.97389  19.60759  169.165786  -9.821415  8.47602743004686  -9.0552775  162.3398 /L    1.8571   0.1813796   245.58945   -25.98307         n.a.     n.a.
 2026-Sep-20 12:00 *   00 48 22.31 +02 15 27.7  00 49 46.52 +02 24 24.1  -10.2366  -4.58007  268.645152  10.241131    0.393   6.593   99.98085  19.63438   36.370490  -9.718264  8.46445982880372  -6.9394551  164.9322 /L    1.5913   0.1869076   245.89518   -19.94915         n.a.     n.a.
 2026-Sep-23 00:00 Cm  00 47 41.25 +02 10 51.7  00 49 05.47 +02 19 48.6  -10.3523  -4.60570   85.145213  -6.072119    0.383   6.586   99.98675  19.65691  263.568805  -9.613773  8.45475728687174  -6.5176356  167.5057 /L    1.3244   0.1888427   246.01582   -18.66516         n.a.     n.a.
 2026-Sep-25 12:00 *   00 46 59.23 +02 06 13.4  00 48 23.46 +02 15 10.8  -10.5665  -4.65785  270.396988   5.262756    0.373   6.577   99.99159  19.67522  130.762467  -9.508149  8.44689149010440  -4.3618458  170.0678 /L    1.0564   0.1924602   246.21157   -12.52009         n.a.     n.a.
 2026-Sep-28 00:00 C   00 46 16.89 +02 01 33.6  00 47 41.11 +02 10 31.3  -10.6626  -4.65568   87.204082  -1.210494    0.361   6.567   99.99528  19.68915  357.948526  -9.401851  8.44091425610490  -3.9234551  172.5693 /L    0.7929   0.1939124   246.41222   -11.22172         n.a.     n.a.
 2026-Sep-30 12:00 *m  00 45 33.86 +01 56 53.2  00 46 58.09 +02 05 51.3  -10.7628  -4.67783  272.140968   0.275761    0.348   6.555   99.99781  19.69870  225.128614  -9.295065  8.43682358124869  -1.7390042  174.9454 /L    0.5412   0.1955903   246.50882   -4.988177         n.a.     n.a.
 2026-Oct-03 00:00 N   00 44 50.79 +01 52 13.1  00 46 15.05 +02 01 11.6  -10.8366  -4.64754   89.241930   3.666948    0.334   6.542   99.99914  19.70380   92.299889  -9.188273  8.43463987288205  -1.2801841  176.8398 /L    0.3384   0.1965189   246.78670   -3.661492         n.a.     n.a.
 2026-Oct-05 12:00 *m  00 44 07.30 +01 47 34.1  00 45 31.58 +01 56 33.2  -10.8174  -4.63724  273.902725  -4.710581    0.333   6.541   99.99928  19.70439  319.463829  -9.081679  8.43438588394980   0.9191999  177.0921 /L    0.3059   0.1961578   246.79603   2.6259235         n.a.     n.a.
 2026-Oct-08 00:00 N   00 43 24.06 +01 42 57.4  00 44 48.35 +01 51 56.7  -10.8636  -4.57576   91.286034   8.549758    0.346   6.554   99.99821  19.70052  186.617733  -8.975812  8.43604475948488   1.3949183  175.4092 /T    0.4808   0.1964661   247.15918   3.9772026         n.a.     n.a.
 2026-Oct-10 12:00 *m  00 42 40.72 +01 38 23.8  00 44 04.98 +01 47 23.4  -10.7214  -4.53028  275.708161  -9.686536    0.362   6.568   99.99593  19.69208   53.762943  -8.870902  8.43965773172452   3.5869639  173.0759 /T    0.7256   0.1939868   247.09366   10.267934         n.a.     n.a.
 2026-Oct-13 00:00 Nm  00 41 57.93 +01 33 54.4  00 43 22.19 +01 42 54.2  -10.7369  -4.43695   93.364203  13.427207    0.375   6.580   99.99249  19.67924  280.896962  -8.767496  8.44516598115651   4.0694553  170.5693 /T    0.9874   0.1936263   247.54755   11.628108         n.a.     n.a.
 2026-Oct-15 12:00 *   00 41 15.35 +01 29 30.2  00 42 39.60 +01 38 30.3  -10.4718  -4.35746  277.585448 -14.641497    0.387   6.590   99.98790  19.66187  148.021020  -8.665806  8.45262632959816   6.2284007  167.9866 /T    1.2551   0.1890378   247.40722   17.867842         n.a.     n.a.
 2026-Oct-18 00:00 Nm  00 40 33.62 +01 25 12.1  00 41 57.90 +01 34 12.6  -10.4566  -4.23484   95.506092  18.288242    0.398   6.599   99.98223  19.64023   15.132871  -8.566361  8.46193796902655   6.7063821  165.3805 /T    1.5223   0.1880273   247.95252   19.218586         n.a.     n.a.
 2026-Oct-20 12:00 *   00 39 52.40 +01 21 01.0  00 41 16.66 +01 30 01.8  -10.0734  -4.12423  279.566025 -19.564128    0.409   6.607   99.97549  19.61419  242.233645  -8.469340  8.47317258814365   8.8065401  162.7489 /T    1.7887   0.1814162   247.73494   25.354279         n.a.     n.a.
 2026-Oct-23 00:00 Nm  00 39 12.32 +01 16 57.7  00 40 36.57 +01 25 58.6  -10.0318  -3.97524   97.745529  23.121146    0.420   6.615   99.96780  19.58411  109.321404  -8.375241  8.48618883903934   9.2699817  160.1170 /T    2.0511   0.1798447   248.38331   26.674349         n.a.     n.a.
 2026-Oct-25 12:00 *   00 38 33.02 +01 13 03.0  00 39 57.24 +01 22 04.0  -9.54084  -3.83670  281.686436 -24.442272    0.432   6.622   99.95918  19.54981  336.397185  -8.284209  8.50107710741808  11.2924406  157.4709 /T    2.3103   0.1713896   248.09325   32.663499         n.a.     n.a.
 2026-Oct-28 00:00 N   00 37 55.11 +01 09 17.8  00 39 19.33 +01 18 18.9  -9.47907  -3.66456  100.122294  27.913549    0.443   6.630   99.94976  19.51174  203.459352  -8.196702  8.51766557293736  11.7430959  154.8315 /T    2.5636   0.1693794   248.86373   33.951495         n.a.     n.a.
 2026-Oct-30 12:00 *m  00 37 18.23 +01 05 42.5  00 38 42.44 +01 14 43.9  -8.88851  -3.50064  283.991210 -29.262455    0.455   6.637   99.93957  19.46966   70.508770  -8.112838  8.53607186138357  13.6820821  152.1819 /T    2.8124   0.1592169   248.50358   39.785564         n.a.     n.a.
 2026-Nov-02 00:00 N   00 36 42.96 +01 02 18.1  00 38 07.20 +01 11 19.7  -8.80470  -3.30607  102.684762  32.651870    0.467   6.643   99.92876  19.42409  297.544026  -8.033065  8.55609920940829  14.1263084  149.5418 /T    3.0539   0.1567489   249.41940   41.064889         n.a.     n.a.
 2026-Nov-04 12:00 *m  00 36 08.99 +00 59 05.1  00 37 33.18 +01 08 06.8  -8.11530  -3.11654  286.535431 -34.009013    0.479   6.650   99.91737  19.37476  164.565764  -7.957516  8.57788429971803  15.9675558  146.8937 /T    3.2897   0.1448859   248.99160   46.743643         n.a.     n.a.
 2026-Nov-07 00:00 A   00 35 36.86 +00 56 04.4  00 37 01.04 +01 05 06.1  -8.00626  -2.89951  105.493681  37.319962    0.491   6.656   99.90558  19.32225   31.572863  -7.886631  8.60119289337502  16.3935068  144.2576 /T    3.5171   0.1419187   250.09186   48.008534         n.a.     n.a.
 2026-Nov-09 12:00 *   00 35 06.27 +00 53 16.6  00 36 30.41 +01 02 18.3  -7.22592  -2.68626  289.389166 -38.662621    0.503   6.662   99.89341  19.26631  258.565844  -7.820529  8.62616981499079  18.1109628  141.6156 /T    3.7374   0.1284847   249.60723   53.506762         n.a.     n.a.
 2026-Nov-12 00:00 Am  00 34 37.73 +00 50 42.4  00 36 01.88 +00 59 44.1  -7.09649  -2.45016  108.626499  41.898393    0.515   6.667   99.88106  19.20758  125.543946  -7.759605  8.65254597437658  18.5068795  138.9877 /T    3.9485   0.1251259   250.95209   54.732787        0.037  180.428
 2026-Nov-14 12:00 *   00 34 10.96 +00 48 22.1  00 35 35.07 +00 57 24.0  -6.23799  -2.21804  292.643347 -43.199092    0.528   6.673   99.86855  19.14577  352.507573  -7.703930  8.68047911056749  20.0834437  136.3558 /T    4.1515   0.1103432   250.42617   60.035502         n.a.     n.a.
 2026-Nov-17 00:00 Am  00 33 46.38 +00 46 16.4  00 35 10.52 +00 55 18.3  -6.09333  -1.96781  112.185312  46.362790    0.540   6.678   99.85607  19.08159  219.456301  -7.653830  8.70967348245690  20.4453820  133.7398 /T    4.3444   0.1067200   252.10237   61.208402        0.964    6.926
 2026-Nov-19 12:00 C   00 33 23.77 +00 44 25.5  00 34 47.83 +00 53 27.3  -5.16852  -1.72191  296.416595 -47.587492    0.553   6.682   99.84366  19.01473   86.390384  -7.609334  8.74030085485469  21.8686239  131.1211 /T    4.5285   0.0907967   251.57432   66.314453         n.a.     n.a.
 2026-Nov-22 00:00 Am  00 33 03.48 +00 42 49.9  00 34 27.55 +00 51 51.6  -5.01395  -1.46195  116.306618  50.681134    0.565   6.687   99.83148  18.94593  313.309739  -7.570704  8.77204060274699  22.1926210  128.5194 /T    4.7018   0.0870457   253.74458   67.417065        3.212    2.082
 2026-Nov-24 12:00 Cm  00 32 45.30 +00 41 29.7  00 34 09.31 +00 50 31.3  -4.03764  -1.20646  300.864808 -51.786462    0.577   6.691   99.81957  18.87484  180.214488  -7.537930  8.80507855412146  23.4540810  125.9156 /T    4.8657   0.0702340   253.36372   72.321512         n.a.     n.a.
 2026-Nov-27 00:00 A   00 32 29.54 +00 40 25.3  00 33 53.59 +00 49 27.0  -3.87970  -0.93971  121.173271  54.809964    0.589   6.694   99.80808  18.80223   47.104864  -7.511223  8.83907973549620  23.7465593  123.3293 /T    5.0185   0.0665313   256.38442   73.334581         n.a.     n.a.
 2026-Nov-29 12:00 Cm  00 32 15.98 +00 39 36.7  00 33 39.99 +00 48 38.4  -2.86183  -0.67620  306.190472 -55.739193    0.601   6.697   99.79704  18.72771  273.980777  -7.490566  8.87425111773677  24.8498151  120.7411 /T    5.1614   0.0490105   256.70585   78.054172         n.a.     n.a.
 2026-Dec-02 00:00 A   00 32 04.92 +00 39 04.3  00 33 28.93 +00 48 05.8  -2.69788  -0.40292  127.028238  58.687860    0.613   6.700   99.78660  18.65206  140.842689  -7.476155  8.91024530272012  25.1160566  118.1706 /T    5.2927   0.0454633   261.50592   78.967825         n.a.     n.a.
 2026-Dec-04 12:00 Cm  00 31 56.18 +00 38 48.1  00 33 20.12 +00 47 49.5  -1.64252  -0.13240  312.644862 -59.366321    0.624   6.703   99.77677  18.57486    7.690304  -7.467974  8.94727723666017  26.0512810  115.5986 /T    5.4137   0.0274642   265.39133   83.495242         n.a.     n.a.
 2026-Dec-07 00:00 A   00 31 50.00 +00 38 48.5  00 33 13.95 +00 47 49.7  -1.47164  0.145102  134.179107  62.226622    0.636   6.705   99.76770  18.49693  234.524381  -7.466179  8.98497660776160  26.2795375  113.0451 /T    5.5229   0.0246462   275.63111   84.183954         n.a.     n.a.
 2026-Dec-09 12:00 C   00 31 46.23 +00 39 05.4  00 33 10.13 +00 48 06.5  -0.39018  0.419059  320.509012 -62.557322    0.647   6.707   99.75938  18.41784  101.344513  -7.470725  9.02355850668325  27.0300790  110.4911 /T    5.6214   0.0095431   317.04359   87.794656         n.a.     n.a.
 2026-Dec-12 00:00 Am  00 31 45.05 +00 39 38.9  00 33 08.98 +00 48 39.9  -0.21904  0.696776  142.971718  65.301182    0.658   6.708   99.75194  18.33842  328.151797  -7.481707  9.06263603562594  27.2128796  107.9566 /T    5.7079   0.0121732   342.54918   87.194506        0.047  143.347
 2026-Dec-14 12:00 C   00 31 46.33 +00 40 28.9  00 33 10.19 +00 49 29.7  0.873846  0.969841  330.018306 -65.166050    0.668   6.709   99.74536  18.25825  194.945707  -7.499038  9.10243126870756  27.7747738  105.4224 /T    5.7835   0.0217575   42.019471   85.073770         n.a.     n.a.
 2026-Dec-17 00:00 Nm  00 31 50.18 +00 41 35.3  00 33 14.05 +00 50 35.9  1.039642  1.243545  153.681280  67.743060    0.678   6.709   99.73974  18.17812   61.727618  -7.522750  9.14255161451490  27.9154791  102.9084 /T    5.8472   0.0270147   39.896644   83.895561         n.a.     n.a.
 2026-Dec-19 12:00 C   00 31 56.50 +00 42 58.0  00 33 20.30 +00 51 58.3  2.132792  1.511810  341.196291 -67.018828    0.688   6.710   99.73506  18.09760  288.496843  -7.552722  9.18322876784996  28.2922440  100.3953 /T    5.9000   0.0435710   54.669434   80.298957         n.a.     n.a.
 2026-Dec-22 00:00 Nm  00 32 05.36 +00 44 36.8  00 33 29.18 +00 53 36.9  2.290672  1.778228  166.263655  69.354116    0.698   6.709   99.73137  18.01748  155.254985  -7.588937  9.22406827527161  28.3960527   97.9026 /T    5.9410   0.0483312   52.178125   79.254440         n.a.     n.a.
 2026-Dec-24 12:00 Cm  00 32 16.69 +00 46 31.4  00 33 40.47 +00 55 31.4  3.374756  2.039743  353.633658 -67.950766    0.707   6.709   99.72867  17.93728   22.001198  -7.631257  9.26530967032806  28.5930566   95.4109 /T    5.9713   0.0657215   58.850727   75.563931         n.a.     n.a.
 2026-Dec-27 00:00 N   00 32 30.48 +00 48 41.6  00 33 54.30 +00 57 41.5  3.523769  2.298645  180.059989  69.961527    0.716   6.708   99.72697  17.85777  248.737277  -7.679649  9.30656175992689  28.6678421   92.9390 /T    5.9901   0.0701204   56.882558   74.615175         n.a.     n.a.
 2026-Dec-29 12:00 Cm  00 32 46.72 +00 51 07.3  00 34 10.46 +01 00 06.9  4.593957  2.554468    6.427861 -67.871400    0.724   6.706   99.72626  17.77848  115.462188  -7.733995  9.34807060606806  28.6916374   90.4677 /T    5.9982   0.0876067   60.923772   70.964185         n.a.     n.a.
$$EOE
**********************************************************************************************************************************************************************************************************************************************************************************************
Column meaning:
 
TIME

  Times PRIOR to 1962 are UT1, a mean-solar time closely related to the
prior but now-deprecated GMT. Times AFTER 1962 are in UTC, the current
civil or "wall-clock" time-scale. UTC is kept within 0.9 seconds of UT1
using integer leap-seconds for 1972 and later years.

  Conversion from the internal Barycentric Dynamical Time (TDB) of solar
system dynamics to the non-uniform civil UT time-scale requested for output
has not been determined for UTC times after the next July or January 1st.
Therefore, the last known leap-second is used as a constant over future
intervals.

  Time tags refer to the UT time-scale conversion from TDB on Earth
regardless of observer location within the solar system, although clock
rates may differ due to the local gravity field and no analog to "UT"
may be defined for that location.

  Any 'b' symbol in the 1st-column denotes a B.C. date. First-column blank
(" ") denotes an A.D. date.
 
CALENDAR SYSTEM

  Mixed calendar mode was active such that calendar dates after AD 1582-Oct-15
(if any) are in the modern Gregorian system. Dates prior to 1582-Oct-5 (if any)
are in the Julian calendar system, which is automatically extended for dates
prior to its adoption on 45-Jan-1 BC.  The Julian calendar is useful for
matching historical dates. The Gregorian calendar more accurately corresponds
to the Earth's orbital motion and seasons. A "Gregorian-only" calendar mode is
available if such physical events are the primary interest.

  NOTE: "n.a." in output means quantity "not available" at the print-time.
 
SOLAR PRESENCE (OBSERVING SITE)
  Time tag is followed by a blank, then a solar-presence symbol:

       '*'  Daylight (refracted solar upper-limb on or above apparent horizon)
       'C'  Civil twilight/dawn
       'N'  Nautical twilight/dawn
       'A'  Astronomical twilight/dawn
       ' '  Night OR geocentric ephemeris

LUNAR PRESENCE (OBSERVING SITE)
  The solar-presence symbol is immediately followed by a lunar-presence symbol:

       'm'  Refracted upper-limb of Moon on or above apparent horizon
       ' '  Refracted upper-limb of Moon below apparent horizon OR geocentric
            ephemeris
 
 'R.A._____(ICRF)_____DEC' =
  Astrometric right ascension and declination of the target center with
respect to the observing site (coordinate origin) in the reference frame of
the planetary ephemeris (ICRF). Compensated for down-leg light-time delay
aberration.

  Units: RA  in hours-minutes-seconds of time,    HH MM SS.ff{ffff}
         DEC in degrees-minutes-seconds of arc,  sDD MN SC.f{ffff}
 
 'R.A.__(a-apparent)__DEC' =
  Airless apparent right ascension and declination of the target center
with respect to an instantaneous reference frame defined by the Earth equator
of-date (z-axis) and meridian containing the Earth equinox of-date (x-axis,
EOP-corrected IAU76/80). Compensated for down-leg light-time delay,
gravitational deflection of light, stellar aberration, precession & nutation.
Note: equinox (RA origin) is offset -53 mas from the of-date frame defined
by the IAU06/00a P & N system.

  Units: RA  in hours-minutes-seconds of time,   HH MM SS.ff{ffff}
         DEC in degrees-minutes-seconds of arc, sDD MN SC.f{ffff}
 
 'dRA*cosD d(DEC)/dt' =
  The angular rate of change in apparent RA and DEC of the target. This is
with respect to the non-inertial IAU76/80 Earth true equator and equinox
of-date reference frame.  d(RA)/dt is multiplied by the cosine of declination
to provide a linear rate in the plane-of-sky. Units: ARCSECONDS PER HOUR
 
 'Azi____(a-app)___Elev' =
  Airless apparent azimuth and elevation of target center. Compensated
for light-time, the gravitational deflection of light, stellar aberration,
precession and nutation. Azimuth is measured clockwise from north:

  North(0) -> East(90) -> South(180) -> West(270) -> North (360)

Elevation angle is with respect to a plane perpendicular to the reference
surface local zenith direction. TOPOCENTRIC ONLY.  Units: DEGREES
 
 'APmag   S-brt' =
   Saturn's approximate apparent visual magnitude and surface brightness. The
value includes the ring system when the solar phase angle of the observer is
less than 6.5 degrees (typical when observed from Earth) AND effective ring
inclination is less than 27 degrees. Otherwise, the value is that of the globe
only (no rings).  An "n.a." will be output if outside the range of phase-angles
for which the model is valid.

   For Earth-based observers, the estimated dimming due to atmospheric
absorption (extinction) is available as a separate, requestable quantity.

   Surface brightness is the average airless visual magnitude of a
square-arcsecond of the illuminated portion of the apparent disk.

 MAGNITUDES & MAGNITUDES PER SQUARE ARCSECOND
 
 'Illu%' =
   Fraction of the target objects' assumed circular disk illuminated by Sun
(phase), as seen by the observer.  Units: PERCENT
 
 'Ang-diam' =
   The equatorial angular width of the target body full disk, if it were fully
illuminated and visible to the observer. If the target body diameter is unknown
"n.a." is output.

   Units: ARCSECONDS
 
 'ObsSub-LON ObsSub-LAT' =
   Apparent planetodetic longitude and latitude of the center of the target
disc seen by the OBSERVER at print-time. This is NOT exactly the same as the
"nearest" sub-point for a non-spherical target shape (since the center of the
disc might not be the point closest to the observer), but is generally very
close if not a very irregular body shape. Down-leg light travel-time from
target to observer is taken into account. Latitude is the angle between the
equatorial plane and the line perpendicular to the reference ellipsoid of the
body, so includes body oblateness. The reference ellipsoid is an oblate
spheroid with a single flatness coefficient in which the y-axis body radius
is taken to be the same value as the x-axis radius.  For Jupiter, Saturn, and
Uranus, IAU2015 longitude is based on the "System III" prime meridian rotation
angle of the magnetic field. By contrast, pole direction (thus latitude) is
relative to the body dynamical equator.  There can be an offset between the
magnetic pole and the dynamical pole of rotation. For Neptune, rotation is
IAU2015 "System II" rotation of optically observed features in the Neptunian
atmosphere. Positive longitude is to the WEST for this target. Cartographic
system is specified in the header.  Units: DEGREES DEGREES
 
 'delta      deldot' =
   Apparent range ("delta", light-time aberrated) and range-rate ("delta-dot")
of the target center relative to the observer. A positive "deldot" means the
target center is moving away from the observer, negative indicates movement
toward the observer.  Units: AU and KM/S
 
 'S-O-T /r' =
   Sun-Observer-Target apparent SOLAR ELONGATION ANGLE seen from the observers'
location at print-time.

   The '/r' column provides a code indicating the targets' apparent position
relative to the Sun in the observers' sky, as described below:

   Case A: For an observing location on the surface of a rotating body, that
body rotational sense is considered:

    /T indicates target TRAILS Sun   (evening sky: rises and sets AFTER Sun)
    /L indicates target LEADS Sun    (morning sky: rises and sets BEFORE Sun)

   Case B: For an observing point that does not have a rotational model (such
as a spacecraft), the "leading" and "trailing" condition is defined by the
observers' heliocentric ORBITAL motion:

    * If continuing in the observers' current direction of heliocentric
       motion would encounter the targets' apparent longitude first, followed
       by the Sun's, the target LEADS the Sun as seen by the observer.

    * If the Sun's apparent longitude would be encountered first, followed
       by the targets', the target TRAILS the Sun.

   Two other codes can be output:
    /* indicates observer is Sun-centered    (undefined)
    /? Target is aligned with Sun center     (no lead or trail)

   The S-O-T solar elongation angle is numerically the minimum separation
angle of the Sun and target in the sky in any direction. It does NOT indicate
the amount of separation in the leading or trailing directions, which would
be defined along the equator of a spherical coordinate system.

   Units: DEGREES
 
 'S-T-O' =
   The Sun-Target-Observer angle; the interior vertex angle at target center
formed by a vector from the target to the apparent center of the Sun (at
reflection time on the target) and the apparent vector from target to the
observer at print-time. Slightly different from true PHASE ANGLE (requestable
separately) at the few arcsecond level in that it includes stellar aberration
on the down-leg from target to observer.  Units: DEGREES
 
 'Sky_motion  Sky_mot_PA  RelVel-ANG' =
  Total apparent angular rate of the target in the plane-of-sky. "Sky_mot_PA"
is the position angle of the target's direction of motion in the plane-of-sky,
measured counter-clockwise from the apparent of-date north pole direction.
"RelVel-ANG" is the flight path angle of the target's relative motion with
respect to the observer's line-of-sight, in the range [-90,+90], where positive
values indicate motion away from the observer, negative values are toward the
observer:

  -90 = target is moving directly toward the observer
    0 = target is moving at right angles to the observer's line-of-sight
  +90 = target is moving directly away from the observer

UNITS:  ARCSECONDS/MINUTE, DEGREES, DEGREES
 
 'Lun_Sky_Brt  sky_SNR' =
  Sky brightness due to moonlight scattered by Earth's atmosphere at the
target's position in the sky. "sky_SNR" is the visual signal-to-noise ratio
(SNR) of the target's surface brightness relative to background sky. Output
only for topocentric Earth observers when both the Moon and target are above
the local horizon and the Sun is in astronomical twilight (or further) below
the horizon, and the target is not the Moon or Sun. If all conditions are
not met, "n.a." is output. Galactic brightness, local sky light-pollution
and weather are NOT considered. Lunar opposition surge is considered. The
value returned is accurate under ideal conditions at the approximately 8-23%
level, so is a useful but not definitive value.

  If the target-body radius is also known, "sky_SNR" is output. This is the
approximate visual signal-to-noise ratio of the target's brightness divided
by lunar sky brightness. When sky_SNR < 1, the target is dimmer than the
ideal moonlight-scattering background sky, so unlikely to be detectable at
visual wavelengths. In practice, visibility requires sky_SNR > 1 and a
detector sensitive enough to reach the target's magnitude, even if it isn't
washed out by moonlight. When relating magnitudes and brightness values,
keep in mind their logarithmic relationship m2-m1 = -2.5*log_10(b2/b1).

  UNITS: VISUAL MAGNITUDES / ARCSECOND^2, and unitless ratio

Computations by ...

    Solar System Dynamics Group, Horizons On-Line Ephemeris System
    4800 Oak Grove Drive, Jet Propulsion Laboratory
    Pasadena, CA  91109   USA

    General site: https://ssd.jpl.nasa.gov/
    Mailing list: https://ssd.jpl.nasa.gov/email_list.html
    System news : https://ssd.jpl.nasa.gov/horizons/news.html
    User Guide  : https://ssd.jpl.nasa.gov/horizons/manual.html
    Connect     : browser        https://ssd.jpl.nasa.gov/horizons/app.html#/x
                  API            https://ssd-api.jpl.nasa.gov/doc/horizons.html
                  command-line   telnet ssd.jpl.nasa.gov 6775
                  e-mail/batch   https://ssd.jpl.nasa.gov/ftp/ssd/horizons_batch.txt
                  scripts        https://ssd.jpl.nasa.gov/ftp/ssd/SCRIPTS
    Author      : Jon.D.Giorgini@jpl.nasa.gov

**********************************************************************************************************************************************************************************************************************************************************************************************
