*******************************************************************************
 Revised: January 26, 2022             Saturn                               699
 
 PHYSICAL DATA:
  Mass x10^26 (kg)      = 5.6834          Density (g/cm^3)       =  0.687+-.001
  Equat. radius (1 bar) = 60268+-4 km     Polar radius (km)      = 54364+-10
  Vol. Mean Radius (km) = 58232+-6        Flattening             =  0.09796
  Geometric Albedo      = 0.47            Rocky core mass (Mc/M) =  0.1027
  Sid. rot. period (III)= 10h 39m 22.4s   Sid. rot. rate (rad/s) =  0.000163785 
  Mean solar day, hrs   =~10.656         
  GM (km^3/s^2)         = 37931206.234    GM 1-sigma (km^3/s^2)  = +- 98
  Equ. grav, ge (m/s^2) = 10.44           Pol. grav, gp (m/s^2)  = 12.14+-0.01
  Vis. magnitude V(1,0) = -8.88          
  Vis. mag. (opposition)= +0.67           Obliquity to orbit     = 26.73 deg
  Sidereal orbit period = 29.447498 yr    Sidereal orbit period  = 10755.698 d
  Mean daily motion     = 0.0334979 deg/d Mean orbit velocity    =  9.68 km/s
  Atmos. temp. (1 bar)  = 134+-4 K        Escape speed, km/s    =  35.5          
  Aroche(ice)/Rp        =  2.71           Hill's sphere rad. Rp  = 1100
                                 Perihelion  Aphelion    Mean
  Solar Constant (W/m^2)         16.8        13.6        15.1
  Maximum Planetary IR (W/m^2)    4.7         4.5         4.6
  Minimum Planetary IR (W/m^2)    4.7         4.5         4.6
*******************************************************************************


*******************************************************************************
Ephemeris / WWW_USER Mon Apr  6 16:27:07 2026 Pasadena, USA      / Horizons    
*******************************************************************************
Target body name: Saturn (699)                    {source: sat441l}
Center body name: Earth (399)                     {source: DE441}
Center-site name: (user defined site below)
*******************************************************************************
Start time      : A.D. 2026-Jan-01 00:00:00.0000 UT      
Stop  time      : A.D. 2026-Dec-31 00:00:00.0000 UT      
Step-size       : 3600 minutes
*******************************************************************************
Target pole/equ : IAU_SATURN                      {West-longitude positive}
Target radii    : 60268.0, 60268.0, 54364.0 km    {Equator_a, b, pole_c}       
Center geodetic : 260.5, 19.5, 2.6                {E-lon(deg),Lat(deg),Alt(km)}
Center cylindric: 260.5, 6016.99109, 2116.4702    {E-lon(deg),Dxy(km),Dz(km)}
Center pole/equ : ITRF93                          {East-longitude positive}
Center radii    : 6378.137, 6378.137, 6356.752 km {Equator_a, b, pole_c}       
Target primary  : Sun
Vis. interferer : MOON (R_eq= 1737.400) km        {source: DE441}
Rel. light bend : Sun                             {source: DE441}
Rel. lght bnd GM: 1.3271E+11 km^3/s^2                                          
Atmos refraction: NO (AIRLESS)
RA format       : HMS
Time format     : CAL 
Calendar mode   : Mixed Julian/Gregorian
EOP file        : eop.260406.p260703                                           
EOP coverage    : DATA-BASED 1962-JAN-20 TO 2026-APR-06. PREDICTS-> 2026-JUL-02
Units conversion: 1 au= 149597870.700 km, c= 299792.458 km/s, 1 day= 86400.0 s 
Table cut-offs 1: Elevation (-90.0deg=NO ),Airmass (>38.000=NO), Daylight (NO )
Table cut-offs 2: Solar elongation (  0.0,180.0=NO ),Local Hour Angle( 0.0=NO )
Table cut-offs 3: RA/DEC angular rate (     0.0=NO )                           
**********************************************************************************************************************************************************************************************************************************************************************************************
 Date__(UT)__HR:MN     R.A._____(ICRF)_____DEC  R.A.__(a-apparent)__DEC  dRA*cosD d(DEC)/dt  Azi____(a-app)___Elev    APmag   S-brt      Illu%  Ang-diam  ObsSub-LON ObsSub-LAT             delta      deldot     S-O-T /r     S-T-O  Sky_motion  Sky_mot_PA  RelVel-ANG  Lun_Sky_Brt  sky_SNR
**********************************************************************************************************************************************************************************************************************************************************************************************
$$SOE
 2026-Jan-01 00:00 *m  23 48 11.30 -03 44 26.8  23 49 31.45 -03 35 47.4  7.602811  3.928258  189.542340  66.606153    1.007   6.907   99.74921  17.10665  331.775567  -1.170087  9.71519290984718  27.8219384   75.6124 /T    5.7424   0.1426281   62.675282   58.950435         n.a.     n.a.
 2026-Jan-03 12:00 Am  23 48 43.75 -03 40 24.6  23 50 03.85 -03 31 45.0  8.577122  4.143824   21.247362 -72.951324    1.011   6.903   99.75499  17.03654  198.443789  -1.265356  9.75517518207748  27.4242924   73.2131 /T    5.6762   0.1587611   64.213643   55.680372         n.a.     n.a.
 2026-Jan-06 00:00 *   23 49 18.26 -03 36 09.7  23 50 38.38 -03 27 30.1  8.652442  4.359616  200.741529  65.591180    1.015   6.898   99.76148  16.96814   65.106746  -1.365729  9.79450176849101  27.1698841   70.8326 /T    5.6005   0.1614784   63.258315   54.867172         n.a.     n.a.
 2026-Jan-08 12:00 Am  23 49 54.85 -03 31 42.0  23 51 14.90 -03 23 02.5  9.595527  4.562061   34.401872 -70.770897    1.018   6.893   99.76868  16.90097  291.763192  -1.471231  9.83342805830335  26.6146605   68.4519 /T    5.5157   0.1770801   64.571892   51.659882         n.a.     n.a.
 2026-Jan-11 00:00 *   23 50 33.40 -03 27 02.2  23 51 53.44 -03 18 22.9  9.656071  4.768631  210.735979  63.835077    1.021   6.888   99.77648  16.83566  158.415405  -1.581559  9.87157285181397  26.3405978   66.0893 /T    5.4219   0.1794897   63.717629   50.884198         n.a.     n.a.
 2026-Jan-13 12:00 Am  23 51 13.95 -03 22 10.4  23 52 33.92 -03 13 31.2  10.56248  4.957513   44.547495 -67.878968    1.024   6.882   99.78488  16.77176   25.062044  -1.696732  9.90918582979928  25.6272158   63.7263 /T    5.3194   0.1944671   64.856920   47.730086         n.a.     n.a.
 2026-Jan-16 00:00 *   23 51 56.33 -03 17 07.3  23 53 16.32 -03 08 28.0  10.60747  5.152906  219.312402  61.489495    1.026   6.876   99.79377  16.70986  251.705528  -1.816422  9.94589256204417  25.3338477   61.3814 /T    5.2084   0.1965471   64.090400   46.992004         n.a.     n.a.
 2026-Jan-18 12:00 A   23 52 40.60 -03 11 52.9  23 54 00.54 -03 03 13.5  11.47245  5.326555   52.260737 -64.532076    1.028   6.870   99.80312  16.64951  118.344408  -1.940627  9.98193923313151  24.4675630   59.0361 /T    5.0892   0.2108114   65.094976   43.886067         n.a.     n.a.
 2026-Jan-21 00:00 *m  23 53 26.58 -03 06 28.0  23 54 46.53 -02 57 48.6  11.50189  5.508438  226.530288  58.699157    1.029   6.864   99.81284  16.59130  344.981214  -2.068995  10.0169602774044  24.1552602   56.7090 /T    4.9621   0.2125483   64.409496   43.183526         n.a.     n.a.
 2026-Jan-23 12:00 A   23 54 14.34 -03 00 52.7  23 55 34.22 -02 52 13.5  12.31946  5.665212   58.198717 -60.899255    1.029   6.857   99.82289  16.53479  211.614422  -2.201503  10.0511953252160  23.1410717   54.3819 /T    4.8273   0.2259940   65.304254   40.121890         n.a.     n.a.
 2026-Jan-26 00:00 *m  23 55 03.66 -02 55 08.0  23 56 23.53 -02 46 28.8  12.33045  5.831706  232.577276  55.582320    1.030   6.850   99.83317  16.48052   78.246672  -2.337777  10.0842932342280  22.8150246   52.0729 /T    4.6853   0.2273328   64.688119   39.462960         n.a.     n.a.
 2026-Jan-28 12:00 A   23 55 54.64 -02 49 13.8  23 57 14.46 -02 40 34.6  13.09453  5.971168   62.876585 -57.084776    1.030   6.843   99.84364  16.42807  304.876344  -2.477784  10.1164941881951  21.6698193   49.7642 /T    4.5362   0.2398620   65.486788   36.453790         n.a.     n.a.
 2026-Jan-31 00:00 *m  23 56 47.00 -02 43 11.2  23 58 06.87 -02 34 31.8  13.08832  6.122432  237.668575  52.228103    1.029   6.836   99.85419  16.37792  171.506092  -2.621154  10.1474714441800  21.3454581   47.4732 /T    4.3805   0.2408251   64.930818   35.849307         n.a.     n.a.
 2026-Feb-02 12:00 Am  23 57 40.91 -02 37 00.1  23 59 00.73 -02 28 20.6  13.80040  6.246580   66.657096 -53.152617    1.028   6.829   99.86481  16.32965   38.134148  -2.767873  10.1774650518436  20.0876383   45.1820 /T    4.2184   0.2524715   65.646701   32.889360         n.a.     n.a.
 2026-Feb-05 00:00 *   23 58 36.07 -02 30 41.2  23 59 55.88 -02 22 01.9  13.78435  6.384415  241.998786  48.701065    1.027   6.821   99.87537  16.28373  264.763155  -2.917600  10.2061657570619  19.7684309   42.9076 /T    4.0503   0.2531847   65.148118   32.326055         n.a.     n.a.
 2026-Feb-07 12:00 Am  23 59 32.66 -02 24 14.8  00 00 52.41 -02 15 35.6  14.44658  6.494909   69.788904 -49.142972    1.025   6.814   99.88588  16.23976  131.391273  -3.070338  10.2337973624988  18.3980901   40.6324 /T    3.8763   0.2639905   65.792216   29.392542         n.a.     n.a.
 2026-Feb-10 00:00 *   00 00 30.37 -02 17 41.5  00 01 50.13 -02 09 02.3  14.42203  6.619071  245.728797  45.047726    1.022   6.806   99.89620  16.19819  358.021215  -3.225748  10.2600601900118  18.0750605   38.3733 /T    3.6970   0.2644739   65.346982   28.853958         n.a.     n.a.
 2026-Feb-12 12:00 Am  00 01 29.40 -02 11 01.4  00 02 49.13 -02 02 22.1  15.02970  6.715346   72.442740 -45.081434    1.020   6.798   99.90634  16.15866  224.651134  -3.383820  10.2851624118439  16.5946257   36.1133 /T    3.5121   0.2743617   65.924663   25.939185         n.a.     n.a.
 2026-Feb-15 00:00 *   00 02 29.41 -02 04 15.2  00 03 49.16 -01 55 35.9  14.99481  6.824297  248.986341  41.301322    1.017   6.790   99.91618  16.12157   91.283785  -3.544201  10.3088236118041  16.2689253   33.8691 /T    3.3227   0.2745781   65.529211   25.426453         n.a.     n.a.
 2026-Feb-17 12:00 A   00 03 30.62 -01 57 23.3  00 04 50.33 -01 48 44.0  15.54426  6.905167   74.738596 -40.984711    1.013   6.782   99.92572  16.08659  317.917290  -3.706862  10.3312412113208  14.6896625   31.6240 /T    3.1284   0.2834830   66.047957   22.531224         n.a.     n.a.
 2026-Feb-20 00:00 *m  00 04 32.65 -01 50 26.2  00 05 52.36 -01 41 47.0  15.49900  6.996993  251.870898  37.485462    1.009   6.773   99.93485  16.05409  184.554400  -3.871437  10.3521578368197  14.3657827   29.3950 /T    2.9301   0.2834201   65.703304   22.046632         n.a.     n.a.
 2026-Feb-22 12:00 A   00 05 35.75 -01 43 24.4  00 06 55.42 -01 34 45.3  15.98770  7.061347   76.762552 -36.863799    1.005   6.765   99.94357  16.02375   51.193211  -4.037878  10.3717594674642  12.7003753   27.1654 /T    2.7276   0.2912945   66.170207   19.171177         n.a.     n.a.
 2026-Feb-25 00:00 *m  00 06 39.52 -01 36 18.5  00 07 59.22 -01 27 39.3  15.93194  7.135454  254.460248  33.617128    1.000   6.757   99.95177  15.99590  277.836452  -4.205818  10.3898146678848  12.3851734   24.9522 /T    2.5219   0.2909474   65.873772   18.719289         n.a.     n.a.
 2026-Feb-27 12:00 A   00 07 44.23 -01 29 08.8  00 09 03.92 -01 20 29.5  16.35831  7.184657   78.577483 -32.725817    0.995   6.748   99.95946  15.97025  144.482180  -4.375219  10.4065006184151  10.6512913   22.7390 /T    2.3126   0.2977758   66.288657   15.868394         n.a.     n.a.
 2026-Mar-02 00:00 *m  00 08 49.45 -01 21 55.9  00 10 09.17 -01 13 16.6  16.29504  7.242999  256.815426  29.708616    0.989   6.739   99.96656  15.94709   11.133053  -4.545743  10.4216154545681  10.3542201   20.5423 /T    2.1010   0.2972043   66.035283   15.454010         n.a.     n.a.
 2026-Mar-04 12:00 Am  00 09 55.49 -01 14 40.1  00 11 15.17 -01 06 00.9  16.66202  7.279537   80.230763 -28.575638    0.983   6.730   99.97306  15.92614  237.787082  -4.717376  10.4353231996013   8.5654196   18.3460 /T    1.8864   0.3030469   66.399772   12.624467         n.a.     n.a.
 2026-Mar-07 00:00 *   00 11 01.91 -01 07 21.9  00 12 21.60 -00 58 42.9  16.59662  7.323302  258.984728  25.769089    0.976   6.721   99.97889  15.90766  104.446853  -4.889802  10.4474444708725   8.2849221   16.1669 /T    1.6702   0.3023421   66.190407   12.237371         n.a.     n.a.
 2026-Mar-09 12:00 Am  00 12 09.04 -01 00 01.7  00 13 28.71 -00 51 22.7  16.90609  7.347571   81.758412 -24.416561    0.969   6.712   99.98407  15.89143  331.110395  -5.063008  10.4581203625942   6.4432836   13.9899 /T    1.4518   0.3072290   66.509714   9.4140717         n.a.     n.a.
 2026-Mar-12 00:00 *   00 13 16.43 -00 52 39.8  00 14 36.14 -00 44 00.8  16.83947  7.376009  261.007430  21.805650    0.962   6.702   99.98853  15.87766  197.780270  -5.236677  10.4671897687087   6.1708912   11.8340 /T    1.2329   0.3064008   66.345659   9.0388493         n.a.     n.a.
 2026-Mar-14 12:00 Nm  00 14 24.40 -00 45 16.8  00 15 44.12 -00 36 37.8  17.08803  7.387334   83.188742 -20.250811    0.953   6.692   99.99227  15.86616   64.454578  -5.410784  10.4747709789316   4.2799526    9.6878 /T    1.0132   0.3102748   66.620670   6.2118654         n.a.     n.a.
 2026-Mar-17 00:00 *   00 15 32.51 -00 37 53.0  00 16 52.24 -00 29 14.0  17.01731  7.399282  262.915583  17.823560    0.944   6.682   99.99525  15.85715  291.135850  -5.585002  10.4807282236895   4.0150242    7.5788 /T    0.7954   0.3092726   66.500159   5.8452384         n.a.     n.a.
 2026-Mar-19 12:00 N   00 16 41.06 -00 30 29.0  00 18 00.79 -00 21 50.1  17.20102  7.396472   84.545038 -16.079785    0.933   6.670   99.99747  15.85044  157.822238  -5.759288  10.4851634578458   2.0883665    5.5189 /T    0.5814   0.3120644   66.732205   3.0167659         n.a.     n.a.
 2026-Mar-22 00:00 *m  00 17 49.60 -00 23 05.2  00 19 09.34 -00 14 26.5  17.12481  7.390444  264.736081  13.826602    0.920   6.656   99.99891  15.84619   24.516187  -5.933304  10.4879732221074   1.8388421    3.6156 /T    0.3822   0.3108581   66.656733   2.6658204         n.a.     n.a.
 2026-Mar-24 12:00 N   00 18 58.46 -00 15 42.0  00 20 18.22 -00 07 03.4  17.24318  7.373061   85.846716 -11.904064    0.908   6.644   99.99958  15.84427  251.215863  -6.106999  10.4892473644829  -0.1035762    2.2530 /T    0.2378   0.3125564   66.848794   -0.155454         n.a.     n.a.
 2026-Mar-27 00:00 *m  00 20 07.15 -00 08 20.1  00 21 26.96 +00 00 18.6  17.16449  7.350125  266.492339   9.817585    0.907   6.643   99.99945  15.84477  117.923572  -6.280054  10.4889157058871  -0.3294467    2.5493 /L    0.2657   0.3112002   66.818575   -0.484101         n.a.     n.a.
 2026-Mar-29 12:00 N   00 21 16.04 -00 00 59.8  00 22 35.87 +00 07 39.0  17.22046  7.320733   87.110443  -7.723843    0.914   6.650   99.99854  15.84759  344.637507  -6.452446  10.4870499780379  -2.2746655    4.1559 /L    0.4334   0.3118659   66.968760   -3.298707         n.a.     n.a.
 2026-Apr-01 00:00 *m  00 22 24.65 +00 06 18.6  00 23 44.49 +00 14 57.2  17.14255  7.283390  268.204885   5.799020    0.920   6.657   99.99685  15.85279  211.359854  -6.623886  10.4836065021566  -2.4782150    6.1077 /L    0.6381   0.3104275   66.980718   -3.610354         n.a.     n.a.
 2026-Apr-03 12:00 Nm  00 23 33.33 +00 13 34.7  00 24 53.18 +00 22 13.2  17.13771  7.243538   88.351168  -3.539503    0.924   6.662   99.99438  15.86032   78.088877  -6.794369  10.4786339156845  -4.4196416    8.1651 /L    0.8537   0.3100941   67.087844   -6.425665         n.a.     n.a.
 2026-Apr-06 00:00 *   00 24 41.61 +00 20 48.0  00 26 01.49 +00 29 26.5  17.06211  7.192042  269.892702   1.773077    0.928   6.667   99.99116  15.87019  304.826656  -6.963614  10.4721134086580  -4.6049794   10.2551 /L    1.0719   0.3085995   67.143545   -6.728687         n.a.     n.a.
 2026-Apr-08 12:00 Nm  00 25 49.85 +00 27 58.3  00 27 09.78 +00 36 36.7  16.99692  7.141097   89.582456   0.648976    0.930   6.671   99.98719  15.88239  171.571545  -7.131608  10.4640699969307  -6.5367639   12.3699 /L    1.2916   0.3072687   67.210750   -9.552537         n.a.     n.a.
 2026-Apr-11 00:00 *   00 26 57.57 +00 35 05.1  00 28 17.54 +00 43 43.6  16.92392  7.074537  271.573962  -2.258167    0.932   6.674   99.98250  15.89691   38.325519  -7.298060  10.4545092352150  -6.7089220   14.4879 /L    1.5103   0.3057178   67.314100   -9.856655         n.a.     n.a.
 2026-Apr-13 12:00 Cm  00 28 05.14 +00 42 08.0  00 29 25.15 +00 50 46.4  16.79672  7.011568   90.817681   4.841473    0.933   6.677   99.97710  15.91378  265.087057  -7.462952  10.4434312076153  -8.6263782   16.6185 /L    1.7286   0.3033570   67.342547   -12.69972         n.a.     n.a.
 2026-Apr-16 00:00 *   00 29 12.06 +00 49 06.6  00 30 32.10 +00 57 44.8  16.72284  6.929023  273.266330  -6.292814    0.933   6.680   99.97105  15.93295  131.858044  -7.625981  10.4308675783871  -8.7877823   18.7459 /L    1.9445   0.3016919   67.493577   -13.01331         n.a.     n.a.
 2026-Apr-18 12:00 C   00 30 18.69 +00 56 00.3  00 31 38.77 +01 04 38.5  16.52934  6.852830   92.070563   9.037964    0.933   6.683   99.96433  15.95446  358.637082  -7.787114  10.4168006309400 -10.6766219   20.8826 /L    2.1591   0.2982264   67.481800   -15.87633         n.a.     n.a.
 2026-Apr-21 00:00 *m  00 31 24.54 +01 02 48.9  00 32 44.68 +01 11 27.1  16.45213  6.753789  274.988203 -10.329077    0.933   6.686   99.95703  15.97824  225.425902  -7.946044  10.4012981747153 -10.8163147   23.0139 /L    2.3703   0.2964073   67.681288   -16.18958         n.a.     n.a.
 2026-Apr-23 12:00 C   00 32 29.97 +01 09 31.8  00 33 50.18 +01 18 10.1  16.19397  6.665175   93.355513  13.238614    0.932   6.689   99.94913  16.00435   92.223160  -8.102748  10.3843320018148 -12.6533364   25.1533 /L    2.5795   0.2918662   67.628730   -19.05835         n.a.     n.a.
 2026-Apr-26 00:00 *m  00 33 34.49 +01 16 08.7  00 34 54.75 +01 24 47.0  16.11872  6.552123  276.759159 -14.364943    0.931   6.691   99.94074  16.03264  319.030365  -8.256948  10.3660028864140 -12.7646009   27.2864 /L    2.7847   0.2899921   67.878678   -19.36019         n.a.     n.a.
 2026-Apr-28 12:00 C   00 34 38.46 +01 22 39.3  00 35 58.77 +01 31 17.4  15.80177  6.453557   94.688625  17.443032    0.930   6.694   99.93184  16.06324  185.846261  -8.408657  10.3462589339126 -14.5437062   29.4277 /L    2.9872   0.2844801   67.784539   -22.23805         n.a.     n.a.
 2026-May-01 00:00 *   00 35 41.43 +01 29 03.1  00 37 01.77 +01 37 41.1  15.73080  6.328369  278.600694 -18.397619    0.928   6.696   99.92253  16.09597   52.672215  -8.557613  10.3252207831216 -14.6364287   31.5629 /L    3.1851   0.2826002   68.085490   -22.54104         n.a.     n.a.
 2026-May-03 12:00 Cm  00 36 43.74 +01 35 20.0  00 38 04.16 +01 43 57.9  15.35492  6.220201   96.087866  21.650409    0.926   6.699   99.91279  16.13098  279.507133  -8.703839  10.3028102862467 -16.3560564   33.7070 /L    3.3798   0.2761161   67.947373   -25.44167         n.a.     n.a.
 2026-May-06 00:00 *   00 37 44.93 +01 41 29.4  00 39 05.41 +01 50 07.5  15.28629  6.082623  280.537744 -22.423441    0.923   6.701   99.90275  16.16808  146.352251  -8.847066  10.2791718508924 -16.4347861   35.8457 /L    3.5695   0.2742004   68.301720   -25.75549         n.a.     n.a.
 2026-May-08 12:00 *m  00 38 45.34 +01 47 31.2  00 40 05.91 +01 56 09.3  14.85062  5.963669   97.574556  25.859502    0.921   6.703   99.89238  16.20744   13.206622  -8.987310  10.2542068444165 -18.0866155   37.9943 /L    3.7554   0.2667220   68.120738   -28.68543         n.a.     n.a.
 2026-May-11 00:00 *   00 39 44.53 +01 53 24.9  00 41 05.14 +02 02 03.0  14.78321  5.812742  282.599316 -26.437897    0.917   6.705   99.88182  16.24883  240.071319  -9.124286  10.2280855780769 -18.1521534   40.1382 /L    3.9357   0.2647489   68.535298   -29.01448         n.a.     n.a.
 2026-May-13 12:00 *m  00 40 42.81 +01 59 10.2  00 42 03.50 +02 07 48.2  14.28756  5.681702   99.175136  30.068279    0.914   6.707   99.87104  16.29247  106.945550  -9.258002  10.2006889206781 -19.7284706   42.2928 /L    4.1118   0.2562638   68.313879   -31.98157         n.a.     n.a.
 2026-May-16 00:00 *m  00 41 39.75 +02 04 46.6  00 43 00.48 +02 13 24.5  14.21814  5.516798  284.820295 -30.435167    0.910   6.709   99.86019  16.33808  333.830237  -9.388163  10.1722115824274 -19.7817241   44.4433 /L    4.2816   0.2541820   68.793184   -32.33385         n.a.     n.a.
 2026-May-18 12:00 *   00 42 35.65 +02 10 13.7  00 43 56.49 +02 18 51.7  13.65986  5.373137  100.922740  34.273891    0.905   6.711   99.84924  16.38591  200.724750  -9.514776  10.1425201166398 -21.2676975   46.6048 /L    4.4465   0.2446439   68.527692   -35.34201         n.a.     n.a.
 2026-May-21 00:00 *m  00 43 30.08 +02 15 31.1  00 44 51.00 +02 24 09.4  13.58672  5.195568  287.244022 -34.407589    0.901   6.713   99.83835  16.43562   67.629799  -9.637552  10.1118425526746 -21.2971093   48.7622 /L    4.6047   0.2424372   69.073123   -35.70696         n.a.     n.a.
 2026-May-23 12:00 *   00 44 23.34 +02 20 38.7  00 45 44.36 +02 29 17.0  12.97029  5.041495  102.860306  38.472100    0.896   6.714   99.82748  16.48749  294.544840  -9.756529  10.0800359384808 -22.6736243   50.9309 /L    4.7574   0.2319273   68.759109   -38.74359         n.a.     n.a.
 2026-May-26 00:00 *m  00 45 15.02 +02 25 35.9  00 46 36.08 +02 34 14.2  12.89860  4.854113  289.924488 -38.344754    0.890   6.716   99.81679  16.54112  161.470340  -9.871450  10.0473526452279 -22.6775949   53.0958 /L    4.9029   0.2296956   69.377236   -39.11018         n.a.     n.a.
 2026-May-28 12:00 *   00 46 05.42 +02 30 22.7  00 47 26.57 +02 39 01.0  12.23049  4.690930  105.044580  42.656190    0.884   6.717   99.80625  16.59683   28.405894  -9.982375  10.0136278999382 -23.9431171   55.2727 /L    5.0425   0.2183203   69.015982   -42.17950         n.a.     n.a.
 2026-May-31 00:00 *   00 46 54.16 +02 34 58.7  00 48 15.36 +02 43 37.0  12.16131  4.494641  292.930811 -42.231912    0.878   6.718   99.79600  16.65421  255.351801 -10.089049  9.97912749614321 -23.9329106   57.4467 /L    5.1743   0.2160885   69.716434   -42.55886         n.a.     n.a.
 2026-Jun-02 12:00 *m  00 47 41.50 +02 39 23.6  00 49 02.83 +02 48 02.1  11.44166  4.322060  107.551944  46.816207    0.872   6.719   99.78603  16.71360  122.307860 -10.191538  9.94366447122939 -25.0885097   59.6337 /L    5.2998   0.2038462   69.306054   -45.67922         n.a.     n.a.
 2026-Jun-05 00:00 *   00 48 27.09 +02 43 37.1  00 49 48.48 +02 52 15.8  11.37096  4.116620  296.352039 -46.048738    0.865   6.720   99.77647  16.77457  349.274218 -10.289576  9.90752205469665 -25.0683933   61.8188 /L    5.4171   0.2015533   70.098272   -46.08437         n.a.     n.a.
 2026-Jun-07 12:00 *m  00 49 11.16 +02 47 39.1  00 50 32.67 +02 56 17.8  10.59865  3.933420  110.489073  50.937237    0.858   6.721   99.76729  16.83749  216.250862 -10.383220  9.87049965375252 -26.1058285   64.0182 /L    5.5276   0.1884168   69.638872   -49.26821         n.a.     n.a.
 2026-Jun-10 00:00 *   00 49 53.38 +02 51 28.9  00 51 14.92 +03 00 07.7  10.52341  3.717997  300.303324 -49.767237    0.850   6.722   99.75866  16.90187   83.237744 -10.472191  9.83290199984300 -26.0724453   66.2165 /L    5.6294   0.1860150   70.541317   -49.70298         n.a.     n.a.
 2026-Jun-12 12:00 *m  00 50 33.95 +02 55 06.6  00 51 55.60 +03 03 45.5  9.699671  3.522935  114.007983  54.996705    0.843   6.722   99.75053  16.96811  310.235008 -10.556538  9.79451893034602 -26.9798940   68.4301 /L    5.7239   0.1719938   70.038900   -52.95697         n.a.     n.a.
 2026-Jun-15 00:00 *m  00 51 12.57 +02 58 31.5  00 52 34.30 +03 07 10.6  9.618274  3.297730  304.933800 -53.348006    0.834   6.723   99.74305  17.03567  177.242393 -10.635976  9.75567599583353 -26.9281301   70.6432 /L    5.8092   0.1694650   71.075162   -53.42046         n.a.     n.a.
 2026-Jun-17 12:00 *   00 51 49.42 +03 01 43.6  00 53 11.28 +03 10 23.1  8.745772  3.092085  118.329068  58.959659    0.826   6.723   99.73620  17.10496   44.260186 -10.710574  9.71615680770993 -27.6916502   72.8719 /L    5.8866   0.1546048   70.528849   -56.74687         n.a.     n.a.
 2026-Jun-20 00:00 *m  00 52 24.22 +03 04 42.4  00 53 46.14 +03 13 22.1  8.659518  2.860554  310.432250 -56.735242    0.817   6.723   99.73009  17.17540  271.287880 -10.780081  9.67630784623170 -27.6145276   75.1001 /L    5.9545   0.1519960   71.719731   -57.22688         n.a.     n.a.
 2026-Jun-22 12:00 *   00 52 57.13 +03 07 28.1  00 54 19.16 +03 16 07.9  7.745511  2.647383  123.776320  62.770039    0.808   6.723   99.72471  17.24742  138.325885 -10.844603  9.63590404959378 -28.2260125   77.3441 /L    6.0140   0.1364241   71.129790   -60.62220         n.a.     n.a.
 2026-Jun-25 00:00 *m  00 53 27.93 +03 10 00.0  00 54 50.00 +03 18 40.0  7.657211  2.411774  317.025000 -59.849998    0.799   6.722   99.72016  17.32040    5.373469 -10.903912  9.59530259632356 -28.1270343   79.5880 /L    6.0636   0.1338008   72.517254   -61.11254         n.a.     n.a.
 2026-Jun-27 12:00 *   00 53 56.75 +03 12 18.5  00 55 18.95 +03 20 58.7  6.707832  2.191393  130.819447  66.336769    0.789   6.722   99.71641  17.39479  232.431206 -10.958120  9.55426591681644 -28.5865221   81.8486 /L    6.1045   0.1176119   71.908217   -64.58512         n.a.     n.a.
 2026-Jun-30 00:00 *   00 54 23.41 +03 14 22.9  00 55 45.66 +03 23 03.5  6.617888  1.952046  324.951479 -62.582801    0.779   6.721   99.71356  17.46996   99.498167 -11.007002  9.51315762367803 -28.4725572   84.1097 /L    6.1353   0.1149963   73.565781   -65.08801         n.a.     n.a.
 2026-Jul-02 12:00 *m  00 54 47.99 +03 16 13.6  00 56 10.38 +03 24 54.5  5.636309  1.724308  140.097038  69.510691    0.769   6.720   99.71157  17.54637  326.575121 -11.050667  9.47172800090614 -28.7823081   86.3885 /L    6.1569   0.0982361   72.989630   -68.65585         n.a.     n.a.
 2026-Jul-05 00:00 *   00 55 10.35 +03 17 49.9  00 56 32.78 +03 26 31.1  5.540630  1.481406  334.389181 -64.790522    0.758   6.719   99.71052  17.62336  193.660975 -11.088891  9.43034683576126 -28.6571325   88.6689 /L    6.1682   0.0955876   75.030893   -69.18177         n.a.     n.a.
 2026-Jul-07 12:00 *m  00 55 30.55 +03 19 12.0  00 56 53.08 +03 27 53.4  4.527409  1.245824  152.299382  72.055814    0.747   6.718   99.71039  17.70142   60.756687 -11.121776  9.38876072988292 -28.8114013   90.9679 /L    6.1700   0.0782615   74.614502   -72.86666         n.a.     n.a.
 2026-Jul-10 00:00 *   00 55 48.46 +03 20 19.4  00 57 11.03 +03 29 01.1  4.422038  0.999276  345.310159 -66.305301    0.736   6.717   99.71123  17.77984  287.860960 -11.149096  9.34735141904928 -28.6678422   93.2694 /L    6.1611   0.0755590   77.266377   -73.41631         n.a.     n.a.
 2026-Jul-12 12:00 *m  00 56 04.11 +03 21 12.3  00 57 26.82 +03 29 54.5  3.381498  0.756021  167.641852  73.645491    0.725   6.715   99.71302  17.85910  154.974878 -11.170949  9.30587045364377 -28.6525223   95.5903 /L    6.1423   0.0577497   77.397305   -77.22574         n.a.     n.a.
 2026-Jul-15 00:00 *m  00 56 17.43 +03 21 50.3  00 57 40.21 +03 30 33.0  3.268455  0.507913  357.312972 -66.967569    0.714   6.713   99.71579  17.93844   22.096879 -11.187137  9.26471215108922 -28.4794180   97.9138 /L    6.1127   0.0551281   81.166970   -77.76855         n.a.     n.a.
 2026-Jul-17 12:00 C   00 56 28.41 +03 22 13.6  00 57 51.31 +03 30 56.7  2.211782  0.260819  184.936298  73.960288    0.702   6.711   99.71952  18.01833  249.228128 -11.197796  9.22363119248832 -28.2865469  100.2567 /L    6.0728   0.0371185   83.274597   -81.67634         n.a.     n.a.
 2026-Jul-20 00:00 *m  00 56 37.05 +03 22 21.8  00 57 59.97 +03 31 05.2  2.096211  0.015927    9.601850 -66.681764    0.690   6.709   99.72419  18.09801  116.366824 -11.202785  9.18302169835838 -28.0859249  102.6020 /L    6.0220   0.0349379   89.564664   -82.13809         n.a.     n.a.
 2026-Jul-22 12:00 C   00 56 43.31 +03 22 15.5  00 58 06.33 +03 30 59.3  1.032893  -0.23168  201.614485  72.898145    0.678   6.707   99.72979  18.17796  343.514274 -11.202270  9.14263357109679 -27.7211763  104.9668 /L    5.9609   0.0176426   102.64231   -85.97672         n.a.     n.a.
 2026-Jul-25 00:00 *m  00 56 47.23 +03 21 54.3  00 58 10.30 +03 30 38.5  0.915153  -0.47172   21.258997 -65.458457    0.666   6.704   99.73629  18.25740  210.668500 -11.196136  9.10285552733673 -27.4989018  107.3340 /L    5.8888   0.0171596   117.26919   -86.07210         n.a.     n.a.
 2026-Jul-27 12:00 C   00 56 48.74 +03 21 18.7  00 58 11.94 +03 30 03.4  -0.14794  -0.71930  215.590804  70.656983    0.654   6.701   99.74365  18.33680   77.830948 -11.184542  9.06343822665455 -26.9648067  109.7211 /L    5.8064   0.0122392   191.62245   -87.15315         n.a.     n.a.
 2026-Jul-30 00:00 *   00 56 47.94 +03 20 28.4  00 58 11.17 +03 29 13.6  -0.26727  -0.95407   31.627501 -63.405855    0.641   6.698   99.75182  18.41537  304.999451 -11.167389  9.02476562538296 -26.7225702  112.1111 /L    5.7131   0.0165133   195.64918   -86.14338         n.a.     n.a.
 2026-Aug-01 12:00 Cm  00 56 44.72 +03 19 23.8  00 58 08.06 +03 28 09.5  -1.32256  -1.20093  226.417680  67.563323    0.629   6.695   99.76077  18.49360  172.175589 -11.144830  8.98659037981958 -26.0232529  114.5216 /L    5.6094   0.0297742   227.75944   -82.91530         n.a.     n.a.
 2026-Aug-04 00:00 *   00 56 39.22 +03 18 04.7  00 58 02.57 +03 26 50.8  -1.44526  -1.42958   40.469010 -60.679001    0.616   6.692   99.77043  18.57069   39.357038 -11.116791  8.94928794644896 -25.7633779  116.9356 /L    5.4951   0.0338808   225.31256   -81.90338         n.a.     n.a.
 2026-Aug-06 12:00 Cm  00 56 31.30 +03 16 31.6  00 57 54.74 +03 25 18.2  -2.48829  -1.67445  234.628994  63.897885    0.603   6.688   99.78077  18.64709  266.545515 -11.083419  8.91261915616349 -24.8982202  119.3707 /L    5.3703   0.0499872   236.06213   -77.79538         n.a.     n.a.
 2026-Aug-09 00:00 *   00 56 21.13 +03 14 44.3  00 57 44.61 +03 23 31.4  -2.61636  -1.89527   47.858878 -57.430064    0.591   6.684   99.79167  18.72201  133.738514 -11.044671  8.87695710622064 -24.6115459  121.8095 /L    5.2350   0.0538449   234.08083   -76.78878         n.a.     n.a.
 2026-Aug-11 12:00 Cm  00 56 08.54 +03 12 43.3  00 57 32.15 +03 21 31.2  -3.63739  -2.13499  240.926176  59.850850    0.578   6.680   99.80313  18.79585    0.937798 -11.000713  8.84208044555350 -23.5710636  124.2695 /L    5.0894   0.0702945   239.58889   -72.32079         n.a.     n.a.
 2026-Aug-14 00:00 *m  00 55 53.78 +03 10 28.7  00 57 17.41 +03 19 17.1  -3.76382  -2.34358   54.013261 -53.784624    0.565   6.676   99.81500  18.86781  228.140615 -10.951568  8.80835784936534 -23.2478246  126.7327 /L    4.9336   0.0738969   238.09110   -71.30221         n.a.     n.a.
 2026-Aug-16 12:00 C   00 55 36.67 +03 08 01.1  00 57 00.37 +03 16 49.9  -4.74500  -2.57262  245.873458  55.541478    0.553   6.672   99.82725  18.93829   95.348734 -10.897446  8.77557781489128 -22.0370323  129.2164 /L    4.7678   0.0899590   241.53461   -66.58661         n.a.     n.a.
 2026-Aug-19 00:00 *m  00 55 17.50 +03 05 20.6  00 56 41.21 +03 14 10.0  -4.86234  -2.76462   59.171954 -49.838214    0.540   6.667   99.83973  19.00650  322.559243 -10.838442  8.74408585675194 -21.6878485  131.7025 /L    4.5924   0.0932224   240.37838   -65.56711         n.a.     n.a.
 2026-Aug-21 12:00 C   00 54 56.07 +03 02 28.2  00 56 19.88 +03 11 18.1  -5.79319  -2.97982  249.869787  51.044951    0.528   6.662   99.85241  19.07283  189.774016 -10.774776  8.71367292676116 -20.3250891  134.2083 /L    4.4074   0.1085771   242.78022   -60.63570         n.a.     n.a.
 2026-Aug-24 00:00 *m  00 54 32.74 +02 59 23.8  00 55 56.57 +03 08 14.3  -5.90210  -3.15390   63.547488 -45.660927    0.516   6.658   99.86512  19.13655   56.990058 -10.706581  8.68466155824440 -19.9575920  136.7158 /L    4.2136   0.1115321   241.88130   -59.60220         n.a.     n.a.
 2026-Aug-26 12:00 C   00 54 07.26 +02 56 08.4  00 55 31.17 +03 04 59.5  -6.77541  -3.35396  253.187902  46.409792    0.503   6.653   99.87782  19.19802  284.209321 -10.634067  8.65685507089722 -18.4522611  139.2427 /L    4.0106   0.1260018   243.66370   -54.45355         n.a.     n.a.
 2026-Aug-29 00:00 *   00 53 40.02 +02 52 42.1  00 55 03.94 +03 01 33.7  -6.87538  -3.50962   67.313151 -41.304123    0.491   6.647   99.89035  19.25652  151.428706 -10.557398  8.63055595098791 -18.0662922  141.7709 /L    3.7996   0.1286558   242.95746   -53.39180         n.a.     n.a.
 2026-Aug-31 12:00 Nm  00 53 10.76 +02 49 05.8  00 54 34.73 +02 57 57.9  -7.68201  -3.69330  256.014566  41.668578    0.479   6.642   99.90268  19.31240   18.650204 -10.476774  8.60558326915326 -16.4265658  144.3182 /L    3.5800   0.1420620   244.32301   -48.02683         n.a.     n.a.
 2026-Sep-03 00:00 *   00 52 39.93 +02 45 19.7  00 54 03.91 +02 54 12.3  -7.77192  -3.82934   70.604771 -36.805822    0.468   6.636   99.91464  19.36498  245.870631 -10.392398  8.58221662781372 -16.0218953  146.8662 /L    3.3532   0.1444017   243.76987   -46.92646         n.a.     n.a.
 2026-Sep-05 12:00 Nm  00 52 07.23 +02 41 24.7  00 53 31.28 +02 50 18.0  -8.50378  -3.99364  258.480473  36.844513    0.456   6.631   99.92619  19.41457  113.091998 -10.304477  8.56029406274219 -14.2546494  149.4328 /L    3.1186   0.1565811   244.84377   -41.34383         n.a.     n.a.
 2026-Sep-08 00:00 *   00 51 33.14 +02 37 21.3  00 52 57.22 +02 46 15.2  -8.58139  -4.10646   73.527408 -32.194712    0.445   6.625   99.93716  19.46054  340.311036 -10.213281  8.54007437702438 -13.8255842  151.9989 /L    2.8778   0.1585554   244.42742   -40.19000         n.a.     n.a.
 2026-Sep-10 12:00 Nm  00 50 57.36 +02 33 10.4  00 52 21.49 +02 42 04.9  -9.22608  -4.24614  260.679109  31.954979    0.434   6.619   99.94754  19.50314  207.529710 -10.119049  8.52141841093330 -11.9361751  154.5819 /L    2.6300   0.1692715   245.28657   -34.39806         n.a.     n.a.
 2026-Sep-13 00:00 *m  00 50 20.43 +02 28 52.7  00 51 44.55 +02 37 47.5  -9.28299  -4.33129   76.162819 -27.493429    0.424   6.613   99.95715  19.54181   74.744655 -10.022131  8.50455746491005 -11.4830603  157.1616 /L    2.3773   0.1707288   244.98702   -33.19876         n.a.     n.a.
 2026-Sep-15 12:00 N   00 49 42.04 +02 24 29.1  00 51 06.20 +02 33 24.4  -9.82576  -4.44238  262.679290  27.014152    0.413   6.606   99.96598  19.57678  301.957793  -9.922790  8.48936614492832  -9.4915165  159.7547 /L    2.1189   0.1797222   245.67154   -27.23675         n.a.     n.a.
 2026-Sep-18 00:00 *m  00 49 02.78 +02 20 00.4  00 50 26.95 +02 28 56.3  -9.85645  -4.49822   78.574630 -22.720508    0.403   6.600   99.97389  19.60757  169.165764  -9.821420  8.47603583897069  -9.0285752  162.3399 /L    1.8571   0.1805729   245.46931   -26.01700         n.a.     n.a.
 2026-Sep-20 12:00 N   00 48 22.31 +02 15 27.7  00 49 46.52 +02 24 24.1  -10.2908  -4.57951  264.533568  22.034404    0.393   6.593   99.98085  19.63440   36.370516  -9.718276  8.46445140407804  -6.9619406  164.9321 /L    1.5913   0.1877292   246.01038   -19.92805         n.a.     n.a.
 2026-Sep-23 00:00 *m  00 47 41.24 +02 10 51.7  00 49 05.46 +02 19 48.6  -10.2974  -4.60613   80.813742 -17.891681    0.383   6.586   99.98675  19.65689  263.568777  -9.613778  8.45476588337720  -6.4994227  167.5058 /L    1.3244   0.1880109   245.90060   -18.69321         n.a.     n.a.
 2026-Sep-25 12:00 N   00 46 59.23 +02 06 13.5  00 48 23.46 +02 15 10.8  -10.6219  -4.65753  266.283019  17.026485    0.373   6.577   99.99159  19.67524  130.762499  -9.508161  8.44688290808301  -4.3757443  170.0677 /L    1.0564   0.1933022   246.32325   -12.50577         n.a.     n.a.
 2026-Sep-28 00:00 *   00 46 16.89 +02 01 33.7  00 47 41.11 +02 10 31.3  -10.6070  -4.65589   82.922108 -13.020519    0.361   6.567   99.99528  19.68913  357.948492  -9.401856  8.44092296804797  -3.9139071  172.5693 /L    0.7929   0.1930636   246.30106   -11.24303         n.a.     n.a.
 2026-Sep-30 12:00 Nm  00 45 33.86 +01 56 53.3  00 46 58.10 +02 05 51.3  -10.8187  -4.67772  267.961299  12.000063    0.348   6.555   99.99781  19.69872  225.128652  -9.295077  8.43681491486742  -1.7441801  174.9454 /L    0.5412   0.1964445   246.61764   -4.981331         n.a.     n.a.
 2026-Oct-03 00:00 *   00 44 50.79 +01 52 13.1  00 46 15.04 +02 01 11.6  -10.7806  -4.64755   84.934891  -8.118942    0.334   6.542   99.99914  19.70378   92.299849  -9.188279  8.43464862662848  -1.2793959  176.8398 /L    0.3384   0.1956614   246.67891   -3.675194         n.a.     n.a.
 2026-Oct-05 12:00 Nm  00 44 07.30 +01 47 34.2  00 45 31.58 +01 56 33.2  -10.8734  -4.63731  269.597267   6.964300    0.333   6.541   99.99928  19.70441  319.463872  -9.081689  8.43437720727614   0.9228006  177.0922 /L    0.3059   0.1970160   246.90258   2.6247108         n.a.     n.a.
 2026-Oct-08 00:00 *   00 43 24.07 +01 42 57.4  00 44 48.34 +01 51 56.7  -10.8078  -4.57560   86.882772  -3.198042    0.346   6.554   99.99821  19.70050  186.617687  -8.975819  8.43605348078558   1.3869339  175.4092 /T    0.4808   0.1956082   247.05414   3.9718017         n.a.     n.a.
 2026-Oct-10 12:00 N   00 42 40.72 +01 38 23.8  00 44 04.98 +01 47 23.4  -10.7769  -4.53051  271.216521   1.928233    0.362   6.568   99.99593  19.69210   53.762991  -8.870912  8.43964911905888   3.5993122  173.0760 /T    0.7256   0.1948408   247.19849   10.258322         n.a.     n.a.
 2026-Oct-13 00:00 *m  00 41 57.94 +01 33 54.5  00 43 22.19 +01 42 54.3  -10.6819  -4.43665   88.793296   1.731589    0.375   6.580   99.99249  19.67922  280.896911  -8.767503  8.44517459605906   4.0527691  170.5693 /T    0.9874   0.1927764   247.44472   11.631398         n.a.     n.a.
 2026-Oct-15 12:00 N   00 41 15.35 +01 29 30.2  00 42 39.61 +01 38 30.4  -10.5264  -4.35782  272.843586  -3.098859    0.387   6.590   99.98790  19.66189  148.021073  -8.665816  8.45261785456515   6.2493845  167.9867 /T    1.2551   0.1898793   247.51089   17.849809         n.a.     n.a.
 2026-Oct-18 00:00 *m  00 40 33.62 +01 25 12.2  00 41 57.89 +01 34 12.6  -10.4028  -4.23443   90.692231   6.659788    0.398   6.599   99.98223  19.64021   15.132816  -8.566369  8.46194640479760   6.6811470  165.3805 /T    1.5223   0.1871935   247.85137   19.230603         n.a.     n.a.
 2026-Oct-20 12:00 N   00 39 52.40 +01 21 01.0  00 41 16.66 +01 30 01.8  -10.1264  -4.12468  274.502717  -8.107675    0.409   6.607   99.97549  19.61421  242.233703  -8.469349  8.47316432277707   8.8359661  162.7490 /T    1.7887   0.1822372   247.83800   25.328142         n.a.     n.a.
 2026-Oct-23 00:00 *m  00 39 12.32 +01 16 57.8  00 40 36.57 +01 25 58.7  -9.97967  -3.97474   92.605536  11.576583    0.420   6.615   99.96780  19.58409  109.321345  -8.375250  8.48619702504878   9.2364308  160.1170 /T    2.0511   0.1790348   248.28340   26.694755         n.a.     n.a.
 2026-Oct-25 12:00 Nm  00 38 33.02 +01 13 03.1  00 39 57.23 +01 22 04.1  -9.59189  -3.83723  276.219186 -13.088962    0.432   6.622   99.95918  19.54983  336.397246  -8.284218  8.50106912129404  11.3300374  157.4710 /T    2.3103   0.1721826   248.19617   32.629880         n.a.     n.a.
 2026-Oct-28 00:00 *   00 37 55.11 +01 09 17.8  00 39 19.33 +01 18 18.9  -9.42917  -3.66401   94.560382  16.472371    0.443   6.630   99.94976  19.51172  203.459290  -8.196711  8.51767344147550  11.7015375  154.8315 /T    2.5636   0.1686007   248.76475   33.979699         n.a.     n.a.
 2026-Oct-30 12:00 Nm  00 37 18.23 +01 05 42.5  00 38 42.44 +01 14 43.9  -8.93714  -3.50122  278.021166 -18.033329    0.455   6.637   99.93957  19.46968   70.508834  -8.112846  8.53606422084860  13.7275056  152.1819 /T    2.8124   0.1599748   248.60674   39.745166         n.a.     n.a.
 2026-Nov-02 00:00 *   00 36 42.97 +01 02 18.1  00 38 07.20 +01 11 19.7  -8.75743  -3.30547   96.586541  21.337654    0.467   6.643   99.92876  19.42407  297.543961  -8.033075  8.55610669641952  14.0771210  149.5418 /T    3.0539   0.1560082   249.32110   41.100312         n.a.     n.a.
 2026-Nov-04 12:00 Nm  00 36 08.98 +00 59 05.1  00 37 33.18 +01 08 06.9  -8.16110  -3.11715  279.940833 -22.930780    0.479   6.650   99.91737  19.37478  164.565831  -7.957523  8.57787706717558  16.0203944  146.8937 /T    3.2897   0.1456023   249.09555   46.697066         n.a.     n.a.
 2026-Nov-07 00:00 *   00 35 36.87 +00 56 04.5  00 37 01.04 +01 05 06.1  -7.96201  -2.89889   98.718274  26.162175    0.491   6.656   99.90558  19.32224   31.572795  -7.886641  8.60119993913401  16.3371335  144.2576 /T    3.5170   0.1412220   249.99391   48.050577         n.a.     n.a.
 2026-Nov-09 12:00 N   00 35 06.27 +00 53 16.6  00 36 30.40 +01 02 18.3  -7.26853  -2.68689  282.016666 -27.769915    0.503   6.662   99.89341  19.26632  258.565912  -7.820536  8.62616304825608  18.1707434  141.6156 /T    3.7374   0.1291541   249.71265   53.454676         n.a.     n.a.
 2026-Nov-12 00:00 *m  00 34 37.74 +00 50 42.4  00 36 01.89 +00 59 44.1  -7.05560  -2.44953  100.995913  30.934894    0.515   6.667   99.88106  19.20756  125.543878  -7.759615  8.65255252408108  18.4438216  138.9877 /T    3.9484   0.1244786   250.85429   54.780673         n.a.     n.a.
 2026-Nov-14 12:00 N   00 34 10.95 +00 48 22.1  00 35 35.07 +00 57 24.0  -6.27708  -2.21867  284.296300 -32.537749    0.528   6.673   99.86855  19.14578  352.507643  -7.703936  8.68047286234994  20.1496391  136.3559 /T    4.1515   0.1109608   250.53372   59.978687         n.a.     n.a.
 2026-Nov-17 00:00 *m  00 33 46.39 +00 46 16.4  00 35 10.52 +00 55 18.3  -6.05610  -1.96718  103.469717  35.643554    0.540   6.678   99.85608  19.08158  219.456232  -7.653841  8.70967948667101  20.3761908  133.7398 /T    4.3444   0.1061264   252.00486   61.261262         n.a.     n.a.
 2026-Nov-19 12:00 N   00 33 23.76 +00 44 25.6  00 34 47.83 +00 53 27.4  -5.20383  -1.72255  286.839569 -37.219291    0.553   6.682   99.84366  19.01474   86.390455  -7.609340  8.74029517235686  21.9406606  131.1211 /T    4.5285   0.0913586   251.68463   66.253702         n.a.     n.a.
 2026-Nov-22 00:00 *m  00 33 03.49 +00 42 50.0  00 34 27.56 +00 51 51.6  -4.98062  -1.46131  106.204214  40.273818    0.565   6.687   99.83149  18.94592  313.309669  -7.570715  8.77204601772688  22.1178901  128.5194 /T    4.7018   0.0865095   253.64834   67.473996         n.a.     n.a.
 2026-Nov-24 12:00 Am  00 32 45.29 +00 41 29.8  00 34 09.30 +00 50 31.4  -4.06895  -1.20710  289.723896 -41.796176    0.577   6.691   99.81957  18.87485  180.214558  -7.537935  8.80507347876258  23.5313473  125.9156 /T    4.8658   0.0707371   253.47640   72.257615         n.a.     n.a.
 2026-Nov-27 00:00 *   00 32 29.55 +00 40 25.3  00 33 53.60 +00 49 27.0  -3.85046  -0.93907  109.283870  44.808272    0.589   6.694   99.80809  18.80222   47.104794  -7.511234  8.83908452339804  23.6669165  123.3294 /T    5.0185   0.0660553   256.29394   73.394632         n.a.     n.a.
 2026-Nov-29 12:00 Am  00 32 15.97 +00 39 36.7  00 33 39.98 +00 48 38.4  -2.88896  -0.67685  293.051263 -46.244914    0.601   6.697   99.79704  18.72772  273.980846  -7.490571  8.87424668500010  24.9316692  120.7411 /T    5.1614   0.0494532   256.81411   77.987832         n.a.     n.a.
 2026-Dec-02 00:00 *   00 32 04.93 +00 39 04.3  00 33 28.94 +00 48 05.9  -2.67288  -0.40226  112.822352  49.224180    0.613   6.700   99.78660  18.65205  140.842621  -7.476166  8.91024943170956  25.0321560  118.1706 /T    5.2927   0.0450497   261.44133   79.030011         n.a.     n.a.
 2026-Dec-04 12:00 Am  00 31 56.17 +00 38 48.2  00 33 20.11 +00 47 49.5  -1.66537  -0.13307  296.956693 -50.533939    0.624   6.703   99.77677  18.57487    7.690373  -7.467978  8.94727347598169  26.1370584  115.5986 /T    5.4138   0.0278445   265.43157   83.427403         n.a.     n.a.
 2026-Dec-07 00:00 *   00 31 50.01 +00 38 48.5  00 33 13.96 +00 47 49.7  -1.45097  0.145773  116.974096  53.490276    0.636   6.705   99.76770  18.49692  234.524314  -7.466191  8.98498005209844  26.1920525  113.0451 /T    5.5229   0.0243046   275.73700   84.244990         n.a.     n.a.
 2026-Dec-09 12:00 A   00 31 46.22 +00 39 05.4  00 33 10.12 +00 48 06.5  -0.40866  0.418372  301.620008 -54.619065    0.647   6.707   99.75938  18.41784  101.344580  -7.470730  9.02355544141731  27.1190993  110.4911 /T    5.6214   0.0097473   315.67312   87.754901         n.a.     n.a.
 2026-Dec-12 00:00 *m  00 31 45.06 +00 39 38.9  00 33 08.99 +00 48 39.9  -0.20276  0.697475  121.951001  57.562284    0.658   6.708   99.75194  18.33842  328.151732  -7.481719  9.06263877563585  27.1224953  107.9566 /T    5.7078   0.0121058   343.79050   87.200729         n.a.     n.a.
 2026-Dec-14 12:00 A   00 31 46.32 +00 40 28.9  00 33 10.18 +00 49 29.7  0.859773  0.969121  307.275786 -58.438199    0.668   6.709   99.74536  18.25825  194.945772  -7.499042  9.10242891621658  27.8663484  105.4224 /T    5.7835   0.0215922   41.578427   85.127001         n.a.     n.a.
 2026-Dec-17 00:00 *m  00 31 50.19 +00 41 35.3  00 33 14.06 +00 50 35.9  1.051516  1.244284  128.042547  61.375469    0.678   6.709   99.73974  18.17812   61.727555  -7.522762  9.14255363642882  27.8228861  102.9085 /T    5.8472   0.0271515   40.200391   83.844632         n.a.     n.a.
 2026-Dec-19 12:00 A   00 31 56.49 +00 42 58.0  00 33 20.29 +00 51 58.3  2.123111  1.511044  314.214417 -61.903165    0.688   6.710   99.73505  18.09761  288.496905  -7.552726  9.18322713968052  28.3856823  100.3953 /T    5.9000   0.0434321   54.560070   80.360540         n.a.     n.a.
 2026-Dec-22 00:00 *m  00 32 05.38 +00 44 36.8  00 33 29.19 +00 53 36.9  2.298171  1.779017  135.625617  64.833696    0.698   6.709   99.73137  18.01747  155.254925  -7.588948  9.22406957102373  28.3019405   97.9026 /T    5.9410   0.0484381   52.256514   79.196273         n.a.     n.a.
 2026-Dec-24 12:00 Am  00 32 16.67 +00 46 31.4  00 33 40.45 +00 55 31.4  3.369424  2.038923  322.749516 -64.890103    0.707   6.709   99.72866  17.93728   22.001257  -7.631261  9.26530877242542  28.6876718   95.4108 /T    5.9713   0.0656384   58.820815   75.627009         n.a.     n.a.
 2026-Dec-27 00:00 *   00 32 30.50 +00 48 41.6  00 33 54.31 +00 57 41.6  3.526953  2.299493  145.129574  67.795693    0.716   6.708   99.72697  17.85777  248.737221  -7.679660  9.30656232692472  28.5728936   92.9390 /T    5.9900   0.0701725   56.896567   74.555547         n.a.     n.a.
 2026-Dec-29 12:00 Am  00 32 46.71 +00 51 07.3  00 34 10.45 +01 00 06.9  4.592899  2.553583  333.103883 -67.235747    0.724   6.706   99.72626  17.77848  115.462243  -7.733999  9.34807043900696  28.7867515   90.4677 /T    5.9982   0.0875841   60.926595   71.027118         n.a.     n.a.
$$EOE
**********************************************************************************************************************************************************************************************************************************************************************************************
Column meaning:
 
TIME

  Times PRIOR to 1962 are UT1, a mean-solar time closely related to the
prior but now-deprecated GMT. Times AFTER 1962 are in UTC, the current
civil or "wall-clock" time-scale. UTC is kept within 0.9 seconds of UT1
using integer leap-seconds for 1972 and later years.

  Conversion from the internal Barycentric Dynamical Time (TDB) of solar
system dynamics to the non-uniform civil UT time-scale requested for output
has not been determined for UTC times after the next July or January 1st.
Therefore, the last known leap-second is used as a constant over future
intervals.

  Time tags refer to the UT time-scale conversion from TDB on Earth
regardless of observer location within the solar system, although clock
rates may differ due to the local gravity field and no analog to "UT"
may be defined for that location.

  Any 'b' symbol in the 1st-column denotes a B.C. date. First-column blank
(" ") denotes an A.D. date.
 
CALENDAR SYSTEM

  Mixed calendar mode was active such that calendar dates after AD 1582-Oct-15
(if any) are in the modern Gregorian system. Dates prior to 1582-Oct-5 (if any)
are in the Julian calendar system, which is automatically extended for dates
prior to its adoption on 45-Jan-1 BC.  The Julian calendar is useful for
matching historical dates. The Gregorian calendar more accurately corresponds
to the Earth's orbital motion and seasons. A "Gregorian-only" calendar mode is
available if such physical events are the primary interest.

  NOTE: "n.a." in output means quantity "not available" at the print-time.
 
SOLAR PRESENCE (OBSERVING SITE)
  Time tag is followed by a blank, then a solar-presence symbol:

       '*'  Daylight (refracted solar upper-limb on or above apparent horizon)
       'C'  Civil twilight/dawn
       'N'  Nautical twilight/dawn
       'A'  Astronomical twilight/dawn
       ' '  Night OR geocentric ephemeris

LUNAR PRESENCE (OBSERVING SITE)
  The solar-presence symbol is immediately followed by a lunar-presence symbol:

       'm'  Refracted upper-limb of Moon on or above apparent horizon
       ' '  Refracted upper-limb of Moon below apparent horizon OR geocentric
            ephemeris
 
 'R.A._____(ICRF)_____DEC' =
  Astrometric right ascension and declination of the target center with
respect to the observing site (coordinate origin) in the reference frame of
the planetary ephemeris (ICRF). Compensated for down-leg light-time delay
aberration.

  Units: RA  in hours-minutes-seconds of time,    HH MM SS.ff{ffff}
         DEC in degrees-minutes-seconds of arc,  sDD MN SC.f{ffff}
 
 'R.A.__(a-apparent)__DEC' =
  Airless apparent right ascension and declination of the target center
with respect to an instantaneous reference frame defined by the Earth equator
of-date (z-axis) and meridian containing the Earth equinox of-date (x-axis,
EOP-corrected IAU76/80). Compensated for down-leg light-time delay,
gravitational deflection of light, stellar aberration, precession & nutation.
Note: equinox (RA origin) is offset -53 mas from the of-date frame defined
by the IAU06/00a P & N system.

  Units: RA  in hours-minutes-seconds of time,   HH MM SS.ff{ffff}
         DEC in degrees-minutes-seconds of arc, sDD MN SC.f{ffff}
 
 'dRA*cosD d(DEC)/dt' =
  The angular rate of change in apparent RA and DEC of the target. This is
with respect to the non-inertial IAU76/80 Earth true equator and equinox
of-date reference frame.  d(RA)/dt is multiplied by the cosine of declination
to provide a linear rate in the plane-of-sky. Units: ARCSECONDS PER HOUR
 
 'Azi____(a-app)___Elev' =
  Airless apparent azimuth and elevation of target center. Compensated
for light-time, the gravitational deflection of light, stellar aberration,
precession and nutation. Azimuth is measured clockwise from north:

  North(0) -> East(90) -> South(180) -> West(270) -> North (360)

Elevation angle is with respect to a plane perpendicular to the reference
surface local zenith direction. TOPOCENTRIC ONLY.  Units: DEGREES
 
 'APmag   S-brt' =
   Saturn's approximate apparent visual magnitude and surface brightness. The
value includes the ring system when the solar phase angle of the observer is
less than 6.5 degrees (typical when observed from Earth) AND effective ring
inclination is less than 27 degrees. Otherwise, the value is that of the globe
only (no rings).  An "n.a." will be output if outside the range of phase-angles
for which the model is valid.

   For Earth-based observers, the estimated dimming due to atmospheric
absorption (extinction) is available as a separate, requestable quantity.

   Surface brightness is the average airless visual magnitude of a
square-arcsecond of the illuminated portion of the apparent disk.

 MAGNITUDES & MAGNITUDES PER SQUARE ARCSECOND
 
 'Illu%' =
   Fraction of the target objects' assumed circular disk illuminated by Sun
(phase), as seen by the observer.  Units: PERCENT
 
 'Ang-diam' =
   The equatorial angular width of the target body full disk, if it were fully
illuminated and visible to the observer. If the target body diameter is unknown
"n.a." is output.

   Units: ARCSECONDS
 
 'ObsSub-LON ObsSub-LAT' =
   Apparent planetodetic longitude and latitude of the center of the target
disc seen by the OBSERVER at print-time. This is NOT exactly the same as the
"nearest" sub-point for a non-spherical target shape (since the center of the
disc might not be the point closest to the observer), but is generally very
close if not a very irregular body shape. Down-leg light travel-time from
target to observer is taken into account. Latitude is the angle between the
equatorial plane and the line perpendicular to the reference ellipsoid of the
body, so includes body oblateness. The reference ellipsoid is an oblate
spheroid with a single flatness coefficient in which the y-axis body radius
is taken to be the same value as the x-axis radius.  For Jupiter, Saturn, and
Uranus, IAU2015 longitude is based on the "System III" prime meridian rotation
angle of the magnetic field. By contrast, pole direction (thus latitude) is
relative to the body dynamical equator.  There can be an offset between the
magnetic pole and the dynamical pole of rotation. For Neptune, rotation is
IAU2015 "System II" rotation of optically observed features in the Neptunian
atmosphere. Positive longitude is to the WEST for this target. Cartographic
system is specified in the header.  Units: DEGREES DEGREES
 
 'delta      deldot' =
   Apparent range ("delta", light-time aberrated) and range-rate ("delta-dot")
of the target center relative to the observer. A positive "deldot" means the
target center is moving away from the observer, negative indicates movement
toward the observer.  Units: AU and KM/S
 
 'S-O-T /r' =
   Sun-Observer-Target apparent SOLAR ELONGATION ANGLE seen from the observers'
location at print-time.

   The '/r' column provides a code indicating the targets' apparent position
relative to the Sun in the observers' sky, as described below:

   Case A: For an observing location on the surface of a rotating body, that
body rotational sense is considered:

    /T indicates target TRAILS Sun   (evening sky: rises and sets AFTER Sun)
    /L indicates target LEADS Sun    (morning sky: rises and sets BEFORE Sun)

   Case B: For an observing point that does not have a rotational model (such
as a spacecraft), the "leading" and "trailing" condition is defined by the
observers' heliocentric ORBITAL motion:

    * If continuing in the observers' current direction of heliocentric
       motion would encounter the targets' apparent longitude first, followed
       by the Sun's, the target LEADS the Sun as seen by the observer.

    * If the Sun's apparent longitude would be encountered first, followed
       by the targets', the target TRAILS the Sun.

   Two other codes can be output:
    /* indicates observer is Sun-centered    (undefined)
    /? Target is aligned with Sun center     (no lead or trail)

   The S-O-T solar elongation angle is numerically the minimum separation
angle of the Sun and target in the sky in any direction. It does NOT indicate
the amount of separation in the leading or trailing directions, which would
be defined along the equator of a spherical coordinate system.

   Units: DEGREES
 
 'S-T-O' =
   The Sun-Target-Observer angle; the interior vertex angle at target center
formed by a vector from the target to the apparent center of the Sun (at
reflection time on the target) and the apparent vector from target to the
observer at print-time. Slightly different from true PHASE ANGLE (requestable
separately) at the few arcsecond level in that it includes stellar aberration
on the down-leg from target to observer.  Units: DEGREES
 
 'Sky_motion  Sky_mot_PA  RelVel-ANG' =
  Total apparent angular rate of the target in the plane-of-sky. "Sky_mot_PA"
is the position angle of the target's direction of motion in the plane-of-sky,
measured counter-clockwise from the apparent of-date north pole direction.
"RelVel-ANG" is the flight path angle of the target's relative motion with
respect to the observer's line-of-sight, in the range [-90,+90], where positive
values indicate motion away from the observer, negative values are toward the
observer:

  -90 = target is moving directly toward the observer
    0 = target is moving at right angles to the observer's line-of-sight
  +90 = target is moving directly away from the observer

UNITS:  ARCSECONDS/MINUTE, DEGREES, DEGREES
 
 'Lun_Sky_Brt  sky_SNR' =
  Sky brightness due to moonlight scattered by Earth's atmosphere at the
target's position in the sky. "sky_SNR" is the visual signal-to-noise ratio
(SNR) of the target's surface brightness relative to background sky. Output
only for topocentric Earth observers when both the Moon and target are above
the local horizon and the Sun is in astronomical twilight (or further) below
the horizon, and the target is not the Moon or Sun. If all conditions are
not met, "n.a." is output. Galactic brightness, local sky light-pollution
and weather are NOT considered. Lunar opposition surge is considered. The
value returned is accurate under ideal conditions at the approximately 8-23%
level, so is a useful but not definitive value.

  If the target-body radius is also known, "sky_SNR" is output. This is the
approximate visual signal-to-noise ratio of the target's brightness divided
by lunar sky brightness. When sky_SNR < 1, the target is dimmer than the
ideal moonlight-scattering background sky, so unlikely to be detectable at
visual wavelengths. In practice, visibility requires sky_SNR > 1 and a
detector sensitive enough to reach the target's magnitude, even if it isn't
washed out by moonlight. When relating magnitudes and brightness values,
keep in mind their logarithmic relationship m2-m1 = -2.5*log_10(b2/b1).

  UNITS: VISUAL MAGNITUDES / ARCSECOND^2, and unitless ratio

Computations by ...

    Solar System Dynamics Group, Horizons On-Line Ephemeris System
    4800 Oak Grove Drive, Jet Propulsion Laboratory
    Pasadena, CA  91109   USA

    General site: https://ssd.jpl.nasa.gov/
    Mailing list: https://ssd.jpl.nasa.gov/email_list.html
    System news : https://ssd.jpl.nasa.gov/horizons/news.html
    User Guide  : https://ssd.jpl.nasa.gov/horizons/manual.html
    Connect     : browser        https://ssd.jpl.nasa.gov/horizons/app.html#/x
                  API            https://ssd-api.jpl.nasa.gov/doc/horizons.html
                  command-line   telnet ssd.jpl.nasa.gov 6775
                  e-mail/batch   https://ssd.jpl.nasa.gov/ftp/ssd/horizons_batch.txt
                  scripts        https://ssd.jpl.nasa.gov/ftp/ssd/SCRIPTS
    Author      : Jon.D.Giorgini@jpl.nasa.gov

**********************************************************************************************************************************************************************************************************************************************************************************************
