*******************************************************************************
 Revised: January 26, 2022             Saturn                               699
 
 PHYSICAL DATA:
  Mass x10^26 (kg)      = 5.6834          Density (g/cm^3)       =  0.687+-.001
  Equat. radius (1 bar) = 60268+-4 km     Polar radius (km)      = 54364+-10
  Vol. Mean Radius (km) = 58232+-6        Flattening             =  0.09796
  Geometric Albedo      = 0.47            Rocky core mass (Mc/M) =  0.1027
  Sid. rot. period (III)= 10h 39m 22.4s   Sid. rot. rate (rad/s) =  0.000163785 
  Mean solar day, hrs   =~10.656         
  GM (km^3/s^2)         = 37931206.234    GM 1-sigma (km^3/s^2)  = +- 98
  Equ. grav, ge (m/s^2) = 10.44           Pol. grav, gp (m/s^2)  = 12.14+-0.01
  Vis. magnitude V(1,0) = -8.88          
  Vis. mag. (opposition)= +0.67           Obliquity to orbit     = 26.73 deg
  Sidereal orbit period = 29.447498 yr    Sidereal orbit period  = 10755.698 d
  Mean daily motion     = 0.0334979 deg/d Mean orbit velocity    =  9.68 km/s
  Atmos. temp. (1 bar)  = 134+-4 K        Escape speed, km/s    =  35.5          
  Aroche(ice)/Rp        =  2.71           Hill's sphere rad. Rp  = 1100
                                 Perihelion  Aphelion    Mean
  Solar Constant (W/m^2)         16.8        13.6        15.1
  Maximum Planetary IR (W/m^2)    4.7         4.5         4.6
  Minimum Planetary IR (W/m^2)    4.7         4.5         4.6
*******************************************************************************


*******************************************************************************
Ephemeris / WWW_USER Mon Apr  6 16:09:56 2026 Pasadena, USA      / Horizons    
*******************************************************************************
Target body name: Saturn (699)                    {source: sat441l}
Center body name: Earth (399)                     {source: DE441}
Center-site name: (user defined site below)
*******************************************************************************
Start time      : A.D. 2026-Jan-01 00:00:00.0000 UT      
Stop  time      : A.D. 2026-Dec-31 00:00:00.0000 UT      
Step-size       : 3600 minutes
*******************************************************************************
Target pole/equ : IAU_SATURN                      {West-longitude positive}
Target radii    : 60268.0, 60268.0, 54364.0 km    {Equator_a, b, pole_c}       
Center geodetic : 257.5, 22.5, 2.4                {E-lon(deg),Lat(deg),Alt(km)}
Center cylindric: 257.5, 5897.73814, 2426.57542   {E-lon(deg),Dxy(km),Dz(km)}
Center pole/equ : ITRF93                          {East-longitude positive}
Center radii    : 6378.137, 6378.137, 6356.752 km {Equator_a, b, pole_c}       
Target primary  : Sun
Vis. interferer : MOON (R_eq= 1737.400) km        {source: DE441}
Rel. light bend : Sun                             {source: DE441}
Rel. lght bnd GM: 1.3271E+11 km^3/s^2                                          
Atmos refraction: NO (AIRLESS)
RA format       : HMS
Time format     : CAL 
Calendar mode   : Mixed Julian/Gregorian
EOP file        : eop.260406.p260703                                           
EOP coverage    : DATA-BASED 1962-JAN-20 TO 2026-APR-06. PREDICTS-> 2026-JUL-02
Units conversion: 1 au= 149597870.700 km, c= 299792.458 km/s, 1 day= 86400.0 s 
Table cut-offs 1: Elevation (-90.0deg=NO ),Airmass (>38.000=NO), Daylight (NO )
Table cut-offs 2: Solar elongation (  0.0,180.0=NO ),Local Hour Angle( 0.0=NO )
Table cut-offs 3: RA/DEC angular rate (     0.0=NO )                           
**********************************************************************************************************************************************************************************************************************************************************************************************
 Date__(UT)__HR:MN     R.A._____(ICRF)_____DEC  R.A.__(a-apparent)__DEC  dRA*cosD d(DEC)/dt  Azi____(a-app)___Elev    APmag   S-brt      Illu%  Ang-diam  ObsSub-LON ObsSub-LAT             delta      deldot     S-O-T /r     S-T-O  Sky_motion  Sky_mot_PA  RelVel-ANG  Lun_Sky_Brt  sky_SNR
**********************************************************************************************************************************************************************************************************************************************************************************************
$$SOE
 2026-Jan-01 00:00 *m  23 48 11.30 -03 44 26.8  23 49 31.45 -03 35 47.4  7.606783  3.927521  181.772536  63.892327    1.007   6.907   99.74921  17.10665  331.775549  -1.170074  9.71519375175387  27.7989141   75.6124 /T    5.7424   0.1426812   62.691865   58.920025         n.a.     n.a.
 2026-Jan-03 12:00  m  23 48 43.74 -03 40 24.6  23 50 03.84 -03 31 45.1  8.573647  4.144559    9.475345 -70.791153    1.011   6.903   99.75498  17.03654  198.443803  -1.265339  9.75517468406370  27.4476111   73.2132 /T    5.6762   0.1587143   64.200564   55.710914         n.a.     n.a.
 2026-Jan-06 00:00 *   23 49 18.26 -03 36 09.7  23 50 38.39 -03 27 30.1  8.655421  4.358896  192.226054  63.504890    1.015   6.898   99.76148  16.96814   65.106729  -1.365715  9.79450243205561  27.1463030   70.8326 /T    5.6005   0.1615174   63.270040   54.837247         n.a.     n.a.
 2026-Jan-08 12:00  m  23 49 54.85 -03 31 42.0  23 51 14.90 -03 23 02.6  9.593043  4.562775   22.543826 -69.463498    1.018   6.893   99.76867  16.90097  291.763205  -1.471215  9.83342772967421  26.6384571   68.4520 /T    5.5157   0.1770479   64.562664   51.689878         n.a.     n.a.
 2026-Jan-11 00:00 *   23 50 33.41 -03 27 02.3  23 51 53.45 -03 18 23.0  9.658061  4.767937  202.073072  62.390622    1.021   6.888   99.77648  16.83566  158.415389  -1.581546  9.87157333425111  26.3166170   66.0893 /T    5.4219   0.1795143   63.725628   50.854801         n.a.     n.a.
 2026-Jan-13 12:00  m  23 51 13.95 -03 22 10.5  23 52 33.92 -03 13 31.2  10.56098  4.958197   33.594784 -67.313553    1.024   6.882   99.78488  16.77176   25.062057  -1.696716  9.90918567177723  25.6513334   63.7264 /T    5.3194   0.1944493   64.850752   47.759519         n.a.     n.a.
 2026-Jan-16 00:00 *   23 51 56.33 -03 17 07.3  23 53 16.32 -03 08 28.0  10.60848  5.152245  210.961818  60.646803    1.026   6.876   99.79377  16.70986  251.705513  -1.816408  9.94589286172175  25.3096235   61.3813 /T    5.2084   0.1965575   64.095435   46.963156         n.a.     n.a.
 2026-Jan-18 12:00     23 52 40.60 -03 11 52.9  23 54 00.54 -03 03 13.5  11.47192  5.327201   42.551002 -64.564294    1.028   6.870   99.80312  16.64951  118.344419  -1.940611  9.98193924585227  24.4918460   59.0362 /T    5.0892   0.2108080   65.091313   43.914931         n.a.     n.a.
 2026-Jan-21 00:00 *m  23 53 26.58 -03 06 28.0  23 54 46.53 -02 57 48.7  11.50194  5.507817  218.758374  58.389855    1.029   6.864   99.81284  16.59130  344.981200  -2.068982  10.0169603938165  24.1309476   56.7089 /T    4.9621   0.2125445   64.412105   43.155240         n.a.     n.a.
 2026-Jan-23 12:00     23 54 14.34 -03 00 52.8  23 55 34.22 -02 52 13.5  12.31989  5.665815   49.720891 -61.400802    1.029   6.857   99.82289  16.53479  211.614433  -2.201488  10.0511955077832  23.1653663   54.3819 /T    4.8273   0.2260047   65.302692   40.150184         n.a.     n.a.
 2026-Jan-26 00:00 *m  23 55 03.66 -02 55 08.0  23 56 23.54 -02 46 28.8  12.32955  5.831130  225.493929  55.731399    1.030   6.850   99.83317  16.48052   78.246659  -2.337764  10.0842931679558  22.7907760   52.0729 /T    4.6853   0.2273152   64.688693   39.435246         n.a.     n.a.
 2026-Jan-28 12:00     23 55 54.63 -02 49 13.9  23 57 14.46 -02 40 34.7  13.09589  5.971724   55.494584 -57.955650    1.030   6.843   99.84364  16.42807  304.876354  -2.477769  10.1164945387272  21.6939746   49.7642 /T    4.5362   0.2398865   65.487025   36.481504         n.a.     n.a.
 2026-Jan-31 00:00 *m  23 56 47.01 -02 43 11.2  23 58 06.87 -02 34 31.8  13.08649  6.121906  231.287056  52.766004    1.029   6.836   99.85419  16.37792  171.506080  -2.621140  10.1474711968334  21.3214228   47.4732 /T    4.3805   0.2407939   64.929649   35.822192         n.a.     n.a.
 2026-Feb-02 12:00  m  23 57 40.91 -02 37 00.1  23 59 00.72 -02 28 20.7  13.80267  6.247084   60.212980 -54.318353    1.028   6.829   99.86481  16.32965   38.134157  -2.767858  10.1774655675186  20.1115065   45.1820 /T    4.2184   0.2525095   65.648507   32.916462         n.a.     n.a.
 2026-Feb-05 00:00 *   23 58 36.07 -02 30 41.3  23 59 55.89 -02 22 01.9  13.78163  6.383941  236.283283  49.568218    1.027   6.821   99.87537  16.28373  264.763144  -2.917587  10.2061653312563  19.7447549   42.9076 /T    4.0503   0.2531403   65.145431   32.299576         n.a.     n.a.
 2026-Feb-07 12:00  m  23 59 32.65 -02 24 14.9  00 00 52.41 -02 15 35.6  14.44973  6.495359   64.139505 -50.548655    1.025   6.814   99.88588  16.23976  131.391281  -3.070323  10.2337980395874  18.4215274   40.6324 /T    3.8763   0.2640415   65.795410   29.419006         n.a.     n.a.
 2026-Feb-10 00:00 *   00 00 30.37 -02 17 41.5  00 01 50.13 -02 09 02.3  14.41845  6.618652  240.623614  46.195106    1.022   6.806   99.89620  16.19819  358.021205  -3.225735  10.2600595893256  18.0518855   38.3733 /T    3.6970   0.2644166   65.342956   28.828134         n.a.     n.a.
 2026-Feb-12 12:00  m  00 01 29.40 -02 11 01.4  00 02 49.13 -02 02 22.2  15.03370  6.715741   67.468630 -46.686307    1.020   6.798   99.90634  16.15866  224.651141  -3.383805  10.2851632457332  16.6174927   36.1133 /T    3.5122   0.2744254   65.929098   25.965002         n.a.     n.a.
 2026-Feb-15 00:00 *   00 02 29.41 -02 04 15.3  00 03 49.17 -01 55 36.0  14.99039  6.823934  244.431471  42.689336    1.017   6.790   99.91618  16.12157   91.283776  -3.544188  10.3088228407330  16.2463885   33.8691 /T    3.3227   0.2745085   65.523991   25.401291         n.a.     n.a.
 2026-Feb-17 12:00     00 03 30.61 -01 57 23.3  00 04 50.33 -01 48 44.0  15.54908  6.905504   70.343230 -42.758195    1.013   6.782   99.92572  16.08659  317.917295  -3.706847  10.3312421965710  14.7118247   31.6241 /T    3.1284   0.2835587   66.053513   22.556389         n.a.     n.a.
 2026-Feb-20 00:00 *m  00 04 32.65 -01 50 26.3  00 05 52.37 -01 41 47.1  15.49378  6.996686  247.809350  39.082336    1.009   6.773   99.93485  16.05409  184.554393  -3.871424  10.3521569007425  14.3440157   29.3949 /T    2.9301   0.2833387   65.697008   22.022140         n.a.     n.a.
 2026-Feb-22 12:00     00 05 35.75 -01 43 24.4  00 06 55.42 -01 34 45.4  15.99330  7.061629   72.868702 -38.782662    1.005   6.765   99.94357  16.02374   51.193216  -4.037863  10.3717605978600  12.7217036   27.1655 /T    2.7276   0.2913819   66.176785   19.195683         n.a.     n.a.
 2026-Feb-25 00:00 *m  00 06 39.52 -01 36 18.5  00 07 59.22 -01 27 39.4  15.92595  7.135202  250.840937  35.397403    1.000   6.757   99.95177  15.99590  277.836445  -4.205805  10.3898135730129  12.3643027   24.9522 /T    2.5219   0.2908546   65.866498   18.695479         n.a.     n.a.
 2026-Feb-27 12:00 A   00 07 44.22 -01 29 08.8  00 09 03.91 -01 20 29.6  16.36466  7.184885   75.123442 -34.772174    0.995   6.748   99.95946  15.97025  144.482184  -4.375205  10.4065018870021  10.6716624   22.7391 /T    2.3126   0.2978742   66.296175   15.892227         n.a.     n.a.
 2026-Mar-02 00:00 *m  00 08 49.45 -01 21 55.9  00 10 09.17 -01 13 16.7  16.28833  7.242799  253.593864  31.651846    0.989   6.739   99.96656  15.94709   11.133048  -4.545730  10.4216142079049  10.3343660   20.5423 /T    2.1010   0.2971008   66.027112   15.430905         n.a.     n.a.
 2026-Mar-04 12:00 Am  00 09 55.49 -01 14 40.2  00 11 15.17 -01 06 01.0  16.66908  7.279714   77.167052 -30.735588    0.983   6.730   99.97306  15.92614  237.787084  -4.717361  10.4353245987311   8.5847162   18.3461 /T    1.8864   0.3031558   66.408160   12.647600         n.a.     n.a.
 2026-Mar-07 00:00 *   00 11 01.92 -01 07 22.0  00 12 21.61 -00 58 42.9  16.58923  7.323152  256.122728  27.858793    0.976   6.721   99.97889  15.90767  104.446850  -4.889788  10.4474430801830   8.2661985   16.1668 /T    1.6702   0.3022284   66.181413   12.214996         n.a.     n.a.
 2026-Mar-09 12:00 Am  00 12 09.04 -01 00 01.7  00 13 28.71 -00 51 22.7  16.91381  7.347699   79.045154 -26.679179    0.969   6.712   99.98407  15.89142  331.110396  -5.062993  10.4581218839471   6.4613952   13.9900 /T    1.4518   0.3073478   66.518906   9.4364838         n.a.     n.a.
 2026-Mar-12 00:00 *   00 13 16.43 -00 52 39.9  00 14 36.14 -00 44 00.9  16.83143  7.375905  258.472420  24.028523    0.962   6.702   99.98853  15.87766  197.780268  -5.236664  10.4671882424689   6.1534053   11.8339 /T    1.2329   0.3062775   66.335910   9.0172181         n.a.     n.a.
 2026-Mar-14 12:00 Am  00 14 24.40 -00 45 16.8  00 15 44.11 -00 36 37.8  17.09637  7.387418   80.793628 -22.607466    0.953   6.692   99.99227  15.86616   64.454578  -5.410769  10.4747726135535   4.2967758    9.6879 /T    1.0132   0.3104029   66.630608   6.2335530         n.a.     n.a.
 2026-Mar-17 00:00 *   00 15 32.51 -00 37 53.1  00 16 52.25 -00 29 14.1  17.00869  7.399219  260.679847  20.168832    0.944   6.682   99.99525  15.85715  291.135849  -5.584989  10.4807265710529   3.9988758    7.5788 /T    0.7954   0.3091403   66.489712   5.8243488         n.a.     n.a.
 2026-Mar-19 12:00 A   00 16 41.06 -00 30 29.0  00 18 00.78 -00 21 50.2  17.20993  7.396517   82.441791 -18.523664    0.933   6.670   99.99747  15.85044  157.822237  -5.759273  10.4851651962064   2.1038049    5.5190 /T    0.5814   0.3122011   66.742841   3.0377336         n.a.     n.a.
 2026-Mar-22 00:00 *m  00 17 49.60 -00 23 05.2  00 19 09.35 -00 14 26.5  17.11564  7.390417  262.776028  16.285558    0.920   6.656   99.99891  15.84620   24.516187  -5.933290  10.4879714528608   1.8241236    3.6155 /T    0.3822   0.3107175   66.645637   2.6456692         n.a.     n.a.
 2026-Mar-24 12:00 A   00 18 58.46 -00 15 42.1  00 20 18.22 -00 07 03.5  17.25262  7.373074   84.013906 -14.429814    0.908   6.644   99.99958  15.84426  251.215861  -6.106985  10.4892491965167  -0.0896110    2.2530 /T    0.2378   0.3127010   66.860086   -0.135208         n.a.     n.a.
 2026-Mar-27 00:00 *m  00 20 07.16 -00 08 20.2  00 21 26.96 +00 00 18.5  17.15481  7.350127  264.787833  12.383208    0.907   6.643   99.99945  15.84477  117.923574  -6.280041  10.4889138303997  -0.3426505    2.5493 /L    0.2657   0.3110520   66.806874   -0.503507         n.a.     n.a.
 2026-Mar-29 12:00 N   00 21 16.04 -00 00 59.8  00 22 35.86 +00 07 38.9  17.23037  7.320719   85.530571 -10.327300    0.914   6.650   99.99854  15.84758  344.637504  -6.452431  10.4870518931844  -2.2622542    4.1558 /L    0.4334   0.3120178   66.980667   -3.279191         n.a.     n.a.
 2026-Apr-01 00:00 *m  00 22 24.65 +00 06 18.6  00 23 44.49 +00 14 57.2  17.13242  7.283415  266.738620   8.465694    0.920   6.657   99.99685  15.85280  211.359857  -6.623873  10.4836045313532  -2.4898276    6.1076 /L    0.6381   0.3102723   66.968456   -3.629004         n.a.     n.a.
 2026-Apr-03 12:00 Nm  00 23 33.33 +00 13 34.6  00 24 53.18 +00 22 13.1  17.14805  7.243503   87.009920  -6.217509    0.924   6.662   99.99438  15.86031   78.088872  -6.794355  10.4786359029267  -4.4088565    8.1650 /L    0.8536   0.3102525   67.100328   -6.406888         n.a.     n.a.
 2026-Apr-06 00:00 *   00 24 41.61 +00 20 48.0  00 26 01.49 +00 29 26.4  17.05158  7.192083  268.649670   4.536379    0.928   6.667   99.99116  15.87019  304.826660  -6.963600  10.4721113539646  -4.6149328   10.2551 /L    1.0719   0.3084381   67.130765   -6.746576         n.a.     n.a.
 2026-Apr-08 12:00 Nm  00 25 49.85 +00 27 58.3  00 27 09.77 +00 36 36.7  17.00763  7.141049   88.468153  -2.101268    0.930   6.671   99.98719  15.88239  171.571540  -7.131593  10.4640720448248  -6.5276686   12.3698 /L    1.2916   0.3074330   67.223771   -9.534500         n.a.     n.a.
 2026-Apr-11 00:00 *   00 26 57.57 +00 35 05.1  00 28 17.55 +00 43 43.5  16.91305  7.074587  270.540968   0.598368    0.932   6.674   99.98250  15.89692   38.325524  -7.298047  10.4545071085133  -6.7171570   14.4879 /L    1.5103   0.3055509   67.300845   -9.873788         n.a.     n.a.
 2026-Apr-13 12:00 Nm  00 28 05.14 +00 42 07.9  00 29 25.15 +00 50 46.4  16.80774  7.011514   89.920815   2.020541    0.933   6.677   99.97710  15.91377  265.087051  -7.462937  10.4434333043459  -8.6190275   16.6184 /L    1.7286   0.3035263   67.356068   -12.68241         n.a.     n.a.
 2026-Apr-16 00:00 *   00 29 12.06 +00 49 06.5  00 30 32.10 +00 57 44.8  16.71167  6.929076  272.431548  -3.345558    0.933   6.680   99.97105  15.93295  131.858050  -7.625967  10.4308653919775  -8.7942486   18.7459 /L    1.9445   0.3015203   67.479887   -13.02971         n.a.     n.a.
 2026-Apr-18 12:00 N   00 30 18.69 +00 56 00.3  00 31 38.77 +01 04 38.4  16.54063  6.852778   91.383414   6.147185    0.933   6.683   99.96433  15.95446  358.637074  -7.787100  10.4168027643727 -10.6710613   20.8825 /L    2.1591   0.2983999   67.495793   -15.85973         n.a.     n.a.
 2026-Apr-21 00:00 *m  00 31 24.55 +01 02 48.9  00 32 44.68 +01 11 27.1  16.44073  6.753836  274.340737  -7.292815    0.933   6.686   99.95703  15.97824  225.425910  -7.946030  10.4012959412612 -10.8209715   23.0139 /L    2.3703   0.2962319   67.667192   -16.20527         n.a.     n.a.
 2026-Apr-23 12:00 N   00 32 29.97 +01 09 31.8  00 33 50.18 +01 18 10.1  16.20547  6.665132   92.871810  10.278168    0.932   6.689   99.94914  16.00434   92.223151  -8.102734  10.3843341595366 -12.6496020   25.1532 /L    2.5795   0.2920431   67.643168   -19.04242         n.a.     n.a.
 2026-Apr-26 00:00 *m  00 33 34.49 +01 16 08.7  00 34 54.75 +01 24 47.0  16.10715  6.552156  276.288558 -11.240681    0.931   6.691   99.94074  16.03265  319.030374  -8.256934  10.3660006188975 -12.7674168   27.2865 /L    2.7847   0.2898136   67.864212   -19.37518         n.a.     n.a.
 2026-Apr-28 12:00 C   00 34 38.46 +01 22 39.2  00 35 58.77 +01 31 17.4  15.81341  6.453530   94.403180  14.412442    0.930   6.694   99.93184  16.06324  185.846251  -8.408642  10.3462611032874 -14.5418246   29.4276 /L    2.9871   0.2846596   67.799388   -22.22281         n.a.     n.a.
 2026-May-01 00:00 *   00 35 41.43 +01 29 03.1  00 37 01.77 +01 37 41.1  15.71911  6.328382  278.296382 -15.185728    0.928   6.696   99.92253  16.09597   52.672225  -8.557599  10.3252184947971 -14.6373823   31.5629 /L    3.1851   0.2824195   68.070695   -22.55534         n.a.     n.a.
 2026-May-03 12:00 Cm  00 36 43.74 +01 35 19.9  00 38 04.15 +01 43 57.9  15.36664  6.220198   95.996184  18.548563    0.926   6.699   99.91279  16.13098  279.507122  -8.703825  10.3028124544511 -16.3560440   33.7069 /L    3.3798   0.2762972   67.962600   -25.42708         n.a.     n.a.
 2026-May-06 00:00 *   00 37 44.93 +01 41 29.4  00 39 05.41 +01 50 07.4  15.27455  6.082608  280.388307 -19.123714    0.923   6.701   99.90275  16.16808  146.352261  -8.847053  10.2791695552194 -16.4338659   35.8457 /L    3.5695   0.2740184   68.286634   -25.76912         n.a.     n.a.
 2026-May-08 12:00 Cm  00 38 45.34 +01 47 31.2  00 40 05.91 +01 56 09.3  14.86237  5.963696   97.672351  22.684631    0.921   6.703   99.89238  16.20744   13.206610  -8.987295  10.2542089984932 -18.0884784   37.9942 /L    3.7554   0.2669039   68.136310   -28.67147         n.a.     n.a.
 2026-May-11 00:00 *   00 39 44.53 +01 53 24.9  00 41 05.14 +02 02 03.0  14.77147  5.812693  282.591602 -23.049635    0.917   6.705   99.88182  16.24884  240.071331  -9.124272  10.2280832886742 -18.1493584   40.1383 /L    3.9357   0.2645666   68.519964   -29.02748         n.a.     n.a.
 2026-May-13 12:00 Cm  00 40 42.81 +01 59 10.2  00 42 03.50 +02 07 48.2  14.29927  5.681767   99.457641  26.817911    0.914   6.707   99.87104  16.29247  106.945537  -9.257987  10.2006910476035 -19.7322046   42.2927 /L    4.1118   0.2564455   68.329761   -31.96821         n.a.     n.a.
 2026-May-16 00:00 *m  00 41 39.75 +02 04 46.5  00 43 00.48 +02 13 24.5  14.20648  5.516709  284.938153 -26.957296    0.910   6.709   99.86019  16.33809  333.830249  -9.388149  10.1722093130192 -19.7770639   44.4433 /L    4.2816   0.2540003   68.777643   -32.34626         n.a.     n.a.
 2026-May-18 12:00 C   00 42 35.65 +02 10 13.7  00 43 56.49 +02 18 51.7  13.67145  5.373244  101.383705  30.944818    0.905   6.711   99.84924  16.38591  200.724736  -9.514761  10.1425222033742 -21.2732877   46.6047 /L    4.4465   0.2448244   68.543856   -35.32918         n.a.     n.a.
 2026-May-21 00:00 *m  00 43 30.08 +02 15 31.1  00 44 51.00 +02 24 09.4  13.57521  5.195433  287.466503 -30.838818    0.901   6.713   99.83835  16.43563   67.629812  -9.637538  10.1118403170252 -21.2906042   48.7623 /L    4.6047   0.2422572   69.057411   -35.71884         n.a.     n.a.
 2026-May-23 12:00 *   00 44 23.34 +02 20 38.7  00 45 44.36 +02 29 17.0  12.98170  5.041651  103.490389  35.060342    0.896   6.714   99.82748  16.48748  294.544826  -9.756515  10.0800379720282 -22.6810451   50.9308 /L    4.7574   0.2321056   68.775528   -38.73125         n.a.     n.a.
 2026-May-26 00:00 *m  00 45 15.02 +02 25 35.9  00 46 36.08 +02 34 14.2  12.88730  4.853928  290.223247 -34.683867    0.890   6.716   99.81679  16.54112  161.470355  -9.871436  10.0473504570911 -22.6692758   53.0959 /L    4.9029   0.2295182   69.361401   -39.12155         n.a.     n.a.
 2026-May-28 12:00 *   00 46 05.42 +02 30 22.7  00 47 26.57 +02 39 00.9  12.24165  4.691138  105.828719  39.157011    0.884   6.717   99.80625  16.59682   28.405879  -9.982360  10.0136298674118 -23.9523320   55.2726 /L    5.0424   0.2184954   69.032611   -42.16762         n.a.     n.a.
 2026-May-31 00:00 *   00 46 54.16 +02 34 58.6  00 48 15.36 +02 43 37.0  12.15030  4.494400  293.266229 -38.478246    0.878   6.718   99.79600  16.65421  255.351815 -10.089035  9.97912536917884 -23.9228195   57.4467 /L    5.1743   0.2159149   69.700542   -42.56976         n.a.     n.a.
 2026-Jun-02 12:00 *m  00 47 41.50 +02 39 23.6  00 49 02.83 +02 48 02.1  11.45250  4.322324  108.465003  43.224246    0.872   6.719   99.78603  16.71360  122.307845 -10.191523  9.94366635990720 -25.0994709   59.6336 /L    5.2998   0.2040168   69.322839   -45.66776         n.a.     n.a.
 2026-Jun-05 00:00 *   00 48 27.09 +02 43 37.1  00 49 48.48 +02 52 15.7  11.36030  4.116321  296.667557 -42.203014    0.865   6.720   99.77647  16.77458  349.274233 -10.289562  9.90752000239873 -25.0565837   61.8189 /L    5.4171   0.2013845   70.082395   -46.09486         n.a.     n.a.
 2026-Jun-07 12:00 *m  00 49 11.16 +02 47 39.0  00 50 32.67 +02 56 17.8  10.60911  3.933742  111.488320  47.246851    0.858   6.721   99.76729  16.83749  216.250847 -10.383206  9.87050145115798 -26.1184770   64.0181 /L    5.5276   0.1885820   69.655761   -49.25709         n.a.     n.a.
 2026-Jun-10 00:00 *   00 49 53.38 +02 51 28.9  00 51 14.92 +03 00 07.7  10.51318  3.717638  300.517208 -45.832997    0.850   6.722   99.75866  16.90187   83.237760 -10.472177  9.83290003547811 -26.0589819   66.2166 /L    5.6294   0.1858522   70.525540   -49.71313         n.a.     n.a.
 2026-Jun-12 12:00 *m  00 50 33.96 +02 55 06.5  00 51 55.61 +03 03 45.4  9.709661  3.523319  115.019985  51.202844    0.843   6.722   99.75053  16.96810  310.234991 -10.556523  9.79452062432191 -26.9941596   68.4301 /L    5.7239   0.1721525   70.055821   -52.94612         n.a.     n.a.
 2026-Jun-15 00:00 *m  00 51 12.57 +02 58 31.4  00 52 34.29 +03 07 10.6  9.608544  3.297311  304.927499 -49.334023    0.834   6.723   99.74305  17.03567  177.242409 -10.635962  9.75567413236183 -26.9130886   70.6433 /L    5.8092   0.1693094   71.059600   -53.43034         n.a.     n.a.
 2026-Jun-17 12:00 *   00 51 49.42 +03 01 43.6  00 53 11.29 +03 10 23.0  8.755224  3.092529  119.226687  55.059934    0.826   6.723   99.73620  17.10495   44.260169 -10.710559  9.71615838648444 -27.7074513   72.8718 /L    5.8866   0.1547558   70.545709   -56.73621         n.a.     n.a.
 2026-Jun-20 00:00 *m  00 52 24.21 +03 04 42.4  00 53 46.14 +03 13 22.1  8.650364  2.860074  310.035391 -52.659560    0.817   6.723   99.73009  17.17540  271.287896 -10.780066  9.67630609622941 -27.5979953   75.1001 /L    5.9545   0.1518486   71.704539   -57.23657         n.a.     n.a.
 2026-Jun-22 12:00 *   00 52 57.13 +03 07 28.0  00 54 19.16 +03 16 07.8  7.754350  2.647886  124.338675  58.769285    0.808   6.723   99.72471  17.24741  138.325868 -10.844588  9.63590550187403 -28.2432563   77.3440 /L    6.0140   0.1365663   71.146449   -60.61165         n.a.     n.a.
 2026-Jun-25 00:00 *m  00 53 27.93 +03 10 00.0  00 54 50.00 +03 18 40.0  7.648705  2.411235  315.999942 -55.746310    0.799   6.722   99.72016  17.32040    5.373486 -10.903897  9.59530097189272 -28.1091095   79.5881 /L    6.0636   0.1336629   72.502672   -61.12209         n.a.     n.a.
 2026-Jun-27 12:00 C   00 53 56.75 +03 12 18.4  00 55 18.95 +03 20 58.7  6.715986  2.191954  130.667073  62.256891    0.789   6.722   99.71641  17.39479  232.431189 -10.958105  9.55426723186371 -28.6051045   81.8485 /L    6.1045   0.1177440   71.924426   -64.57462         n.a.     n.a.
 2026-Jun-30 00:00 *   00 54 23.40 +03 14 22.9  00 55 45.66 +03 23 03.5  6.610104  1.951451  322.988208 -58.509540    0.779   6.721   99.71356  17.46996   99.498184 -11.006987  9.51315613633728 -28.4533496   84.1098 /L    6.1353   0.1148691   73.552222   -65.09747         n.a.     n.a.
 2026-Jul-02 12:00 Cm  00 54 47.99 +03 16 13.5  00 56 10.38 +03 24 54.5  5.643705  1.724924  138.607963  65.410407    0.769   6.720   99.71157  17.54637  326.575104 -11.050652  9.47172916863121 -28.8021141   86.3884 /L    6.1569   0.0983570   73.004921   -68.64533         n.a.     n.a.
 2026-Jul-05 00:00 *   00 55 10.35 +03 17 49.8  00 56 32.78 +03 26 31.0  5.533640  1.480758  331.136070 -60.841025    0.758   6.719   99.71052  17.62337  193.660992 -11.088876  9.43034549635818 -28.6367627   88.6689 /L    6.1682   0.0954722   75.019093   -69.19121         n.a.     n.a.
 2026-Jul-07 12:00 Cm  00 55 30.55 +03 19 11.9  00 56 53.09 +03 27 53.4  4.533977  1.246489  148.584586  68.063953    0.747   6.718   99.71039  17.70142   60.756670 -11.121761  9.38876174094776 -28.8323048   90.9679 /L    6.1700   0.0783700   74.627916   -72.85601         n.a.     n.a.
 2026-Jul-10 00:00 *   00 55 48.46 +03 20 19.4  00 57 11.03 +03 29 01.1  4.415910  0.998581  340.476149 -62.612518    0.736   6.717   99.71123  17.77985  287.860977 -11.149080  9.34735023767037 -28.6464415   93.2694 /L    6.1611   0.0754568   77.257863   -73.42581         n.a.     n.a.
 2026-Jul-12 12:00 Cm  00 56 04.11 +03 21 12.3  00 57 26.83 +03 29 54.4  3.387169  0.756731  160.833799  69.993207    0.725   6.715   99.71302  17.85910  154.974861 -11.170934  9.30587129954212 -28.6743870   95.5902 /L    6.1423   0.0578445   77.406304   -77.21489         n.a.     n.a.
 2026-Jul-15 00:00 *m  00 56 17.42 +03 21 50.2  00 57 40.20 +03 30 32.9  3.263257  0.507178  350.841261 -63.691146    0.714   6.713   99.71579  17.93844   22.096896 -11.187122  9.26471113695657 -28.4571276   97.9139 /L    6.1126   0.0550406   81.165731   -77.77810         n.a.     n.a.
 2026-Jul-17 12:00 C   00 56 28.41 +03 22 13.5  00 57 51.31 +03 30 56.6  2.216492  0.261565  174.994242  70.949706    0.702   6.711   99.71951  18.01833  249.228111 -11.197780  9.22363186564855 -28.3092265  100.2567 /L    6.0728   0.0371979   83.269731   -81.66537         n.a.     n.a.
 2026-Jul-20 00:00 *m  00 56 37.04 +03 22 21.8  00 57 59.96 +03 31 05.2  2.092005  0.015159    1.803723 -63.970365    0.690   6.709   99.72419  18.09801  116.366841 -11.202769  9.18302085972590 -28.0628960  102.6021 /L    6.0220   0.0348677   89.584837   -82.14733         n.a.     n.a.
 2026-Jul-22 12:00 C   00 56 43.31 +03 22 15.5  00 58 06.34 +03 30 59.2  1.036581  -0.23090  189.827872  70.760021    0.678   6.707   99.72979  18.17796  343.514258 -11.202255  9.14263406499447 -27.7445148  104.9667 /L    5.9609   0.0176998   102.55795   -85.96711         n.a.     n.a.
 2026-Jul-25 00:00 *m  00 56 47.22 +03 21 54.3  00 58 10.29 +03 30 38.5  0.911996  -0.47252   12.743433 -63.404280    0.666   6.704   99.73629  18.25740  210.668516 -11.196120  9.10285487135579 -27.4752947  107.3341 /L    5.8888   0.0171189   117.38919   -86.07802         n.a.     n.a.
 2026-Jul-27 12:00 C   00 56 48.75 +03 21 18.7  00 58 11.94 +03 30 03.4  -0.14533  -0.71850  203.704437  69.429995    0.654   6.701   99.74365  18.33680   77.830932 -11.184527  9.06343853590342 -26.9886397  109.7210 /L    5.8064   0.0122176   191.43499   -87.16069         n.a.     n.a.
 2026-Jul-30 00:00 *   00 56 47.94 +03 20 28.3  00 58 11.17 +03 29 13.6  -0.26932  -0.95488   23.049009 -62.024445    0.641   6.698   99.75182  18.41538  304.999467 -11.167372  9.02476515799486 -26.6985535  112.1112 /L    5.7131   0.0165356   195.75090   -86.13474         n.a.     n.a.
 2026-Aug-01 12:00 Cm  00 56 44.73 +03 19 23.7  00 58 08.06 +03 28 09.5  -1.32107  -1.20013  215.545238  67.134313    0.629   6.695   99.76077  18.49360  172.175574 -11.144815  8.98659050028428 -26.0474082  114.5216 /L    5.6094   0.0297468   227.74647   -82.92825         n.a.     n.a.
 2026-Aug-04 00:00 *   00 56 39.22 +03 18 04.6  00 58 02.56 +03 26 50.7  -1.44617  -1.43039   32.312538 -59.924692    0.616   6.692   99.77043  18.57069   39.357054 -11.116774  8.94928767228827 -25.7391272  116.9357 /L    5.4951   0.0339011   225.31431   -81.89106         n.a.     n.a.
 2026-Aug-06 12:00 Cm  00 56 31.30 +03 16 31.5  00 57 54.74 +03 25 18.1  -2.48797  -1.67365  225.137887  64.108021    0.603   6.688   99.78077  18.64709  266.545499 -11.083403  8.91261908505384 -24.9225188  119.3706 /L    5.3703   0.0499752   236.07145   -77.80976         n.a.     n.a.
 2026-Aug-09 00:00 *   00 56 21.12 +03 14 44.2  00 57 44.61 +03 23 31.4  -2.61609  -1.89608   40.385672 -57.226670    0.591   6.684   99.79167  18.72201  133.738529 -11.044654  8.87695702851257 -24.5872432  121.8096 /L    5.2350   0.0538492   234.06640   -76.77517         n.a.     n.a.
 2026-Aug-11 12:00 Nm  00 56 08.54 +03 12 43.3  00 57 32.15 +03 21 31.1  -3.63826  -2.13419  232.782660  60.557838    0.578   6.680   99.80313  18.79585    0.937784 -11.000697  8.84208018149892 -23.5953209  124.2694 /L    5.0894   0.0703003   239.60421   -72.33647         n.a.     n.a.
 2026-Aug-14 00:00 *m  00 55 53.78 +03 10 28.6  00 57 17.40 +03 19 17.0  -3.76234  -2.34438   47.313367 -54.050299    0.565   6.676   99.81500  18.86781  228.140628 -10.951551  8.80835796983609 -23.2236565  126.7328 /L    4.9336   0.0738830   238.07231   -71.28738         n.a.     n.a.
 2026-Aug-16 12:00 N   00 55 36.67 +03 08 01.0  00 57 00.37 +03 16 49.9  -4.74709  -2.57184  238.908267  56.635460    0.553   6.672   99.82725  18.93829   95.348721 -10.897430  8.77557735804006 -22.0610600  129.2164 /L    4.7678   0.0899834   241.55240   -66.60370         n.a.     n.a.
 2026-Aug-19 00:00 *m  00 55 17.50 +03 05 20.6  00 56 41.21 +03 14 09.9  -4.85964  -2.76539   53.236661 -50.498512    0.540   6.667   99.83973  19.00650  322.559255 -10.838424  8.74408617552390 -21.6640050  131.7026 /L    4.5924   0.0931897   240.35787   -65.55096         n.a.     n.a.
 2026-Aug-21 12:00 N   00 54 56.08 +03 02 28.1  00 56 19.88 +03 11 18.0  -5.79650  -2.97907  243.897304  52.445375    0.528   6.662   99.85241  19.07284  189.774004 -10.774760  8.71367227885005 -20.3486963  134.2082 /L    4.4074   0.1086205   242.79937   -60.65433         n.a.     n.a.
 2026-Aug-24 00:00 *m  00 54 32.74 +02 59 23.8  00 55 56.57 +03 08 14.3  -5.89817  -3.15464   58.322655 -46.653217    0.516   6.658   99.86512  19.13655   56.990069 -10.706563  8.68466207374068 -19.9342644  136.7159 /L    4.2136   0.1114802   241.85992   -59.58459         n.a.     n.a.
 2026-Aug-26 12:00 N   00 54 07.26 +02 56 08.3  00 55 31.17 +03 04 59.5  -6.77994  -3.35325  248.045519  48.058275    0.503   6.653   99.87782  19.19802  284.209310 -10.634051  8.65685423530364 -18.4752565  139.2427 /L    4.0106   0.1260642   243.68373   -54.47387         n.a.     n.a.
 2026-Aug-29 00:00 *   00 53 40.02 +02 52 42.0  00 55 03.93 +03 01 33.7  -6.87025  -3.51031   62.729748 -42.577712    0.491   6.647   99.89035  19.25651  151.428716 -10.557380  8.63055665989610 -18.0436713  141.7710 /L    3.7995   0.1285847   242.93555   -53.37258         n.a.     n.a.
 2026-Aug-31 12:00 Nm  00 53 10.77 +02 49 05.7  00 54 34.74 +02 57 57.8  -7.68775  -3.69264  251.570169  43.522568    0.479   6.642   99.90268  19.31240   18.650195 -10.476758  8.60558225093392 -16.4487594  144.3182 /L    3.5800   0.1421434   244.34372   -48.04897         n.a.     n.a.
 2026-Sep-03 00:00 *   00 52 39.93 +02 45 19.6  00 54 03.90 +02 54 12.2  -7.76560  -3.82998   66.593855 -38.320373    0.468   6.636   99.91464  19.36498  245.870639 -10.392380  8.58221752505589 -16.0001696  146.8663 /L    3.3532   0.1443118   243.74757   -46.90547         n.a.     n.a.
 2026-Sep-05 12:00 Nm  00 52 07.23 +02 41 24.7  00 53 31.28 +02 50 17.9  -8.51069  -3.99304  254.629563  38.872666    0.456   6.631   99.92619  19.41457  113.091990 -10.304462  8.56029286863403 -14.2758548  149.4328 /L    3.1186   0.1566810   244.86503   -41.36794         n.a.     n.a.
 2026-Sep-08 00:00 *   00 51 33.14 +02 37 21.3  00 52 57.22 +02 46 15.2  -8.57391  -4.10705   70.026399 -33.918316    0.445   6.625   99.93716  19.46054  340.311043 -10.213263  8.54007545574377 -13.8049375  151.9991 /L    2.8777   0.1584471   244.40480   -40.16708         n.a.     n.a.
 2026-Sep-10 12:00 Nm  00 50 57.36 +02 33 10.4  00 52 21.49 +02 42 04.8  -9.23412  -4.24559  257.339630  34.133926    0.434   6.619   99.94754  19.50315  207.529703 -10.119034  8.52141704934095 -11.9562118  154.5819 /L    2.6300   0.1693894   245.30832   -34.42427         n.a.     n.a.
 2026-Sep-13 00:00 *m  00 50 20.43 +02 28 52.6  00 51 44.55 +02 37 47.5  -9.27441  -4.33181   73.117407 -29.400869    0.424   6.613   99.95715  19.54181   74.744661 -10.022113  8.50455871649257 -11.4636697  157.1617 /L    2.3773   0.1706028   244.96407   -33.17377         n.a.     n.a.
 2026-Sep-15 12:00 N   00 49 42.05 +02 24 29.0  00 51 06.20 +02 33 24.4  -9.83486  -4.44189  259.786677  29.326286    0.413   6.606   99.96598  19.57678  301.957787  -9.922774  8.48936462588940  -9.5102117  159.7547 /L    2.1189   0.1798572   245.69381   -27.26513         n.a.     n.a.
 2026-Sep-18 00:00 *m  00 49 02.78 +02 20 00.4  00 50 26.94 +02 28 56.2  -9.84684  -4.49868   75.938724 -24.791794    0.403   6.600   99.97389  19.60756  169.165768  -9.821401  8.47603725306389  -9.0106086  162.3400 /L    1.8571   0.1804303   245.44598   -25.98986         n.a.     n.a.
 2026-Sep-20 12:00 N   00 48 22.31 +02 15 27.7  00 49 46.53 +02 24 24.1  -10.3009  -4.57909  262.036726  24.466386    0.393   6.593   99.98085  19.63441   36.370513  -9.718260  8.46444973918550  -6.9791320  164.9321 /L    1.5913   0.1878802   246.03322   -19.95859         n.a.     n.a.
 2026-Sep-23 00:00 *m  00 47 41.24 +02 10 51.7  00 49 05.46 +02 19 48.6  -10.2868  -4.60652   78.548665 -20.110944    0.383   6.586   99.98675  19.65689  263.568779  -9.613760  8.45476744797322  -6.4830364  167.5059 /L    1.3244   0.1878528   245.87685   -18.66395         n.a.     n.a.
 2026-Sep-25 12:00 N   00 46 59.23 +02 06 13.4  00 48 23.47 +02 15 10.7  -10.6329  -4.65718  264.141234  19.568185    0.373   6.577   99.99159  19.67524  130.762497  -9.508145  8.44688111038743  -4.3912820  170.0677 /L    1.0564   0.1934679   246.34669   -12.53836         n.a.     n.a.
 2026-Sep-28 00:00 *   00 46 16.89 +02 01 33.6  00 47 41.11 +02 10 31.2  -10.5955  -4.65622   80.995584 -15.375188    0.361   6.567   99.99528  19.68913  357.948492  -9.401838  8.44092466961369  -3.8992439  172.5694 /L    0.7929   0.1928914   246.27684   -11.21174         n.a.     n.a.
 2026-Sep-30 12:00 Nm  00 45 33.86 +01 56 53.2  00 46 58.10 +02 05 51.2  -10.8305  -4.67743  266.141882  14.643832    0.348   6.555   99.99781  19.69872  225.128652  -9.295061  8.43681299873734  -1.7579288  174.9453 /L    0.5412   0.1966234   246.64174   -5.015818         n.a.     n.a.
 2026-Oct-03 00:00 *   00 44 50.78 +01 52 13.1  00 46 15.04 +02 01 11.6  -10.7684  -4.64781   83.320025 -10.599091    0.334   6.542   99.99914  19.70377   92.299848  -9.188261  8.43465045024412  -1.2665836  176.8398 /L    0.3384   0.1954767   246.65415   -3.641965         n.a.     n.a.
 2026-Oct-05 12:00 Nm  00 44 07.30 +01 47 34.1  00 45 31.59 +01 56 33.1  -10.8859  -4.63708  268.073735   9.704470    0.333   6.541   99.99928  19.70442  319.463874  -9.081673  8.43437518823462   0.9109603  177.0921 /L    0.3059   0.1972065   246.92741   2.5884995         n.a.     n.a.
 2026-Oct-08 00:00 *   00 43 24.06 +01 42 57.3  00 44 48.34 +01 51 56.7  -10.7950  -4.57581   85.557095  -5.795909    0.346   6.554   99.99821  19.70049  186.617684  -8.975800  8.43605541031552   1.3977850  175.4090 /T    0.4808   0.1954127   247.02877   4.0068197         n.a.     n.a.
 2026-Oct-10 12:00 N   00 42 40.72 +01 38 23.8  00 44 04.99 +01 47 23.4  -10.7900  -4.53033  269.967168   4.760733    0.362   6.568   99.99593  19.69211   53.762994  -8.870896  8.43964701361335   3.5894815  173.0760 /T    0.7256   0.1950409   247.22417   10.220596         n.a.     n.a.
 2026-Oct-13 00:00 *m  00 41 57.93 +01 33 54.4  00 43 22.19 +01 42 54.2  -10.6685  -4.43680   87.737905  -0.978027    0.375   6.580   99.99249  19.67921  280.896907  -8.767485  8.44517661433444   4.0615669  170.5692 /T    0.9874   0.1925720   247.41863   11.668010         n.a.     n.a.
 2026-Oct-15 12:00 N   00 41 15.35 +01 29 30.2  00 42 39.61 +01 38 30.3  -10.5399  -4.35769  271.850322  -0.176740    0.387   6.590   99.98790  19.66190  148.021078  -8.665800  8.45261567999176   6.2416455  167.9867 /T    1.2551   0.1900873   247.53754   17.810819         n.a.     n.a.
 2026-Oct-18 00:00 *m  00 40 33.62 +01 25 12.1  00 41 57.89 +01 34 12.6  -10.3891  -4.23454   89.891027   3.842890    0.398   6.599   99.98223  19.64021   15.132810  -8.566351  8.46194849381882   6.6878194  165.3803 /T    1.5223   0.1869821   247.82442   19.268565         n.a.     n.a.
 2026-Oct-20 12:00 N   00 39 52.40 +01 21 01.0  00 41 16.66 +01 30 01.7  -10.1403  -4.12460  273.750085  -5.097482    0.409   6.607   99.97549  19.61422  242.233709  -8.469333  8.47316209690847   8.8303808  162.7490 /T    1.7887   0.1824510   247.86583   25.288172         n.a.     n.a.
 2026-Oct-23 00:00 *m  00 39 12.32 +01 16 57.7  00 40 36.57 +01 25 58.6  -9.96567  -3.97481   92.044490   8.655544    0.420   6.615   99.96780  19.58408  109.321337  -8.375232  8.48619916622859   9.2409260  160.1168 /T    2.0511   0.1788184   248.25542   26.733775         n.a.     n.a.
 2026-Oct-25 12:00 Am  00 38 33.02 +01 13 03.0  00 39 57.24 +01 22 04.0  -9.60597  -3.83718  275.693459  -9.991216    0.432   6.622   99.95918  19.54983  336.397254  -8.284201  8.50106686230114  11.3266471  157.4710 /T    2.3103   0.1724002   248.22538   32.589241         n.a.     n.a.
 2026-Oct-28 00:00 *   00 37 55.11 +01 09 17.7  00 39 19.33 +01 18 18.9  -9.41504  -3.66404   94.226789  13.449156    0.443   6.630   99.94976  19.51171  203.459280  -8.196693  8.51767561587355  11.7038246  154.8314 /T    2.5636   0.1683813   248.73558   34.019465         n.a.     n.a.
 2026-Oct-30 12:00 Am  00 37 18.23 +01 05 42.5  00 38 42.44 +01 14 43.9  -8.95129  -3.50120  277.709397 -14.847608    0.455   6.637   99.93956  19.46969   70.508843  -8.112829  8.53606194700805  13.7263310  152.1819 /T    2.8124   0.1601943   248.63758   39.704152         n.a.     n.a.
 2026-Nov-02 00:00 *   00 36 42.97 +01 02 18.0  00 38 07.20 +01 11 19.7  -8.74331  -3.30547   96.468166  18.213164    0.467   6.643   99.92876  19.42407  297.543950  -8.033058  8.55610888496965  14.0771895  149.5417 /T    3.0539   0.1557879   249.29053   41.140559         n.a.     n.a.
 2026-Nov-04 12:00 Am  00 36 08.98 +00 59 05.1  00 37 33.18 +01 08 06.8  -8.17518  -3.11716  279.829742 -19.655813    0.479   6.650   99.91737  19.37478  164.565842  -7.957506  8.57787479666189  16.0214355  146.8938 /T    3.2897   0.1458216   249.12838   46.655886         n.a.     n.a.
 2026-Nov-07 00:00 *   00 35 36.87 +00 56 04.4  00 37 01.04 +01 05 06.1  -7.94801  -2.89887   98.802242  22.936340    0.491   6.656   99.90558  19.32223   31.572783  -7.886624  8.60120212287482  16.3349934  144.2574 /T    3.5170   0.1410027   249.96164   48.091123         n.a.     n.a.
 2026-Nov-09 12:00 A   00 35 06.27 +00 53 16.6  00 36 30.40 +01 02 18.3  -7.28242  -2.68692  282.091171 -24.403666    0.503   6.662   99.89341  19.26633  258.565924  -7.820520  8.62616079892721  18.1739803  141.6156 /T    3.7374   0.1293715   249.74798   53.413470         n.a.     n.a.
 2026-Nov-12 00:00 *m  00 34 37.74 +00 50 42.3  00 36 01.89 +00 59 44.1  -7.04185  -2.44948  101.267219  27.606797    0.515   6.667   99.88106  19.20756  125.543864  -7.759598  8.65255468435451  18.4395026  138.9876 /T    3.9485   0.1242619   250.81997   54.821372         n.a.     n.a.
 2026-Nov-14 12:00 A   00 34 10.95 +00 48 22.1  00 35 35.07 +00 57 23.9  -6.29066  -2.21872  284.537484 -29.077531    0.528   6.673   99.86855  19.14579  352.507656  -7.703919  8.68047065154405  20.1550325  136.3559 /T    4.1515   0.1111744   250.57219   59.937565         n.a.     n.a.
 2026-Nov-17 00:00 *m  00 33 46.40 +00 46 16.4  00 35 10.52 +00 55 18.3  -6.04272  -1.96712  103.909041  32.211548    0.540   6.678   99.85608  19.08157  219.456217  -7.653824  8.70968160532990  20.3697414  133.7397 /T    4.3444   0.1059140   251.96812   61.301991         n.a.     n.a.
 2026-Nov-19 12:00 A   00 33 23.76 +00 44 25.5  00 34 47.83 +00 53 27.3  -5.21698  -1.72261  287.221708 -33.661999    0.553   6.682   99.84365  19.01474   86.390469  -7.609323  8.74029301673220  21.9481530  131.1211 /T    4.5285   0.0915671   251.72712   66.212734         n.a.     n.a.
 2026-Nov-22 00:00 *m  00 33 03.50 +00 42 49.9  00 34 27.56 +00 51 51.6  -4.96771  -1.46124  106.784551  36.735739    0.565   6.687   99.83149  18.94591  313.309653  -7.570699  8.77204807732115  22.1093763  128.5193 /T    4.7018   0.0863028   253.60894   67.514680         n.a.     n.a.
 2026-Nov-24 12:00 Am  00 32 45.29 +00 41 29.7  00 34 09.30 +00 50 31.3  -4.08158  -1.20718  290.209926 -38.138682    0.577   6.691   99.81956  18.87485  180.214573  -7.537919  8.80507139414605  23.5408646  125.9157 /T    4.8658   0.0709393   253.52379   72.216818         n.a.     n.a.
 2026-Nov-27 00:00 *   00 32 29.55 +00 40 25.3  00 33 53.60 +00 49 26.9  -3.83812  -0.93898  109.965249  41.161861    0.589   6.694   99.80809  18.80222   47.104778  -7.511218  8.83908650731848  23.6564203  123.3293 /T    5.0185   0.0658552   256.25279   73.435231         n.a.     n.a.
 2026-Nov-29 12:00 Am  00 32 15.97 +00 39 36.7  00 33 39.98 +00 48 38.4  -2.90098  -0.67694  293.585741 -42.484822    0.601   6.697   99.79704  18.72773  273.980862  -7.490554  8.87424468626121  24.9431220  120.7412 /T    5.1614   0.0496485   256.86520   77.947137         n.a.     n.a.
 2026-Dec-02 00:00 *   00 32 04.94 +00 39 04.3  00 33 28.95 +00 48 05.8  -2.66120  -0.40216  113.543290  45.467884    0.613   6.700   99.78660  18.65205  140.842604  -7.476150  8.91025132432359  25.0197738  118.1705 /T    5.2927   0.0448569   261.40644   79.070530         n.a.     n.a.
 2026-Dec-04 12:00 Am  00 31 56.17 +00 38 48.1  00 33 20.11 +00 47 49.5  -1.67668  -0.13317  297.454940 -46.671017    0.624   6.703   99.77677  18.57487    7.690389  -7.467962  8.94727157693483  26.1503434  115.5986 /T    5.4138   0.0280327   265.45891   83.386707         n.a.     n.a.
 2026-Dec-07 00:00 *   00 31 50.02 +00 38 48.5  00 33 13.96 +00 47 49.6  -1.44003  0.145885  117.637851  49.624835    0.636   6.705   99.76770  18.49691  234.524297  -7.466175  8.98498183885532  26.1778937  113.0450 /T    5.5229   0.0241234   275.78472   84.284554         n.a.     n.a.
 2026-Dec-09 12:00 A   00 31 46.22 +00 39 05.4  00 33 10.12 +00 48 06.4  -0.41920  0.418260  301.951661 -50.657873    0.647   6.707   99.75938  18.41785  101.344596  -7.470713  9.02355365471669  27.1341012  110.4912 /T    5.6214   0.0098696   314.93547   87.728013         n.a.     n.a.
 2026-Dec-12 00:00 *m  00 31 45.07 +00 39 38.9  00 33 08.99 +00 48 39.9  -0.19262  0.697601  122.403766  53.593772    0.658   6.708   99.75194  18.33841  328.151714  -7.481703  9.06264044314835  27.1066810  107.9565 /T    5.7078   0.0120618   344.56404   87.209274         n.a.     n.a.
 2026-Dec-14 12:00     00 31 46.31 +00 40 28.8  00 33 10.18 +00 49 29.7  0.850059  0.968994  307.241742 -54.392828    0.668   6.709   99.74536  18.25826  194.945789  -7.499026  9.10242725330635  27.8829412  105.4225 /T    5.7835   0.0214835   41.259165   85.154286         n.a.     n.a.
 2026-Dec-17 00:00 *m  00 31 50.19 +00 41 35.3  00 33 14.06 +00 50 35.9  1.060793  1.244425  128.040600  57.320999    0.678   6.709   99.73974  18.17812   61.727537  -7.522746  9.14255517254403  27.8055468  102.9084 /T    5.8472   0.0272533   40.445478   83.817894         n.a.     n.a.
 2026-Dec-19 12:00     00 31 56.49 +00 42 58.0  00 33 20.28 +00 51 58.3  2.114282  1.510901  313.519846 -57.805295    0.688   6.710   99.73505  18.09761  288.496921  -7.552710  9.18322561076838  28.4037312  100.3954 /T    5.9000   0.0433109   54.449776   80.392933         n.a.     n.a.
 2026-Dec-22 00:00 *m  00 32 05.38 +00 44 36.8  00 33 29.19 +00 53 36.8  2.306542  1.779177  134.793432  60.731755    0.698   6.709   99.73138  18.01747  155.254907  -7.588933  9.22407096485778  28.2832149   97.9026 /T    5.9410   0.0485501   52.354802   79.164875         n.a.     n.a.
 2026-Dec-24 12:00  m  00 32 16.67 +00 46 31.3  00 33 40.45 +00 55 31.4  3.361521  2.038759  320.988518 -60.801277    0.707   6.709   99.72866  17.93728   22.001274  -7.631244  9.26530738645769  28.7070347   95.4109 /T    5.9713   0.0655243   58.763233   75.660235         n.a.     n.a.
 2026-Dec-27 00:00 *   00 32 30.50 +00 48 41.6  00 33 54.31 +00 57 41.5  3.534380  2.299675  142.931157  63.722860    0.716   6.708   99.72697  17.85777  248.737203  -7.679645  9.30656356888184  28.5529268   92.9390 /T    5.9900   0.0702779   56.949612   74.523165         n.a.     n.a.
 2026-Dec-29 12:00  m  00 32 46.71 +00 51 07.2  00 34 10.45 +01 00 06.9  4.585955  2.553396  329.799276 -63.261691    0.724   6.706   99.72626  17.77848  115.462260  -7.733983  9.34806920367128  28.8072805   90.4677 /T    5.9982   0.0874814   60.891548   71.060311         n.a.     n.a.
$$EOE
**********************************************************************************************************************************************************************************************************************************************************************************************
Column meaning:
 
TIME

  Times PRIOR to 1962 are UT1, a mean-solar time closely related to the
prior but now-deprecated GMT. Times AFTER 1962 are in UTC, the current
civil or "wall-clock" time-scale. UTC is kept within 0.9 seconds of UT1
using integer leap-seconds for 1972 and later years.

  Conversion from the internal Barycentric Dynamical Time (TDB) of solar
system dynamics to the non-uniform civil UT time-scale requested for output
has not been determined for UTC times after the next July or January 1st.
Therefore, the last known leap-second is used as a constant over future
intervals.

  Time tags refer to the UT time-scale conversion from TDB on Earth
regardless of observer location within the solar system, although clock
rates may differ due to the local gravity field and no analog to "UT"
may be defined for that location.

  Any 'b' symbol in the 1st-column denotes a B.C. date. First-column blank
(" ") denotes an A.D. date.
 
CALENDAR SYSTEM

  Mixed calendar mode was active such that calendar dates after AD 1582-Oct-15
(if any) are in the modern Gregorian system. Dates prior to 1582-Oct-5 (if any)
are in the Julian calendar system, which is automatically extended for dates
prior to its adoption on 45-Jan-1 BC.  The Julian calendar is useful for
matching historical dates. The Gregorian calendar more accurately corresponds
to the Earth's orbital motion and seasons. A "Gregorian-only" calendar mode is
available if such physical events are the primary interest.

  NOTE: "n.a." in output means quantity "not available" at the print-time.
 
SOLAR PRESENCE (OBSERVING SITE)
  Time tag is followed by a blank, then a solar-presence symbol:

       '*'  Daylight (refracted solar upper-limb on or above apparent horizon)
       'C'  Civil twilight/dawn
       'N'  Nautical twilight/dawn
       'A'  Astronomical twilight/dawn
       ' '  Night OR geocentric ephemeris

LUNAR PRESENCE (OBSERVING SITE)
  The solar-presence symbol is immediately followed by a lunar-presence symbol:

       'm'  Refracted upper-limb of Moon on or above apparent horizon
       ' '  Refracted upper-limb of Moon below apparent horizon OR geocentric
            ephemeris
 
 'R.A._____(ICRF)_____DEC' =
  Astrometric right ascension and declination of the target center with
respect to the observing site (coordinate origin) in the reference frame of
the planetary ephemeris (ICRF). Compensated for down-leg light-time delay
aberration.

  Units: RA  in hours-minutes-seconds of time,    HH MM SS.ff{ffff}
         DEC in degrees-minutes-seconds of arc,  sDD MN SC.f{ffff}
 
 'R.A.__(a-apparent)__DEC' =
  Airless apparent right ascension and declination of the target center
with respect to an instantaneous reference frame defined by the Earth equator
of-date (z-axis) and meridian containing the Earth equinox of-date (x-axis,
EOP-corrected IAU76/80). Compensated for down-leg light-time delay,
gravitational deflection of light, stellar aberration, precession & nutation.
Note: equinox (RA origin) is offset -53 mas from the of-date frame defined
by the IAU06/00a P & N system.

  Units: RA  in hours-minutes-seconds of time,   HH MM SS.ff{ffff}
         DEC in degrees-minutes-seconds of arc, sDD MN SC.f{ffff}
 
 'dRA*cosD d(DEC)/dt' =
  The angular rate of change in apparent RA and DEC of the target. This is
with respect to the non-inertial IAU76/80 Earth true equator and equinox
of-date reference frame.  d(RA)/dt is multiplied by the cosine of declination
to provide a linear rate in the plane-of-sky. Units: ARCSECONDS PER HOUR
 
 'Azi____(a-app)___Elev' =
  Airless apparent azimuth and elevation of target center. Compensated
for light-time, the gravitational deflection of light, stellar aberration,
precession and nutation. Azimuth is measured clockwise from north:

  North(0) -> East(90) -> South(180) -> West(270) -> North (360)

Elevation angle is with respect to a plane perpendicular to the reference
surface local zenith direction. TOPOCENTRIC ONLY.  Units: DEGREES
 
 'APmag   S-brt' =
   Saturn's approximate apparent visual magnitude and surface brightness. The
value includes the ring system when the solar phase angle of the observer is
less than 6.5 degrees (typical when observed from Earth) AND effective ring
inclination is less than 27 degrees. Otherwise, the value is that of the globe
only (no rings).  An "n.a." will be output if outside the range of phase-angles
for which the model is valid.

   For Earth-based observers, the estimated dimming due to atmospheric
absorption (extinction) is available as a separate, requestable quantity.

   Surface brightness is the average airless visual magnitude of a
square-arcsecond of the illuminated portion of the apparent disk.

 MAGNITUDES & MAGNITUDES PER SQUARE ARCSECOND
 
 'Illu%' =
   Fraction of the target objects' assumed circular disk illuminated by Sun
(phase), as seen by the observer.  Units: PERCENT
 
 'Ang-diam' =
   The equatorial angular width of the target body full disk, if it were fully
illuminated and visible to the observer. If the target body diameter is unknown
"n.a." is output.

   Units: ARCSECONDS
 
 'ObsSub-LON ObsSub-LAT' =
   Apparent planetodetic longitude and latitude of the center of the target
disc seen by the OBSERVER at print-time. This is NOT exactly the same as the
"nearest" sub-point for a non-spherical target shape (since the center of the
disc might not be the point closest to the observer), but is generally very
close if not a very irregular body shape. Down-leg light travel-time from
target to observer is taken into account. Latitude is the angle between the
equatorial plane and the line perpendicular to the reference ellipsoid of the
body, so includes body oblateness. The reference ellipsoid is an oblate
spheroid with a single flatness coefficient in which the y-axis body radius
is taken to be the same value as the x-axis radius.  For Jupiter, Saturn, and
Uranus, IAU2015 longitude is based on the "System III" prime meridian rotation
angle of the magnetic field. By contrast, pole direction (thus latitude) is
relative to the body dynamical equator.  There can be an offset between the
magnetic pole and the dynamical pole of rotation. For Neptune, rotation is
IAU2015 "System II" rotation of optically observed features in the Neptunian
atmosphere. Positive longitude is to the WEST for this target. Cartographic
system is specified in the header.  Units: DEGREES DEGREES
 
 'delta      deldot' =
   Apparent range ("delta", light-time aberrated) and range-rate ("delta-dot")
of the target center relative to the observer. A positive "deldot" means the
target center is moving away from the observer, negative indicates movement
toward the observer.  Units: AU and KM/S
 
 'S-O-T /r' =
   Sun-Observer-Target apparent SOLAR ELONGATION ANGLE seen from the observers'
location at print-time.

   The '/r' column provides a code indicating the targets' apparent position
relative to the Sun in the observers' sky, as described below:

   Case A: For an observing location on the surface of a rotating body, that
body rotational sense is considered:

    /T indicates target TRAILS Sun   (evening sky: rises and sets AFTER Sun)
    /L indicates target LEADS Sun    (morning sky: rises and sets BEFORE Sun)

   Case B: For an observing point that does not have a rotational model (such
as a spacecraft), the "leading" and "trailing" condition is defined by the
observers' heliocentric ORBITAL motion:

    * If continuing in the observers' current direction of heliocentric
       motion would encounter the targets' apparent longitude first, followed
       by the Sun's, the target LEADS the Sun as seen by the observer.

    * If the Sun's apparent longitude would be encountered first, followed
       by the targets', the target TRAILS the Sun.

   Two other codes can be output:
    /* indicates observer is Sun-centered    (undefined)
    /? Target is aligned with Sun center     (no lead or trail)

   The S-O-T solar elongation angle is numerically the minimum separation
angle of the Sun and target in the sky in any direction. It does NOT indicate
the amount of separation in the leading or trailing directions, which would
be defined along the equator of a spherical coordinate system.

   Units: DEGREES
 
 'S-T-O' =
   The Sun-Target-Observer angle; the interior vertex angle at target center
formed by a vector from the target to the apparent center of the Sun (at
reflection time on the target) and the apparent vector from target to the
observer at print-time. Slightly different from true PHASE ANGLE (requestable
separately) at the few arcsecond level in that it includes stellar aberration
on the down-leg from target to observer.  Units: DEGREES
 
 'Sky_motion  Sky_mot_PA  RelVel-ANG' =
  Total apparent angular rate of the target in the plane-of-sky. "Sky_mot_PA"
is the position angle of the target's direction of motion in the plane-of-sky,
measured counter-clockwise from the apparent of-date north pole direction.
"RelVel-ANG" is the flight path angle of the target's relative motion with
respect to the observer's line-of-sight, in the range [-90,+90], where positive
values indicate motion away from the observer, negative values are toward the
observer:

  -90 = target is moving directly toward the observer
    0 = target is moving at right angles to the observer's line-of-sight
  +90 = target is moving directly away from the observer

UNITS:  ARCSECONDS/MINUTE, DEGREES, DEGREES
 
 'Lun_Sky_Brt  sky_SNR' =
  Sky brightness due to moonlight scattered by Earth's atmosphere at the
target's position in the sky. "sky_SNR" is the visual signal-to-noise ratio
(SNR) of the target's surface brightness relative to background sky. Output
only for topocentric Earth observers when both the Moon and target are above
the local horizon and the Sun is in astronomical twilight (or further) below
the horizon, and the target is not the Moon or Sun. If all conditions are
not met, "n.a." is output. Galactic brightness, local sky light-pollution
and weather are NOT considered. Lunar opposition surge is considered. The
value returned is accurate under ideal conditions at the approximately 8-23%
level, so is a useful but not definitive value.

  If the target-body radius is also known, "sky_SNR" is output. This is the
approximate visual signal-to-noise ratio of the target's brightness divided
by lunar sky brightness. When sky_SNR < 1, the target is dimmer than the
ideal moonlight-scattering background sky, so unlikely to be detectable at
visual wavelengths. In practice, visibility requires sky_SNR > 1 and a
detector sensitive enough to reach the target's magnitude, even if it isn't
washed out by moonlight. When relating magnitudes and brightness values,
keep in mind their logarithmic relationship m2-m1 = -2.5*log_10(b2/b1).

  UNITS: VISUAL MAGNITUDES / ARCSECOND^2, and unitless ratio

Computations by ...

    Solar System Dynamics Group, Horizons On-Line Ephemeris System
    4800 Oak Grove Drive, Jet Propulsion Laboratory
    Pasadena, CA  91109   USA

    General site: https://ssd.jpl.nasa.gov/
    Mailing list: https://ssd.jpl.nasa.gov/email_list.html
    System news : https://ssd.jpl.nasa.gov/horizons/news.html
    User Guide  : https://ssd.jpl.nasa.gov/horizons/manual.html
    Connect     : browser        https://ssd.jpl.nasa.gov/horizons/app.html#/x
                  API            https://ssd-api.jpl.nasa.gov/doc/horizons.html
                  command-line   telnet ssd.jpl.nasa.gov 6775
                  e-mail/batch   https://ssd.jpl.nasa.gov/ftp/ssd/horizons_batch.txt
                  scripts        https://ssd.jpl.nasa.gov/ftp/ssd/SCRIPTS
    Author      : Jon.D.Giorgini@jpl.nasa.gov

**********************************************************************************************************************************************************************************************************************************************************************************************
