*******************************************************************************
 Revised: January 26, 2022             Saturn                               699
 
 PHYSICAL DATA:
  Mass x10^26 (kg)      = 5.6834          Density (g/cm^3)       =  0.687+-.001
  Equat. radius (1 bar) = 60268+-4 km     Polar radius (km)      = 54364+-10
  Vol. Mean Radius (km) = 58232+-6        Flattening             =  0.09796
  Geometric Albedo      = 0.47            Rocky core mass (Mc/M) =  0.1027
  Sid. rot. period (III)= 10h 39m 22.4s   Sid. rot. rate (rad/s) =  0.000163785 
  Mean solar day, hrs   =~10.656         
  GM (km^3/s^2)         = 37931206.234    GM 1-sigma (km^3/s^2)  = +- 98
  Equ. grav, ge (m/s^2) = 10.44           Pol. grav, gp (m/s^2)  = 12.14+-0.01
  Vis. magnitude V(1,0) = -8.88          
  Vis. mag. (opposition)= +0.67           Obliquity to orbit     = 26.73 deg
  Sidereal orbit period = 29.447498 yr    Sidereal orbit period  = 10755.698 d
  Mean daily motion     = 0.0334979 deg/d Mean orbit velocity    =  9.68 km/s
  Atmos. temp. (1 bar)  = 134+-4 K        Escape speed, km/s    =  35.5          
  Aroche(ice)/Rp        =  2.71           Hill's sphere rad. Rp  = 1100
                                 Perihelion  Aphelion    Mean
  Solar Constant (W/m^2)         16.8        13.6        15.1
  Maximum Planetary IR (W/m^2)    4.7         4.5         4.6
  Minimum Planetary IR (W/m^2)    4.7         4.5         4.6
*******************************************************************************


*******************************************************************************
Ephemeris / WWW_USER Mon Apr  6 16:30:08 2026 Pasadena, USA      / Horizons    
*******************************************************************************
Target body name: Saturn (699)                    {source: sat441l}
Center body name: Earth (399)                     {source: DE441}
Center-site name: (user defined site below)
*******************************************************************************
Start time      : A.D. 2026-Jan-01 00:00:00.0000 UT      
Stop  time      : A.D. 2026-Dec-31 00:00:00.0000 UT      
Step-size       : 3600 minutes
*******************************************************************************
Target pole/equ : IAU_SATURN                      {West-longitude positive}
Target radii    : 60268.0, 60268.0, 54364.0 km    {Equator_a, b, pole_c}       
Center geodetic : 267.0, 18.0, .010               {E-lon(deg),Lat(deg),Alt(km)}
Center cylindric: 267.0, 6067.91805, 1958.38756   {E-lon(deg),Dxy(km),Dz(km)}
Center pole/equ : ITRF93                          {East-longitude positive}
Center radii    : 6378.137, 6378.137, 6356.752 km {Equator_a, b, pole_c}       
Target primary  : Sun
Vis. interferer : MOON (R_eq= 1737.400) km        {source: DE441}
Rel. light bend : Sun                             {source: DE441}
Rel. lght bnd GM: 1.3271E+11 km^3/s^2                                          
Atmos refraction: NO (AIRLESS)
RA format       : HMS
Time format     : CAL 
Calendar mode   : Mixed Julian/Gregorian
EOP file        : eop.260406.p260703                                           
EOP coverage    : DATA-BASED 1962-JAN-20 TO 2026-APR-06. PREDICTS-> 2026-JUL-02
Units conversion: 1 au= 149597870.700 km, c= 299792.458 km/s, 1 day= 86400.0 s 
Table cut-offs 1: Elevation (-90.0deg=NO ),Airmass (>38.000=NO), Daylight (NO )
Table cut-offs 2: Solar elongation (  0.0,180.0=NO ),Local Hour Angle( 0.0=NO )
Table cut-offs 3: RA/DEC angular rate (     0.0=NO )                           
**********************************************************************************************************************************************************************************************************************************************************************************************
 Date__(UT)__HR:MN     R.A._____(ICRF)_____DEC  R.A.__(a-apparent)__DEC  dRA*cosD d(DEC)/dt  Azi____(a-app)___Elev    APmag   S-brt      Illu%  Ang-diam  ObsSub-LON ObsSub-LAT             delta      deldot     S-O-T /r     S-T-O  Sky_motion  Sky_mot_PA  RelVel-ANG  Lun_Sky_Brt  sky_SNR
**********************************************************************************************************************************************************************************************************************************************************************************************
$$SOE
 2026-Jan-01 00:00 Cm  23 48 11.30 -03 44 26.8  23 49 31.44 -03 35 47.4  7.604063  3.929860  206.131139  66.142996    1.007   6.907   99.74921  17.10665  331.775594  -1.170092  9.71519306635551  27.8718722   75.6125 /T    5.7424   0.1426588   62.669600   58.990355         n.a.     n.a.
 2026-Jan-03 12:00 Nm  23 48 43.75 -03 40 24.6  23 50 03.85 -03 31 45.0  8.574842  4.142260   41.949301 -70.974781    1.011   6.903   99.75499  17.03654  198.443765  -1.265366  9.75517470839305  27.3744975   73.2131 /T    5.6762   0.1587155   64.216149   55.639531         n.a.     n.a.
 2026-Jan-06 00:00 C   23 49 18.25 -03 36 09.6  23 50 38.38 -03 27 30.1  8.655735  4.361132  215.890815  63.978727    1.015   6.898   99.76148  16.96814   65.106770  -1.365734  9.79450229796024  27.2194632   70.8327 /T    5.6005   0.1615388   63.259065   54.906242         n.a.     n.a.
 2026-Jan-08 12:00 Nm  23 49 54.86 -03 31 42.0  23 51 14.90 -03 23 02.5  9.591239  4.560589   51.134278 -67.663753    1.018   6.893   99.76868  16.90097  291.763170  -1.471241  9.83342721983685  26.5653816   68.4519 /T    5.5157   0.1770051   64.569132   51.620035         n.a.     n.a.
 2026-Jan-11 00:00 C   23 50 33.40 -03 27 02.2  23 51 53.44 -03 18 22.9  9.661336  4.770050  224.025383  61.274582    1.021   6.888   99.77648  16.83566  158.415427  -1.581565  9.87157374804418  26.3895024   66.0893 /T    5.4219   0.1795788   63.723263   50.922285         n.a.     n.a.
 2026-Jan-13 12:00 Nm  23 51 13.96 -03 22 10.4  23 52 33.92 -03 13 31.1  10.55625  4.956145   57.915989 -63.997071    1.024   6.882   99.78488  16.77176   25.062025  -1.696742  9.90918463433010  25.5787674   63.7263 /T    5.3194   0.1943635   64.850014   47.691317         n.a.     n.a.
 2026-Jan-16 00:00 C   23 51 56.32 -03 17 07.3  23 53 16.31 -03 08 28.0  10.61463  5.154216  230.732874  58.181245    1.026   6.876   99.79376  16.70985  251.705548  -1.816427  9.94589381671025  25.3817689   61.3814 /T    5.2084   0.1966641   64.099873   47.029011         n.a.     n.a.
 2026-Jan-18 12:00 N   23 52 40.61 -03 11 52.9  23 54 00.55 -03 03 13.5  11.46437  5.325299   63.061122 -60.118289    1.028   6.870   99.80313  16.64952  118.344391  -1.940636  9.98193769047391  24.4202482   59.0361 /T    5.0892   0.2106804   65.084716   43.848449         n.a.     n.a.
 2026-Jan-21 00:00 *m  23 53 26.57 -03 06 27.9  23 54 46.52 -02 57 48.6  11.51087  5.509632  236.279363  54.812174    1.029   6.864   99.81284  16.59130  344.981231  -2.069001  10.0169618801812  24.2019012   56.7090 /T    4.9621   0.2126918   64.422068   43.219374         n.a.     n.a.
 2026-Jan-23 12:00 N   23 54 14.35 -03 00 52.7  23 55 34.23 -02 52 13.4  12.30961  5.664075   67.089373 -56.110682    1.029   6.857   99.82290  16.53480  211.614408  -2.201512  10.0511934470805  23.0951808   54.3818 /T    4.8273   0.2258369   65.291219   40.085482         n.a.     n.a.
 2026-Jan-26 00:00 *m  23 55 03.65 -02 55 07.9  23 56 23.53 -02 46 28.8  12.34115  5.832779  240.913444  51.248164    1.030   6.850   99.83317  16.48052   78.246687  -2.337783  10.0842951729250  22.8601015   52.0729 /T    4.6853   0.2275017   64.703252   39.497573         n.a.     n.a.
 2026-Jan-28 12:00 N   23 55 54.64 -02 49 13.8  23 57 14.47 -02 40 34.6  13.08300  5.970154   70.339915 -52.023199    1.030   6.843   99.84364  16.42807  304.876331  -2.477793  10.1164919880453  21.6256294   49.7641 /T    4.5361   0.2396801   65.471404   36.418670         n.a.     n.a.
 2026-Jan-31 00:00 *m  23 56 47.00 -02 43 11.1  23 58 06.86 -02 34 31.8  13.10065  6.123381  244.839799  47.545525    1.029   6.836   99.85419  16.37791  171.506104  -2.621160  10.1474737048871  21.3887008   47.4732 /T    4.3806   0.2410180   64.948116   35.882576         n.a.     n.a.
 2026-Feb-02 12:00 Nm  23 57 40.92 -02 37 00.0  23 59 00.73 -02 28 20.6  13.78729  6.245691   73.035675 -47.885486    1.028   6.829   99.86481  16.32965   38.134138  -2.767881  10.1774625447702  20.0454120   45.1819 /T    4.2183   0.2522664   65.629300   32.855637         n.a.     n.a.
 2026-Feb-05 00:00 *   23 58 36.06 -02 30 41.2  23 59 55.88 -02 22 01.9  13.79821  6.385240  248.217428  43.743404    1.027   6.821   99.87537  16.28373  264.763165  -2.917606  10.2061683242498  19.8095843   42.9076 /T    4.0504   0.2534002   65.167258   32.357872         n.a.     n.a.
 2026-Feb-07 12:00 Nm  23 59 32.66 -02 24 14.8  00 00 52.42 -02 15 35.6  14.43199  6.494144   75.326393 -43.716303    1.025   6.814   99.88588  16.23977  131.391266  -3.070347  10.2337945651217  18.3580750   40.6323 /T    3.8763   0.2637634   65.773077   29.360295         n.a.     n.a.
 2026-Feb-10 00:00 *   00 00 30.36 -02 17 41.4  00 01 50.12 -02 09 02.3  14.43733  6.619774  251.168121  39.869549    1.022   6.806   99.89620  16.19819  358.021222  -3.225755  10.2600630466376  18.1138850   38.3734 /T    3.6970   0.2647105   65.367697   28.884267         n.a.     n.a.
 2026-Feb-12 12:00 Nm  00 01 29.41 -02 11 01.4  00 02 49.14 -02 02 22.1  15.01372  6.714702   77.314920 -39.527581    1.020   6.798   99.90634  16.15866  224.651129  -3.383828  10.2851593422076  16.5570533   36.1132 /T    3.5121   0.2741143   65.904012   25.908453         n.a.     n.a.
 2026-Feb-15 00:00 *   00 02 29.40 -02 04 15.2  00 03 49.16 -01 55 35.9  15.01143  6.824882  253.784943  35.943595    1.017   6.790   99.91618  16.12157   91.283789  -3.544208  10.3088267394334  16.3051976   33.8691 /T    3.3228   0.2748343   65.551289   25.455214         n.a.     n.a.
 2026-Feb-17 12:00 N   00 03 30.62 -01 57 23.3  00 04 50.34 -01 48 44.0  15.52701  6.904638   79.074621 -35.327033    1.013   6.782   99.92572  16.08660  317.917288  -3.706870  10.3312378887655  14.6547478   31.6240 /T    3.1283   0.2832167   66.025979   22.502043         n.a.     n.a.
 2026-Feb-20 00:00 *m  00 04 32.64 -01 50 26.2  00 05 52.36 -01 41 47.0  15.51685  6.997466  256.139117  31.979337    1.009   6.773   99.93485  16.05408  184.554402  -3.871443  10.3521612157411  14.3992960   29.3950 /T    2.9302   0.2836944   65.726568   22.073803         n.a.     n.a.
 2026-Feb-22 12:00 N   00 05 35.75 -01 43 24.4  00 06 55.42 -01 34 45.3  15.96928  7.060926   80.659203 -31.119575    1.005   6.765   99.94357  16.02375   51.193212  -4.037886  10.3717559125059  12.6683165   27.1654 /T    2.7275   0.2910110   66.147060   19.143588         n.a.     n.a.
 2026-Feb-25 00:00 *m  00 06 39.52 -01 36 18.4  00 07 59.21 -01 27 39.3  15.95089  7.135823  258.286219  27.986623    1.000   6.757   99.95177  15.99590  277.836450  -4.205825  10.3898182772290  12.4157384   24.9523 /T    2.5220   0.2912382   65.898071   18.744823         n.a.     n.a.
 2026-Feb-27 12:00 N   00 07 44.23 -01 29 08.8  00 09 03.92 -01 20 29.5  16.33884  7.184335   82.108738 -26.908116    0.995   6.748   99.95946  15.97026  144.482183  -4.375227  10.4064968526355  10.6222690   22.7390 /T    2.3126   0.2974765   66.264472   15.842450         n.a.     n.a.
 2026-Mar-02 00:00 *m  00 08 49.45 -01 21 55.9  00 10 09.17 -01 13 16.6  16.31499  7.243274  260.270143  23.972519    0.989   6.739   99.96656  15.94708   11.133050  -4.545750  10.4216192724135  10.3816649   20.5424 /T    2.1010   0.2975101   66.060491   15.477842         n.a.     n.a.
 2026-Mar-04 12:00 Nm  00 09 55.49 -01 14 40.1  00 11 15.18 -01 06 00.9  16.64161  7.279304   83.454285 -22.694534    0.983   6.730   99.97306  15.92615  237.787088  -4.717383  10.4353192455462   8.5395966   18.3459 /T    1.8863   0.3027336   66.374669   12.600233         n.a.     n.a.
 2026-Mar-07 00:00 *   00 11 01.91 -01 07 21.9  00 12 21.60 -00 58 42.9  16.61746  7.323495  262.126072  19.942322    0.976   6.721   99.97889  15.90766  104.446848  -4.889808  10.4474484743371   8.3090931   16.1669 /T    1.6702   0.3026612   66.216397   12.259442         n.a.     n.a.
 2026-Mar-09 12:00 Nm  00 12 09.04 -01 00 01.7  00 13 28.72 -00 51 22.7  16.88485  7.347414   84.720050 -18.479970    0.969   6.712   99.98407  15.89143  331.110403  -5.063016  10.4581162436841   6.4208042   13.9898 /T    1.4518   0.3069033   66.483817   9.3915902         n.a.     n.a.
 2026-Mar-12 00:00 *   00 13 16.43 -00 52 39.8  00 14 36.13 -00 44 00.8  16.86108  7.376132  263.883274  15.900232    0.962   6.702   99.98853  15.87765  197.780262  -5.236684  10.4671939340574   6.1916534   11.8340 /T    1.2330   0.3067316   66.372307   9.0591384         n.a.     n.a.
 2026-Mar-14 12:00 Cm  00 14 24.41 -00 45 16.8  00 15 44.12 -00 36 37.7  17.06608  7.387241   85.925669 -14.265060    0.953   6.692   99.99227  15.86617   64.454589  -5.410791  10.4747667193586   4.2609424    9.6877 /T    1.0132   0.3099383   66.594089   6.1911424         n.a.     n.a.
 2026-Mar-17 00:00 *   00 15 32.51 -00 37 53.0  00 16 52.24 -00 29 14.0  17.03958  7.399348  265.566205  11.849331    0.944   6.682   99.99525  15.85714  291.135839  -5.585008  10.4807325264365   4.0322617    7.5789 /T    0.7954   0.3096135   66.527362   5.8637479         n.a.     n.a.
 2026-Mar-19 12:00 C   00 16 41.07 -00 30 28.9  00 18 00.79 -00 21 50.1  17.17847  7.396429   87.088006 -10.049991    0.933   6.670   99.99747  15.85045  157.822251  -5.759295  10.4851590824575   2.0729317    5.5189 /T    0.5813   0.3117188   66.705032   2.9977981         n.a.     n.a.
 2026-Mar-22 00:00 *m  00 17 49.60 -00 23 05.1  00 19 09.34 -00 14 26.4  17.14762  7.390468  267.196041   7.791754    0.920   6.656   99.99891  15.84619   24.516173  -5.933310  10.4879776371257   1.8524580    3.6156 /T    0.3822   0.3112073   66.684400   2.6825474         n.a.     n.a.
 2026-Mar-24 12:00 C   00 18 58.46 -00 15 42.0  00 20 18.22 -00 07 03.4  17.22015  7.373053   88.221728  -5.834432    0.908   6.644   99.99958  15.84427  251.215879  -6.107007  10.4892428986771  -0.1153483    2.2530 /T    0.2378   0.3122033   66.821116   -0.172654         n.a.     n.a.
 2026-Mar-27 00:00 *m  00 20 07.15 -00 08 20.1  00 21 26.95 +00 00 18.6  17.18772  7.350121  268.791989   3.729056    0.907   6.643   99.99945  15.84476  117.923556  -6.280061  10.4889202075141  -0.3195297    2.5494 /L    0.2657   0.3115562   66.846615   -0.469180         n.a.     n.a.
 2026-Mar-29 12:00 C   00 21 16.04 -00 00 59.7  00 22 35.87 +00 07 39.0  17.19706  7.320745   89.340054  -1.617878    0.914   6.650   99.99854  15.84759  344.637525  -6.452453  10.4870454476650  -2.2827075    4.1560 /L    0.4334   0.3115072   66.940667   -3.314113         n.a.     n.a.
 2026-Apr-01 00:00 *m  00 22 24.65 +00 06 18.6  00 23 44.48 +00 14 57.3  17.16608  7.283375  270.371631  -0.337176    0.920   6.657   99.99685  15.85279  211.359836  -6.623893  10.4836110642857  -2.4720545    6.1076 /L    0.6381   0.3107884   67.009037   -3.597260         n.a.     n.a.
 2026-Apr-03 12:00 Cm  00 23 33.33 +00 13 34.7  00 24 53.18 +00 22 13.2  17.11407  7.243554   90.455533   2.599817    0.924   6.662   99.99438  15.86032   78.088897  -6.794377  10.4786293469480  -4.4239057    8.1652 /L    0.8537   0.3097314   67.059426   -6.439264         n.a.     n.a.
 2026-Apr-06 00:00 *   00 24 41.61 +00 20 48.1  00 26 01.49 +00 29 26.5  17.08582  7.192029  271.952083  -4.405446    0.928   6.667   99.99116  15.87018  304.826636  -6.963620  10.4721180048479  -4.6026130   10.2550 /L    1.0719   0.3089636   67.172046   -6.717422         n.a.     n.a.
 2026-Apr-08 12:00 Cm  00 25 49.85 +00 27 58.3  00 27 09.78 +00 36 36.8  16.97317  7.141103   91.580197   6.819064    0.930   6.671   99.98719  15.88240  171.571567  -7.131615  10.4640654162888  -6.5372229   12.3700 /L    1.2917   0.3069038   67.182103   -9.564334         n.a.     n.a.
 2026-Apr-11 00:00 *   00 26 57.57 +00 35 05.1  00 28 17.54 +00 43 43.6  16.94769  7.074543  273.550651  -8.474126    0.932   6.674   99.98250  15.89691   38.325497  -7.298067  10.4545138387981  -6.7103667   14.4878 /L    1.5103   0.3060834   67.342681   -9.847201         n.a.     n.a.
 2026-Apr-13 12:00 *m  00 28 05.14 +00 42 08.0  00 29 25.15 +00 50 46.4  16.77297  7.011548   92.726692  11.040022    0.933   6.677   99.97710  15.91378  265.087081  -7.462959  10.4434266416670  -8.6230253   16.6186 /L    1.7287   0.3029917   67.313771   -12.70974         n.a.     n.a.
 2026-Apr-16 00:00 *   00 29 12.06 +00 49 06.6  00 30 32.10 +00 57 44.8  16.74654  6.929063  275.185101 -12.541555    0.933   6.680   99.97105  15.93294  131.858020  -7.625987  10.4308721625735  -8.7930346   18.7458 /L    1.9445   0.3020571   67.522143   -13.00562         n.a.     n.a.
 2026-Apr-18 12:00 *   00 30 18.69 +00 56 00.4  00 31 38.77 +01 04 38.5  16.50572  6.852769   93.908812  15.262848    0.933   6.683   99.96433  15.95447  358.637107  -7.787122  10.4167961063138 -10.6694709   20.8827 /L    2.1591   0.2978624   67.452980   -15.88464         n.a.     n.a.
 2026-Apr-21 00:00 *m  00 31 24.55 +01 02 48.9  00 32 44.68 +01 11 27.1  16.47564  6.753876  276.874978 -16.605975    0.933   6.686   99.95703  15.97823  225.425877  -7.946050  10.4013027127029 -10.8253508   23.0139 /L    2.3703   0.2967704   67.709753   -16.18362         n.a.     n.a.
 2026-Apr-23 12:00 *   00 32 29.97 +01 09 31.9  00 33 50.18 +01 18 10.1  16.17061  6.665060   95.141909  19.487781    0.932   6.689   99.94913  16.00435   92.223187  -8.102756  10.3843275450690 -12.6424212   25.1534 /L    2.5795   0.2915054   67.599950   -19.06496         n.a.     n.a.
 2026-Apr-26 00:00 *m  00 33 34.49 +01 16 08.7  00 34 54.75 +01 24 47.0  16.14191  6.552272  278.642196 -20.665172    0.931   6.691   99.94074  16.03264  319.030338  -8.256955  10.3660073514931 -12.7773763   27.2864 /L    2.7847   0.2903511   67.906942   -19.35595         n.a.     n.a.
 2026-Apr-28 12:00 *   00 34 38.46 +01 22 39.3  00 35 58.77 +01 31 17.4  15.77879  6.453374   96.444085  23.714382    0.930   6.694   99.93184  16.06325  185.846289  -8.408664  10.3462545714188 -14.5290818   29.4278 /L    2.9872   0.2841245   67.755907   -22.24297         n.a.     n.a.
 2026-May-01 00:00 *m  00 35 41.43 +01 29 03.1  00 37 01.77 +01 37 41.2  15.75354  6.328592  280.512041 -24.715877    0.928   6.696   99.92253  16.09596   52.672186  -8.557620  10.3252251487913 -14.6528782   31.5628 /L    3.1851   0.2829532   68.113434   -22.53850         n.a.     n.a.
 2026-May-03 12:00 *m  00 36 43.73 +01 35 20.0  00 38 04.16 +01 43 58.0  15.33245  6.219939   97.836642  27.941646    0.926   6.699   99.91279  16.13099  279.507163  -8.703847  10.3028060440775 -16.3377986   33.7071 /L    3.3798   0.2757674   67.919006   -25.44493         n.a.     n.a.
 2026-May-06 00:00 *   00 37 44.93 +01 41 29.5  00 39 05.41 +01 50 07.5  15.30845  6.082931  282.515103 -28.753600    0.923   6.701   99.90275  16.16807  146.352221  -8.847073  10.2791760909874 -16.4548233   35.8457 /L    3.5695   0.2745455   68.329223   -25.75460         n.a.     n.a.
 2026-May-08 12:00 *m  00 38 45.34 +01 47 31.3  00 40 05.91 +01 56 09.4  14.82880  5.963316   99.346049  32.167930    0.921   6.703   99.89238  16.20745   13.206653  -8.987317  10.2542027482270 -18.0648210   37.9944 /L    3.7554   0.2663823   68.092758   -28.68709         n.a.     n.a.
 2026-May-11 00:00 *   00 39 44.53 +01 53 25.0  00 41 05.14 +02 02 03.1  14.80466  5.813146  284.688498 -32.772521    0.917   6.705   99.88182  16.24883  240.071288  -9.124293  10.2280896668828 -18.1756711   40.1382 /L    3.9357   0.2650842   68.562226   -29.01519         n.a.     n.a.
 2026-May-13 12:00 *m  00 40 42.81 +01 59 10.2  00 42 03.50 +02 07 48.2  14.26651  5.681249  101.006504  36.390521    0.914   6.707   99.87104  16.29248  106.945582  -9.258009  10.2006849955784 -19.7032570   42.2929 /L    4.1118   0.2559350   68.286423   -31.98171         n.a.     n.a.
 2026-May-16 00:00 *   00 41 39.75 +02 04 46.6  00 43 00.48 +02 13 24.5  14.23876  5.517306  287.078557 -36.764845    0.910   6.709   99.86019  16.33808  333.830205  -9.388170  10.1722154948012 -19.8085945   44.4432 /L    4.2816   0.2545054   68.819391   -32.33606         n.a.     n.a.
 2026-May-18 12:00 *   00 42 35.65 +02 10 13.7  00 43 56.49 +02 18 51.8  13.63971  5.372577  102.862723  40.605455    0.905   6.711   99.84924  16.38592  200.724782  -9.514783  10.1425163870800 -21.2392030   46.6049 /L    4.4465   0.2443280   68.500901   -35.34071         n.a.     n.a.
 2026-May-21 00:00 *m  00 43 30.09 +02 15 31.2  00 44 51.00 +02 24 09.4  13.60637  5.196187  289.744745 -40.719961    0.901   6.713   99.83835  16.43562   67.629766  -9.637559  10.1118462641627 -21.3271839   48.7622 /L    4.6047   0.2427468   69.098461   -35.71062         n.a.     n.a.
 2026-May-23 12:00 *   00 44 23.33 +02 20 38.7  00 45 44.35 +02 29 17.0  12.95117  5.040822  104.975080  44.806688    0.896   6.714   99.82748  16.48749  294.544873  -9.756537  10.0800324281313 -22.6420075   50.9310 /L    4.7574   0.2316263   68.733142   -38.74089         n.a.     n.a.
 2026-May-26 00:00 *m  00 45 15.03 +02 25 36.0  00 46 36.08 +02 34 14.3  12.91715  4.854847  292.763654 -44.623057    0.890   6.716   99.81679  16.54111  161.470307  -9.871457  10.0473561321950 -22.7107049   53.0957 /L    4.9029   0.2299893   69.401515   -39.11525         n.a.     n.a.
 2026-May-28 12:00 *   00 46 05.41 +02 30 22.8  00 47 26.57 +02 39 01.0  12.21253  4.690140  107.426916  48.984574    0.884   6.717   99.80625  16.59683   28.405928  -9.982382  10.0136246315434 -23.9085571   55.2728 /L    5.0424   0.2180363   68.991053   -42.17545         n.a.     n.a.
 2026-May-31 00:00 *   00 46 54.16 +02 34 58.7  00 48 15.37 +02 43 37.0  12.17864  4.495492  296.236067 -48.452782    0.878   6.718   99.79600  16.65420  255.351766 -10.089056  9.97913073592822 -23.9688668   57.4466 /L    5.1743   0.2163643   69.739415   -42.56530         n.a.     n.a.
 2026-Jun-02 12:00 *m  00 47 41.50 +02 39 23.6  00 49 02.83 +02 48 02.1  11.42499  4.321152  110.335858  53.124322    0.872   6.719   99.78603  16.71361  122.307894 -10.191545  9.94366146646804 -25.0512057   59.6338 /L    5.2998   0.2035810   69.282420   -45.67389         n.a.     n.a.
 2026-Jun-05 00:00 *   00 48 27.10 +02 43 37.1  00 49 48.49 +02 52 15.8  11.38693  4.117589  300.294978 -52.178831    0.865   6.720   99.77646  16.77457  349.274184 -10.289584  9.90752502575789 -25.1069864   61.8187 /L    5.4171   0.2018090   70.119677   -46.09210         n.a.     n.a.
 2026-Jun-07 12:00 *m  00 49 11.16 +02 47 39.1  00 50 32.66 +02 56 17.9  10.58341  3.932394  113.874007  57.202843    0.858   6.721   99.76729  16.83749  216.250897 -10.383228  9.87049693309275 -26.0659996   64.0183 /L    5.5276   0.1881727   69.616838   -49.26169         n.a.     n.a.
 2026-Jun-10 00:00 *   00 49 53.39 +02 51 28.9  00 51 14.93 +03 00 07.8  10.53789  3.719082  305.115058 -55.758072    0.850   6.722   99.75865  16.90187   83.237710 -10.472199  9.83290468189043 -26.1134467   66.2165 /L    5.6294   0.1862486   70.560808   -49.71191         n.a.     n.a.
 2026-Jun-12 12:00 *m  00 50 33.95 +02 55 06.6  00 51 55.60 +03 03 45.5  9.685973  3.521796  118.298878  61.183302    0.843   6.722   99.75053  16.96811  310.235042 -10.556545  9.79451651290693 -26.9377785   68.4302 /L    5.7239   0.1717727   70.018858   -52.94936         n.a.     n.a.
 2026-Jun-15 00:00 *m  00 51 12.58 +02 58 31.5  00 52 34.30 +03 07 10.7  9.631153  3.298928  310.921500 -59.128172    0.834   6.723   99.74305  17.03566  177.242358 -10.635984  9.75567836997052 -26.9712922   70.6431 /L    5.8092   0.1696746   71.092295   -53.43049         n.a.     n.a.
 2026-Jun-17 12:00 *   00 51 49.41 +03 01 43.6  00 53 11.28 +03 10 23.1  8.733741  3.090838  124.001490  65.005167    0.826   6.723   99.73620  17.10496   44.260220 -10.710581  9.71615471112409 -27.6475047   72.8720 /L    5.8866   0.1544088   70.511323   -56.73828         n.a.     n.a.
 2026-Jun-20 00:00 *m  00 52 24.22 +03 04 42.4  00 53 46.14 +03 13 22.2  8.670671  2.861856  317.986915 -62.199390    0.817   6.723   99.73009  17.17539  271.287846 -10.780089  9.67630989510496 -27.6595846   75.1000 /L    5.9545   0.1521793   71.733925   -57.23796         n.a.     n.a.
 2026-Jun-22 12:00 *   00 52 57.12 +03 07 28.1  00 54 19.15 +03 16 07.9  7.735263  2.646035  131.572242  68.565504    0.808   6.723   99.72471  17.24742  138.325919 -10.844610  9.63590228983911 -28.1801118   77.3442 /L    6.0139   0.1362553   71.115502   -60.61267         n.a.     n.a.
 2026-Jun-25 00:00 *m  00 53 27.94 +03 10 00.0  00 54 50.00 +03 18 40.0  7.666524  2.413172  326.594152 -64.845569    0.799   6.722   99.72016  17.32039    5.373435 -10.903921  9.59530430429643 -28.1737029   79.5879 /L    6.0636   0.1339558   72.527696   -61.12464         n.a.     n.a.
 2026-Jun-27 12:00 *   00 53 56.75 +03 12 18.5  00 55 18.94 +03 20 58.7  6.699479  2.189955  141.837275  71.688414    0.789   6.722   99.71641  17.39479  232.431239 -10.958127  9.55426450805005 -28.5391579   81.8486 /L    6.1045   0.1174721   71.898243   -64.57471         n.a.     n.a.
 2026-Jun-30 00:00 *   00 54 23.41 +03 14 23.0  00 55 45.67 +03 23 03.5  6.625254  1.953528  336.925614 -66.900569    0.779   6.721   99.71355  17.46995   99.498134 -11.007011  9.51315897701251 -28.5205374   84.1096 /L    6.1353   0.1151210   73.571279   -65.10113         n.a.     n.a.
 2026-Jul-02 12:00 *m  00 54 47.98 +03 16 13.6  00 56 10.37 +03 24 54.5  5.629954  1.722793  155.663995  74.085973    0.769   6.720   99.71157  17.54637  326.575154 -11.050674  9.47172695529057 -28.7337883   86.3886 /L    6.1569   0.0981275   72.985640   -68.64458         n.a.     n.a.
 2026-Jul-05 00:00 *   00 55 10.36 +03 17 49.9  00 56 32.79 +03 26 31.1  5.545949  1.482958  348.853996 -68.175140    0.758   6.719   99.71052  17.62336  193.660943 -11.088900  9.43034782278345 -28.7061090   88.6688 /L    6.1682   0.0956799   75.029642   -69.19589         n.a.     n.a.
 2026-Jul-07 12:00 *m  00 55 30.54 +03 19 12.0  00 56 53.08 +03 27 53.5  4.523148  1.244246  173.074295  75.364206    0.747   6.718   99.71039  17.70143   60.756719 -11.121782  9.38876005742320 -28.7620483   90.9680 /L    6.1699   0.0781861   74.619274   -72.85456         n.a.     n.a.
 2026-Jul-10 00:00 *   00 55 48.47 +03 20 19.4  00 57 11.04 +03 29 01.1  4.425219  1.000883    1.744116 -68.507086    0.736   6.717   99.71122  17.77984  287.860929 -11.149105  9.34735203029577 -28.7174857   93.2693 /L    6.1611   0.0756166   77.255448   -73.43147         n.a.     n.a.
 2026-Jul-12 12:00 *m  00 56 04.10 +03 21 12.4  00 57 26.82 +03 29 54.5  3.379415  0.754398  191.951013  75.196177    0.725   6.715   99.71302  17.85910  154.974908 -11.170956  9.30587016204906 -28.6026720   95.5903 /L    6.1423   0.0577099   77.416003   -77.21273         n.a.     n.a.
 2026-Jul-15 00:00 *m  00 56 17.43 +03 21 50.3  00 57 40.21 +03 30 33.0  3.269421  0.509556   14.541963 -67.830627    0.714   6.713   99.71579  17.93844   22.096849 -11.187147  9.26471237946335 -28.5293867   97.9137 /L    6.1127   0.0551482   81.141422   -77.78501         n.a.     n.a.
 2026-Jul-17 12:00 *   00 56 28.40 +03 22 13.6  00 57 51.30 +03 30 56.7  2.211949  0.259168  208.919997  73.594523    0.702   6.711   99.71952  18.01833  249.228157 -11.197802  9.22363128700543 -28.2365466  100.2568 /L    6.0728   0.0371180   83.317289   -81.66191         n.a.     n.a.
 2026-Jul-20 00:00 *m  00 56 37.05 +03 22 21.8  00 57 59.97 +03 31 05.2  2.094897  0.017589   26.238253 -66.209316    0.690   6.709   99.72419  18.09801  116.366796 -11.202795  9.18302153930686 -28.1358666  102.6019 /L    6.0220   0.0349162   89.518958   -82.15668         n.a.     n.a.
 2026-Jul-22 12:00 *   00 56 43.30 +03 22 15.5  00 58 06.33 +03 30 59.3  1.035367  -0.23334  222.206179  70.888645    0.678   6.707   99.72980  18.17796  343.514302 -11.202276  9.14263405432586 -27.6713826  104.9668 /L    5.9608   0.0176889   102.70048   -85.95896         n.a.     n.a.
 2026-Jul-25 00:00 *m  00 56 47.23 +03 21 54.3  00 58 10.30 +03 30 38.5  0.911508  -0.47006   36.287780 -63.797000    0.666   6.704   99.73628  18.25740  210.668474 -11.196147  9.10285497903662 -27.5484556  107.3339 /L    5.8889   0.0170929   117.28008   -86.09433         n.a.     n.a.
 2026-Jul-27 12:00 *   00 56 48.74 +03 21 18.7  00 58 11.93 +03 30 03.5  -0.14312  -0.72095  232.045818  67.448995    0.654   6.701   99.74365  18.33680   77.830973 -11.184548  9.06343909839980 -26.9155839  109.7212 /L    5.8063   0.0122502   191.22831   -87.14540         n.a.     n.a.
 2026-Jul-30 00:00 *   00 56 47.95 +03 20 28.4  00 58 11.18 +03 29 13.6  -0.27327  -0.95244   44.632312 -60.769987    0.641   6.698   99.75182  18.41538  304.999427 -11.167399  9.02476468888645 -26.7713694  112.1110 /L    5.7132   0.0165144   196.00919   -86.15014         n.a.     n.a.
 2026-Aug-01 12:00 *m  00 56 44.72 +03 19 23.8  00 58 08.05 +03 28 09.5  -1.31537  -1.20255  239.334738  63.539719    0.629   6.695   99.76078  18.49360  172.175612 -11.144836  8.98659163694942 -25.9749699  114.5217 /L    5.6094   0.0297037   227.56552   -82.91890         n.a.     n.a.
 2026-Aug-04 00:00 *   00 56 39.23 +03 18 04.7  00 58 02.57 +03 26 50.8  -1.45364  -1.42798   51.483490 -57.281842    0.616   6.692   99.77043  18.57069   39.357017 -11.116801  8.94928662580726 -25.8110524  116.9355 /L    5.4951   0.0339616   225.51017   -81.89911         n.a.     n.a.
 2026-Aug-06 12:00 *m  00 56 31.29 +03 16 31.6  00 57 54.73 +03 25 18.2  -2.47873  -1.67602  244.867711  59.322204    0.603   6.688   99.78077  18.64709  266.545535 -11.083424  8.91262079250066 -24.8512474  119.3707 /L    5.3702   0.0498696   235.93503   -77.80092         n.a.     n.a.
 2026-Aug-09 00:00 *   00 56 21.13 +03 14 44.3  00 57 44.62 +03 23 31.4  -2.62711  -1.89373   57.128152 -53.449498    0.591   6.684   99.79167  18.72201  133.738495 -11.044682  8.87695540858279 -24.6577255  121.8094 /L    5.2351   0.0539752   234.21432   -76.78188         n.a.     n.a.
 2026-Aug-11 12:00 *m  00 56 08.53 +03 12 43.3  00 57 32.14 +03 21 31.2  -3.62547  -2.13648  249.202294  54.892207    0.578   6.680   99.80313  18.79585    0.937816 -11.000718  8.84208245180166 -23.5257700  124.2695 /L    5.0893   0.0701359   239.48924   -72.32636         n.a.     n.a.
 2026-Aug-14 00:00 *m  00 55 53.79 +03 10 28.7  00 57 17.42 +03 19 17.1  -3.77690  -2.34213   61.832774 -49.357245    0.565   6.676   99.81500  18.86782  228.140598 -10.951579  8.80835578505646 -23.2921422  126.7326 /L    4.9337   0.0740694   238.19611   -71.29480         n.a.     n.a.
 2026-Aug-16 12:00 *   00 55 36.66 +03 08 01.1  00 57 00.36 +03 16 50.0  -4.73078  -2.57402  252.706554  50.307969    0.553   6.672   99.82725  18.93829   95.348750 -10.897451  8.77558017854955 -21.9937823  129.2165 /L    4.7678   0.0897617   241.44937   -66.59142         n.a.     n.a.
 2026-Aug-19 00:00 *m  00 55 17.51 +03 05 20.7  00 56 41.22 +03 14 10.0  -4.87770  -2.76327   65.814117 -45.065269    0.540   6.667   99.83973  19.00650  322.559229 -10.838453  8.74408343935938 -21.7299437  131.7024 /L    4.5925   0.0934339   240.46797   -65.56007         n.a.     n.a.
 2026-Aug-21 12:00 *   00 54 56.07 +03 02 28.2  00 56 19.87 +03 11 18.1  -5.77672  -2.98112  255.623958  45.607141    0.528   6.662   99.85241  19.07283  189.774029 -10.774781  8.71367563207309 -20.2842382  134.2083 /L    4.4074   0.1083430   242.70370   -60.63927         n.a.     n.a.
 2026-Aug-24 00:00 *m  00 54 32.75 +02 59 23.8  00 55 56.58 +03 08 14.3  -5.91965  -3.15266   69.239382 -40.616756    0.516   6.658   99.86511  19.13655   56.990047 -10.706592  8.68465880465076 -19.9971151  136.7157 /L    4.2136   0.1117804   241.96129   -59.59606         n.a.     n.a.
 2026-Aug-26 12:00 *   00 54 07.25 +02 56 08.4  00 55 31.16 +03 04 59.5  -6.75680  -3.35513  258.118564  40.815123    0.503   6.653   99.87782  19.19801  284.209331 -10.634072  8.65685809887199 -18.4141521  139.2428 /L    4.0106   0.1257326   243.59301   -54.45546         n.a.     n.a.
 2026-Aug-29 00:00 *   00 53 40.03 +02 52 42.1  00 55 03.94 +03 01 33.8  -6.89501  -3.50850   72.236258 -36.043481    0.491   6.647   99.89035  19.25652  151.428699 -10.557409  8.63055288131808 -18.1029084  141.7708 /L    3.7996   0.1289389   243.03091   -53.38706         n.a.     n.a.
 2026-Aug-31 12:00 *m  00 53 10.76 +02 49 05.8  00 54 34.73 +02 57 57.9  -7.66139  -3.69435  260.303708  35.949951    0.479   6.642   99.90268  19.31239   18.650211 -10.476780  8.60558659763446 -16.3915245  144.3183 /L    3.5800   0.1417598   244.25647   -48.02664         n.a.     n.a.
 2026-Sep-03 00:00 *   00 52 39.94 +02 45 19.7  00 54 03.91 +02 54 12.3  -7.79350  -3.82836   74.901981 -31.369456    0.468   6.636   99.91463  19.36499  245.870626 -10.392409  8.58221326534553 -16.0552886  146.8661 /L    3.3532   0.1447172   243.83860   -46.92360         n.a.     n.a.
 2026-Sep-05 12:00 *m  00 52 07.22 +02 41 24.7  00 53 31.27 +02 50 18.0  -8.48129  -3.99455  262.260518  31.025400    0.456   6.631   99.92619  19.41456  113.092001 -10.304483  8.56029766653080 -14.2229808  149.4329 /L    3.1186   0.1562483   244.78032   -41.34107         n.a.     n.a.
 2026-Sep-08 00:00 *   00 51 33.14 +02 37 21.3  00 52 57.23 +02 46 15.2  -8.60475  -4.10562   77.311137 -26.613380    0.445   6.625   99.93716  19.46055  340.311035 -10.213292  8.54007074805094 -13.8554616  151.9988 /L    2.8778   0.1589006   244.49257   -40.18955         n.a.     n.a.
 2026-Sep-10 12:00 *m  00 50 57.36 +02 33 10.4  00 52 21.48 +02 42 04.9  -9.20190  -4.24691  264.048713  26.052589    0.434   6.619   99.94754  19.50313  207.529710 -10.119055  8.52142226195801 -11.9081592  154.5819 /L    2.6300   0.1689108   245.22547   -34.39225         n.a.     n.a.
 2026-Sep-13 00:00 *m  00 50 20.44 +02 28 52.7  00 51 44.56 +02 37 47.5  -9.30794  -4.33059   79.522169 -21.790694    0.424   6.613   99.95715  19.54182   74.744657 -10.022142  8.50455359854898 -11.5091560  157.1615 /L    2.3773   0.1711008   245.04944   -33.20123         n.a.     n.a.
 2026-Sep-15 12:00 *   00 49 42.04 +02 24 29.1  00 51 06.19 +02 33 24.4  -9.80009  -4.44300  265.713816  21.041418    0.413   6.606   99.96598  19.57677  301.957789  -9.922796  8.48937021245904  -9.4674039  159.7548 /L    2.1189   0.1793367   245.61219   -27.22749         n.a.     n.a.
 2026-Sep-18 00:00 *m  00 49 02.78 +02 20 00.5  00 50 26.95 +02 28 56.3  -9.88278  -4.49766   81.581161 -16.914739    0.403   6.600   99.97389  19.60758  169.165770  -9.821431  8.47603176693728  -9.0506546  162.3398 /L    1.8571   0.1809684   245.52968   -26.02277         n.a.     n.a.
 2026-Sep-20 12:00 C   00 48 22.31 +02 15 27.8  00 49 46.52 +02 24 24.2  -10.2638  -4.58000  267.292134  16.001269    0.393   6.593   99.98085  19.63439   36.370509  -9.718283  8.46445565501028  -6.9419489  164.9322 /L    1.5913   0.1873224   245.95227   -19.91507         n.a.     n.a.
 2026-Sep-23 00:00 *m  00 47 41.25 +02 10 51.8  00 49 05.47 +02 19 48.7  -10.3249  -4.60570   83.525912 -11.997430    0.383   6.586   99.98675  19.65690  263.568786  -9.613789  8.45476163966842  -6.5172860  167.5057 /L    1.3244   0.1884262   245.95943   -18.70259         n.a.     n.a.
 2026-Sep-25 12:00 C   00 46 59.23 +02 06 13.5  00 48 23.46 +02 15 10.8  -10.5939  -4.65789  268.813371  10.940792    0.373   6.577   99.99159  19.67523  130.762488  -9.508168  8.44688730728555  -4.3600546  170.0678 /L    1.0564   0.1928780   246.26602   -12.48888         n.a.     n.a.
 2026-Sep-28 00:00 *   00 46 16.89 +02 01 33.7  00 47 41.11 +02 10 31.3  -10.6353  -4.65559   85.388693  -7.049505    0.361   6.567   99.99528  19.68914  357.948504  -9.401867  8.44091858856117  -3.9273924  172.5692 /L    0.7929   0.1934947   246.35870   -11.25629         n.a.     n.a.
 2026-Sep-30 12:00 Cm  00 45 33.86 +01 56 53.3  00 46 58.09 +02 05 51.3  -10.7900  -4.67796  270.303283   5.868151    0.348   6.555   99.99781  19.69871  225.128638  -9.295084  8.43681942558021  -1.7329346  174.9455 /L    0.5412   0.1960068   246.56102   -4.960386         n.a.     n.a.
 2026-Oct-03 00:00 *   00 44 50.79 +01 52 13.1  00 46 15.05 +02 01 11.6  -10.8096  -4.64736   87.197686  -2.080786    0.334   6.542   99.99914  19.70379   92.299865  -9.188289  8.43464414875500  -1.2883815  176.8398 /L    0.3384   0.1961043   246.73565   -3.692584         n.a.     n.a.
 2026-Oct-05 12:00 Cm  00 44 07.30 +01 47 34.2  00 45 31.58 +01 56 33.2  -10.8442  -4.63744  271.785446   0.791453    0.333   6.541   99.99928  19.70440  319.463855  -9.081697  8.43438179153792   0.9295012  177.0923 /L    0.3059   0.1965690   246.84630   2.6498080         n.a.     n.a.
 2026-Oct-08 00:00 C   00 43 24.07 +01 42 57.4  00 44 48.35 +01 51 56.8  -10.8372  -4.57552   88.978798   2.899180    0.346   6.554   99.99821  19.70051  186.617706  -8.975829  8.43604894297057   1.3825279  175.4093 /T    0.4808   0.1960585   247.11027   3.9501220         n.a.     n.a.
 2026-Oct-10 12:00 Cm  00 42 40.72 +01 38 23.8  00 44 04.98 +01 47 23.4  -10.7474  -4.53055  273.282271  -4.280974    0.362   6.568   99.99593  19.69209   53.762971  -8.870919  8.43965373815533   3.6014098  173.0760 /T    0.7256   0.1943887   247.14227   10.287553         n.a.     n.a.
 2026-Oct-13 00:00 Cm  00 41 57.94 +01 33 54.5  00 43 22.19 +01 42 54.3  -10.7113  -4.43666   90.756692   7.880902    0.375   6.580   99.99249  19.67923  280.896934  -8.767513  8.44517003734014   4.0529787  170.5694 /T    0.9874   0.1932299   247.50052   11.605414         n.a.     n.a.
 2026-Oct-15 12:00 C   00 41 15.35 +01 29 30.3  00 42 39.60 +01 38 30.4  -10.4970  -4.35778  274.816909  -9.340280    0.387   6.590   99.98790  19.66188  148.021050  -8.665824  8.45262246951201   6.2468649  167.9867 /T    1.2551   0.1894265   247.45442   17.883011         n.a.     n.a.
 2026-Oct-18 00:00 Cm  00 40 33.62 +01 25 12.2  00 41 57.90 +01 34 12.6  -10.4321  -4.23451   92.555985  12.854950    0.398   6.599   99.98223  19.64023   15.132841  -8.566378  8.46194186432603   6.6859646  165.3806 /T    1.5223   0.1876457   247.90713   19.200466         n.a.     n.a.
 2026-Oct-20 12:00 C   00 39 52.40 +01 21 01.1  00 41 16.66 +01 30 01.8  -10.0974  -4.12457  276.413989 -14.377316    0.409   6.607   99.97549  19.61420  242.233677  -8.469357  8.47316889480281   8.8288589  162.7489 /T    1.7887   0.1817881   247.78096   25.365003         n.a.     n.a.
 2026-Oct-23 00:00 Cm  00 39 12.32 +01 16 57.8  00 40 36.57 +01 25 58.7  -10.0085  -3.97488   94.403259  17.811762    0.420   6.615   99.96780  19.58410  109.321372  -8.375259  8.48619254159678   9.2458052  160.1171 /T    2.0511   0.1794815   248.33939   26.660787         n.a.     n.a.
 2026-Oct-25 12:00 C   00 38 33.02 +01 13 03.1  00 39 57.23 +01 22 04.1  -9.56343  -3.83706  278.101017 -19.382696    0.432   6.622   99.95918  19.54982  336.397218  -8.284226  8.50107361230883  11.3184150  157.4710 /T    2.3103   0.1717413   248.13823   32.669959         n.a.     n.a.
 2026-Oct-28 00:00 C   00 37 55.11 +01 09 17.8  00 39 19.33 +01 18 18.9  -9.45724  -3.66420   96.328291  22.741806    0.443   6.630   99.94976  19.51173  203.459319  -8.196720  8.51766905297447  11.7153755  154.8316 /T    2.5636   0.1690378   248.82119   33.942330         n.a.     n.a.
 2026-Oct-30 12:00 Cm  00 37 18.23 +01 05 42.6  00 38 42.44 +01 14 44.0  -8.90954  -3.50101  279.910622 -24.346566    0.455   6.637   99.93957  19.46967   70.508804  -8.112854  8.53606859388791  13.7114815  152.1819 /T    2.8124   0.1595453   248.54760   39.788002         n.a.     n.a.
 2026-Nov-02 00:00 C   00 36 42.97 +01 02 18.1  00 38 07.20 +01 11 19.8  -8.78452  -3.30569   98.365911  27.635272    0.467   6.643   99.92876  19.42408  297.543992  -8.033083  8.55610243953411  14.0952895  149.5419 /T    3.0539   0.1564320   249.37823   41.059935         n.a.     n.a.
 2026-Nov-04 12:00 Cm  00 36 08.99 +00 59 05.2  00 37 33.18 +01 08 06.9  -8.13459  -3.11691  281.882296 -29.258023    0.479   6.650   99.91737  19.37477  164.565800  -7.957532  8.57788128680528  16.0001208  146.8937 /T    3.2897   0.1451882   249.03476   46.742296         n.a.     n.a.
 2026-Nov-07 00:00 C   00 35 36.86 +00 56 04.5  00 37 01.04 +01 05 06.2  -7.98789  -2.89914  100.558697  32.481095    0.491   6.656   99.90558  19.32225   31.572829  -7.886649  8.60119584885501  16.3594617  144.2577 /T    3.5170   0.1416289   250.05205   48.007538         n.a.     n.a.
 2026-Nov-09 12:00 C   00 35 06.27 +00 53 16.7  00 36 30.40 +01 02 18.3  -7.24333  -2.68663  284.065738 -34.104143    0.503   6.662   99.89341  19.26631  258.565879  -7.820545  8.62616708095685  18.1464092  141.6156 /T    3.7374   0.1287588   249.64961   53.501957         n.a.     n.a.
 2026-Nov-12 00:00 Nm  00 34 37.74 +00 50 42.4  00 36 01.89 +00 59 44.2  -7.08007  -2.44979  102.959807  37.266743    0.515   6.667   99.88106  19.20757  125.543912  -7.759623  8.65254863337133  18.4701037  138.9878 /T    3.9484   0.1248654   250.91375   54.735361         n.a.     n.a.
 2026-Nov-14 12:00 C   00 34 10.95 +00 48 22.2  00 35 35.07 +00 57 24.0  -6.25339  -2.21840  286.525368 -38.869494    0.528   6.673   99.86855  19.14577  352.507609  -7.703945  8.68047667684686  20.1214661  136.3558 /T    4.1515   0.1105871   250.46774   60.027656         n.a.     n.a.
 2026-Nov-17 00:00 Nm  00 33 46.39 +00 46 16.5  00 35 10.52 +00 55 18.3  -6.07897  -1.96746  105.638946  41.977465    0.540   6.678   99.85608  19.08159  219.456267  -7.653848  8.70967582616017  20.4061897  133.7399 /T    4.3444   0.1064904   252.06584   61.214080         n.a.     n.a.
 2026-Nov-19 12:00 C   00 33 23.76 +00 44 25.6  00 34 47.83 +00 53 27.4  -5.18182  -1.72227  289.345857 -43.535223    0.553   6.682   99.84366  19.01473   86.390419  -7.609349  8.74029873987619  21.9089001  131.1210 /T    4.5285   0.0910090   251.61487   66.304018         n.a.     n.a.
 2026-Nov-22 00:00 Nm  00 33 03.49 +00 42 50.0  00 34 27.55 +00 51 51.6  -5.00173  -1.46160  108.690043  46.594853    0.565   6.687   99.83148  18.94592  313.309705  -7.570722  8.77204261546423  22.1513412  128.5194 /T    4.7018   0.0868484   253.71063   67.425333         n.a.     n.a.
 2026-Nov-24 12:00 Cm  00 32 45.29 +00 41 29.8  00 34 09.31 +00 50 31.4  -4.04878  -1.20681  292.641410 -48.076854    0.577   6.691   99.81957  18.87484  180.214522  -7.537945  8.80507677323688  23.4962763  125.9156 /T    4.8658   0.0704135   253.40238   72.308976         n.a.     n.a.
 2026-Nov-27 00:00 N   00 32 29.54 +00 40 25.3  00 33 53.59 +00 49 27.0  -3.86966  -0.93937  112.242147  51.094875    0.589   6.694   99.80808  18.80223   47.104831  -7.511241  8.83908140467791  23.7035318  123.3294 /T    5.0185   0.0663674   256.35523   73.344868         n.a.     n.a.
 2026-Nov-29 12:00 Nm  00 32 15.98 +00 39 36.8  00 33 39.99 +00 48 38.5  -2.87076  -0.67655  296.568382 -52.461138    0.601   6.697   99.79704  18.72772  273.980810  -7.490581  8.87424968321012  24.8935860  120.7411 /T    5.1614   0.0491567   256.73912   78.040026         n.a.     n.a.
 2026-Dec-02 00:00 N   00 32 04.93 +00 39 04.3  00 33 28.94 +00 48 05.9  -2.69006  -0.40257  116.476847  55.443925    0.613   6.700   99.78660  18.65206  140.842658  -7.476173  8.91024661893838  25.0716277  118.1706 /T    5.2927   0.0453336   261.48875   78.979510         n.a.     n.a.
 2026-Dec-04 12:00 Nm  00 31 56.18 +00 38 48.2  00 33 20.12 +00 47 49.5  -1.64923  -0.13276  301.341068 -56.640791    0.624   6.703   99.77677  18.57486    7.690336  -7.467988  8.94727615766368  26.0962791  115.5985 /T    5.4137   0.0275760   265.39787   83.480155         n.a.     n.a.
 2026-Dec-07 00:00 N   00 31 50.01 +00 38 48.6  00 33 13.96 +00 47 49.7  -1.46605  0.145448  121.651284  59.592651    0.636   6.705   99.76770  18.49692  234.524351  -7.466197  8.98497756469205  26.2340570  113.0452 /T    5.5229   0.0245541   275.66583   84.195561         n.a.     n.a.
 2026-Dec-09 12:00 N   00 31 46.23 +00 39 05.4  00 33 10.13 +00 48 06.5  -0.39466  0.418702  307.250380 -60.546219    0.647   6.707   99.75938  18.41784  101.344544  -7.470740  9.02355778934721  27.0759541  110.4911 /T    5.6214   0.0095897   316.69327   87.787637         n.a.     n.a.
 2026-Dec-12 00:00 Cm  00 31 45.06 +00 39 38.9  00 33 08.98 +00 48 39.9  -0.21567  0.697130  128.127591  63.466447    0.658   6.708   99.75194  18.33842  328.151768  -7.481725  9.06263662997455  27.1666969  107.9567 /T    5.7078   0.0121621   342.80986   87.192297         n.a.     n.a.
 2026-Dec-14 12:00 N   00 31 46.32 +00 40 28.9  00 33 10.19 +00 49 29.8  0.871576  0.969473  314.670306 -64.074906    0.668   6.709   99.74536  18.25825  194.945737  -7.499052  9.10243091621038  27.8211779  105.4224 /T    5.7835   0.0217276   41.956175   85.088665         n.a.     n.a.
 2026-Dec-17 00:00 Cm  00 31 50.18 +00 41 35.4  00 33 14.05 +00 50 36.0  1.040823  1.243914  136.393130  66.950153    0.678   6.709   99.73974  18.17812   61.727590  -7.522768  9.14255184586845  27.8689403  102.9085 /T    5.8472   0.0270321   39.920320   83.881548         n.a.     n.a.
 2026-Dec-19 12:00 N   00 31 56.50 +00 42 58.0  00 33 20.29 +00 51 58.3  2.132687  1.511425  324.016021 -67.077986    0.688   6.710   99.73506  18.09760  288.496870  -7.552736  9.18322878054673  28.3388336  100.3953 /T    5.9000   0.0435659   54.674975   80.315722         n.a.     n.a.
 2026-Dec-22 00:00 Cm  00 32 05.37 +00 44 36.8  00 33 29.18 +00 53 36.9  2.289714  1.778616  147.007032  69.868656    0.698   6.709   99.73137  18.01748  155.254959  -7.588954  9.22406814594686  28.3494980   97.9027 /T    5.9410   0.0483226   52.160475   79.239086         n.a.     n.a.
 2026-Dec-24 12:00 Nm  00 32 16.68 +00 46 31.4  00 33 40.46 +00 55 31.4  3.376760  2.039338  335.571108 -69.353601    0.707   6.709   99.72867  17.93728   22.001224  -7.631270  9.26531004590258  28.6394957   95.4108 /T    5.9713   0.0657466   58.870827   75.581087         n.a.     n.a.
 2026-Dec-27 00:00 C   00 32 30.49 +00 48 41.7  00 33 54.30 +00 57 41.6  3.520735  2.299056  160.326967  71.977416    0.716   6.708   99.72697  17.85777  248.737254  -7.679666  9.30656127481284  28.6216030   92.9391 /T    5.9900   0.0700818   56.855284   74.599582         n.a.     n.a.
 2026-Dec-29 12:00 Nm  00 32 46.72 +00 51 07.3  00 34 10.46 +01 00 06.9  4.598002  2.554037  349.117894 -70.673717    0.724   6.706   99.72626  17.77847  115.462212  -7.734009  9.34807133967611  28.7375994   90.4676 /T    5.9982   0.0876621   60.949282   70.981277         n.a.     n.a.
$$EOE
**********************************************************************************************************************************************************************************************************************************************************************************************
Column meaning:
 
TIME

  Times PRIOR to 1962 are UT1, a mean-solar time closely related to the
prior but now-deprecated GMT. Times AFTER 1962 are in UTC, the current
civil or "wall-clock" time-scale. UTC is kept within 0.9 seconds of UT1
using integer leap-seconds for 1972 and later years.

  Conversion from the internal Barycentric Dynamical Time (TDB) of solar
system dynamics to the non-uniform civil UT time-scale requested for output
has not been determined for UTC times after the next July or January 1st.
Therefore, the last known leap-second is used as a constant over future
intervals.

  Time tags refer to the UT time-scale conversion from TDB on Earth
regardless of observer location within the solar system, although clock
rates may differ due to the local gravity field and no analog to "UT"
may be defined for that location.

  Any 'b' symbol in the 1st-column denotes a B.C. date. First-column blank
(" ") denotes an A.D. date.
 
CALENDAR SYSTEM

  Mixed calendar mode was active such that calendar dates after AD 1582-Oct-15
(if any) are in the modern Gregorian system. Dates prior to 1582-Oct-5 (if any)
are in the Julian calendar system, which is automatically extended for dates
prior to its adoption on 45-Jan-1 BC.  The Julian calendar is useful for
matching historical dates. The Gregorian calendar more accurately corresponds
to the Earth's orbital motion and seasons. A "Gregorian-only" calendar mode is
available if such physical events are the primary interest.

  NOTE: "n.a." in output means quantity "not available" at the print-time.
 
SOLAR PRESENCE (OBSERVING SITE)
  Time tag is followed by a blank, then a solar-presence symbol:

       '*'  Daylight (refracted solar upper-limb on or above apparent horizon)
       'C'  Civil twilight/dawn
       'N'  Nautical twilight/dawn
       'A'  Astronomical twilight/dawn
       ' '  Night OR geocentric ephemeris

LUNAR PRESENCE (OBSERVING SITE)
  The solar-presence symbol is immediately followed by a lunar-presence symbol:

       'm'  Refracted upper-limb of Moon on or above apparent horizon
       ' '  Refracted upper-limb of Moon below apparent horizon OR geocentric
            ephemeris
 
 'R.A._____(ICRF)_____DEC' =
  Astrometric right ascension and declination of the target center with
respect to the observing site (coordinate origin) in the reference frame of
the planetary ephemeris (ICRF). Compensated for down-leg light-time delay
aberration.

  Units: RA  in hours-minutes-seconds of time,    HH MM SS.ff{ffff}
         DEC in degrees-minutes-seconds of arc,  sDD MN SC.f{ffff}
 
 'R.A.__(a-apparent)__DEC' =
  Airless apparent right ascension and declination of the target center
with respect to an instantaneous reference frame defined by the Earth equator
of-date (z-axis) and meridian containing the Earth equinox of-date (x-axis,
EOP-corrected IAU76/80). Compensated for down-leg light-time delay,
gravitational deflection of light, stellar aberration, precession & nutation.
Note: equinox (RA origin) is offset -53 mas from the of-date frame defined
by the IAU06/00a P & N system.

  Units: RA  in hours-minutes-seconds of time,   HH MM SS.ff{ffff}
         DEC in degrees-minutes-seconds of arc, sDD MN SC.f{ffff}
 
 'dRA*cosD d(DEC)/dt' =
  The angular rate of change in apparent RA and DEC of the target. This is
with respect to the non-inertial IAU76/80 Earth true equator and equinox
of-date reference frame.  d(RA)/dt is multiplied by the cosine of declination
to provide a linear rate in the plane-of-sky. Units: ARCSECONDS PER HOUR
 
 'Azi____(a-app)___Elev' =
  Airless apparent azimuth and elevation of target center. Compensated
for light-time, the gravitational deflection of light, stellar aberration,
precession and nutation. Azimuth is measured clockwise from north:

  North(0) -> East(90) -> South(180) -> West(270) -> North (360)

Elevation angle is with respect to a plane perpendicular to the reference
surface local zenith direction. TOPOCENTRIC ONLY.  Units: DEGREES
 
 'APmag   S-brt' =
   Saturn's approximate apparent visual magnitude and surface brightness. The
value includes the ring system when the solar phase angle of the observer is
less than 6.5 degrees (typical when observed from Earth) AND effective ring
inclination is less than 27 degrees. Otherwise, the value is that of the globe
only (no rings).  An "n.a." will be output if outside the range of phase-angles
for which the model is valid.

   For Earth-based observers, the estimated dimming due to atmospheric
absorption (extinction) is available as a separate, requestable quantity.

   Surface brightness is the average airless visual magnitude of a
square-arcsecond of the illuminated portion of the apparent disk.

 MAGNITUDES & MAGNITUDES PER SQUARE ARCSECOND
 
 'Illu%' =
   Fraction of the target objects' assumed circular disk illuminated by Sun
(phase), as seen by the observer.  Units: PERCENT
 
 'Ang-diam' =
   The equatorial angular width of the target body full disk, if it were fully
illuminated and visible to the observer. If the target body diameter is unknown
"n.a." is output.

   Units: ARCSECONDS
 
 'ObsSub-LON ObsSub-LAT' =
   Apparent planetodetic longitude and latitude of the center of the target
disc seen by the OBSERVER at print-time. This is NOT exactly the same as the
"nearest" sub-point for a non-spherical target shape (since the center of the
disc might not be the point closest to the observer), but is generally very
close if not a very irregular body shape. Down-leg light travel-time from
target to observer is taken into account. Latitude is the angle between the
equatorial plane and the line perpendicular to the reference ellipsoid of the
body, so includes body oblateness. The reference ellipsoid is an oblate
spheroid with a single flatness coefficient in which the y-axis body radius
is taken to be the same value as the x-axis radius.  For Jupiter, Saturn, and
Uranus, IAU2015 longitude is based on the "System III" prime meridian rotation
angle of the magnetic field. By contrast, pole direction (thus latitude) is
relative to the body dynamical equator.  There can be an offset between the
magnetic pole and the dynamical pole of rotation. For Neptune, rotation is
IAU2015 "System II" rotation of optically observed features in the Neptunian
atmosphere. Positive longitude is to the WEST for this target. Cartographic
system is specified in the header.  Units: DEGREES DEGREES
 
 'delta      deldot' =
   Apparent range ("delta", light-time aberrated) and range-rate ("delta-dot")
of the target center relative to the observer. A positive "deldot" means the
target center is moving away from the observer, negative indicates movement
toward the observer.  Units: AU and KM/S
 
 'S-O-T /r' =
   Sun-Observer-Target apparent SOLAR ELONGATION ANGLE seen from the observers'
location at print-time.

   The '/r' column provides a code indicating the targets' apparent position
relative to the Sun in the observers' sky, as described below:

   Case A: For an observing location on the surface of a rotating body, that
body rotational sense is considered:

    /T indicates target TRAILS Sun   (evening sky: rises and sets AFTER Sun)
    /L indicates target LEADS Sun    (morning sky: rises and sets BEFORE Sun)

   Case B: For an observing point that does not have a rotational model (such
as a spacecraft), the "leading" and "trailing" condition is defined by the
observers' heliocentric ORBITAL motion:

    * If continuing in the observers' current direction of heliocentric
       motion would encounter the targets' apparent longitude first, followed
       by the Sun's, the target LEADS the Sun as seen by the observer.

    * If the Sun's apparent longitude would be encountered first, followed
       by the targets', the target TRAILS the Sun.

   Two other codes can be output:
    /* indicates observer is Sun-centered    (undefined)
    /? Target is aligned with Sun center     (no lead or trail)

   The S-O-T solar elongation angle is numerically the minimum separation
angle of the Sun and target in the sky in any direction. It does NOT indicate
the amount of separation in the leading or trailing directions, which would
be defined along the equator of a spherical coordinate system.

   Units: DEGREES
 
 'S-T-O' =
   The Sun-Target-Observer angle; the interior vertex angle at target center
formed by a vector from the target to the apparent center of the Sun (at
reflection time on the target) and the apparent vector from target to the
observer at print-time. Slightly different from true PHASE ANGLE (requestable
separately) at the few arcsecond level in that it includes stellar aberration
on the down-leg from target to observer.  Units: DEGREES
 
 'Sky_motion  Sky_mot_PA  RelVel-ANG' =
  Total apparent angular rate of the target in the plane-of-sky. "Sky_mot_PA"
is the position angle of the target's direction of motion in the plane-of-sky,
measured counter-clockwise from the apparent of-date north pole direction.
"RelVel-ANG" is the flight path angle of the target's relative motion with
respect to the observer's line-of-sight, in the range [-90,+90], where positive
values indicate motion away from the observer, negative values are toward the
observer:

  -90 = target is moving directly toward the observer
    0 = target is moving at right angles to the observer's line-of-sight
  +90 = target is moving directly away from the observer

UNITS:  ARCSECONDS/MINUTE, DEGREES, DEGREES
 
 'Lun_Sky_Brt  sky_SNR' =
  Sky brightness due to moonlight scattered by Earth's atmosphere at the
target's position in the sky. "sky_SNR" is the visual signal-to-noise ratio
(SNR) of the target's surface brightness relative to background sky. Output
only for topocentric Earth observers when both the Moon and target are above
the local horizon and the Sun is in astronomical twilight (or further) below
the horizon, and the target is not the Moon or Sun. If all conditions are
not met, "n.a." is output. Galactic brightness, local sky light-pollution
and weather are NOT considered. Lunar opposition surge is considered. The
value returned is accurate under ideal conditions at the approximately 8-23%
level, so is a useful but not definitive value.

  If the target-body radius is also known, "sky_SNR" is output. This is the
approximate visual signal-to-noise ratio of the target's brightness divided
by lunar sky brightness. When sky_SNR < 1, the target is dimmer than the
ideal moonlight-scattering background sky, so unlikely to be detectable at
visual wavelengths. In practice, visibility requires sky_SNR > 1 and a
detector sensitive enough to reach the target's magnitude, even if it isn't
washed out by moonlight. When relating magnitudes and brightness values,
keep in mind their logarithmic relationship m2-m1 = -2.5*log_10(b2/b1).

  UNITS: VISUAL MAGNITUDES / ARCSECOND^2, and unitless ratio

Computations by ...

    Solar System Dynamics Group, Horizons On-Line Ephemeris System
    4800 Oak Grove Drive, Jet Propulsion Laboratory
    Pasadena, CA  91109   USA

    General site: https://ssd.jpl.nasa.gov/
    Mailing list: https://ssd.jpl.nasa.gov/email_list.html
    System news : https://ssd.jpl.nasa.gov/horizons/news.html
    User Guide  : https://ssd.jpl.nasa.gov/horizons/manual.html
    Connect     : browser        https://ssd.jpl.nasa.gov/horizons/app.html#/x
                  API            https://ssd-api.jpl.nasa.gov/doc/horizons.html
                  command-line   telnet ssd.jpl.nasa.gov 6775
                  e-mail/batch   https://ssd.jpl.nasa.gov/ftp/ssd/horizons_batch.txt
                  scripts        https://ssd.jpl.nasa.gov/ftp/ssd/SCRIPTS
    Author      : Jon.D.Giorgini@jpl.nasa.gov

**********************************************************************************************************************************************************************************************************************************************************************************************
