*******************************************************************************
 Revised: January 26, 2022             Saturn                               699
 
 PHYSICAL DATA:
  Mass x10^26 (kg)      = 5.6834          Density (g/cm^3)       =  0.687+-.001
  Equat. radius (1 bar) = 60268+-4 km     Polar radius (km)      = 54364+-10
  Vol. Mean Radius (km) = 58232+-6        Flattening             =  0.09796
  Geometric Albedo      = 0.47            Rocky core mass (Mc/M) =  0.1027
  Sid. rot. period (III)= 10h 39m 22.4s   Sid. rot. rate (rad/s) =  0.000163785 
  Mean solar day, hrs   =~10.656         
  GM (km^3/s^2)         = 37931206.234    GM 1-sigma (km^3/s^2)  = +- 98
  Equ. grav, ge (m/s^2) = 10.44           Pol. grav, gp (m/s^2)  = 12.14+-0.01
  Vis. magnitude V(1,0) = -8.88          
  Vis. mag. (opposition)= +0.67           Obliquity to orbit     = 26.73 deg
  Sidereal orbit period = 29.447498 yr    Sidereal orbit period  = 10755.698 d
  Mean daily motion     = 0.0334979 deg/d Mean orbit velocity    =  9.68 km/s
  Atmos. temp. (1 bar)  = 134+-4 K        Escape speed, km/s    =  35.5          
  Aroche(ice)/Rp        =  2.71           Hill's sphere rad. Rp  = 1100
                                 Perihelion  Aphelion    Mean
  Solar Constant (W/m^2)         16.8        13.6        15.1
  Maximum Planetary IR (W/m^2)    4.7         4.5         4.6
  Minimum Planetary IR (W/m^2)    4.7         4.5         4.6
*******************************************************************************


*******************************************************************************
Ephemeris / WWW_USER Mon Apr  6 16:06:46 2026 Pasadena, USA      / Horizons    
*******************************************************************************
Target body name: Saturn (699)                    {source: sat441l}
Center body name: Earth (399)                     {source: DE441}
Center-site name: (user defined site below)
*******************************************************************************
Start time      : A.D. 2026-Jan-01 00:00:00.0000 UT      
Stop  time      : A.D. 2026-Dec-31 00:00:00.0000 UT      
Step-size       : 3600 minutes
*******************************************************************************
Target pole/equ : IAU_SATURN                      {West-longitude positive}
Target radii    : 60268.0, 60268.0, 54364.0 km    {Equator_a, b, pole_c}       
Center geodetic : 249.0, 29.0, .200               {E-lon(deg),Lat(deg),Alt(km)}
Center cylindric: 249.0, 5583.01313, 3073.99816   {E-lon(deg),Dxy(km),Dz(km)}
Center pole/equ : ITRF93                          {East-longitude positive}
Center radii    : 6378.137, 6378.137, 6356.752 km {Equator_a, b, pole_c}       
Target primary  : Sun
Vis. interferer : MOON (R_eq= 1737.400) km        {source: DE441}
Rel. light bend : Sun                             {source: DE441}
Rel. lght bnd GM: 1.3271E+11 km^3/s^2                                          
Atmos refraction: NO (AIRLESS)
RA format       : HMS
Time format     : CAL 
Calendar mode   : Mixed Julian/Gregorian
EOP file        : eop.260406.p260703                                           
EOP coverage    : DATA-BASED 1962-JAN-20 TO 2026-APR-06. PREDICTS-> 2026-JUL-02
Units conversion: 1 au= 149597870.700 km, c= 299792.458 km/s, 1 day= 86400.0 s 
Table cut-offs 1: Elevation (-90.0deg=NO ),Airmass (>38.000=NO), Daylight (NO )
Table cut-offs 2: Solar elongation (  0.0,180.0=NO ),Local Hour Angle( 0.0=NO )
Table cut-offs 3: RA/DEC angular rate (     0.0=NO )                           
**********************************************************************************************************************************************************************************************************************************************************************************************
 Date__(UT)__HR:MN     R.A._____(ICRF)_____DEC  R.A.__(a-apparent)__DEC  dRA*cosD d(DEC)/dt  Azi____(a-app)___Elev    APmag   S-brt      Illu%  Ang-diam  ObsSub-LON ObsSub-LAT             delta      deldot     S-O-T /r     S-T-O  Sky_motion  Sky_mot_PA  RelVel-ANG  Lun_Sky_Brt  sky_SNR
**********************************************************************************************************************************************************************************************************************************************************************************************
$$SOE
 2026-Jan-01 00:00 *m  23 48 11.31 -03 44 26.9  23 49 31.46 -03 35 47.5  7.620364  3.925586  165.917437  56.571748    1.007   6.907   99.74921  17.10665  331.775502  -1.170047  9.71519645677339  27.7384945   75.6122 /T    5.7424   0.1428676   62.745005   58.831757         n.a.     n.a.
 2026-Jan-03 12:00  m  23 48 43.74 -03 40 24.7  23 50 03.84 -03 31 45.2  8.561385  4.146495  347.643332 -64.019851    1.011   6.903   99.75498  17.03655  198.443843  -1.265304  9.75517274374387  27.5090559   73.2134 /T    5.6763   0.1585444   64.157923   55.799069         n.a.     n.a.
 2026-Jan-06 00:00 *   23 49 18.27 -03 36 09.8  23 50 38.39 -03 27 30.2  8.666361  4.356990  174.306101  57.408170    1.015   6.898   99.76149  16.96813   65.106683  -1.365688  9.79450466997124  27.0839222   70.8324 /T    5.6005   0.1616660   63.309156   54.750327         n.a.     n.a.
 2026-Jan-08 12:00  m  23 49 54.84 -03 31 42.1  23 51 14.89 -03 23 02.7  9.583429  4.564668  358.252540 -64.373978    1.018   6.893   99.76867  16.90097  291.763244  -1.471180  9.83342624028491  26.7016529   68.4522 /T    5.5158   0.1769167   64.531145   51.776543         n.a.     n.a.
 2026-Jan-11 00:00 *   23 50 33.41 -03 27 02.4  23 51 53.45 -03 18 23.1  9.666351  4.766085  182.886792  57.659519    1.021   6.888   99.77648  16.83566  158.415344  -1.581519  9.87157509437102  26.2526943   66.0891 /T    5.4219   0.1796245   63.753966   50.769324         n.a.     n.a.
 2026-Jan-13 12:00  m  23 51 13.94 -03 22 10.6  23 52 33.91 -03 13 31.3  10.55401  4.960025    8.767928 -63.967972    1.024   6.882   99.78487  16.77176   25.062094  -1.696682  9.90918464038835  25.7158603   63.7266 /T    5.3195   0.1943572   64.828074   47.844672         n.a.     n.a.
 2026-Jan-16 00:00 *   23 51 56.34 -03 17 07.4  23 53 16.33 -03 08 28.1  10.61413  5.150468  191.389674  57.325132    1.026   6.876   99.79377  16.70985  251.705471  -1.816382  9.94589413647814  25.2445790   61.3811 /T    5.2084   0.1966292   64.115180   46.879163         n.a.     n.a.
 2026-Jan-18 12:00     23 52 40.59 -03 11 53.0  23 54 00.53 -03 03 13.6  11.46758  5.328943   18.664953 -62.849988    1.028   6.870   99.80312  16.64952  118.344455  -1.940578  9.98193867655152  24.5572844   59.0364 /T    5.0893   0.2107547   65.075882   43.998567         n.a.     n.a.
 2026-Jan-21 00:00 *m  23 53 26.59 -03 06 28.1  23 54 46.54 -02 57 48.7  11.50496  5.506135  199.560146  56.434008    1.029   6.864   99.81284  16.59130  344.981159  -2.068955  10.0169611787028  24.0651999   56.7088 /T    4.9621   0.2125779   64.424795   43.072747         n.a.     n.a.
 2026-Jan-23 12:00     23 54 14.33 -03 00 52.9  23 55 34.21 -02 52 13.6  12.31816  5.667453   27.597148 -61.115175    1.029   6.857   99.82289  16.53479  211.614466  -2.201454  10.0511954017984  23.2312993   54.3822 /T    4.8273   0.2259898   65.293347   40.232318         n.a.     n.a.
 2026-Jan-26 00:00 *m  23 55 03.67 -02 55 08.1  23 56 23.55 -02 46 28.9  12.32999  5.829559  207.205974  55.038828    1.030   6.850   99.83317  16.48052   78.246622  -2.337737  10.0842934614330  22.7247400   52.0727 /T    4.6852   0.2273107   64.695453   39.354257         n.a.     n.a.
 2026-Jan-28 12:00     23 55 54.63 -02 49 14.0  23 57 14.45 -02 40 34.8  13.09672  5.973242   35.435504 -58.877057    1.030   6.843   99.84364  16.42807  304.876384  -2.477736  10.1164948945401  21.7599898   49.7645 /T    4.5362   0.2399096   65.482899   36.562128         n.a.     n.a.
 2026-Jan-31 00:00 *m  23 56 47.01 -02 43 11.3  23 58 06.88 -02 34 31.9  13.08440  6.120460  214.218491  53.205831    1.029   6.836   99.85419  16.37792  171.506045  -2.621114  10.1474710001913  21.2555082   47.4730 /T    4.3805   0.2407520   64.931319   35.742761         n.a.     n.a.
 2026-Feb-02 12:00  m  23 57 40.90 -02 37 00.2  23 59 00.72 -02 28 20.8  13.80602  6.248472   42.214124 -56.244338    1.028   6.829   99.86481  16.32965   38.134185  -2.767825  10.1774663809718  20.1771977   45.1823 /T    4.2184   0.2525698   65.648945   32.995506         n.a.     n.a.
 2026-Feb-05 00:00 *   23 58 36.08 -02 30 41.4  23 59 55.90 -02 22 02.0  13.77705  6.382631  220.565210  51.004216    1.027   6.821   99.87537  16.28373  264.763112  -2.917560  10.2061646485573  19.6793641   42.9074 /T    4.0503   0.2530618   65.142651   32.221795         n.a.     n.a.
 2026-Feb-07 12:00  m  23 59 32.65 -02 24 14.9  00 00 52.40 -02 15 35.7  14.45553  6.496606   48.051958 -53.309290    1.025   6.814   99.88587  16.23976  131.391306  -3.070291  10.2337993039583  18.4864965   40.6327 /T    3.8763   0.2641382   65.799894   29.496407         n.a.     n.a.
 2026-Feb-10 00:00 *   00 00 30.38 -02 17 41.6  00 01 50.14 -02 09 02.4  14.41145  6.617486  226.269089  48.499405    1.022   6.806   99.89620  16.19820  358.021175  -3.225708  10.2600584273090  17.9874120   38.3732 /T    3.6969   0.2643025   65.336236   28.752044         n.a.     n.a.
 2026-Feb-12 12:00  m  00 01 29.39 -02 11 01.5  00 02 49.12 -02 02 22.3  15.04189  6.716840   53.094228 -50.144577    1.020   6.798   99.90634  16.15866  224.651164  -3.383773  10.2851649517945  16.6813511   36.1136 /T    3.5122   0.2745574   65.937212   26.040745         n.a.     n.a.
 2026-Feb-15 00:00 *   00 02 29.42 -02 04 15.4  00 03 49.18 -01 55 36.1  14.98104  6.822916  231.385588  45.748727    1.017   6.790   99.91618  16.12158   91.283750  -3.544161  10.3088212087045  16.1832155   33.8690 /T    3.3227   0.2743598   65.513740   25.326905         n.a.     n.a.
 2026-Feb-17 12:00     00 03 30.61 -01 57 23.4  00 04 50.32 -01 48 44.1  15.55957  6.906454   57.481672 -46.805622    1.013   6.782   99.92572  16.08659  317.917316  -3.706816  10.3312443327277  14.7741950   31.6243 /T    3.1284   0.2837249   66.064920   22.630466         n.a.     n.a.
 2026-Feb-20 00:00 *m  00 04 32.66 -01 50 26.4  00 05 52.38 -01 41 47.2  15.48217  6.995817  235.983985  42.799863    1.009   6.773   99.93485  16.05409  184.554370  -3.871397  10.3521548104849  14.2825148   29.3948 /T    2.9301   0.2831564   65.683563   21.949471         n.a.     n.a.
 2026-Feb-22 12:00     00 05 35.74 -01 43 24.5  00 06 55.41 -01 34 45.4  16.00601  7.062428   61.337406 -43.333845    1.005   6.765   99.94356  16.02374   51.193232  -4.037831  10.3717631502732  12.7822208   27.1657 /T    2.7276   0.2915811   66.191205   19.268082         n.a.     n.a.
 2026-Feb-25 00:00 *m  00 06 39.53 -01 36 18.6  00 07 59.23 -01 27 39.5  15.91216  7.134482  240.136039  39.691615    1.000   6.757   99.95177  15.99591  277.836425  -4.205778  10.3898110386608  12.3048323   24.9521 /T    2.5219   0.2906400   65.850134   18.624550         n.a.     n.a.
 2026-Feb-27 12:00     00 07 44.22 -01 29 08.9  00 09 03.91 -01 20 29.7  16.37950  7.185536   64.763758 -39.759762    0.995   6.748   99.95946  15.97025  144.482198  -4.375173  10.4065048396858  10.7299748   22.7394 /T    2.3127   0.2981051   66.313378   15.962918         n.a.     n.a.
 2026-Mar-02 00:00 *m  00 08 49.46 -01 21 56.0  00 10 09.18 -01 13 16.7  16.27246  7.242223  243.909372  36.454991    0.989   6.739   99.96656  15.94710   11.133032  -4.545703  10.4216112458439  10.2772704   20.5422 /T    2.1010   0.2968551   66.008058   15.361769         n.a.     n.a.
 2026-Mar-04 12:00  m  00 09 55.48 -01 14 40.2  00 11 15.16 -01 06 01.1  16.68595  7.280222   67.844185 -36.106248    0.983   6.730   99.97306  15.92614  237.787095  -4.717330  10.4353279336593   8.6404873   18.3463 /T    1.8864   0.3034170   66.427950   12.716518         n.a.     n.a.
 2026-Mar-07 00:00 *   00 11 01.92 -01 07 22.1  00 12 21.61 -00 58 43.0  16.57137  7.322715  247.364510  33.114729    0.976   6.721   99.97890  15.90767  104.446836  -4.889761  10.4474397089750   8.2118066   16.1667 /T    1.6702   0.3019532   66.159873   12.147724         n.a.     n.a.
 2026-Mar-09 12:00  m  00 12 09.03 -01 00 01.8  00 13 28.70 -00 51 22.8  16.93262  7.348073   70.645726 -32.390375    0.969   6.712   99.98407  15.89142  331.110403  -5.062963  10.4581255811108   6.5143043   13.9902 /T    1.4518   0.3076379   66.541104   9.5035729         n.a.     n.a.
 2026-Mar-12 00:00 *   00 13 16.44 -00 52 40.0  00 14 36.15 -00 44 01.0  16.81170  7.375597  250.554749  29.690828    0.962   6.702   99.98853  15.87766  197.780258  -5.236637  10.4671844827338   6.1020293   11.8338 /T    1.2329   0.3059742   66.312069   8.9518451         n.a.     n.a.
 2026-Mar-14 12:00  m  00 14 24.40 -00 45 16.9  00 15 44.11 -00 36 37.9  17.11700  7.387668   73.222588 -28.625061    0.953   6.692   99.99227  15.86616   64.454582  -5.410739  10.4747766510549   4.3465195    9.6881 /T    1.0133   0.3107202   66.655056   6.2988023         n.a.     n.a.
 2026-Mar-17 00:00 *   00 15 32.52 -00 37 53.1  00 16 52.25 -00 29 14.2  16.98718  7.399029  253.526049  26.199071    0.944   6.682   99.99525  15.85716  291.135842  -5.584961  10.4807224453795   3.9508101    7.5786 /T    0.7954   0.3088105   66.463727   5.7608685         n.a.     n.a.
 2026-Mar-19 12:00     00 16 41.06 -00 30 29.1  00 18 00.78 -00 21 50.3  17.23227  7.396654   75.619416 -24.820176    0.933   6.670   99.99747  15.85043  157.822238  -5.759243  10.4851695504010   2.1500981    5.5192 /T    0.5814   0.3125441   66.769410   3.1011565         n.a.     n.a.
 2026-Mar-22 00:00 *m  00 17 49.61 -00 23 05.3  00 19 09.35 -00 14 26.6  17.09248  7.390332  256.318134  22.651864    0.920   6.656   99.99891  15.84620   24.516184  -5.933263  10.4879669856914   1.7796439    3.6152 /T    0.3822   0.3103627   66.617638   2.5840702         n.a.     n.a.
 2026-Mar-24 12:00     00 18 58.45 -00 15 42.2  00 20 18.21 -00 07 03.6  17.27655  7.373112   77.873160 -20.983055    0.908   6.644   99.99958  15.84426  251.215859  -6.106954  10.4892538421236  -0.0470344    2.2529 /T    0.2378   0.3130681   66.888664   -0.073609         n.a.     n.a.
 2026-Mar-27 00:00 *m  00 20 07.16 -00 08 20.2  00 21 26.97 +00 00 18.4  17.13013  7.350132  258.965723  19.059153    0.907   6.643   99.99945  15.84478  117.923574  -6.280014  10.4889090479031  -0.3832879    2.5491 /L    0.2657   0.3106740   66.776984   -0.563209         n.a.     n.a.
 2026-Mar-29 12:00 A   00 21 16.04 -00 00 59.9  00 22 35.86 +00 07 38.8  17.25576  7.320674   80.014796 -17.119336    0.914   6.650   99.99854  15.84758  344.637499  -6.452401  10.4870568033850  -2.2236401    4.1555 /L    0.4334   0.3124071   67.011149   -3.219442         n.a.     n.a.
 2026-Apr-01 00:00 *   00 22 24.65 +00 06 18.5  00 23 44.50 +00 14 57.1  17.10634  7.283494  261.498902  15.429298    0.920   6.657   99.99685  15.85280  211.359861  -6.623845  10.4835994613553  -2.5263872    6.1076 /L    0.6381   0.3098728   66.936789   -3.686781         n.a.     n.a.
 2026-Apr-03 12:00 Am  00 23 33.32 +00 13 34.5  00 24 53.17 +00 22 13.0  17.17478  7.243393   82.070847 -13.233875    0.924   6.662   99.99438  15.86030   78.088864  -6.794325  10.4786410494607  -4.3744297    8.1647 /L    0.8536   0.3106623   67.132614   -6.349012         n.a.     n.a.
 2026-Apr-06 00:00 *   00 24 41.61 +00 20 47.9  00 26 01.50 +00 29 26.3  17.02423  7.192217  263.944557  11.769365    0.928   6.667   99.99116  15.87020  304.826667  -6.963573  10.4721060258171  -4.6472007   10.2551 /L    1.0719   0.3080190   67.097430   -6.802412         n.a.     n.a.
 2026-Apr-08 12:00 Am  00 25 49.84 +00 27 58.2  00 27 09.77 +00 36 36.6  17.03557  7.140892   84.064312  -9.330335    0.930   6.671   99.98719  15.88238  171.571528  -7.131563  10.4640773980715  -6.4976317   12.3695 /L    1.2916   0.3078613   67.257762   -9.478500         n.a.     n.a.
 2026-Apr-11 00:00 *   00 26 57.57 +00 35 05.0  00 28 17.55 +00 43 43.4  16.88457  7.074757  266.327142   8.085552    0.932   6.674   99.98250  15.89693   38.325535  -7.298019  10.4545015529782  -6.7449422   14.4879 /L    1.5103   0.3051142   67.265956   -9.927697         n.a.     n.a.
 2026-Apr-13 12:00 Am  00 28 05.13 +00 42 07.9  00 29 25.14 +00 50 46.3  16.83674  7.011330   86.016124  -5.412009    0.933   6.677   99.97710  15.91377  265.087036  -7.462907  10.4434388334602  -8.5935597   16.6181 /L    1.7286   0.3039712   67.391670   -12.62825         n.a.     n.a.
 2026-Apr-16 00:00 *m  00 29 12.06 +00 49 06.4  00 30 32.10 +00 57 44.7  16.68220  6.929263  268.669047   4.383187    0.933   6.680   99.97105  15.93296  131.858063  -7.625940  10.4308596411274  -8.8173837   18.7460 /L    1.9445   0.3010678   67.443540   -13.08174         n.a.     n.a.
 2026-Apr-18 12:00 A   00 30 18.69 +00 56 00.2  00 31 38.76 +01 04 38.4  16.57054  6.852586   87.945956  -1.481707    0.933   6.683   99.96433  15.95445  358.637056  -7.787069  10.4168084374213 -10.6503181   20.8822 /L    2.1591   0.2988593   67.532936   -15.80735         n.a.     n.a.
 2026-Apr-21 00:00 *m  00 31 24.55 +01 02 48.8  00 32 44.69 +01 11 27.0  16.41042  6.754019  270.991839   0.666996    0.933   6.686   99.95703  15.97825  225.425927  -7.946003  10.4012900283347 -10.8393131   23.0140 /L    2.3703   0.2957658   67.629460   -16.25550         n.a.     n.a.
 2026-Apr-23 12:00 N   00 32 29.97 +01 09 31.7  00 33 50.18 +01 18 10.0  16.23614  6.664953   89.872708   2.458277    0.932   6.689   99.94914  16.00433   92.223131  -8.102703  10.3843399436088 -12.6337144   25.1529 /L    2.5795   0.2925148   67.681794   -18.99177         n.a.     n.a.
 2026-Apr-26 00:00 *m  00 33 34.49 +01 16 08.6  00 34 54.75 +01 24 46.9  16.07615  6.552316  273.316566  -3.058537    0.931   6.691   99.94074  16.03266  319.030394  -8.256907  10.3659945781840 -12.7808464   27.2866 /L    2.7847   0.2893362   67.825179   -19.42363         n.a.     n.a.
 2026-Apr-28 12:00 N   00 34 38.46 +01 22 39.1  00 35 58.77 +01 31 17.3  15.84469  6.453384   91.815388   6.405304    0.930   6.694   99.93184  16.06323  185.846227  -8.408612  10.3462669646303 -14.5308979   29.4273 /L    2.9871   0.2851414   67.839420   -22.17385         n.a.     n.a.
 2026-May-01 00:00 *   00 35 41.43 +01 29 03.0  00 37 01.78 +01 37 41.0  15.68759  6.328498  275.664250  -6.788595    0.928   6.696   99.92253  16.09598   52.672248  -8.557572  10.3252123615201 -14.6458078   31.5631 /L    3.1851   0.2819330   68.030459   -22.60205         n.a.     n.a.
 2026-May-03 12:00 Nm  00 36 43.74 +01 35 19.8  00 38 04.15 +01 43 57.8  15.39837  6.220105   93.793236  10.356564    0.926   6.699   99.91279  16.13097  279.507096  -8.703794  10.3028183585682 -16.3501570   33.7066 /L    3.3798   0.2767868   68.003960   -25.37979         n.a.     n.a.
 2026-May-06 00:00 *   00 37 44.93 +01 41 29.3  00 39 05.41 +01 50 07.4  15.24267  6.082661  278.057039 -10.517861    0.923   6.701   99.90275  16.16809  146.352287  -8.847025  10.2791633653690 -16.4372221   35.8459 /L    3.5695   0.2735252   68.245287   -25.81414         n.a.     n.a.
 2026-May-08 12:00 Nm  00 38 45.34 +01 47 31.1  00 40 05.91 +01 56 09.2  14.89437  5.963676   95.826899  14.308954    0.921   6.703   99.89238  16.20743   13.206582  -8.987264  10.2542149102853 -18.0876826   37.9939 /L    3.7554   0.2673988   68.178931   -28.62575         n.a.     n.a.
 2026-May-11 00:00 *   00 39 44.53 +01 53 24.8  00 41 05.15 +02 02 02.9  14.73940  5.812663  280.518354 -14.240667    0.917   6.705   99.88182  16.24885  240.071360  -9.124244  10.2280770788810 -18.1476077   40.1384 /L    3.9357   0.2640691   68.477599   -29.07091         n.a.     n.a.
 2026-May-13 12:00 Nm  00 40 42.81 +01 59 10.1  00 42 03.50 +02 07 48.1  14.33136  5.681838   97.939560  18.258675    0.914   6.707   99.87104  16.29246  106.945506  -9.257956  10.2006969315400 -19.7365235   42.2924 /L    4.1117   0.2569432   68.373570   -31.92396         n.a.     n.a.
 2026-May-16 00:00 *m  00 41 39.75 +02 04 46.4  00 43 00.48 +02 13 24.4  14.17440  5.516578  283.073800 -17.950620    0.910   6.709   99.86019  16.33810  333.830280  -9.388121  10.1722031204105 -19.7701970   44.4435 /L    4.2816   0.2535011   68.734353   -32.38823         n.a.     n.a.
 2026-May-18 12:00 N   00 42 35.65 +02 10 13.6  00 43 56.49 +02 18 51.6  13.70348  5.373423  100.157589  22.201298    0.905   6.711   99.84924  16.38590  200.724703  -9.514730  10.1425280236307 -21.2827162   46.6044 /L    4.4465   0.2453223   68.588804   -35.28625         n.a.     n.a.
 2026-May-21 00:00 *m  00 43 30.08 +02 15 31.0  00 44 51.00 +02 24 09.3  13.54329  5.195186  285.752429 -21.640227    0.901   6.713   99.83835  16.43564   67.629845  -9.637509  10.1118341790568 -21.2786404   48.7625 /L    4.6047   0.2417590   69.013267   -35.75949         n.a.     n.a.
 2026-May-23 12:00 N   00 44 23.34 +02 20 38.6  00 45 44.36 +02 29 16.9  13.01346  5.041953  102.511993  26.131265    0.896   6.714   99.82748  16.48747  294.544790  -9.756484  10.0800436926433 -22.6955492   50.9306 /L    4.7574   0.2326009   68.821575   -38.68951         n.a.     n.a.
 2026-May-26 00:00 *m  00 45 15.02 +02 25 35.8  00 46 36.08 +02 34 14.1  12.85574  4.853548  288.587088 -25.300405    0.890   6.716   99.81679  16.54113  161.470391  -9.871407  10.0473444114074 -22.6522641   53.0960 /L    4.9029   0.2290239   69.316500   -39.16099         n.a.     n.a.
 2026-May-28 12:00 N   00 46 05.42 +02 30 22.6  00 47 26.57 +02 39 00.9  12.27296  4.691577  105.039741  30.041053    0.884   6.717   99.80625  16.59681   28.405841  -9.982329  10.0136354524589 -23.9718477   55.2724 /L    5.0424   0.2189853   69.079675   -42.12698         n.a.     n.a.
 2026-May-31 00:00 *   00 46 54.15 +02 34 58.5  00 48 15.36 +02 43 36.9  12.11929  4.493877  291.616069 -28.919413    0.878   6.718   99.79601  16.65422  255.351853 -10.089006  9.97911945340326 -23.9008393   57.4469 /L    5.1743   0.2154272   69.655030   -42.60808         n.a.     n.a.
 2026-Jun-02 12:00 Cm  00 47 41.51 +02 39 23.5  00 49 02.83 +02 48 02.0  11.48317  4.322913  107.785410  33.920891    0.872   6.719   99.78603  16.71359  122.307805 -10.191492  9.94367177364854 -25.1239034   59.6334 /L    5.2998   0.2044985   69.370826   -45.62808         n.a.     n.a.
 2026-Jun-05 00:00 *   00 48 27.09 +02 43 37.0  00 49 48.48 +02 52 15.7  11.33004  4.115644  294.884196 -32.482564    0.865   6.720   99.77647  16.77459  349.274274 -10.289532  9.90751425394246 -25.0297450   61.8191 /L    5.4171   0.2009065   70.036418   -46.13222         n.a.     n.a.
 2026-Jun-07 12:00 Cm  00 49 11.17 +02 47 38.9  00 50 32.67 +02 56 17.7  10.63892  3.934489  110.804594  37.757775    0.858   6.721   99.76729  16.83748  216.250805 -10.383174  9.87050665825578 -26.1477006   64.0179 /L    5.5276   0.1890524   69.704587   -49.21819         n.a.     n.a.
 2026-Jun-10 00:00 *   00 49 53.38 +02 51 28.8  00 51 14.92 +03 00 07.6  10.48386  3.716799  298.444029 -35.971640    0.850   6.722   99.75866  16.90188   83.237802 -10.472147  9.83289449136762 -26.0274260   66.2168 /L    5.6294   0.1853869   70.479268   -49.74973         n.a.     n.a.
 2026-Jun-12 12:00 Cm  00 50 33.96 +02 55 06.4  00 51 55.61 +03 03 45.3  9.738430  3.524228  114.167132  41.534372    0.843   6.722   99.75053  16.96810  310.234948 -10.556491  9.79452559003739 -27.0280174   68.4298 /L    5.7239   0.1726084   70.105379   -52.90776         n.a.     n.a.
 2026-Jun-15 00:00 *m  00 51 12.57 +02 58 31.4  00 52 34.29 +03 07 10.5  9.580378  3.296306  302.357575 -39.363428    0.834   6.723   99.74305  17.03568  177.242452 -10.635932  9.75566882902905 -26.8769881   70.6435 /L    5.8092   0.1688600   71.013275   -53.46641         n.a.     n.a.
 2026-Jun-17 12:00 C   00 51 49.42 +03 01 43.5  00 53 11.29 +03 10 22.9  8.782739  3.093606  117.960887  45.227413    0.826   6.723   99.73620  17.10495   44.260125 -10.710528  9.71616307686169 -27.7457549   72.8716 /L    5.8866   0.1551942   70.595849   -56.69815         n.a.     n.a.
 2026-Jun-20 00:00 *m  00 52 24.21 +03 04 42.3  00 53 46.13 +03 13 22.0  8.623554  2.858901  306.696776 -42.628262    0.817   6.723   99.73010  17.17541  271.287941 -10.780036  9.67630106930145 -27.5575543   75.1004 /L    5.9544   0.1514183   71.658485   -57.27233         n.a.     n.a.
 2026-Jun-22 12:00 C   00 52 57.14 +03 07 27.9  00 54 19.16 +03 16 07.7  7.780404  2.649129  122.296624  48.804772    0.808   6.723   99.72471  17.24741  138.325823 -10.844556  9.63590988398698 -28.2857857   77.3438 /L    6.0140   0.1369840   71.196940   -60.57367         n.a.     n.a.
 2026-Jun-25 00:00 *m  00 53 27.92 +03 09 59.9  00 54 49.99 +03 18 39.9  7.623461  2.409897  311.542718 -45.728066    0.799   6.722   99.72017  17.32041    5.373531 -10.903866  9.59529625594870 -28.0645640   79.5883 /L    6.0636   0.1332549   72.457427   -61.15771         n.a.     n.a.
 2026-Jun-27 12:00 N   00 53 56.76 +03 12 18.3  00 55 18.95 +03 20 58.6  6.740370  2.193360  127.310960  52.222535    0.789   6.722   99.71641  17.39478  232.431142 -10.958074  9.55427127403040 -28.6516079   81.8483 /L    6.1045   0.1181377   71.974779   -64.53653         n.a.     n.a.
 2026-Jun-30 00:00 *   00 54 23.40 +03 14 22.8  00 55 45.66 +03 23 03.4  6.586633  1.949952  316.982524 -48.614214    0.779   6.721   99.71356  17.46997   99.498230 -11.006955  9.51315176462056 -28.4049673   84.1100 /L    6.1352   0.1144868   73.508776   -65.13315         n.a.     n.a.
 2026-Jul-02 12:00 Nm  00 54 48.00 +03 16 13.4  00 56 10.39 +03 24 54.4  5.666214  1.726485  133.167018  55.420526    0.769   6.720   99.71157  17.54636  326.575057 -11.050621  9.47173284067535 -28.8523078   86.3882 /L    6.1569   0.0987234   73.054114   -68.60687         n.a.     n.a.
 2026-Jul-05 00:00 *   00 55 10.34 +03 17 49.7  00 56 32.77 +03 26 30.9  5.512146  1.479109  323.100119 -51.226490    0.758   6.719   99.71052  17.62337  193.661039 -11.088844  9.43034150052898 -28.5848428   88.6692 /L    6.1682   0.0951191   74.979311   -69.22718         n.a.     n.a.
 2026-Jul-07 12:00 Nm  00 55 30.56 +03 19 11.8  00 56 53.09 +03 27 53.3  4.554407  1.248196  140.044794  58.317323    0.747   6.718   99.71039  17.70142   60.756623 -11.121729  9.38876501447556 -28.8858741   90.9677 /L    6.1700   0.0787059   74.673656   -72.81690         n.a.     n.a.
 2026-Jul-10 00:00 *   00 55 48.45 +03 20 19.3  00 57 11.03 +03 29 01.0  4.396596  0.996793  329.960280 -53.492551    0.736   6.717   99.71123  17.77985  287.861024 -11.149048  9.34734664755406 -28.5913140   93.2697 /L    6.1610   0.0751363   77.225889   -73.46229         n.a.     n.a.
 2026-Jul-12 12:00 Nm  00 56 04.12 +03 21 12.2  00 57 26.83 +03 29 54.3  3.405321  0.758569  148.108496  60.806652    0.725   6.715   99.71302  17.85909  154.974813 -11.170903  9.30587414817477 -28.7309868   95.5900 /L    6.1423   0.0581464   77.441845   -77.17483         n.a.     n.a.
 2026-Jul-15 00:00 *m  00 56 17.42 +03 21 50.1  00 57 40.20 +03 30 32.8  3.246318  0.505266  337.582531 -55.329586    0.714   6.713   99.71579  17.93844   22.096942 -11.187088  9.26470798026057 -28.3991525   97.9141 /L    6.1126   0.0547567   81.153297   -77.81518         n.a.     n.a.
 2026-Jul-17 12:00 N   00 56 28.42 +03 22 13.4  00 57 51.32 +03 30 56.5  2.232174  0.263517  157.436872  62.757972    0.702   6.711   99.71951  18.01833  249.228064 -11.197749  9.22363426530973 -28.3684823  100.2565 /L    6.0728   0.0374612   83.267178   -81.62447         n.a.     n.a.
 2026-Jul-20 00:00 *m  00 56 37.03 +03 22 21.7  00 57 59.96 +03 31 05.1  2.077627  0.013144  345.907441 -56.650845    0.690   6.709   99.72420  18.09802  116.366887 -11.202736  9.18301816174415 -28.0024620  102.6024 /L    6.0220   0.0346278   89.637529   -82.18406         n.a.     n.a.
 2026-Jul-22 12:00 N   00 56 43.32 +03 22 15.4  00 58 06.34 +03 30 59.1  1.049612  -0.22886  167.916715  64.029429    0.678   6.707   99.72979  18.17796  343.514212 -11.202223  9.14263599422861 -27.8060239  104.9665 /L    5.9609   0.0179045   102.30040   -85.92960         n.a.     n.a.
 2026-Jul-25 00:00 *m  00 56 47.22 +03 21 54.2  00 58 10.28 +03 30 38.4  0.900355  -0.47461  354.770452 -57.376671    0.666   6.704   99.73629  18.25740  210.668561 -11.196086  9.10285265460396 -27.4128181  107.3344 /L    5.8888   0.0169632   117.79547   -86.10477         n.a.     n.a.
 2026-Jul-27 12:00 N   00 56 48.76 +03 21 18.6  00 58 11.95 +03 30 03.3  -0.13512  -0.71639  179.154728  64.498563    0.654   6.701   99.74365  18.33680   77.830887 -11.184495  9.06343997614919 -27.0519727  109.7209 /L    5.8064   0.0121503   190.68129   -87.18289         n.a.     n.a.
 2026-Jul-30 00:00 *   00 56 47.93 +03 20 28.2  00 58 11.16 +03 29 13.5  -0.27806  -0.95704    3.903314 -57.450261    0.641   6.698   99.75182  18.41538  304.999512 -11.167337  9.02476344190208 -26.6344762  112.1115 /L    5.7131   0.0166102   196.20109   -86.10803         n.a.     n.a.
 2026-Aug-01 12:00 Nm  00 56 44.74 +03 19 23.6  00 58 08.07 +03 28 09.4  -1.31383  -1.19797  190.513927  64.101175    0.629   6.695   99.76077  18.49360  172.175529 -11.144783  8.98659143619519 -26.1121113  114.5214 /L    5.6095   0.0296333   227.64109   -82.97224         n.a.     n.a.
 2026-Aug-04 00:00 *   00 56 39.21 +03 18 04.5  00 58 02.55 +03 26 50.6  -1.45187  -1.43258   12.978269 -56.851074    0.616   6.692   99.77043  18.57069   39.357097 -11.116738  8.94928647290948 -25.6739141  116.9360 /L    5.4950   0.0339943   225.38333   -81.84868         n.a.     n.a.
 2026-Aug-06 12:00 Nm  00 56 31.31 +03 16 31.4  00 57 54.75 +03 25 18.0  -2.48383  -1.67147  201.315928  62.855934    0.603   6.688   99.78076  18.64709  266.545457 -11.083372  8.91261950477935 -24.9881167  119.3704 /L    5.3703   0.0498978   236.06184   -77.85910         n.a.     n.a.
 2026-Aug-09 00:00 *   00 56 21.11 +03 14 44.1  00 57 44.60 +03 23 31.3  -2.61864  -1.89826   21.682361 -55.598750    0.591   6.684   99.79168  18.72201  133.738570 -11.044618  8.87695635823262 -24.5213793  121.8099 /L    5.2350   0.0539049   234.06143   -76.72767         n.a.     n.a.
 2026-Aug-11 12:00 Nm  00 56 08.55 +03 12 43.2  00 57 32.16 +03 21 31.0  -3.63733  -2.13203  211.076483  60.853847    0.578   6.680   99.80313  18.79585    0.937743 -11.000666  8.84208007692054 -23.6613198  124.2693 /L    5.0894   0.0702688   239.62326   -72.39010         n.a.     n.a.
 2026-Aug-14 00:00 *m  00 55 53.77 +03 10 28.5  00 57 17.40 +03 19 16.9  -3.76163  -2.34654   29.783492 -53.746735    0.565   6.676   99.81500  18.86781  228.140667 -10.951514  8.80835783709880 -23.1576436  126.7331 /L    4.9336   0.0738920   238.04367   -71.23565         n.a.     n.a.
 2026-Aug-16 12:00 N   00 55 36.68 +03 08 00.9  00 57 00.38 +03 16 49.8  -4.74946  -2.56971  219.597420  58.222138    0.553   6.672   99.82725  18.93829   95.348683 -10.897399  8.77557672506847 -22.1269510  129.2162 /L    4.7678   0.0900013   241.58426   -66.66178         n.a.     n.a.
 2026-Aug-19 00:00 *m  00 55 17.49 +03 05 20.5  00 56 41.20 +03 14 09.8  -4.85560  -2.76750   37.157598 -51.368756    0.540   6.667   99.83974  19.00650  322.559292 -10.838387  8.74408658451866 -21.5983579  131.7029 /L    4.5924   0.0931486   240.31856   -65.49492         n.a.     n.a.
 2026-Aug-21 12:00 A   00 54 56.09 +03 02 28.0  00 56 19.89 +03 11 17.9  -5.80222  -2.97701  226.907225  55.090386    0.528   6.662   99.85241  19.07284  189.773969 -10.774729  8.71367111766344 -20.4139600  134.2081 /L    4.4075   0.1086896   242.83848   -60.71710         n.a.     n.a.
 2026-Aug-24 00:00 *m  00 54 32.73 +02 59 23.6  00 55 56.56 +03 08 14.2  -5.89077  -3.15667   43.777574 -48.544516    0.516   6.658   99.86512  19.13654   56.990102 -10.706525  8.68466302411826 -19.8695061  136.7162 /L    4.2135   0.1113874   241.81461   -59.52398         n.a.     n.a.
 2026-Aug-26 12:00 A   00 54 07.27 +02 56 08.2  00 55 31.18 +03 04 59.4  -6.78903  -3.35128  233.152409  51.570620    0.503   6.653   99.87782  19.19802  284.209277 -10.634020  8.65685255053207 -18.5393675  139.2425 /L    4.0106   0.1261855   243.72761   -54.54167         n.a.     n.a.
 2026-Aug-29 00:00 *   00 53 40.01 +02 52 41.9  00 55 03.92 +03 01 33.6  -6.85948  -3.51224   49.683463 -45.350173    0.491   6.647   99.89036  19.25651  151.428746 -10.557342  8.63055814662415 -17.9803282  141.7713 /L    3.7995   0.1284396   242.88634   -53.30706         n.a.     n.a.
 2026-Aug-31 12:00 Am  00 53 10.78 +02 49 05.6  00 54 34.75 +02 57 57.7  -7.70019  -3.69078  238.513784  47.751874    0.479   6.642   99.90268  19.31240   18.650165 -10.476727  8.60558005180464 -16.5111919  144.3180 /L    3.5800   0.1423169   244.39110   -48.12214        3.483    1.907
 2026-Sep-03 00:00 *   00 52 39.92 +02 45 19.5  00 54 03.89 +02 54 12.1  -7.75150  -3.83178   54.950660 -41.852933    0.468   6.636   99.91464  19.36497  245.870666 -10.392342  8.58221953829587 -15.9387658  146.8667 /L    3.3531   0.1441145   243.69553   -46.83466         n.a.     n.a.
 2026-Sep-05 12:00 Am  00 52 07.24 +02 41 24.6  00 53 31.29 +02 50 17.8  -8.52643  -3.99131  243.163571  43.702667    0.456   6.631   99.92619  19.41458  113.091964 -10.304430  8.56029016902798 -14.3360880  149.4326 /L    3.1186   0.1569063   244.91522   -41.44678        0.535   12.402
 2026-Sep-08 00:00 *   00 51 33.13 +02 37 21.1  00 52 57.21 +02 46 15.1  -8.55656  -4.10871   59.666852 -38.109450    0.445   6.625   99.93717  19.46053  340.311066 -10.213224  8.54007798077588 -13.7459893  151.9994 /L    2.8777   0.1581984   244.35051   -40.09061         n.a.     n.a.
 2026-Sep-10 12:00 A   00 50 57.37 +02 33 10.3  00 52 21.50 +02 42 04.7  -9.25306  -4.24402  247.249181  39.475122    0.434   6.619   99.94754  19.50315  207.529681 -10.119002  8.52141386780787 -12.0137355  154.5817 /L    2.6301   0.1696653   245.36091   -34.50908         n.a.     n.a.
 2026-Sep-13 00:00 *m  00 50 20.42 +02 28 52.5  00 51 44.54 +02 37 47.4  -9.25391  -4.33331   63.918852 -34.166902    0.424   6.613   99.95716  19.54180   74.744679 -10.022074  8.50456173372286 -11.4076793  157.1620 /L    2.3772   0.1703041   244.90781   -33.09133         n.a.     n.a.
 2026-Sep-15 12:00 A   00 49 42.06 +02 24 28.9  00 51 06.21 +02 33 24.3  -9.85687  -4.44048  250.890992  35.109615    0.413   6.606   99.96598  19.57679  301.957769  -9.922742  8.48936098560946  -9.5645334  159.7545 /L    2.1189   0.1801818   245.74865   -27.35604         n.a.     n.a.
 2026-Sep-18 00:00 *m  00 49 02.77 +02 20 00.3  00 50 26.93 +02 28 56.1  -9.82336  -4.50001   67.785443 -30.064255    0.403   6.600   99.97389  19.60756  169.165783  -9.821362  8.47604073803723  -8.9580577  162.3403 /L    1.8570   0.1800837   245.38780   -25.90136         n.a.     n.a.
 2026-Sep-20 12:00 A   00 48 22.32 +02 15 27.6  00 49 46.54 +02 24 24.0  -10.3258  -4.57785  254.185913  30.638332    0.393   6.593   99.98085  19.63442   36.370499  -9.718228  8.46444566782109  -7.0297824  164.9319 /L    1.5913   0.1882511   246.09031   -20.05544         n.a.     n.a.
 2026-Sep-23 00:00 *m  00 47 41.23 +02 10 51.6  00 49 05.45 +02 19 48.5  -10.2606  -4.60768   71.336059 -25.834006    0.383   6.586   99.98675  19.65688  263.568789  -9.613721  8.45477137154870  -6.4343803  167.5062 /L    1.3243   0.1874611   245.81674   -18.56956         n.a.     n.a.
 2026-Sep-25 12:00 Am  00 46 59.24 +02 06 13.3  00 48 23.48 +02 15 10.6  -10.6605  -4.65610  257.211511  26.087027    0.373   6.577   99.99159  19.67525  130.762487  -9.508113  8.44687663986106  -4.4378218  170.0675 /L    1.0565   0.1938821   246.40605   -12.64076        2.928    2.247
 2026-Sep-28 00:00 *   00 46 16.88 +02 01 33.5  00 47 41.10 +02 10 31.1  -10.5667  -4.65721   74.631168 -21.503425    0.361   6.567   99.99528  19.68912  357.948498  -9.401799  8.44092899826777  -3.8549049  172.5696 /L    0.7929   0.1924580   246.21476   -11.11180         n.a.     n.a.
 2026-Sep-30 12:00 Am  00 45 33.87 +01 56 53.1  00 46 58.11 +02 05 51.1  -10.8606  -4.67652  260.030719  21.476921    0.348   6.555   99.99781  19.69873  225.128647  -9.295028  8.43680816489806  -1.7999540  174.9450 /L    0.5413   0.1970771   246.70345   -5.123225        2.271    2.886
 2026-Oct-03 00:00 *   00 44 50.78 +01 52 12.9  00 46 15.03 +02 01 11.5  -10.7372  -4.64863   77.722804 -17.095524    0.334   6.542   99.99914  19.70376   92.299849  -9.188222  8.43465514641036  -1.2269461  176.8398 /L    0.3383   0.1950056   246.59002   -3.536937         n.a.     n.a.
 2026-Oct-05 12:00  m  00 44 07.31 +01 47 34.0  00 45 31.59 +01 56 33.0  -10.9181  -4.63634  262.695469  16.826210    0.333   6.541   99.99928  19.70443  319.463873  -9.081641  8.43437003045925   0.8738128  177.0919 /L    0.3060   0.1976954   246.99164   2.4766922        0.423   15.476
 2026-Oct-08 00:00 *   00 43 24.06 +01 42 57.2  00 44 48.33 +01 51 56.6  -10.7618  -4.57647   80.656127 -12.630437    0.346   6.554   99.99821  19.70048  186.617680  -8.975762  8.43606043280605   1.4323799  175.4086 /T    0.4809   0.1949083   246.96238   4.1164044         n.a.     n.a.
 2026-Oct-10 12:00     00 42 40.73 +01 38 23.7  00 44 04.99 +01 47 23.3  -10.8240  -4.52975  265.249223  12.151039    0.362   6.568   99.99593  19.69212   53.762998  -8.870863  8.43964157437806   3.5575294  173.0760 /T    0.7256   0.1955606   247.29118   10.105076         n.a.     n.a.
 2026-Oct-13 00:00 *m  00 41 57.93 +01 33 54.3  00 43 22.18 +01 42 54.1  -10.6336  -4.43731   83.470571  -8.126125    0.375   6.580   99.99249  19.67920  280.896899  -8.767446  8.44518191880407   4.0908257  170.5688 /T    0.9875   0.1920389   247.34972   11.781498         n.a.     n.a.
 2026-Oct-15 12:00     00 41 15.35 +01 29 30.1  00 42 39.61 +01 38 30.2  -10.5755  -4.35724  267.729962   7.466463    0.387   6.590   99.98790  19.66191  148.021086  -8.665766  8.45261000432801   6.2151569  167.9867 /T    1.2551   0.1906327   247.60771   17.692359         n.a.     n.a.
 2026-Oct-18 00:00 *m  00 40 33.62 +01 25 12.0  00 41 57.89 +01 34 12.5  -10.3529  -4.23492   86.201221  -3.598783    0.398   6.599   99.98223  19.64020   15.132797  -8.566313  8.46195403329278   6.7115002  165.3800 /T    1.5224   0.1864255   247.75260   19.385186         n.a.     n.a.
 2026-Oct-20 12:00     00 39 52.40 +01 21 00.9  00 41 16.67 +01 30 01.6  -10.1771  -4.12428  270.171601   2.786469    0.409   6.607   99.97549  19.61423  242.233721  -8.469299  8.47315623184477   8.8095706  162.7490 /T    1.7887   0.1830170   247.93968   25.167612         n.a.     n.a.
 2026-Oct-23 00:00 *m  00 39 12.32 +01 16 57.6  00 40 36.57 +01 25 58.5  -9.92843  -3.97506   88.880729   0.936537    0.420   6.615   99.96780  19.58407  109.321319  -8.375194  8.48620489173419   9.2588408  160.1165 /T    2.0511   0.1782436   248.18023   26.852667         n.a.     n.a.
 2026-Oct-25 12:00  m  00 38 33.02 +01 13 02.9  00 39 57.24 +01 22 03.9  -9.64359  -3.83697  272.605588  -1.875851    0.432   6.622   99.95918  19.54985  336.397271  -8.284167  8.50106085627559  11.3116758  157.4711 /T    2.3103   0.1729813   248.30349   32.467470         n.a.     n.a.
 2026-Oct-28 00:00 *   00 37 55.11 +01 09 17.6  00 39 19.33 +01 18 18.7  -9.37714  -3.66419   91.540248   5.465974    0.443   6.630   99.94976  19.51170  203.459258  -8.196656  8.51768147706743  11.7158406  154.8310 /T    2.5637   0.1677937   248.65654   34.139721         n.a.     n.a.
 2026-Oct-30 12:00  m  00 37 18.23 +01 05 42.4  00 38 42.45 +01 14 43.8  -8.98939  -3.50108  275.062740  -6.507906    0.455   6.637   99.93956  19.46970   70.508865  -8.112795  8.53605584924206  13.7173033  152.1820 /T    2.8124   0.1607851   248.72065   39.581999         n.a.     n.a.
 2026-Nov-02 00:00 *   00 36 42.97 +01 02 17.9  00 38 07.20 +01 11 19.6  -8.70509  -3.30554   94.210466   9.976489    0.467   6.643   99.92876  19.42405  297.543924  -8.033021  8.55611483075373  14.0832297  149.5413 /T    3.0540   0.1551927   249.20701   41.261429         n.a.     n.a.
 2026-Nov-04 12:00  m  00 36 08.98 +00 59 05.0  00 37 33.18 +01 08 06.7  -8.21341  -3.11712  277.573957 -11.097153    0.479   6.650   99.91737  19.37479  164.565867  -7.957472  8.57786865658600  16.0184008  146.8939 /T    3.2897   0.1464170   249.21745   46.533924         n.a.     n.a.
 2026-Nov-07 00:00 *   00 35 36.87 +00 56 04.3  00 37 01.04 +01 05 06.0  -7.90984  -2.89886   96.922761  14.454934    0.491   6.656   99.90558  19.32222   31.572753  -7.886588  8.60120810201674  16.3350362  144.2571 /T    3.5171   0.1404051   249.87273   48.212115         n.a.     n.a.
 2026-Nov-09 12:00     00 35 06.26 +00 53 16.5  00 36 30.41 +01 02 18.2  -7.32044  -2.68694  280.171640 -15.630293    0.503   6.662   99.89341  19.26634  258.565953  -7.820485  8.62615466559360  18.1769325  141.6158 /T    3.7375   0.1299663   249.84449   53.292058         n.a.     n.a.
 2026-Nov-12 00:00 *m  00 34 37.74 +00 50 42.2  00 36 01.89 +00 59 44.0  -7.00406  -2.44941   99.709815  18.888148    0.515   6.667   99.88106  19.20754  125.543831  -7.759563  8.65256064604430  18.4335808  138.9873 /T    3.9485   0.1236668   250.72459   54.942123         n.a.     n.a.
 2026-Nov-14 12:00     00 34 10.94 +00 48 22.0  00 35 35.07 +00 57 23.8  -6.32814  -2.21880  282.891164 -20.093210    0.528   6.673   99.86855  19.14580  352.507688  -7.703885  8.68046457305896  20.1639122  136.3560 /T    4.1515   0.1117641   250.67805   59.816954         n.a.     n.a.
 2026-Nov-17 00:00 *m  00 33 46.40 +00 46 16.3  00 35 10.52 +00 55 18.2  -6.00563  -1.96700  102.607684  23.262552    0.540   6.678   99.85608  19.08156  219.456181  -7.653789  8.70968749975506  20.3579401  133.7394 /T    4.3444   0.1053258   251.86503   61.422233         n.a.     n.a.
 2026-Nov-19 12:00     00 33 23.75 +00 44 25.4  00 34 47.83 +00 53 27.2  -5.25361  -1.72274  285.771737 -24.470934    0.553   6.682   99.84365  19.01476   86.390504  -7.609289  8.74028703978373  21.9628501  131.1213 /T    4.5285   0.0921475   251.84488   66.093051         n.a.     n.a.
 2026-Nov-22 00:00 *m  00 33 03.50 +00 42 49.8  00 34 27.56 +00 51 51.5  -4.93163  -1.46108  105.657303  27.563614    0.565   6.687   99.83149  18.94590  313.309614  -7.570664  8.77205385618812  22.0918296  128.5190 /T    4.7018   0.0857253   253.49719   67.634284         n.a.     n.a.
 2026-Nov-24 12:00  m  00 32 45.28 +00 41 29.6  00 34 09.30 +00 50 31.2  -4.11706  -1.20734  288.858239 -28.746793    0.577   6.691   99.81956  18.87487  180.214611  -7.537884  8.80506556356079  23.5612216  125.9158 /T    4.8658   0.0715072   253.65605   72.098026         n.a.     n.a.
 2026-Nov-27 00:00 *   00 32 29.55 +00 40 25.2  00 33 53.60 +00 49 26.8  -3.80332  -0.93879  108.905847  31.775520    0.589   6.694   99.80809  18.80221   47.104736  -7.511184  8.83909212427404  23.6333081  123.3290 /T    5.0185   0.0652912   256.13461   73.554196         n.a.     n.a.
 2026-Nov-29 12:00  m  00 32 15.97 +00 39 36.6  00 33 39.98 +00 48 38.3  -2.93503  -0.67713  292.202906 -32.901673    0.601   6.697   99.79703  18.72774  273.980902  -7.490520  8.87423904462659  24.9689377  120.7413 /T    5.1614   0.0502022   257.00874   77.828953         n.a.     n.a.
 2026-Dec-02 00:00 *   00 32 04.94 +00 39 04.2  00 33 28.95 +00 48 05.7  -2.62795  -0.40193  112.409064  35.880001    0.613   6.700   99.78660  18.65204  140.842560  -7.476117  8.91025673534616  24.9913178  118.1702 /T    5.2927   0.0443084   261.30422   79.189005         n.a.     n.a.
 2026-Dec-04 12:00  m  00 31 56.17 +00 38 48.0  00 33 20.11 +00 47 49.4  -1.70908  -0.13340  295.866347 -36.912836    0.624   6.703   99.77677  18.57489    7.690430  -7.467927  8.94726616429304  26.1813766  115.5988 /T    5.4138   0.0285713   265.53689   83.268728         n.a.     n.a.
 2026-Dec-07 00:00 *   00 31 50.02 +00 38 48.4  00 33 13.96 +00 47 49.5  -1.40855  0.146150  116.232709  39.855156    0.636   6.705   99.76770  18.49690  234.524251  -7.466142  8.98498700257175  26.1443536  113.0447 /T    5.5229   0.0236018   275.92377   84.400197         n.a.     n.a.
 2026-Dec-09 12:00     00 31 46.21 +00 39 05.3  00 33 10.12 +00 48 06.3  -0.44972  0.417990  299.919286 -40.752183    0.647   6.707   99.75938  18.41786  101.344640  -7.470679  9.02354850825321  27.1700745  110.4913 /T    5.6214   0.0102329   312.90557   87.647581         n.a.     n.a.
 2026-Dec-12 00:00 *m  00 31 45.07 +00 39 38.8  00 33 08.99 +00 48 39.7  -0.16311  0.697905  120.454794  43.674334    0.658   6.708   99.75194  18.33840  328.151667  -7.481671  9.06264532109013  27.0683505  107.9563 /T    5.7078   0.0119452   346.84521   87.232292         n.a.     n.a.
 2026-Dec-14 12:00     00 31 46.31 +00 40 28.7  00 33 10.18 +00 49 29.6  0.821602  0.968683  304.442434 -44.385524    0.668   6.709   99.74536  18.25827  194.945833  -7.498991  9.10242240716806  27.9235457  105.4227 /T    5.7836   0.0211698   40.303413   85.231634         n.a.     n.a.
 2026-Dec-17 00:00 *m  00 31 50.20 +00 41 35.2  00 33 14.07 +00 50 35.8  1.088158  1.244774  125.167932  47.304324    0.678   6.709   99.73974  18.17811   61.727489  -7.522715  9.14255972936460  27.7627490  102.9081 /T    5.8471   0.0275557   41.159333   83.740271         n.a.     n.a.
 2026-Dec-19 12:00     00 31 56.48 +00 42 57.9  00 33 20.28 +00 51 58.2  2.088049  1.510541  309.524741 -47.770946    0.688   6.710   99.73505  18.09762  288.496967  -7.552675  9.18322109594660  28.4486306  100.3956 /T    5.9001   0.0429524   54.117172   80.485755         n.a.     n.a.
 2026-Dec-22 00:00 *m  00 32 05.38 +00 44 36.7  00 33 29.20 +00 53 36.7  2.331612  1.779577  130.478452  50.703379    0.698   6.709   99.73138  18.01746  155.254859  -7.588902  9.22407516846016  28.2362981   97.9023 /T    5.9410   0.0488857   52.647717   79.074085         n.a.     n.a.
 2026-Dec-24 12:00  m  00 32 16.66 +00 46 31.2  00 33 40.45 +00 55 31.3  3.337646  2.038344  315.257528 -50.856789    0.707   6.709   99.72866  17.93729   22.001319  -7.631210  9.26530323068700  28.7558699   95.4111 /T    5.9714   0.0651808   58.587039   75.755583         n.a.     n.a.
 2026-Dec-27 00:00 *   00 32 30.50 +00 48 41.5  00 33 54.32 +00 57 41.4  3.557034  2.300135  136.501324  53.818856    0.716   6.708   99.72697  17.85776  248.737155  -7.679615  9.30656739050191  28.5022602   92.9388 /T    5.9900   0.0705989   57.111515   74.429599         n.a.     n.a.
 2026-Dec-29 12:00  m  00 32 46.70 +00 51 07.1  00 34 10.44 +01 00 06.8  4.564547  2.552917  321.720571 -53.581000    0.724   6.706   99.72626  17.77849  115.462305  -7.733949  9.34806543139671  28.8596731   90.4679 /T    5.9983   0.0871660   60.782039   71.155618         n.a.     n.a.
$$EOE
**********************************************************************************************************************************************************************************************************************************************************************************************
Column meaning:
 
TIME

  Times PRIOR to 1962 are UT1, a mean-solar time closely related to the
prior but now-deprecated GMT. Times AFTER 1962 are in UTC, the current
civil or "wall-clock" time-scale. UTC is kept within 0.9 seconds of UT1
using integer leap-seconds for 1972 and later years.

  Conversion from the internal Barycentric Dynamical Time (TDB) of solar
system dynamics to the non-uniform civil UT time-scale requested for output
has not been determined for UTC times after the next July or January 1st.
Therefore, the last known leap-second is used as a constant over future
intervals.

  Time tags refer to the UT time-scale conversion from TDB on Earth
regardless of observer location within the solar system, although clock
rates may differ due to the local gravity field and no analog to "UT"
may be defined for that location.

  Any 'b' symbol in the 1st-column denotes a B.C. date. First-column blank
(" ") denotes an A.D. date.
 
CALENDAR SYSTEM

  Mixed calendar mode was active such that calendar dates after AD 1582-Oct-15
(if any) are in the modern Gregorian system. Dates prior to 1582-Oct-5 (if any)
are in the Julian calendar system, which is automatically extended for dates
prior to its adoption on 45-Jan-1 BC.  The Julian calendar is useful for
matching historical dates. The Gregorian calendar more accurately corresponds
to the Earth's orbital motion and seasons. A "Gregorian-only" calendar mode is
available if such physical events are the primary interest.

  NOTE: "n.a." in output means quantity "not available" at the print-time.
 
SOLAR PRESENCE (OBSERVING SITE)
  Time tag is followed by a blank, then a solar-presence symbol:

       '*'  Daylight (refracted solar upper-limb on or above apparent horizon)
       'C'  Civil twilight/dawn
       'N'  Nautical twilight/dawn
       'A'  Astronomical twilight/dawn
       ' '  Night OR geocentric ephemeris

LUNAR PRESENCE (OBSERVING SITE)
  The solar-presence symbol is immediately followed by a lunar-presence symbol:

       'm'  Refracted upper-limb of Moon on or above apparent horizon
       ' '  Refracted upper-limb of Moon below apparent horizon OR geocentric
            ephemeris
 
 'R.A._____(ICRF)_____DEC' =
  Astrometric right ascension and declination of the target center with
respect to the observing site (coordinate origin) in the reference frame of
the planetary ephemeris (ICRF). Compensated for down-leg light-time delay
aberration.

  Units: RA  in hours-minutes-seconds of time,    HH MM SS.ff{ffff}
         DEC in degrees-minutes-seconds of arc,  sDD MN SC.f{ffff}
 
 'R.A.__(a-apparent)__DEC' =
  Airless apparent right ascension and declination of the target center
with respect to an instantaneous reference frame defined by the Earth equator
of-date (z-axis) and meridian containing the Earth equinox of-date (x-axis,
EOP-corrected IAU76/80). Compensated for down-leg light-time delay,
gravitational deflection of light, stellar aberration, precession & nutation.
Note: equinox (RA origin) is offset -53 mas from the of-date frame defined
by the IAU06/00a P & N system.

  Units: RA  in hours-minutes-seconds of time,   HH MM SS.ff{ffff}
         DEC in degrees-minutes-seconds of arc, sDD MN SC.f{ffff}
 
 'dRA*cosD d(DEC)/dt' =
  The angular rate of change in apparent RA and DEC of the target. This is
with respect to the non-inertial IAU76/80 Earth true equator and equinox
of-date reference frame.  d(RA)/dt is multiplied by the cosine of declination
to provide a linear rate in the plane-of-sky. Units: ARCSECONDS PER HOUR
 
 'Azi____(a-app)___Elev' =
  Airless apparent azimuth and elevation of target center. Compensated
for light-time, the gravitational deflection of light, stellar aberration,
precession and nutation. Azimuth is measured clockwise from north:

  North(0) -> East(90) -> South(180) -> West(270) -> North (360)

Elevation angle is with respect to a plane perpendicular to the reference
surface local zenith direction. TOPOCENTRIC ONLY.  Units: DEGREES
 
 'APmag   S-brt' =
   Saturn's approximate apparent visual magnitude and surface brightness. The
value includes the ring system when the solar phase angle of the observer is
less than 6.5 degrees (typical when observed from Earth) AND effective ring
inclination is less than 27 degrees. Otherwise, the value is that of the globe
only (no rings).  An "n.a." will be output if outside the range of phase-angles
for which the model is valid.

   For Earth-based observers, the estimated dimming due to atmospheric
absorption (extinction) is available as a separate, requestable quantity.

   Surface brightness is the average airless visual magnitude of a
square-arcsecond of the illuminated portion of the apparent disk.

 MAGNITUDES & MAGNITUDES PER SQUARE ARCSECOND
 
 'Illu%' =
   Fraction of the target objects' assumed circular disk illuminated by Sun
(phase), as seen by the observer.  Units: PERCENT
 
 'Ang-diam' =
   The equatorial angular width of the target body full disk, if it were fully
illuminated and visible to the observer. If the target body diameter is unknown
"n.a." is output.

   Units: ARCSECONDS
 
 'ObsSub-LON ObsSub-LAT' =
   Apparent planetodetic longitude and latitude of the center of the target
disc seen by the OBSERVER at print-time. This is NOT exactly the same as the
"nearest" sub-point for a non-spherical target shape (since the center of the
disc might not be the point closest to the observer), but is generally very
close if not a very irregular body shape. Down-leg light travel-time from
target to observer is taken into account. Latitude is the angle between the
equatorial plane and the line perpendicular to the reference ellipsoid of the
body, so includes body oblateness. The reference ellipsoid is an oblate
spheroid with a single flatness coefficient in which the y-axis body radius
is taken to be the same value as the x-axis radius.  For Jupiter, Saturn, and
Uranus, IAU2015 longitude is based on the "System III" prime meridian rotation
angle of the magnetic field. By contrast, pole direction (thus latitude) is
relative to the body dynamical equator.  There can be an offset between the
magnetic pole and the dynamical pole of rotation. For Neptune, rotation is
IAU2015 "System II" rotation of optically observed features in the Neptunian
atmosphere. Positive longitude is to the WEST for this target. Cartographic
system is specified in the header.  Units: DEGREES DEGREES
 
 'delta      deldot' =
   Apparent range ("delta", light-time aberrated) and range-rate ("delta-dot")
of the target center relative to the observer. A positive "deldot" means the
target center is moving away from the observer, negative indicates movement
toward the observer.  Units: AU and KM/S
 
 'S-O-T /r' =
   Sun-Observer-Target apparent SOLAR ELONGATION ANGLE seen from the observers'
location at print-time.

   The '/r' column provides a code indicating the targets' apparent position
relative to the Sun in the observers' sky, as described below:

   Case A: For an observing location on the surface of a rotating body, that
body rotational sense is considered:

    /T indicates target TRAILS Sun   (evening sky: rises and sets AFTER Sun)
    /L indicates target LEADS Sun    (morning sky: rises and sets BEFORE Sun)

   Case B: For an observing point that does not have a rotational model (such
as a spacecraft), the "leading" and "trailing" condition is defined by the
observers' heliocentric ORBITAL motion:

    * If continuing in the observers' current direction of heliocentric
       motion would encounter the targets' apparent longitude first, followed
       by the Sun's, the target LEADS the Sun as seen by the observer.

    * If the Sun's apparent longitude would be encountered first, followed
       by the targets', the target TRAILS the Sun.

   Two other codes can be output:
    /* indicates observer is Sun-centered    (undefined)
    /? Target is aligned with Sun center     (no lead or trail)

   The S-O-T solar elongation angle is numerically the minimum separation
angle of the Sun and target in the sky in any direction. It does NOT indicate
the amount of separation in the leading or trailing directions, which would
be defined along the equator of a spherical coordinate system.

   Units: DEGREES
 
 'S-T-O' =
   The Sun-Target-Observer angle; the interior vertex angle at target center
formed by a vector from the target to the apparent center of the Sun (at
reflection time on the target) and the apparent vector from target to the
observer at print-time. Slightly different from true PHASE ANGLE (requestable
separately) at the few arcsecond level in that it includes stellar aberration
on the down-leg from target to observer.  Units: DEGREES
 
 'Sky_motion  Sky_mot_PA  RelVel-ANG' =
  Total apparent angular rate of the target in the plane-of-sky. "Sky_mot_PA"
is the position angle of the target's direction of motion in the plane-of-sky,
measured counter-clockwise from the apparent of-date north pole direction.
"RelVel-ANG" is the flight path angle of the target's relative motion with
respect to the observer's line-of-sight, in the range [-90,+90], where positive
values indicate motion away from the observer, negative values are toward the
observer:

  -90 = target is moving directly toward the observer
    0 = target is moving at right angles to the observer's line-of-sight
  +90 = target is moving directly away from the observer

UNITS:  ARCSECONDS/MINUTE, DEGREES, DEGREES
 
 'Lun_Sky_Brt  sky_SNR' =
  Sky brightness due to moonlight scattered by Earth's atmosphere at the
target's position in the sky. "sky_SNR" is the visual signal-to-noise ratio
(SNR) of the target's surface brightness relative to background sky. Output
only for topocentric Earth observers when both the Moon and target are above
the local horizon and the Sun is in astronomical twilight (or further) below
the horizon, and the target is not the Moon or Sun. If all conditions are
not met, "n.a." is output. Galactic brightness, local sky light-pollution
and weather are NOT considered. Lunar opposition surge is considered. The
value returned is accurate under ideal conditions at the approximately 8-23%
level, so is a useful but not definitive value.

  If the target-body radius is also known, "sky_SNR" is output. This is the
approximate visual signal-to-noise ratio of the target's brightness divided
by lunar sky brightness. When sky_SNR < 1, the target is dimmer than the
ideal moonlight-scattering background sky, so unlikely to be detectable at
visual wavelengths. In practice, visibility requires sky_SNR > 1 and a
detector sensitive enough to reach the target's magnitude, even if it isn't
washed out by moonlight. When relating magnitudes and brightness values,
keep in mind their logarithmic relationship m2-m1 = -2.5*log_10(b2/b1).

  UNITS: VISUAL MAGNITUDES / ARCSECOND^2, and unitless ratio

Computations by ...

    Solar System Dynamics Group, Horizons On-Line Ephemeris System
    4800 Oak Grove Drive, Jet Propulsion Laboratory
    Pasadena, CA  91109   USA

    General site: https://ssd.jpl.nasa.gov/
    Mailing list: https://ssd.jpl.nasa.gov/email_list.html
    System news : https://ssd.jpl.nasa.gov/horizons/news.html
    User Guide  : https://ssd.jpl.nasa.gov/horizons/manual.html
    Connect     : browser        https://ssd.jpl.nasa.gov/horizons/app.html#/x
                  API            https://ssd-api.jpl.nasa.gov/doc/horizons.html
                  command-line   telnet ssd.jpl.nasa.gov 6775
                  e-mail/batch   https://ssd.jpl.nasa.gov/ftp/ssd/horizons_batch.txt
                  scripts        https://ssd.jpl.nasa.gov/ftp/ssd/SCRIPTS
    Author      : Jon.D.Giorgini@jpl.nasa.gov

**********************************************************************************************************************************************************************************************************************************************************************************************
