*******************************************************************************
 Revised: January 26, 2022             Saturn                               699
 
 PHYSICAL DATA:
  Mass x10^26 (kg)      = 5.6834          Density (g/cm^3)       =  0.687+-.001
  Equat. radius (1 bar) = 60268+-4 km     Polar radius (km)      = 54364+-10
  Vol. Mean Radius (km) = 58232+-6        Flattening             =  0.09796
  Geometric Albedo      = 0.47            Rocky core mass (Mc/M) =  0.1027
  Sid. rot. period (III)= 10h 39m 22.4s   Sid. rot. rate (rad/s) =  0.000163785 
  Mean solar day, hrs   =~10.656         
  GM (km^3/s^2)         = 37931206.234    GM 1-sigma (km^3/s^2)  = +- 98
  Equ. grav, ge (m/s^2) = 10.44           Pol. grav, gp (m/s^2)  = 12.14+-0.01
  Vis. magnitude V(1,0) = -8.88          
  Vis. mag. (opposition)= +0.67           Obliquity to orbit     = 26.73 deg
  Sidereal orbit period = 29.447498 yr    Sidereal orbit period  = 10755.698 d
  Mean daily motion     = 0.0334979 deg/d Mean orbit velocity    =  9.68 km/s
  Atmos. temp. (1 bar)  = 134+-4 K        Escape speed, km/s    =  35.5          
  Aroche(ice)/Rp        =  2.71           Hill's sphere rad. Rp  = 1100
                                 Perihelion  Aphelion    Mean
  Solar Constant (W/m^2)         16.8        13.6        15.1
  Maximum Planetary IR (W/m^2)    4.7         4.5         4.6
  Minimum Planetary IR (W/m^2)    4.7         4.5         4.6
*******************************************************************************


*******************************************************************************
Ephemeris / WWW_USER Mon Apr  6 16:09:37 2026 Pasadena, USA      / Horizons    
*******************************************************************************
Target body name: Saturn (699)                    {source: sat441l}
Center body name: Earth (399)                     {source: DE441}
Center-site name: (user defined site below)
*******************************************************************************
Start time      : A.D. 2026-Jan-01 00:00:00.0000 UT      
Stop  time      : A.D. 2026-Dec-31 00:00:00.0000 UT      
Step-size       : 3600 minutes
*******************************************************************************
Target pole/equ : IAU_SATURN                      {West-longitude positive}
Target radii    : 60268.0, 60268.0, 54364.0 km    {Equator_a, b, pole_c}       
Center geodetic : 255.5, 24.0, 1.9                {E-lon(deg),Lat(deg),Alt(km)}
Center cylindric: 255.5, 5831.683, 2579.05622     {E-lon(deg),Dxy(km),Dz(km)}
Center pole/equ : ITRF93                          {East-longitude positive}
Center radii    : 6378.137, 6378.137, 6356.752 km {Equator_a, b, pole_c}       
Target primary  : Sun
Vis. interferer : MOON (R_eq= 1737.400) km        {source: DE441}
Rel. light bend : Sun                             {source: DE441}
Rel. lght bnd GM: 1.3271E+11 km^3/s^2                                          
Atmos refraction: NO (AIRLESS)
RA format       : HMS
Time format     : CAL 
Calendar mode   : Mixed Julian/Gregorian
EOP file        : eop.260406.p260703                                           
EOP coverage    : DATA-BASED 1962-JAN-20 TO 2026-APR-06. PREDICTS-> 2026-JUL-02
Units conversion: 1 au= 149597870.700 km, c= 299792.458 km/s, 1 day= 86400.0 s 
Table cut-offs 1: Elevation (-90.0deg=NO ),Airmass (>38.000=NO), Daylight (NO )
Table cut-offs 2: Solar elongation (  0.0,180.0=NO ),Local Hour Angle( 0.0=NO )
Table cut-offs 3: RA/DEC angular rate (     0.0=NO )                           
**********************************************************************************************************************************************************************************************************************************************************************************************
 Date__(UT)__HR:MN     R.A._____(ICRF)_____DEC  R.A.__(a-apparent)__DEC  dRA*cosD d(DEC)/dt  Azi____(a-app)___Elev    APmag   S-brt      Illu%  Ang-diam  ObsSub-LON ObsSub-LAT             delta      deldot     S-O-T /r     S-T-O  Sky_motion  Sky_mot_PA  RelVel-ANG  Lun_Sky_Brt  sky_SNR
**********************************************************************************************************************************************************************************************************************************************************************************************
$$SOE
 2026-Jan-01 00:00 *m  23 48 11.31 -03 44 26.9  23 49 31.45 -03 35 47.4  7.609271  3.927045  177.376212  62.377998    1.007   6.907   99.74921  17.10665  331.775539  -1.170067  9.71519426153052  27.7840359   75.6123 /T    5.7424   0.1427144   62.702335   58.900565         n.a.     n.a.
 2026-Jan-03 12:00  m  23 48 43.74 -03 40 24.6  23 50 03.84 -03 31 45.1  8.571480  4.145033    3.167247 -69.501145    1.011   6.903   99.75498  17.03654  198.443812  -1.265331  9.75517435670722  27.4626738   73.2132 /T    5.6763   0.1586852   64.192318   55.730430         n.a.     n.a.
 2026-Jan-06 00:00 *   23 49 18.26 -03 36 09.7  23 50 38.39 -03 27 30.2  8.657268  4.358431  187.393274  62.339213    1.015   6.898   99.76148  16.96813   65.106719  -1.365709  9.79450282740254  27.1310775   70.8325 /T    5.6005   0.1615414   63.277406   54.818101         n.a.     n.a.
 2026-Jan-08 12:00  m  23 49 54.85 -03 31 42.0  23 51 14.89 -03 23 02.6  9.591516  4.563235   15.926264 -68.651636    1.018   6.893   99.76867  16.90097  291.763214  -1.471207  9.83342751249539  26.6538162   68.4520 /T    5.5158   0.1770282   64.556885   51.709043         n.a.     n.a.
 2026-Jan-11 00:00 *   23 50 33.41 -03 27 02.3  23 51 53.45 -03 18 23.0  9.659270  4.767489  197.081911  61.592606    1.021   6.888   99.77648  16.83566  158.415378  -1.581540  9.87157361353743  26.3011456   66.0892 /T    5.4219   0.1795291   63.730613   50.835994         n.a.     n.a.
 2026-Jan-13 12:00  m  23 51 13.94 -03 22 10.5  23 52 33.91 -03 13 31.2  10.56008  4.958638   27.244409 -66.950148    1.024   6.882   99.78488  16.77176   25.062065  -1.696708  9.90918556555157  25.6668877   63.7264 /T    5.3194   0.1944390   64.846930   47.778323         n.a.     n.a.
 2026-Jan-16 00:00 *   23 51 56.33 -03 17 07.3  23 53 16.32 -03 08 28.0  10.60906  5.151819  206.063564  60.205730    1.026   6.876   99.79377  16.70986  251.705504  -1.816402  9.94589302405579  25.2940071   61.3813 /T    5.2084   0.1965631   64.098526   46.944705         n.a.     n.a.
 2026-Jan-18 12:00     23 52 40.60 -03 11 52.9  23 54 00.54 -03 03 13.6  11.47165  5.327618   36.769824 -64.582516    1.028   6.870   99.80312  16.64951  118.344427  -1.940603  9.98193925065199  24.5074951   59.0362 /T    5.0892   0.2108069   65.089093   43.933368         n.a.     n.a.
 2026-Jan-21 00:00 *m  23 53 26.58 -03 06 28.0  23 54 46.54 -02 57 48.7  11.50189  5.507416  214.126542  58.274801    1.029   6.864   99.81284  16.59130  344.981191  -2.068975  10.0169604390261  24.1152859   56.7089 /T    4.9621   0.2125410   64.413646   43.137153         n.a.     n.a.
 2026-Jan-23 12:00     23 54 14.34 -03 00 52.8  23 55 34.22 -02 52 13.5  12.32024  5.666204   44.591118 -61.728546    1.029   6.857   99.82289  16.53479  211.614441  -2.201480  10.0511956230108  23.1810114   54.3820 /T    4.8273   0.2260126   65.301815   40.168254         n.a.     n.a.
 2026-Jan-26 00:00 *m  23 55 03.66 -02 55 08.0  23 56 23.54 -02 46 28.9  12.32890  5.830758  221.219835  55.902588    1.030   6.850   99.83317  16.48052   78.246651  -2.337758  10.0842930965616  22.7751670   52.0728 /T    4.6853   0.2273027   64.688933   39.417528         n.a.     n.a.
 2026-Jan-28 12:00     23 55 54.63 -02 49 13.9  23 57 14.46 -02 40 34.7  13.09684  5.972081   50.985861 -58.530648    1.030   6.843   99.84364  16.42807  304.876360  -2.477761  10.1164947631465  21.7095184   49.7643 /T    4.5362   0.2399033   65.487298   36.499199         n.a.     n.a.
 2026-Jan-31 00:00 *m  23 56 47.01 -02 43 11.2  23 58 06.87 -02 34 31.9  13.08525  6.121567  227.400715  53.183129    1.029   6.836   99.85419  16.37792  171.506072  -2.621134  10.1474710100121  21.3059628   47.4731 /T    4.3805   0.2407727   64.928776   35.804861         n.a.     n.a.
 2026-Feb-02 12:00  m  23 57 40.91 -02 37 00.1  23 59 00.72 -02 28 20.7  13.80420  6.247408   56.254615 -55.091502    1.028   6.829   99.86481  16.32965   38.134163  -2.767850  10.1774658992840  20.1268541   45.1821 /T    4.2184   0.2525350   65.649784   32.933761         n.a.     n.a.
 2026-Feb-05 00:00 *   23 58 36.07 -02 30 41.3  23 59 55.89 -02 22 02.0  13.77981  6.383637  232.777909  50.194780    1.027   6.821   99.87537  16.28373  264.763137  -2.917580  10.2061650308240  19.7295376   42.9075 /T    4.0503   0.2531106   65.143588   32.282658         n.a.     n.a.
 2026-Feb-07 12:00  m  23 59 32.65 -02 24 14.9  00 00 52.41 -02 15 35.7  14.45183  6.495648   60.654986 -51.482557    1.025   6.814   99.88588  16.23976  131.391286  -3.070316  10.2337984762646  18.4365863   40.6325 /T    3.8763   0.2640754   65.797572   29.435893         n.a.     n.a.
 2026-Feb-10 00:00 *   00 00 30.37 -02 17 41.5  00 01 50.14 -02 09 02.3  14.41607  6.618383  237.474067  46.999962    1.022   6.806   99.89620  16.19820  358.021199  -3.225729  10.2600591777114  18.0370019   38.3733 /T    3.6970   0.2643788   65.340258   28.811640         n.a.     n.a.
 2026-Feb-12 12:00  m  00 01 29.40 -02 11 01.5  00 02 49.12 -02 02 22.2  15.03635  6.715993   64.388745 -47.752715    1.020   6.798   99.90634  16.15866  224.651145  -3.383798  10.2851637843171  16.6321734   36.1134 /T    3.5122   0.2744674   65.932051   25.981471         n.a.     n.a.
 2026-Feb-15 00:00 *   00 02 29.41 -02 04 15.3  00 03 49.17 -01 55 36.0  14.98747  6.823701  241.605649  43.646731    1.017   6.790   99.91618  16.12157   91.283771  -3.544182  10.3088223209497  16.2319266   33.8691 /T    3.3227   0.2744628   65.520530   25.385226         n.a.     n.a.
 2026-Feb-17 12:00     00 03 30.61 -01 57 23.4  00 04 50.33 -01 48 44.0  15.55226  6.905721   67.609522 -43.935713    1.013   6.782   99.92572  16.08659  317.917299  -3.706840  10.3312428335211  14.7260409   31.6241 /T    3.1284   0.2836085   66.057182   22.572436         n.a.     n.a.
 2026-Feb-20 00:00 *m  00 04 32.65 -01 50 26.3  00 05 52.37 -01 41 47.1  15.49036  6.996489  245.274347  40.171282    1.009   6.773   99.93485  16.05409  184.554389  -3.871417  10.3521562763626  14.3300602   29.3949 /T    2.9301   0.2832853   65.692861   22.006510         n.a.     n.a.
 2026-Feb-22 12:00     00 05 35.74 -01 43 24.5  00 06 55.41 -01 34 45.4  15.99698  7.061809   70.433176 -40.054953    1.005   6.765   99.94357  16.02374   51.193219  -4.037856  10.3717613291325  12.7353726   27.1656 /T    2.7276   0.2914391   66.181105   19.211302         n.a.     n.a.
 2026-Feb-25 00:00 *m  00 06 39.52 -01 36 18.5  00 07 59.22 -01 27 39.4  15.92204  7.135040  248.565936  36.600899    1.000   6.757   99.95177  15.99590  277.836442  -4.205798  10.3898128481364  12.3509344   24.9522 /T    2.5219   0.2907940   65.861727   18.680291         n.a.     n.a.
 2026-Feb-27 12:00     00 07 44.22 -01 29 08.8  00 09 03.91 -01 20 29.6  16.36881  7.185030   72.947110 -36.126625    0.995   6.748   99.95946  15.97025  144.482186  -4.375197  10.4065027080751  10.6847050   22.7392 /T    2.3127   0.2979385   66.301094   15.907409         n.a.     n.a.
 2026-Mar-02 00:00 *m  00 08 49.45 -01 21 55.9  00 10 09.18 -01 13 16.7  16.28395  7.242671  251.551273  32.956132    0.989   6.739   99.96656  15.94709   11.133045  -4.545724  10.4216133871329  10.3216619   20.5423 /T    2.1010   0.2970332   66.021769   15.416173         n.a.     n.a.
 2026-Mar-04 12:00  m  00 09 55.48 -01 14 40.2  00 11 15.17 -01 06 01.0  16.67368  7.279826   75.218279 -32.162361    0.983   6.730   99.97306  15.92614  237.787086  -4.717354  10.4353255046328   8.5970576   18.3461 /T    1.8864   0.3032268   66.413633   12.662329         n.a.     n.a.
 2026-Mar-07 00:00 *   00 11 01.92 -01 07 22.0  00 12 21.61 -00 58 43.0  16.58442  7.323056  254.288387  29.252702    0.976   6.721   99.97889  15.90767  104.446848  -4.889782  10.4474421685974   8.2542316   16.1668 /T    1.6702   0.3021543   66.175546   12.200739         n.a.     n.a.
 2026-Mar-09 12:00 Am  00 12 09.04 -01 00 01.7  00 13 28.71 -00 51 22.8  16.91883  7.347780   77.298192 -28.170523    0.969   6.712   99.98407  15.89142  331.110397  -5.062986  10.4581228692716   6.4729646   13.9900 /T    1.4518   0.3074252   66.524890   9.4507464         n.a.     n.a.
 2026-Mar-12 00:00 *   00 13 16.43 -00 52 39.9  00 14 36.14 -00 44 00.9  16.82621  7.375838  256.825398  25.502972    0.962   6.702   99.98853  15.87766  197.780266  -5.236658  10.4671872456018   6.1422439   11.8339 /T    1.2329   0.3061973   66.329562   9.0034433         n.a.     n.a.
 2026-Mar-14 12:00 Am  00 14 24.40 -00 45 16.8  00 15 44.11 -00 36 37.8  17.10179  7.387472   79.227413 -24.157216    0.953   6.692   99.99227  15.86616   64.454578  -5.410762  10.4747736724858   4.3075071    9.6879 /T    1.0132   0.3104861   66.637066   6.2473463         n.a.     n.a.
 2026-Mar-17 00:00 *   00 15 32.51 -00 37 53.1  00 16 52.25 -00 29 14.1  17.00308  7.399178  259.202086  21.716402    0.944   6.682   99.99525  15.85715  291.135848  -5.584982  10.4807254948633   3.9885838    7.5788 /T    0.7954   0.3090544   66.482919   5.8110549         n.a.     n.a.
 2026-Mar-19 12:00 A   00 16 41.06 -00 30 29.0  00 18 00.78 -00 21 50.2  17.21571  7.396546   81.038984 -20.126905    0.933   6.670   99.99747  15.85043  157.822236  -5.759266  10.4851663225582   2.1136369    5.5190 /T    0.5814   0.3122898   66.749742   3.0510603         n.a.     n.a.
 2026-Mar-22 00:00 *m  00 17 49.60 -00 23 05.2  00 19 09.35 -00 14 26.5  17.10968  7.390399  261.451944  17.900167    0.920   6.656   99.99891  15.84620   24.516187  -5.933284  10.4879703037054   1.8147598    3.6154 /T    0.3822   0.3106263   66.638431   2.6328542         n.a.     n.a.
 2026-Mar-24 12:00 A   00 18 58.45 -00 15 42.1  00 20 18.22 -00 07 03.5  17.25873  7.373082   82.760147 -16.082618    0.908   6.644   99.99958  15.84426  251.215859  -6.106978  10.4892503837539  -0.0807348    2.2530 /T    0.2378   0.3127948   66.867402   -0.122348         n.a.     n.a.
 2026-Mar-27 00:00 *m  00 20 07.16 -00 08 20.2  00 21 26.96 +00 00 18.5  17.14854  7.350128  263.603911  14.059868    0.907   6.643   99.99945  15.84477  117.923575  -6.280034  10.4889126150010  -0.3510322    2.5492 /L    0.2657   0.3109559   66.799285   -0.515838         n.a.     n.a.
 2026-Mar-29 12:00 A   00 21 16.04 -00 00 59.8  00 22 35.86 +00 07 38.9  17.23678  7.320709   84.413879 -12.026531    0.914   6.650   99.99854  15.84758  344.637501  -6.452424  10.4870531344525  -2.2543851    4.1557 /L    0.4334   0.3121162   66.988373   -3.266805         n.a.     n.a.
 2026-Apr-01 00:00 *   00 22 24.65 +00 06 18.6  00 23 44.49 +00 14 57.2  17.12586  7.283431  265.683036  10.200307    0.920   6.657   99.99685  15.85280  211.359859  -6.623866  10.4836032567809  -2.4971786    6.1076 /L    0.6381   0.3101718   66.960512   -3.640845         n.a.     n.a.
 2026-Apr-03 12:00 Nm  00 23 33.33 +00 13 34.6  00 24 53.18 +00 22 13.1  17.15474  7.243481   86.020203  -7.960679    0.924   6.662   99.99438  15.86031   78.088869  -6.794348  10.4786371910764  -4.4020402    8.1649 /L    0.8536   0.3103551   67.108399   -6.394981         n.a.     n.a.
 2026-Apr-06 00:00 *   00 24 41.61 +00 20 48.0  00 26 01.49 +00 29 26.4  17.04477  7.192109  267.711948   6.325578    0.928   6.667   99.99116  15.87020  304.826662  -6.963594  10.4721100276023  -4.6212101   10.2551 /L    1.0719   0.3083336   67.122492   -6.757923         n.a.     n.a.
 2026-Apr-08 12:00 Nm  00 25 49.85 +00 27 58.2  00 27 09.77 +00 36 36.7  17.01456  7.141019   87.596829  -3.886422    0.930   6.671   99.98719  15.88239  171.571536  -7.131586  10.4640733724327  -6.5219455   12.3697 /L    1.2916   0.3075392   67.232181   -9.523072         n.a.     n.a.
 2026-Apr-11 00:00 *   00 26 57.57 +00 35 05.0  00 28 17.55 +00 43 43.5  16.90602  7.074619  269.711669   2.439401    0.932   6.674   99.98250  15.89692   38.325528  -7.298040  10.4545057380288  -6.7223231   14.4879 /L    1.5103   0.3054431   67.292273   -9.884646         n.a.     n.a.
 2026-Apr-13 12:00 Nm  00 28 05.13 +00 42 07.9  00 29 25.15 +00 50 46.3  16.81487  7.011480   89.160486   0.194897    0.933   6.677   99.97710  15.91377  265.087046  -7.462930  10.4434346637491  -8.6144320   16.6183 /L    1.7286   0.3036357   67.364793   -12.67145         n.a.     n.a.
 2026-Apr-16 00:00 *   00 29 12.06 +00 49 06.5  00 30 32.10 +00 57 44.8  16.70446  6.929108  271.701975  -1.454939    0.933   6.680   99.97105  15.93295  131.858054  -7.625961  10.4308639852980  -8.7982720   18.7459 /L    1.9445   0.3014095   67.471041   -13.04009         n.a.     n.a.
 2026-Apr-18 12:00 N   00 30 18.69 +00 56 00.3  00 31 38.77 +01 04 38.4  16.54792  6.852745   90.727586   4.282144    0.933   6.683   99.96433  15.95446  358.637069  -7.787093  10.4168041477023 -10.6676219   20.8825 /L    2.1591   0.2985120   67.504813   -15.84922         n.a.     n.a.
 2026-Apr-21 00:00 *m  00 31 24.55 +01 02 48.8  00 32 44.68 +01 11 27.0  16.43337  6.753864  273.702645  -5.354431    0.933   6.686   99.95703  15.97825  225.425915  -7.946024  10.4012945065372 -10.8238268   23.0140 /L    2.3703   0.2961186   67.658091   -16.21519         n.a.     n.a.
 2026-Apr-23 12:00 N   00 32 29.97 +01 09 31.8  00 33 50.18 +01 18 10.0  16.21288  6.665106   92.314634   8.374467    0.932   6.689   99.94914  16.00434   92.223145  -8.102727  10.3843355587450 -12.6473412   25.1532 /L    2.5795   0.2921573   67.652467   -19.03236         n.a.     n.a.
 2026-Apr-26 00:00 *m  00 33 34.49 +01 16 08.7  00 34 54.75 +01 24 47.0  16.09968  6.552176  275.733846  -9.256004    0.931   6.691   99.94074  16.03265  319.030380  -8.256928  10.3659991644748 -12.7690845   27.2865 /L    2.7847   0.2896985   67.854879   -19.38465         n.a.     n.a.
 2026-Apr-28 12:00 N   00 34 38.46 +01 22 39.2  00 35 58.77 +01 31 17.4  15.82091  6.453515   93.939174  12.470495    0.930   6.694   99.93184  16.06323  185.846244  -8.408635  10.3462625101828 -14.5407585   29.4275 /L    2.9871   0.2847753   67.808944   -22.21318         n.a.     n.a.
 2026-May-01 00:00 *   00 35 41.43 +01 29 03.0  00 37 01.77 +01 37 41.1  15.71157  6.328389  277.816733 -13.155952    0.928   6.696   99.92253  16.09598   52.672231  -8.557593  10.3252170291859 -14.6378494   31.5629 /L    3.1851   0.2823031   68.061156   -22.56436         n.a.     n.a.
 2026-May-03 12:00 Cm  00 36 43.74 +01 35 19.9  00 38 04.15 +01 43 57.9  15.37420  6.220199   95.619929  16.568497    0.926   6.699   99.91279  16.13098  279.507115  -8.703818  10.3028138607227 -16.3561823   33.7068 /L    3.3798   0.2764140   67.972390   -25.41789         n.a.     n.a.
 2026-May-06 00:00 *   00 37 44.93 +01 41 29.4  00 39 05.41 +01 50 07.4  15.26698  6.082597  279.974767 -17.049824    0.923   6.701   99.90275  16.16808  146.352269  -8.847046  10.2791680870535 -16.4331260   35.8458 /L    3.5695   0.2739012   68.276916   -25.77771         n.a.     n.a.
 2026-May-08 12:00 Cm  00 38 45.34 +01 47 31.2  00 40 05.91 +01 56 09.3  14.86993  5.963717   97.378134  20.666313    0.921   6.703   99.89238  16.20743   13.206603  -8.987288  10.2542103957460 -18.0898244   37.9941 /L    3.7554   0.2670210   68.146314   -28.66269         n.a.     n.a.
 2026-May-11 00:00 *   00 39 44.53 +01 53 24.9  00 41 05.14 +02 02 03.0  14.76392  5.812659  282.234056 -20.932496    0.917   6.705   99.88182  16.24884  240.071338  -9.124265  10.2280818266797 -18.1474118   40.1383 /L    3.9357   0.2644493   68.510093   -29.03565         n.a.     n.a.
 2026-May-13 12:00 Cm  00 40 42.81 +01 59 10.1  00 42 03.50 +02 07 48.1  14.30679  5.681811   99.238960  24.760966    0.914   6.707   99.87104  16.29247  106.945529  -9.257980  10.2006924274005 -19.7347546   42.2927 /L    4.1118   0.2565624   68.339954   -31.95980         n.a.     n.a.
 2026-May-16 00:00 *m  00 41 39.75 +02 04 46.5  00 43 00.48 +02 13 24.4  14.19899  5.516649  284.624641 -24.797760    0.910   6.709   99.86019  16.33809  333.830257  -9.388143  10.1722078659790 -19.7739176   44.4434 /L    4.2816   0.2538835   68.767647   -32.35405         n.a.     n.a.
 2026-May-18 12:00 C   00 42 35.65 +02 10 13.6  00 43 56.49 +02 18 51.7  13.67891  5.373317  101.232599  28.848672    0.905   6.711   99.84924  16.38591  200.724727  -9.514754  10.1425235572696 -21.2770312   46.6047 /L    4.4465   0.2449405   68.554220   -35.32113         n.a.     n.a.
 2026-May-21 00:00 *m  00 43 30.08 +02 15 31.1  00 44 51.00 +02 24 09.3  13.56781  5.195344  287.182289 -28.637873    0.901   6.713   99.83835  16.43563   67.629821  -9.637531  10.1118388937387 -21.2862720   48.7623 /L    4.6047   0.2421416   69.047314   -35.72629         n.a.     n.a.
 2026-May-23 12:00 C   00 44 23.34 +02 20 38.6  00 45 44.36 +02 29 17.0  12.98903  5.041754  103.396443  32.924280    0.896   6.714   99.82748  16.48748  294.544817  -9.756507  10.0800392916056 -22.6859648   50.9308 /L    4.7574   0.2322201   68.786045   -38.72352         n.a.     n.a.
 2026-May-26 00:00 *m  00 45 15.02 +02 25 35.9  00 46 36.08 +02 34 14.2  12.88004  4.853805  289.949547 -32.442862    0.890   6.716   99.81679  16.54112  161.470364  -9.871429  10.0473490663394 -22.6637786   53.0959 /L    4.9029   0.2294044   69.351234   -39.12867         n.a.     n.a.
 2026-May-28 12:00 C   00 46 05.42 +02 30 22.7  00 47 26.57 +02 39 00.9  12.24882  4.691275  105.777551  36.980291    0.884   6.717   99.80625  16.59682   28.405870  -9.982353  10.0136311443269 -23.9584035   55.2726 /L    5.0424   0.2186077   69.043251   -42.16019         n.a.     n.a.
 2026-May-31 00:00 *   00 46 54.16 +02 34 58.6  00 48 15.36 +02 43 36.9  12.14323  4.494242  292.978428 -36.199219    0.878   6.718   99.79600  16.65421  255.351825 -10.089028  9.97912401967338 -23.9161854   57.4468 /L    5.1743   0.2158036   69.690350   -42.57657         n.a.     n.a.
 2026-Jun-02 12:00 Cm  00 47 41.50 +02 39 23.6  00 49 02.83 +02 48 02.0  11.45946  4.322498  108.435953  41.006312    0.872   6.719   99.78603  16.71360  122.307834 -10.191516  9.94366758592558 -25.1066625   59.6336 /L    5.2998   0.2041263   69.333567   -45.66060         n.a.     n.a.
 2026-Jun-05 00:00 *   00 48 27.09 +02 43 37.0  00 49 48.48 +02 52 15.7  11.35347  4.116126  296.332764 -39.889206    0.865   6.720   99.77647  16.77458  349.274243 -10.289555  9.90751870273492 -25.0488478   61.8189 /L    5.4171   0.2012764   70.072225   -46.10140         n.a.     n.a.
 2026-Jun-07 12:00 Cm  00 49 11.17 +02 47 39.0  00 50 32.67 +02 56 17.8  10.61580  3.933954  111.450767  44.987702    0.858   6.721   99.76729  16.83749  216.250836 -10.383198  9.87050261820566 -26.1267499   64.0181 /L    5.5276   0.1886879   69.666539   -49.25016         n.a.     n.a.
 2026-Jun-10 00:00 *   00 49 53.38 +02 51 28.9  00 51 14.92 +03 00 07.7  10.50663  3.717405  300.090963 -43.489651    0.850   6.722   99.75866  16.90188   83.237770 -10.472170  9.83289879409432 -26.0501867   66.2166 /L    5.6294   0.1857480   70.515446   -49.71944         n.a.     n.a.
 2026-Jun-12 12:00 Cm  00 50 33.96 +02 55 06.5  00 51 55.61 +03 03 45.4  9.716053  3.523569  114.927476  48.903732    0.843   6.722   99.75053  16.96810  310.234981 -10.556515  9.79452172453274 -27.0034676   68.4300 /L    5.7239   0.1722540   70.066603   -52.93936         n.a.     n.a.
 2026-Jun-15 00:00 *m  00 51 12.57 +02 58 31.4  00 52 34.29 +03 07 10.6  9.602323  3.297038  304.349485 -46.969607    0.834   6.723   99.74305  17.03567  177.242419 -10.635955  9.75567295748944 -26.9032839   70.6433 /L    5.8092   0.1692098   71.049660   -53.43648         n.a.     n.a.
 2026-Jun-17 12:00 C   00 51 49.42 +03 01 43.5  00 53 11.29 +03 10 23.0  8.761264  3.092819  119.007626  52.724675    0.826   6.723   99.73620  17.10495   44.260159 -10.710552  9.71615941224386 -27.7177411   72.8718 /L    5.8866   0.1548523   70.556431   -56.72958         n.a.     n.a.
 2026-Jun-20 00:00 *m  00 52 24.21 +03 04 42.3  00 53 46.13 +03 13 22.1  8.644518  2.859762  309.224483 -50.287630    0.817   6.723   99.73010  17.17540  271.287907 -10.780059  9.67630499584272 -27.5872380   75.1002 /L    5.9545   0.1517545   71.694854   -57.24257         n.a.     n.a.
 2026-Jun-22 12:00 C   00 52 57.13 +03 07 28.0  00 54 19.16 +03 16 07.8  7.759991  2.648214  123.881884  56.406697    0.808   6.723   99.72471  17.24741  138.325857 -10.844581  9.63590644587794 -28.2544674   77.3440 /L    6.0140   0.1366570   71.157018   -60.60509         n.a.     n.a.
 2026-Jun-25 00:00 *m  00 53 27.93 +03 09 59.9  00 54 50.00 +03 18 39.9  7.643282  2.410886  314.849983 -53.388198    0.799   6.722   99.72016  17.32040    5.373497 -10.903890  9.59529995365092 -28.0974637   79.5881 /L    6.0636   0.1335749   72.493400   -61.12800         n.a.     n.a.
 2026-Jun-27 12:00 C   00 53 56.76 +03 12 18.4  00 55 18.95 +03 20 58.6  6.721180  2.192319  129.801522  59.885257    0.789   6.722   99.71641  17.39479  232.431178 -10.958098  9.55426808716951 -28.6171692   81.8484 /L    6.1045   0.1178282   71.934676   -64.56811         n.a.     n.a.
 2026-Jun-30 00:00 *   00 54 23.40 +03 14 22.9  00 55 45.66 +03 23 03.5  6.605151  1.951065  321.368276 -56.197873    0.779   6.721   99.71356  17.46996   99.498195 -11.006979  9.51315520751648 -28.4408867   84.1098 /L    6.1353   0.1147881   73.543633   -65.10332         n.a.     n.a.
 2026-Jul-02 12:00 Cm  00 54 48.00 +03 16 13.5  00 56 10.38 +03 24 54.4  5.648406  1.725323  137.081238  63.065163    0.769   6.720   99.71157  17.54637  326.575093 -11.050645  9.47172992871923 -28.8149574   86.3884 /L    6.1569   0.0984339   73.014544   -68.63880         n.a.     n.a.
 2026-Jul-05 00:00 *   00 55 10.35 +03 17 49.8  00 56 32.78 +03 26 31.0  5.529202  1.480339  328.902978 -58.623396    0.758   6.719   99.71052  17.62337  193.661003 -11.088868  9.43034466379375 -28.6235610   88.6690 /L    6.1682   0.0953990   75.011664   -69.19705         n.a.     n.a.
 2026-Jul-07 12:00 Cm  00 55 30.55 +03 19 11.9  00 56 53.09 +03 27 53.4  4.538141  1.246921  146.063583  65.809079    0.747   6.718   99.71039  17.70142   60.756659 -11.121754  9.38876239978538 -28.8458449   90.9678 /L    6.1700   0.0784388   74.636288   -72.84942         n.a.     n.a.
 2026-Jul-10 00:00 *   00 55 48.46 +03 20 19.3  00 57 11.03 +03 29 01.0  4.412032  0.998132  337.509325 -60.553170    0.736   6.717   99.71123  17.77985  287.860988 -11.149073  9.34734950769913 -28.6325861   93.2695 /L    6.1611   0.0753921   77.252580   -73.43167         n.a.     n.a.
 2026-Jul-12 12:00 Cm  00 56 04.12 +03 21 12.3  00 57 26.83 +03 29 54.4  3.390752  0.757190  156.988659  67.931808    0.725   6.715   99.71302  17.85909  154.974850 -11.170927  9.30587185163678 -28.6885356   95.5902 /L    6.1423   0.0579045   77.411790   -77.20818         n.a.     n.a.
 2026-Jul-15 00:00 *m  00 56 17.42 +03 21 50.2  00 57 40.20 +03 30 32.9  3.259981  0.506702  347.102230 -61.866780    0.714   6.713   99.71579  17.93844   22.096906 -11.187114  9.26471051535189 -28.4427103   97.9139 /L    6.1126   0.0549854   81.165148   -77.78399         n.a.     n.a.
 2026-Jul-17 12:00 C   00 56 28.42 +03 22 13.5  00 57 51.31 +03 30 56.6  2.219452  0.262048  169.726327  69.217438    0.702   6.711   99.71951  18.01833  249.228100 -11.197773  9.22363230611375 -28.3238886  100.2566 /L    6.0728   0.0372478   83.266328   -81.65860         n.a.     n.a.
 2026-Jul-20 00:00 *m  00 56 37.04 +03 22 21.7  00 57 59.96 +03 31 05.2  2.089371  0.014663  357.393866 -62.456821    0.690   6.709   99.72419  18.09802  116.366851 -11.202761  9.18302035162998 -28.0480146  102.6022 /L    6.0220   0.0348237   89.597917   -82.15300         n.a.     n.a.
 2026-Jul-22 12:00 C   00 56 43.31 +03 22 15.4  00 58 06.34 +03 30 59.2  1.038880  -0.23040  183.505872  69.482044    0.678   6.707   99.72979  18.17796  343.514247 -11.202248  9.14263438962245 -27.7595897  104.9667 /L    5.9609   0.0177354   102.50469   -85.96121         n.a.     n.a.
 2026-Jul-25 00:00 *m  00 56 47.22 +03 21 54.2  00 58 10.29 +03 30 38.4  0.910041  -0.47303    7.906279 -62.257250    0.666   6.704   99.73629  18.25740  210.668526 -11.196112  9.10285448119651 -27.4600529  107.3341 /L    5.8888   0.0170939   117.46482   -86.08157         n.a.     n.a.
 2026-Jul-27 12:00 N   00 56 48.75 +03 21 18.6  00 58 11.94 +03 30 03.4  -0.14373  -0.71799  197.049142  68.662754    0.654   6.701   99.74365  18.33680   77.830922 -11.184519  9.06343874122616 -27.0040211  109.7210 /L    5.8064   0.0122039   191.31995   -87.16548         n.a.     n.a.
 2026-Jul-30 00:00 *   00 56 47.94 +03 20 28.3  00 58 11.17 +03 29 13.6  -0.27057  -0.95540   18.093526 -61.265339    0.641   6.698   99.75182  18.41538  304.999477 -11.167364  9.02476488941729 -26.6830602  112.1113 /L    5.7131   0.0165496   195.81185   -86.12924         n.a.     n.a.
 2026-Aug-01 12:00 Nm  00 56 44.73 +03 19 23.7  00 58 08.06 +03 28 09.4  -1.32019  -1.19961  209.206324  66.851239    0.629   6.695   99.76077  18.49360  172.175564 -11.144808  8.98659058364437 -26.0629846  114.5216 /L    5.6094   0.0297301   227.73987   -82.93635         n.a.     n.a.
 2026-Aug-04 00:00 *   00 56 39.22 +03 18 04.6  00 58 02.56 +03 26 50.7  -1.44668  -1.43091   27.510563 -59.540707    0.616   6.692   99.77043  18.57069   39.357063 -11.116765  8.94928752809200 -25.7234959  116.9358 /L    5.4951   0.0339132   225.31382   -81.88333         n.a.     n.a.
 2026-Aug-06 12:00 Nm  00 56 31.30 +03 16 31.5  00 57 54.75 +03 25 18.1  -2.48784  -1.67313  219.452570  64.235377    0.603   6.688   99.78077  18.64709  266.545490 -11.083396  8.91261904466509 -24.9381748  119.3706 /L    5.3703   0.0499687   236.07833   -77.81874         n.a.     n.a.
 2026-Aug-09 00:00 *   00 56 21.12 +03 14 44.2  00 57 44.61 +03 23 31.3  -2.61584  -1.89660   35.914299 -57.182316    0.591   6.684   99.79168  18.72201  133.738538 -11.044646  8.87695701058817 -24.5715912  121.8096 /L    5.2350   0.0538508   234.05627   -76.76665         n.a.     n.a.
 2026-Aug-11 12:00 Nm  00 56 08.55 +03 12 43.2  00 57 32.15 +03 21 31.1  -3.63890  -2.13368  227.828878  61.014259    0.578   6.680   99.80313  18.79585    0.937775 -11.000690  8.84208001649538 -23.6109375  124.2694 /L    5.0894   0.0703053   239.61464   -72.34626         n.a.     n.a.
 2026-Aug-14 00:00 *m  00 55 53.78 +03 10 28.6  00 57 17.40 +03 19 17.0  -3.76131  -2.34489   43.255326 -54.300996    0.565   6.676   99.81500  18.86781  228.140637 -10.951542  8.80835807910825 -23.2081041  126.7329 /L    4.9336   0.0738729   238.05964   -71.27810         n.a.     n.a.
 2026-Aug-16 12:00 N   00 55 36.67 +03 08 01.0  00 57 00.37 +03 16 49.9  -4.74852  -2.57134  234.635959  57.351189    0.553   6.672   99.82725  18.93829   95.348713 -10.897423  8.77557706853851 -22.0765158  129.2164 /L    4.7678   0.0900003   241.56427   -66.61439         n.a.     n.a.
 2026-Aug-19 00:00 *m  00 55 17.49 +03 05 20.6  00 56 41.21 +03 14 09.9  -4.85782  -2.76588   49.608839 -51.000076    0.540   6.667   99.83973  19.00650  322.559263 -10.838415  8.74408641188576 -21.6486745  131.7026 /L    4.5924   0.0931674   240.34425   -65.54084         n.a.     n.a.
 2026-Aug-21 12:00 N   00 54 56.08 +03 02 28.1  00 56 19.88 +03 11 18.0  -5.79871  -2.97859  240.215809  53.366338    0.528   6.662   99.85241  19.07284  189.773997 -10.774753  8.71367186599733 -20.3638686  134.2082 /L    4.4074   0.1086496   242.81202   -60.66600         n.a.     n.a.
 2026-Aug-24 00:00 *m  00 54 32.74 +02 59 23.7  00 55 56.57 +03 08 14.2  -5.89557  -3.15511   55.105669 -47.366481    0.516   6.658   99.86512  19.13655   56.990076 -10.706554  8.68466243599645 -19.9192789  136.7160 /L    4.2136   0.1114455   241.84582   -59.57354         n.a.     n.a.
 2026-Aug-26 12:00 N   00 54 07.26 +02 56 08.3  00 55 31.18 +03 04 59.5  -6.78294  -3.35280  244.863005  49.144109    0.503   6.653   99.87782  19.19802  284.209303 -10.634044  8.65685370130980 -18.4900220  139.2427 /L    4.0106   0.1261057   243.69689   -54.48661         n.a.     n.a.
 2026-Aug-29 00:00 *   00 53 40.02 +02 52 42.0  00 55 03.93 +03 01 33.7  -6.86686  -3.51075   59.888449 -43.469918    0.491   6.647   99.89035  19.25651  151.428723 -10.557371  8.63055714573773 -18.0291537  141.7711 /L    3.7995   0.1285378   242.92117   -53.36051         n.a.     n.a.
 2026-Aug-31 12:00 Nm  00 53 10.77 +02 49 05.7  00 54 34.74 +02 57 57.8  -7.69152  -3.69222  248.806907  44.743410    0.479   6.642   99.90268  19.31240   18.650189 -10.476751  8.60558159909541 -16.4629962  144.3181 /L    3.5800   0.1421970   244.35725   -48.06287         n.a.     n.a.
 2026-Sep-03 00:00 *   00 52 39.93 +02 45 19.6  00 54 03.90 +02 54 12.2  -7.76144  -3.83039   64.088969 -39.364910    0.468   6.636   99.91464  19.36498  245.870644 -10.392371  8.58221813104559 -15.9862408  146.8664 /L    3.3532   0.1442527   243.73298   -46.89227         n.a.     n.a.
 2026-Sep-05 12:00 Nm  00 52 07.23 +02 41 24.7  00 53 31.29 +02 50 17.9  -8.51522  -3.99265  252.220238  40.206339    0.456   6.631   99.92619  19.41458  113.091985 -10.304454  8.56029210333508 -14.2894432  149.4328 /L    3.1186   0.1567466   244.87889   -41.38309         n.a.     n.a.
 2026-Sep-08 00:00 *   00 51 33.13 +02 37 21.2  00 52 57.21 +02 46 15.1  -8.56902  -4.10742   67.820196 -35.093847    0.445   6.625   99.93716  19.46053  340.311048 -10.213253  8.54007617730851 -13.7917154  151.9991 /L    2.8777   0.1583763   244.39003   -40.15264         n.a.     n.a.
 2026-Sep-10 12:00 N   00 50 57.37 +02 33 10.3  00 52 21.50 +02 42 04.8  -9.23937  -4.24524  255.231892  35.563810    0.434   6.619   99.94754  19.50315  207.529699 -10.119026  8.52141617604467 -11.9690359  154.5818 /L    2.6300   0.1694665   245.32248   -34.44077         n.a.     n.a.
 2026-Sep-13 00:00 *m  00 50 20.43 +02 28 52.6  00 51 44.55 +02 37 47.4  -9.26881  -4.33214   71.175997 -30.690371    0.424   6.613   99.95716  19.54180   74.744664 -10.022104  8.50455954793867 -11.4512678  157.1618 /L    2.3773   0.1705207   244.94912   -33.15800         n.a.     n.a.
 2026-Sep-15 12:00 N   00 49 42.05 +02 24 29.0  00 51 06.20 +02 33 24.3  -9.84080  -4.44158  257.938786  30.839792    0.413   6.606   99.96598  19.57678  301.957784  -9.922766  8.48936365111532  -9.5221610  159.7547 /L    2.1189   0.1799451   245.70828   -27.28302         n.a.     n.a.
 2026-Sep-18 00:00 *m  00 49 02.78 +02 20 00.4  00 50 26.94 +02 28 56.2  -9.84058  -4.49897   74.232643 -26.181662    0.403   6.600   99.97389  19.60756  169.165770  -9.821392  8.47603818759380  -8.9991342  162.3400 /L    1.8571   0.1803374   245.43081   -25.97272         n.a.     n.a.
 2026-Sep-20 12:00 N   00 48 22.31 +02 15 27.7  00 49 46.53 +02 24 24.1  -10.3074  -4.57882  260.415291  26.053897    0.393   6.593   99.98085  19.63441   36.370510  -9.718253  8.46444867046091  -6.9901026  164.9320 /L    1.5913   0.1879784   246.04803   -19.97786         n.a.     n.a.
 2026-Sep-23 00:00 *m  00 47 41.24 +02 10 51.7  00 49 05.46 +02 19 48.6  -10.2800  -4.60677   77.052696 -21.590289    0.383   6.586   99.98675  19.65689  263.568780  -9.613751  8.45476847774035  -6.4725895  167.5059 /L    1.3243   0.1877501   245.86142   -18.64545         n.a.     n.a.
 2026-Sep-25 12:00 N   00 46 59.23 +02 06 13.4  00 48 23.47 +02 15 10.7  -10.6400  -4.65695  262.719356  21.222294    0.373   6.577   99.99159  19.67525  130.762495  -9.508138  8.44687995618196  -4.4011783  170.0676 /L    1.0565   0.1935755   246.36187   -12.55895         n.a.     n.a.
 2026-Sep-28 00:00 *   00 46 16.89 +02 01 33.6  00 47 41.10 +02 10 31.2  -10.5881  -4.65643   79.688273 -16.935280    0.361   6.567   99.99528  19.68912  357.948493  -9.401829  8.44092578580645  -3.8899158  172.5694 /L    0.7929   0.1927796   246.26112   -11.19192         n.a.     n.a.
 2026-Sep-30 12:00 Am  00 45 33.86 +01 56 53.2  00 46 58.10 +02 05 51.2  -10.8382  -4.67724  264.897662  16.358816    0.348   6.555   99.99781  19.69873  225.128652  -9.295053  8.43681176837226  -1.7666644  174.9453 /L    0.5412   0.1967395   246.65732   -5.037636        2.307    2.842
 2026-Oct-03 00:00 *   00 44 50.78 +01 52 13.0  00 46 15.04 +02 01 11.5  -10.7605  -4.64798   82.183107 -12.232918    0.334   6.542   99.99914  19.70377   92.299847  -9.188252  8.43465164317762  -1.2584554  176.8398 /L    0.3384   0.1953570   246.63810   -3.620896         n.a.     n.a.
 2026-Oct-05 12:00 Am  00 44 07.30 +01 47 34.1  00 45 31.59 +01 56 33.1  -10.8940  -4.63693  266.989100  11.475910    0.333   6.541   99.99928  19.70442  319.463875  -9.081666  8.43437389177754   0.9034610  177.0921 /L    0.3060   0.1973298   246.94345   2.5655641        0.451   14.488
 2026-Oct-08 00:00 *   00 43 24.06 +01 42 57.3  00 44 48.34 +01 51 56.7  -10.7867  -4.57594   84.574901  -7.497842    0.346   6.554   99.99821  19.70049  186.617682  -8.975791  8.43605666954191   1.4046432  175.4089 /T    0.4808   0.1952862   247.01234   4.0290478         n.a.     n.a.
 2026-Oct-10 12:00 A   00 42 40.72 +01 38 23.7  00 44 04.99 +01 47 23.3  -10.7985  -4.53022  269.026928   6.585232    0.362   6.568   99.99593  19.69211   53.762997  -8.870888  8.43964566176667   3.5832828  173.0760 /T    0.7256   0.1951705   247.24073   10.196675         n.a.     n.a.
 2026-Oct-13 00:00 *m  00 41 57.93 +01 33 54.4  00 43 22.19 +01 42 54.2  -10.6599  -4.43690   86.896814  -2.743549    0.375   6.580   99.99249  19.67921  280.896904  -8.767476  8.44517792876225   4.0670969  170.5691 /T    0.9875   0.1924399   247.40175   11.691275         n.a.     n.a.
 2026-Oct-15 12:00 A   00 41 15.35 +01 29 30.2  00 42 39.61 +01 38 30.3  -10.5487  -4.35761  271.041393   1.698246    0.387   6.590   99.98790  19.66190  148.021081  -8.665792  8.45261428395541   6.2367992  167.9867 /T    1.2551   0.1902217   247.55473   17.786070         n.a.     n.a.
 2026-Oct-18 00:00 *m  00 40 33.62 +01 25 12.1  00 41 57.89 +01 34 12.5  -10.3802  -4.23460   89.178953   2.017394    0.398   6.599   99.98223  19.64021   15.132806  -8.566342  8.46194985184528   6.6919761  165.3802 /T    1.5224   0.1868456   247.80700   19.292711         n.a.     n.a.
 2026-Oct-20 12:00 A   00 39 52.40 +01 21 01.0  00 41 16.66 +01 30 01.7  -10.1493  -4.12454  273.060831  -3.173914    0.409   6.607   99.97549  19.61422  242.233713  -8.469325  8.47316066824152   8.8269255  162.7490 /T    1.7887   0.1825891   247.88376   25.262776         n.a.     n.a.
 2026-Oct-23 00:00 *m  00 39 12.32 +01 16 57.7  00 40 36.57 +01 25 58.6  -9.95664  -3.97485   91.450382   6.772938    0.420   6.615   99.96780  19.58408  109.321332  -8.375223  8.48620055589418   9.2436771  160.1167 /T    2.0511   0.1786788   248.23734   26.758616         n.a.     n.a.
 2026-Oct-25 12:00 Am  00 38 33.02 +01 13 03.0  00 39 57.24 +01 22 04.0  -9.61505  -3.83715  275.113082  -8.020433    0.432   6.622   99.95918  19.54984  336.397259  -8.284193  8.50106541277897  11.3246084  157.4710 /T    2.3103   0.1725406   248.24418   32.563397         n.a.     n.a.
 2026-Oct-28 00:00 *   00 37 55.11 +01 09 17.7  00 39 19.33 +01 18 18.8  -9.40593  -3.66405   93.740127  11.511682    0.443   6.630   99.94976  19.51171  203.459274  -8.196684  8.51767702501273  11.7051513  154.8313 /T    2.5636   0.1682400   248.71675   34.044800         n.a.     n.a.
 2026-Oct-30 12:00 Am  00 37 18.23 +01 05 42.5  00 38 42.44 +01 14 43.9  -8.96040  -3.50119  277.227314 -12.830539    0.455   6.637   99.93956  19.46969   70.508849  -8.112821  8.53606048847309  13.7257208  152.1820 /T    2.8124   0.1603357   248.65740   39.678048         n.a.     n.a.
 2026-Nov-02 00:00 *   00 36 42.97 +01 02 18.0  00 38 07.20 +01 11 19.7  -8.73420  -3.30547   96.078387  16.222559    0.467   6.643   99.92876  19.42406  297.543943  -8.033049  8.55611030135696  14.0770865  149.5416 /T    3.0539   0.1556460   249.27080   41.166220         n.a.     n.a.
 2026-Nov-04 12:00 Am  00 36 08.98 +00 59 05.1  00 37 33.18 +01 08 06.8  -8.18424  -3.11717  279.434880 -17.593053    0.479   6.650   99.91737  19.37478  164.565849  -7.957498  8.57787334088775  16.0222528  146.8938 /T    3.2897   0.1459629   249.14946   46.629656         n.a.     n.a.
 2026-Nov-07 00:00 *   00 35 36.87 +00 56 04.4  00 37 01.04 +01 05 06.1  -7.93900  -2.89885   98.498034  20.893948    0.491   6.656   99.90558  19.32223   31.572775  -7.886615  8.60120353437121  16.3334683  144.2574 /T    3.5170   0.1408615   249.94083   48.116992         n.a.     n.a.
 2026-Nov-09 12:00 A   00 35 06.27 +00 53 16.6  00 36 30.40 +01 02 18.3  -7.29135  -2.68694  281.771090 -22.295591    0.503   6.662   99.89341  19.26633  258.565932  -7.820511  8.62615935748092  18.1762109  141.6157 /T    3.7375   0.1295113   249.77063   53.387206         n.a.     n.a.
 2026-Nov-12 00:00 *m  00 34 37.74 +00 50 42.3  00 36 01.89 +00 59 44.1  -7.03301  -2.44945  101.035625  25.513703    0.515   6.667   99.88106  19.20755  125.543855  -7.759590  8.65255607903656  18.4365757  138.9876 /T    3.9485   0.1241226   250.79785   54.847353         n.a.     n.a.
 2026-Nov-14 12:00 A   00 34 10.94 +00 48 22.1  00 35 35.07 +00 57 23.9  -6.29939  -2.21876  284.277237 -26.924443    0.528   6.673   99.86855  19.14579  352.507665  -7.703911  8.68046923565580  20.1586498  136.3559 /T    4.1515   0.1113118   250.59683   59.911339         n.a.     n.a.
 2026-Nov-17 00:00 *m  00 33 46.40 +00 46 16.4  00 35 10.52 +00 55 18.2  -6.03412  -1.96708  103.734221  30.068733    0.540   6.678   99.85608  19.08157  219.456208  -7.653816  8.70968297162059  20.3654451  133.7397 /T    4.3444   0.1057775   251.94444   61.328006         n.a.     n.a.
 2026-Nov-19 12:00 A   00 33 23.75 +00 44 25.5  00 34 47.83 +00 53 27.3  -5.22543  -1.72266  287.002282 -31.464343    0.553   6.682   99.84365  19.01475   86.390478  -7.609315  8.74029163718954  21.9531191  131.1211 /T    4.5285   0.0917011   251.75429   66.186593         n.a.     n.a.
 2026-Nov-22 00:00 *m  00 33 03.50 +00 42 49.9  00 34 27.56 +00 51 51.5  -4.95943  -1.46119  106.646005  34.544301    0.565   6.687   99.83149  18.94591  313.309643  -7.570691  8.77204940410669  22.1037543  128.5192 /T    4.7018   0.0861700   253.58355   67.540677         n.a.     n.a.
 2026-Nov-24 12:00 Am  00 32 45.29 +00 41 29.7  00 34 09.30 +00 50 31.3  -4.08969  -1.20723  290.006018 -35.897380    0.577   6.691   99.81956  18.87486  180.214583  -7.537910  8.80507006119617  23.5471305  125.9157 /T    4.8658   0.0710692   253.55403   72.190774         n.a.     n.a.
 2026-Nov-27 00:00 *   00 32 29.55 +00 40 25.2  00 33 53.60 +00 49 26.9  -3.83021  -0.93893  109.835232  38.923372    0.589   6.694   99.80809  18.80222   47.104767  -7.511210  8.83908778404014  23.6495263  123.3292 /T    5.0185   0.0657269   256.22629   73.461183         n.a.     n.a.
 2026-Nov-29 12:00  m  00 32 15.97 +00 39 36.7  00 33 39.98 +00 48 38.4  -2.90868  -0.67699  293.362577 -40.201796    0.601   6.697   99.79704  18.72773  273.980872  -7.490546  8.87424340952990  24.9506291  120.7412 /T    5.1614   0.0497738   256.89770   77.921152         n.a.     n.a.
 2026-Dec-02 00:00 *   00 32 04.94 +00 39 04.2  00 33 28.95 +00 48 05.8  -2.65372  -0.40210  113.382952  43.184964    0.613   6.700   99.78660  18.65205  140.842593  -7.476142  8.91025254106190  25.0116710  118.1704 /T    5.2927   0.0447335   261.38394   79.096440         n.a.     n.a.
 2026-Dec-04 12:00  m  00 31 56.17 +00 38 48.1  00 33 20.11 +00 47 49.4  -1.68393  -0.13323  297.163762 -44.350063    0.624   6.703   99.77677  18.57488    7.690399  -7.467953  8.94727036536204  26.1590243  115.5986 /T    5.4138   0.0281532   265.47617   83.360720         n.a.     n.a.
 2026-Dec-07 00:00 *   00 31 50.02 +00 38 48.5  00 33 13.96 +00 47 49.6  -1.43303  0.145958  117.391572  47.302126    0.636   6.705   99.76770  18.49691  234.524285  -7.466167  8.98498298639716  26.1686536  113.0450 /T    5.5229   0.0240074   275.81566   84.309853         n.a.     n.a.
 2026-Dec-09 12:00     00 31 46.22 +00 39 05.3  00 33 10.12 +00 48 06.4  -0.42595  0.418186  301.523546 -48.306067    0.647   6.707   99.75938  18.41785  101.344607  -7.470705  9.02355251649113  27.1438807  110.4912 /T    5.6214   0.0099486   314.47321   87.710663         n.a.     n.a.
 2026-Dec-12 00:00 *m  00 31 45.07 +00 39 38.8  00 33 08.99 +00 48 39.8  -0.18614  0.697682  121.991041  51.239549    0.658   6.708   99.75194  18.33841  328.151703  -7.481696  9.06264151303859  27.0963823  107.9565 /T    5.7078   0.0120348   345.06127   87.214449         n.a.     n.a.
 2026-Dec-14 12:00     00 31 46.31 +00 40 28.8  00 33 10.18 +00 49 29.7  0.843856  0.968911  306.579960 -52.022763    0.668   6.709   99.74536  18.25826  194.945799  -7.499018  9.10242619583197  27.8937374  105.4225 /T    5.7836   0.0214144   41.053670   85.171654         n.a.     n.a.
 2026-Dec-17 00:00 *m  00 31 50.20 +00 41 35.3  00 33 14.06 +00 50 35.9  1.066713  1.244517  127.345232  54.949837    0.678   6.709   99.73974  18.17812   61.727525  -7.522739  9.14255615712717  27.7942743  102.9083 /T    5.8472   0.0273186   40.600872   83.800710         n.a.     n.a.
 2026-Dec-19 12:00     00 31 56.49 +00 42 58.0  00 33 20.28 +00 51 58.2  2.108653  1.510807  312.492491 -55.438475    0.688   6.710   99.73505  18.09761  288.496932  -7.552702  9.18322464064626  28.4154564  100.3954 /T    5.9000   0.0432337   54.379182   80.413624         n.a.     n.a.
 2026-Dec-22 00:00 *m  00 32 05.38 +00 44 36.7  00 33 29.19 +00 53 36.8  2.311873  1.779280  133.651950  58.368770    0.698   6.709   99.73138  18.01747  155.254896  -7.588926  9.22407185729881  28.2710586   97.9025 /T    5.9410   0.0486215   52.417144   79.144754         n.a.     n.a.
 2026-Dec-24 12:00  m  00 32 16.67 +00 46 31.3  00 33 40.45 +00 55 31.3  3.356493  2.038652  319.427096 -58.472701    0.707   6.709   99.72866  17.93728   22.001285  -7.631236  9.26530650947106  28.7195969   95.4109 /T    5.9713   0.0654517   58.726524   75.681471         n.a.     n.a.
 2026-Dec-27 00:00 *   00 32 30.50 +00 48 41.6  00 33 54.31 +00 57 41.5  3.539100  2.299792  141.128311  61.409776    0.716   6.708   99.72697  17.85777  248.737192  -7.679638  9.30656436317730  28.5399808   92.9389 /T    5.9900   0.0703449   56.983219   74.502425         n.a.     n.a.
 2026-Dec-29 12:00  m  00 32 46.70 +00 51 07.2  00 34 10.45 +01 00 06.8  4.581548  2.553274  327.515905 -61.024660    0.724   6.706   99.72626  17.77848  115.462271  -7.733975  9.34806842478614  28.8205838   90.4678 /T    5.9982   0.0874163   60.869290   71.081529         n.a.     n.a.
$$EOE
**********************************************************************************************************************************************************************************************************************************************************************************************
Column meaning:
 
TIME

  Times PRIOR to 1962 are UT1, a mean-solar time closely related to the
prior but now-deprecated GMT. Times AFTER 1962 are in UTC, the current
civil or "wall-clock" time-scale. UTC is kept within 0.9 seconds of UT1
using integer leap-seconds for 1972 and later years.

  Conversion from the internal Barycentric Dynamical Time (TDB) of solar
system dynamics to the non-uniform civil UT time-scale requested for output
has not been determined for UTC times after the next July or January 1st.
Therefore, the last known leap-second is used as a constant over future
intervals.

  Time tags refer to the UT time-scale conversion from TDB on Earth
regardless of observer location within the solar system, although clock
rates may differ due to the local gravity field and no analog to "UT"
may be defined for that location.

  Any 'b' symbol in the 1st-column denotes a B.C. date. First-column blank
(" ") denotes an A.D. date.
 
CALENDAR SYSTEM

  Mixed calendar mode was active such that calendar dates after AD 1582-Oct-15
(if any) are in the modern Gregorian system. Dates prior to 1582-Oct-5 (if any)
are in the Julian calendar system, which is automatically extended for dates
prior to its adoption on 45-Jan-1 BC.  The Julian calendar is useful for
matching historical dates. The Gregorian calendar more accurately corresponds
to the Earth's orbital motion and seasons. A "Gregorian-only" calendar mode is
available if such physical events are the primary interest.

  NOTE: "n.a." in output means quantity "not available" at the print-time.
 
SOLAR PRESENCE (OBSERVING SITE)
  Time tag is followed by a blank, then a solar-presence symbol:

       '*'  Daylight (refracted solar upper-limb on or above apparent horizon)
       'C'  Civil twilight/dawn
       'N'  Nautical twilight/dawn
       'A'  Astronomical twilight/dawn
       ' '  Night OR geocentric ephemeris

LUNAR PRESENCE (OBSERVING SITE)
  The solar-presence symbol is immediately followed by a lunar-presence symbol:

       'm'  Refracted upper-limb of Moon on or above apparent horizon
       ' '  Refracted upper-limb of Moon below apparent horizon OR geocentric
            ephemeris
 
 'R.A._____(ICRF)_____DEC' =
  Astrometric right ascension and declination of the target center with
respect to the observing site (coordinate origin) in the reference frame of
the planetary ephemeris (ICRF). Compensated for down-leg light-time delay
aberration.

  Units: RA  in hours-minutes-seconds of time,    HH MM SS.ff{ffff}
         DEC in degrees-minutes-seconds of arc,  sDD MN SC.f{ffff}
 
 'R.A.__(a-apparent)__DEC' =
  Airless apparent right ascension and declination of the target center
with respect to an instantaneous reference frame defined by the Earth equator
of-date (z-axis) and meridian containing the Earth equinox of-date (x-axis,
EOP-corrected IAU76/80). Compensated for down-leg light-time delay,
gravitational deflection of light, stellar aberration, precession & nutation.
Note: equinox (RA origin) is offset -53 mas from the of-date frame defined
by the IAU06/00a P & N system.

  Units: RA  in hours-minutes-seconds of time,   HH MM SS.ff{ffff}
         DEC in degrees-minutes-seconds of arc, sDD MN SC.f{ffff}
 
 'dRA*cosD d(DEC)/dt' =
  The angular rate of change in apparent RA and DEC of the target. This is
with respect to the non-inertial IAU76/80 Earth true equator and equinox
of-date reference frame.  d(RA)/dt is multiplied by the cosine of declination
to provide a linear rate in the plane-of-sky. Units: ARCSECONDS PER HOUR
 
 'Azi____(a-app)___Elev' =
  Airless apparent azimuth and elevation of target center. Compensated
for light-time, the gravitational deflection of light, stellar aberration,
precession and nutation. Azimuth is measured clockwise from north:

  North(0) -> East(90) -> South(180) -> West(270) -> North (360)

Elevation angle is with respect to a plane perpendicular to the reference
surface local zenith direction. TOPOCENTRIC ONLY.  Units: DEGREES
 
 'APmag   S-brt' =
   Saturn's approximate apparent visual magnitude and surface brightness. The
value includes the ring system when the solar phase angle of the observer is
less than 6.5 degrees (typical when observed from Earth) AND effective ring
inclination is less than 27 degrees. Otherwise, the value is that of the globe
only (no rings).  An "n.a." will be output if outside the range of phase-angles
for which the model is valid.

   For Earth-based observers, the estimated dimming due to atmospheric
absorption (extinction) is available as a separate, requestable quantity.

   Surface brightness is the average airless visual magnitude of a
square-arcsecond of the illuminated portion of the apparent disk.

 MAGNITUDES & MAGNITUDES PER SQUARE ARCSECOND
 
 'Illu%' =
   Fraction of the target objects' assumed circular disk illuminated by Sun
(phase), as seen by the observer.  Units: PERCENT
 
 'Ang-diam' =
   The equatorial angular width of the target body full disk, if it were fully
illuminated and visible to the observer. If the target body diameter is unknown
"n.a." is output.

   Units: ARCSECONDS
 
 'ObsSub-LON ObsSub-LAT' =
   Apparent planetodetic longitude and latitude of the center of the target
disc seen by the OBSERVER at print-time. This is NOT exactly the same as the
"nearest" sub-point for a non-spherical target shape (since the center of the
disc might not be the point closest to the observer), but is generally very
close if not a very irregular body shape. Down-leg light travel-time from
target to observer is taken into account. Latitude is the angle between the
equatorial plane and the line perpendicular to the reference ellipsoid of the
body, so includes body oblateness. The reference ellipsoid is an oblate
spheroid with a single flatness coefficient in which the y-axis body radius
is taken to be the same value as the x-axis radius.  For Jupiter, Saturn, and
Uranus, IAU2015 longitude is based on the "System III" prime meridian rotation
angle of the magnetic field. By contrast, pole direction (thus latitude) is
relative to the body dynamical equator.  There can be an offset between the
magnetic pole and the dynamical pole of rotation. For Neptune, rotation is
IAU2015 "System II" rotation of optically observed features in the Neptunian
atmosphere. Positive longitude is to the WEST for this target. Cartographic
system is specified in the header.  Units: DEGREES DEGREES
 
 'delta      deldot' =
   Apparent range ("delta", light-time aberrated) and range-rate ("delta-dot")
of the target center relative to the observer. A positive "deldot" means the
target center is moving away from the observer, negative indicates movement
toward the observer.  Units: AU and KM/S
 
 'S-O-T /r' =
   Sun-Observer-Target apparent SOLAR ELONGATION ANGLE seen from the observers'
location at print-time.

   The '/r' column provides a code indicating the targets' apparent position
relative to the Sun in the observers' sky, as described below:

   Case A: For an observing location on the surface of a rotating body, that
body rotational sense is considered:

    /T indicates target TRAILS Sun   (evening sky: rises and sets AFTER Sun)
    /L indicates target LEADS Sun    (morning sky: rises and sets BEFORE Sun)

   Case B: For an observing point that does not have a rotational model (such
as a spacecraft), the "leading" and "trailing" condition is defined by the
observers' heliocentric ORBITAL motion:

    * If continuing in the observers' current direction of heliocentric
       motion would encounter the targets' apparent longitude first, followed
       by the Sun's, the target LEADS the Sun as seen by the observer.

    * If the Sun's apparent longitude would be encountered first, followed
       by the targets', the target TRAILS the Sun.

   Two other codes can be output:
    /* indicates observer is Sun-centered    (undefined)
    /? Target is aligned with Sun center     (no lead or trail)

   The S-O-T solar elongation angle is numerically the minimum separation
angle of the Sun and target in the sky in any direction. It does NOT indicate
the amount of separation in the leading or trailing directions, which would
be defined along the equator of a spherical coordinate system.

   Units: DEGREES
 
 'S-T-O' =
   The Sun-Target-Observer angle; the interior vertex angle at target center
formed by a vector from the target to the apparent center of the Sun (at
reflection time on the target) and the apparent vector from target to the
observer at print-time. Slightly different from true PHASE ANGLE (requestable
separately) at the few arcsecond level in that it includes stellar aberration
on the down-leg from target to observer.  Units: DEGREES
 
 'Sky_motion  Sky_mot_PA  RelVel-ANG' =
  Total apparent angular rate of the target in the plane-of-sky. "Sky_mot_PA"
is the position angle of the target's direction of motion in the plane-of-sky,
measured counter-clockwise from the apparent of-date north pole direction.
"RelVel-ANG" is the flight path angle of the target's relative motion with
respect to the observer's line-of-sight, in the range [-90,+90], where positive
values indicate motion away from the observer, negative values are toward the
observer:

  -90 = target is moving directly toward the observer
    0 = target is moving at right angles to the observer's line-of-sight
  +90 = target is moving directly away from the observer

UNITS:  ARCSECONDS/MINUTE, DEGREES, DEGREES
 
 'Lun_Sky_Brt  sky_SNR' =
  Sky brightness due to moonlight scattered by Earth's atmosphere at the
target's position in the sky. "sky_SNR" is the visual signal-to-noise ratio
(SNR) of the target's surface brightness relative to background sky. Output
only for topocentric Earth observers when both the Moon and target are above
the local horizon and the Sun is in astronomical twilight (or further) below
the horizon, and the target is not the Moon or Sun. If all conditions are
not met, "n.a." is output. Galactic brightness, local sky light-pollution
and weather are NOT considered. Lunar opposition surge is considered. The
value returned is accurate under ideal conditions at the approximately 8-23%
level, so is a useful but not definitive value.

  If the target-body radius is also known, "sky_SNR" is output. This is the
approximate visual signal-to-noise ratio of the target's brightness divided
by lunar sky brightness. When sky_SNR < 1, the target is dimmer than the
ideal moonlight-scattering background sky, so unlikely to be detectable at
visual wavelengths. In practice, visibility requires sky_SNR > 1 and a
detector sensitive enough to reach the target's magnitude, even if it isn't
washed out by moonlight. When relating magnitudes and brightness values,
keep in mind their logarithmic relationship m2-m1 = -2.5*log_10(b2/b1).

  UNITS: VISUAL MAGNITUDES / ARCSECOND^2, and unitless ratio

Computations by ...

    Solar System Dynamics Group, Horizons On-Line Ephemeris System
    4800 Oak Grove Drive, Jet Propulsion Laboratory
    Pasadena, CA  91109   USA

    General site: https://ssd.jpl.nasa.gov/
    Mailing list: https://ssd.jpl.nasa.gov/email_list.html
    System news : https://ssd.jpl.nasa.gov/horizons/news.html
    User Guide  : https://ssd.jpl.nasa.gov/horizons/manual.html
    Connect     : browser        https://ssd.jpl.nasa.gov/horizons/app.html#/x
                  API            https://ssd-api.jpl.nasa.gov/doc/horizons.html
                  command-line   telnet ssd.jpl.nasa.gov 6775
                  e-mail/batch   https://ssd.jpl.nasa.gov/ftp/ssd/horizons_batch.txt
                  scripts        https://ssd.jpl.nasa.gov/ftp/ssd/SCRIPTS
    Author      : Jon.D.Giorgini@jpl.nasa.gov

**********************************************************************************************************************************************************************************************************************************************************************************************
