*******************************************************************************
 Revised: January 26, 2022             Saturn                               699
 
 PHYSICAL DATA:
  Mass x10^26 (kg)      = 5.6834          Density (g/cm^3)       =  0.687+-.001
  Equat. radius (1 bar) = 60268+-4 km     Polar radius (km)      = 54364+-10
  Vol. Mean Radius (km) = 58232+-6        Flattening             =  0.09796
  Geometric Albedo      = 0.47            Rocky core mass (Mc/M) =  0.1027
  Sid. rot. period (III)= 10h 39m 22.4s   Sid. rot. rate (rad/s) =  0.000163785 
  Mean solar day, hrs   =~10.656         
  GM (km^3/s^2)         = 37931206.234    GM 1-sigma (km^3/s^2)  = +- 98
  Equ. grav, ge (m/s^2) = 10.44           Pol. grav, gp (m/s^2)  = 12.14+-0.01
  Vis. magnitude V(1,0) = -8.88          
  Vis. mag. (opposition)= +0.67           Obliquity to orbit     = 26.73 deg
  Sidereal orbit period = 29.447498 yr    Sidereal orbit period  = 10755.698 d
  Mean daily motion     = 0.0334979 deg/d Mean orbit velocity    =  9.68 km/s
  Atmos. temp. (1 bar)  = 134+-4 K        Escape speed, km/s    =  35.5          
  Aroche(ice)/Rp        =  2.71           Hill's sphere rad. Rp  = 1100
                                 Perihelion  Aphelion    Mean
  Solar Constant (W/m^2)         16.8        13.6        15.1
  Maximum Planetary IR (W/m^2)    4.7         4.5         4.6
  Minimum Planetary IR (W/m^2)    4.7         4.5         4.6
*******************************************************************************


*******************************************************************************
Ephemeris / WWW_USER Mon Apr  6 16:29:12 2026 Pasadena, USA      / Horizons    
*******************************************************************************
Target body name: Saturn (699)                    {source: sat441l}
Center body name: Earth (399)                     {source: DE441}
Center-site name: (user defined site below)
*******************************************************************************
Start time      : A.D. 2026-Jan-01 00:00:00.0000 UT      
Stop  time      : A.D. 2026-Dec-31 00:00:00.0000 UT      
Step-size       : 3600 minutes
*******************************************************************************
Target pole/equ : IAU_SATURN                      {West-longitude positive}
Target radii    : 60268.0, 60268.0, 54364.0 km    {Equator_a, b, pole_c}       
Center geodetic : 260.5, 17.0, .010               {E-lon(deg),Lat(deg),Alt(km)}
Center cylindric: 260.5, 6101.19824, 1852.83633   {E-lon(deg),Dxy(km),Dz(km)}
Center pole/equ : ITRF93                          {East-longitude positive}
Center radii    : 6378.137, 6378.137, 6356.752 km {Equator_a, b, pole_c}       
Target primary  : Sun
Vis. interferer : MOON (R_eq= 1737.400) km        {source: DE441}
Rel. light bend : Sun                             {source: DE441}
Rel. lght bnd GM: 1.3271E+11 km^3/s^2                                          
Atmos refraction: NO (AIRLESS)
RA format       : HMS
Time format     : CAL 
Calendar mode   : Mixed Julian/Gregorian
EOP file        : eop.260406.p260703                                           
EOP coverage    : DATA-BASED 1962-JAN-20 TO 2026-APR-06. PREDICTS-> 2026-JUL-02
Units conversion: 1 au= 149597870.700 km, c= 299792.458 km/s, 1 day= 86400.0 s 
Table cut-offs 1: Elevation (-90.0deg=NO ),Airmass (>38.000=NO), Daylight (NO )
Table cut-offs 2: Solar elongation (  0.0,180.0=NO ),Local Hour Angle( 0.0=NO )
Table cut-offs 3: RA/DEC angular rate (     0.0=NO )                           
**********************************************************************************************************************************************************************************************************************************************************************************************
 Date__(UT)__HR:MN     R.A._____(ICRF)_____DEC  R.A.__(a-apparent)__DEC  dRA*cosD d(DEC)/dt  Azi____(a-app)___Elev    APmag   S-brt      Illu%  Ang-diam  ObsSub-LON ObsSub-LAT             delta      deldot     S-O-T /r     S-T-O  Sky_motion  Sky_mot_PA  RelVel-ANG  Lun_Sky_Brt  sky_SNR
**********************************************************************************************************************************************************************************************************************************************************************************************
$$SOE
 2026-Jan-01 00:00 *m  23 48 11.30 -03 44 26.8  23 49 31.45 -03 35 47.3  7.599681  3.928269  190.616662  69.067698    1.007   6.907   99.74921  17.10666  331.775571  -1.170100  9.71519223875871  27.8223438   75.6125 /T    5.7424   0.1425818   62.665595   58.959019         n.a.     n.a.
 2026-Jan-03 12:00 Am  23 48 43.75 -03 40 24.5  23 50 03.85 -03 31 45.0  8.580229  4.143800   24.672590 -75.254341    1.011   6.903   99.75499  17.03654  198.443788  -1.265369  9.75517563226076  27.4236417   73.2131 /T    5.6762   0.1588075   64.221894   55.671932         n.a.     n.a.
 2026-Jan-06 00:00 *   23 49 18.26 -03 36 09.6  23 50 38.38 -03 27 30.1  8.649365  4.359641  202.905370  67.912488    1.015   6.898   99.76148  16.96814   65.106750  -1.365741  9.79450110641245  27.1707840   70.8327 /T    5.6005   0.1614328   63.249988   54.875686         n.a.     n.a.
 2026-Jan-08 12:00 Am  23 49 54.85 -03 31 41.9  23 51 14.90 -03 23 02.5  9.598572  4.562025   38.937936 -72.777796    1.018   6.893   99.76868  16.90097  291.763190  -1.471244  9.83342850637962  26.6135199   68.4519 /T    5.5157   0.1771257   64.579120   51.651512         n.a.     n.a.
 2026-Jan-11 00:00 *   23 50 33.40 -03 27 02.2  23 51 53.44 -03 18 22.9  9.653064  4.768669  213.576392  65.952331    1.021   6.888   99.77648  16.83566  158.415409  -1.581572  9.87157220275077  26.3419829   66.0893 /T    5.4219   0.1794450   63.710361   50.892654         n.a.     n.a.
 2026-Jan-13 12:00 Am  23 51 13.95 -03 22 10.4  23 52 33.92 -03 13 31.1  10.56544  4.957465   49.239156 -69.588933    1.024   6.882   99.78488  16.77175   25.062042  -1.696745  9.90918627266742  25.6255960   63.7263 /T    5.3194   0.1945115   64.863322   47.721770         n.a.     n.a.
 2026-Jan-16 00:00 *   23 51 56.33 -03 17 07.2  23 53 16.32 -03 08 27.9  10.60455  5.152955  222.447722  63.380541    1.026   6.876   99.79377  16.70986  251.705533  -1.816434  9.94589192985818  25.3357058   61.3814 /T    5.2084   0.1965037   64.083985   47.000416         n.a.     n.a.
 2026-Jan-18 12:00 A   23 52 40.60 -03 11 52.8  23 54 00.54 -03 03 13.5  11.47532  5.326497   56.677549 -65.986154    1.028   6.870   99.80312  16.64951  118.344405  -1.940640  9.98193966780127  24.4654775   59.0361 /T    5.0892   0.2108544   65.100688   43.877788         n.a.     n.a.
 2026-Jan-21 00:00 *m  23 53 26.58 -03 06 27.9  23 54 46.53 -02 57 48.6  11.49907  5.508496  229.695122  60.369115    1.029   6.864   99.81284  16.59131  344.981219  -2.069007  10.0169596657897  24.1575767   56.7090 /T    4.9621   0.2125063   64.403795   43.191910         n.a.     n.a.
 2026-Jan-23 12:00 A   23 54 14.35 -03 00 52.7  23 55 34.22 -02 52 13.4  12.32222  5.665146   62.199154 -62.142629    1.029   6.857   99.82290  16.53479  211.614420  -2.201516  10.0511957488088  23.1385365   54.3818 /T    4.8273   0.2260353   65.309376   40.113631         n.a.     n.a.
 2026-Jan-26 00:00 *m  23 55 03.66 -02 55 07.9  23 56 23.53 -02 46 28.8  12.32775  5.831770  235.616324  57.049037    1.030   6.850   99.83317  16.48053   78.246678  -2.337789  10.0842926466943  22.8177821   52.0729 /T    4.6853   0.2272926   64.683027   39.471335         n.a.     n.a.
 2026-Jan-28 12:00 A   23 55 54.64 -02 49 13.8  23 57 14.46 -02 40 34.6  13.09716  5.971097   66.440775 -58.155451    1.030   6.843   99.84364  16.42807  304.876341  -2.477797  10.1164945979574  21.6668527   49.7641 /T    4.5361   0.2399014   65.491395   36.445532         n.a.     n.a.
 2026-Jan-31 00:00 *m  23 56 47.00 -02 43 11.1  23 58 06.87 -02 34 31.8  13.08575  6.122501  240.502285  53.513048    1.029   6.836   99.85419  16.37792  171.506097  -2.621166  10.1474708840497  21.3486372   47.4732 /T    4.3805   0.2407868   64.926256   35.857685         n.a.     n.a.
 2026-Feb-02 12:00 Am  23 57 40.91 -02 37 00.0  23 59 00.73 -02 28 20.6  13.80290  6.246507   69.809011 -54.080169    1.028   6.829   99.86481  16.32965   38.134145  -2.767885  10.1774654451548  20.0842607   45.1819 /T    4.2184   0.2525090   65.650849   32.881091         n.a.     n.a.
 2026-Feb-05 00:00 *   23 58 36.06 -02 30 41.2  23 59 55.88 -02 22 01.9  13.78192  6.384486  244.592547  49.824964    1.027   6.821   99.87537  16.28373  264.763160  -2.917612  10.2061652274523  19.7720101   42.9076 /T    4.0503   0.2531485   65.144032   32.334445         n.a.     n.a.
 2026-Feb-07 12:00 Am  23 59 32.66 -02 24 14.8  00 00 52.41 -02 15 35.6  14.44893  6.494835   72.564733 -49.949940    1.025   6.814   99.88588  16.23976  131.391270  -3.070351  10.2337977368772  18.3943241   40.6323 /T    3.8763   0.2640257   65.795944   29.384257         n.a.     n.a.
 2026-Feb-10 00:00 *   00 00 30.37 -02 17 41.4  00 01 50.13 -02 09 02.2  14.41976  6.619142  248.072533  46.028881    1.022   6.806   99.89620  16.19819  358.021220  -3.225760  10.2600596938344  18.0790163   38.3734 /T    3.6970   0.2644400   65.343330   28.862366         n.a.     n.a.
 2026-Feb-12 12:00 Am  00 01 29.40 -02 11 01.4  00 02 49.13 -02 02 22.1  15.03189  6.715274   74.878886 -45.784999    1.020   6.798   99.90634  16.15866  224.651131  -3.383832  10.2851627649674  16.5904957   36.1132 /T    3.5121   0.2743946   65.928002   25.930877         n.a.     n.a.
 2026-Feb-15 00:00 *   00 02 29.41 -02 04 15.2  00 03 49.16 -01 55 35.9  14.99270  6.824366  251.082431  42.155227    1.017   6.790   99.91618  16.12157   91.283790  -3.544213  10.3088231517594  16.2732325   33.8691 /T    3.3227   0.2745466   65.525959   25.434885         n.a.     n.a.
 2026-Feb-17 12:00 A   00 03 30.62 -01 57 23.3  00 04 50.33 -01 48 44.0  15.54628  6.905097   76.867624 -41.598040    1.013   6.782   99.92572  16.08659  317.917286  -3.706874  10.3312415410241  14.6851946   31.6240 /T    3.1284   0.2835133   66.050933   22.522886         n.a.     n.a.
 2026-Feb-20 00:00 *m  00 04 32.65 -01 50 26.2  00 05 52.36 -01 41 47.0  15.49707  6.997058  253.727442  38.224971    1.009   6.773   99.93485  16.05409  184.554405  -3.871448  10.3521574153812  14.3704142   29.3950 /T    2.9301   0.2833912   65.700427   22.055095         n.a.     n.a.
 2026-Feb-22 12:00 A   00 05 35.75 -01 43 24.4  00 06 55.42 -01 34 45.3  15.98954  7.061283   78.612200 -37.397060    1.005   6.765   99.94357  16.02375   51.193208  -4.037890  10.3717597717397  12.6955973   27.1654 /T    2.7276   0.2913222   66.172839   19.162801         n.a.     n.a.
 2026-Feb-25 00:00 *m  00 06 39.52 -01 36 18.4  00 07 59.22 -01 27 39.3  15.93019  7.135513  256.087464  34.252784    1.000   6.757   99.95177  15.99590  277.836457  -4.205830  10.3898142872988  12.3901008   24.9522 /T    2.5219   0.2909212   65.871247   18.727790         n.a.     n.a.
 2026-Feb-27 12:00 A   00 07 44.23 -01 29 08.7  00 09 03.92 -01 20 29.5  16.35996  7.184599   80.170797 -33.186916    0.995   6.748   99.95946  15.97025  144.482177  -4.375231  10.4065008954237  10.6462322   22.7390 /T    2.3126   0.2978006   66.290960   15.859975         n.a.     n.a.
 2026-Mar-02 00:00 *m  00 08 49.45 -01 21 55.8  00 10 09.17 -01 13 16.6  16.29348  7.243051  258.223762  30.249003    0.989   6.739   99.96656  15.94709   11.133058  -4.545755  10.4216151168480  10.3594136   20.5423 /T    2.1010   0.2971809   66.033095   15.462554         n.a.     n.a.
 2026-Mar-04 12:00 Am  00 09 55.49 -01 14 40.1  00 11 15.17 -01 06 00.9  16.66348  7.279488   81.586617 -28.970744    0.983   6.730   99.97306  15.92614  237.787079  -4.717388  10.4353234476699   8.5601098   18.3459 /T    1.8864   0.3030689   66.401759   12.616001         n.a.     n.a.
 2026-Mar-07 00:00 *   00 11 01.91 -01 07 21.9  00 12 21.60 -00 58 42.9  16.59526  7.323346  260.183933  26.221153    0.976   6.721   99.97889  15.90767  104.446858  -4.889813  10.4474441777911   8.2903508   16.1669 /T    1.6702   0.3023216   66.188544   12.245956         n.a.     n.a.
 2026-Mar-09 12:00 Am  00 12 09.04 -01 00 01.6  00 13 28.71 -00 51 22.7  16.90736  7.347531   82.892075 -24.750500    0.969   6.712   99.98407  15.89143  331.110391  -5.063020  10.4581205802322   6.4377546   13.9899 /T    1.4518   0.3072480   66.511392   9.4055601         n.a.     n.a.
 2026-Mar-12 00:00 *   00 13 16.43 -00 52 39.8  00 14 36.14 -00 44 00.8  16.83831  7.376043  262.006114  22.174951    0.962   6.702   99.98853  15.87766  197.780275  -5.236689  10.4671895218043   6.1765230   11.8340 /T    1.2329   0.3063833   66.344111   9.0474757         n.a.     n.a.
 2026-Mar-14 12:00 Nm  00 14 24.41 -00 45 16.8  00 15 44.12 -00 36 37.7  17.08909  7.387305   84.112388 -20.527340    0.953   6.692   99.99227  15.86616   64.454575  -5.410796  10.4747711648372   4.2742369    9.6877 /T    1.0132   0.3102908   66.622044   6.2033093         n.a.     n.a.
 2026-Mar-17 00:00 *   00 15 32.51 -00 37 53.0  00 16 52.24 -00 29 14.0  17.01636  7.399305  263.721027  18.114495    0.944   6.682   99.99525  15.85715  291.135855  -5.585013  10.4807280242539   4.0208260    7.5789 /T    0.7954   0.3092582   66.498920   5.8539058         n.a.     n.a.
 2026-Mar-19 12:00 N   00 16 41.06 -00 30 28.9  00 18 00.79 -00 21 50.1  17.20187  7.396454   85.268163 -16.301770    0.933   6.670   99.99747  15.85044  157.822235  -5.759300  10.4851636108989   2.0824976    5.5189 /T    0.5814   0.3120772   66.733280   3.0081633         n.a.     n.a.
 2026-Mar-22 00:00 *m  00 17 49.60 -00 23 05.1  00 19 09.34 -00 14 26.4  17.12407  7.390456  265.354164  14.042566    0.920   6.656   99.99891  15.84619   24.516191  -5.933315  10.4879730711814   1.8447801    3.6156 /T    0.3822   0.3108468   66.655798   2.6745319         n.a.     n.a.
 2026-Mar-24 12:00 N   00 18 58.46 -00 15 42.0  00 20 18.22 -00 07 03.4  17.24382  7.373056   86.376453 -12.073624    0.908   6.644   99.99958  15.84427  251.215860  -6.107011  10.4892474837509  -0.1095643    2.2531 /T    0.2378   0.3125660   66.849572   -0.164107         n.a.     n.a.
 2026-Mar-27 00:00 *m  00 20 07.15 -00 08 20.1  00 21 26.96 +00 00 18.6  17.16397  7.350125  266.927542   9.961084    0.907   6.643   99.99945  15.84477  117.923576  -6.280066  10.4889156042651  -0.3234068    2.5494 /L    0.2657   0.3111922   66.817941   -0.475343         n.a.     n.a.
 2026-Mar-29 12:00 N   00 21 16.04 -00 00 59.7  00 22 35.87 +00 07 39.0  17.22087  7.320740   87.451811  -7.842448    0.914   6.650   99.99854  15.84759  344.637504  -6.452458  10.4870500627777  -2.2807380    4.1560 /L    0.4334   0.3118723   66.969241   -3.307411         n.a.     n.a.
 2026-Apr-01 00:00 *m  00 22 24.65 +00 06 18.7  00 23 44.49 +00 14 57.3  17.14224  7.283378  268.460330   5.871773    0.920   6.657   99.99685  15.85279  211.359858  -6.623897  10.4836064503743  -2.4721083    6.1077 /L    0.6381   0.3104227   66.980384   -3.601551         n.a.     n.a.
 2026-Apr-03 12:00 Nm  00 23 33.33 +00 13 34.7  00 24 53.18 +00 22 13.2  17.13791  7.243557   88.507263  -3.608041    0.924   6.662   99.99438  15.86032   78.088874  -6.794381  10.4786339653466  -4.4257633    8.1652 /L    0.8537   0.3100972   67.088027   -6.434418         n.a.     n.a.
 2026-Apr-06 00:00 *   00 24 41.61 +00 20 48.1  00 26 01.49 +00 29 26.5  17.06202  7.192017  269.970180   1.776067    0.928   6.667   99.99116  15.87019  304.826659  -6.963625  10.4721134069994  -4.5988412   10.2551 /L    1.0719   0.3085980   67.143510   -6.719839         n.a.     n.a.
 2026-Apr-08 12:00 Nm  00 25 49.85 +00 27 58.3  00 27 09.78 +00 36 36.8  16.99690  7.141128   89.554536   0.630148    0.930   6.671   99.98719  15.88239  171.571543  -7.131620  10.4640700111737  -6.5428994   12.3700 /L    1.2917   0.3072686   67.210631   -9.561338         n.a.     n.a.
 2026-Apr-11 00:00 *   00 26 57.57 +00 35 05.1  00 28 17.54 +00 43 43.6  16.92406  7.074500  271.473958  -2.324667    0.932   6.674   99.98250  15.89691   38.325523  -7.298072  10.4545092837116  -6.7027880   14.4879 /L    1.5103   0.3057197   67.314367   -9.847766         n.a.     n.a.
 2026-Apr-13 12:00 Nm  00 28 05.14 +00 42 08.0  00 29 25.15 +00 50 46.4  16.79647  7.011611   90.605218   4.872523    0.933   6.677   99.97710  15.91378  265.087055  -7.462964  10.4434311863001  -8.6324918   16.6185 /L    1.7287   0.3033535   67.342122   -12.70856         n.a.     n.a.
 2026-Apr-16 00:00 *   00 29 12.06 +00 49 06.6  00 30 32.10 +00 57 44.9  16.72320  6.928975  272.988014  -6.429219    0.933   6.680   99.97105  15.93295  131.858047  -7.625992  10.4308676768066  -8.7816880   18.7459 /L    1.9445   0.3016971   67.494150   -13.00438         n.a.     n.a.
 2026-Apr-18 12:00 C   00 30 18.69 +00 56 00.4  00 31 38.77 +01 04 38.5  16.52887  6.852885   91.671217   9.119599    0.933   6.683   99.96433  15.95446  358.637080  -7.787126  10.4168005741268 -10.6826780   20.8827 /L    2.1591   0.2982196   67.481063   -15.88523         n.a.     n.a.
 2026-Apr-21 00:00 *m  00 31 24.54 +01 02 48.9  00 32 44.68 +01 11 27.1  16.45271  6.753730  274.529412 -10.536518    0.933   6.686   99.95703  15.97824  225.425905  -7.946055  10.4012983225688 -10.8102959   23.0139 /L    2.3703   0.2964159   67.682171   -16.18061         n.a.     n.a.
 2026-Apr-23 12:00 C   00 32 29.97 +01 09 31.9  00 33 50.18 +01 18 10.1  16.19328  6.665241   92.765028  13.372106    0.932   6.689   99.94913  16.00435   92.223158  -8.102760  10.3843319097684 -12.6592994   25.1534 /L    2.5795   0.2918560   67.627672   -19.06730         n.a.     n.a.
 2026-Apr-26 00:00 *m  00 33 34.49 +01 16 08.8  00 34 54.75 +01 24 47.0  16.11952  6.552054  276.116361 -14.645304    0.931   6.691   99.94074  16.03264  319.030368  -8.256959  10.3660030829535 -12.7586930   27.2865 /L    2.7847   0.2900040   67.879879   -19.35116         n.a.     n.a.
 2026-Apr-28 12:00 C   00 34 38.46 +01 22 39.3  00 35 58.78 +01 31 17.5  15.80086  6.453632   93.900696  17.630283    0.930   6.694   99.93184  16.06324  185.846259  -8.408669  10.3462588070975 -14.5495409   29.4278 /L    2.9872   0.2844666   67.783150   -22.24706         n.a.     n.a.
 2026-May-01 00:00 *   00 35 41.43 +01 29 03.1  00 37 01.77 +01 37 41.2  15.73182  6.328292  277.768967 -18.753603    0.928   6.696   99.92253  16.09597   52.672217  -8.557625  10.3252210273349 -14.6306669   31.5629 /L    3.1851   0.2826155   68.087017   -22.53196         n.a.     n.a.
 2026-May-03 12:00 Cm  00 36 43.74 +01 35 20.0  00 38 04.16 +01 43 58.0  15.35379  6.220285   95.093913  21.894021    0.926   6.699   99.91279  16.13098  279.507131  -8.703851  10.3028101253418 -16.3617278   33.7070 /L    3.3798   0.2760992   67.945641   -25.45073         n.a.     n.a.
 2026-May-06 00:00 *   00 37 44.93 +01 41 29.5  00 39 05.40 +01 50 07.5  15.28753  6.082538  279.510746 -22.858691    0.923   6.701   99.90275  16.16808  146.352253  -8.847078  10.2791721415153 -16.4292048   35.8457 /L    3.5695   0.2742189   68.303583   -25.74636         n.a.     n.a.
 2026-May-08 12:00 Cm  00 38 45.34 +01 47 31.3  00 40 05.91 +01 56 09.4  14.84928  5.963760   96.363408  26.162899    0.921   6.703   99.89238  16.20744   13.206621  -8.987322  10.2542066503149 -18.0920895   37.9943 /L    3.7554   0.2667019   68.118648   -28.69455         n.a.     n.a.
 2026-May-11 00:00 *   00 39 44.53 +01 53 25.0  00 41 05.14 +02 02 03.1  14.78465  5.812651  281.369280 -26.957118    0.917   6.705   99.88182  16.24883  240.071321  -9.124297  10.2280859135858 -18.1467867   40.1382 /L    3.9357   0.2647708   68.537511   -29.00529         n.a.     n.a.
 2026-May-13 12:00 Cm  00 40 42.81 +01 59 10.2  00 42 03.50 +02 07 48.2  14.28601  5.681799   97.732622  30.435901    0.914   6.707   99.87104  16.29247  106.945549  -9.258014  10.2006886944771 -19.7337136   42.2929 /L    4.1118   0.2562404   68.311411   -31.99076         n.a.     n.a.
 2026-May-16 00:00 *m  00 41 39.75 +02 04 46.6  00 43 00.48 +02 13 24.5  14.21979  5.516703  283.378092 -31.044311    0.910   6.709   99.86019  16.33808  333.830238  -9.388175  10.1722119610385 -19.7766050   44.4433 /L    4.2816   0.2542071   68.795762   -32.32459         n.a.     n.a.
 2026-May-18 12:00 C   00 42 35.65 +02 10 13.7  00 43 56.49 +02 18 51.8  13.65811  5.373238   99.231167  34.711436    0.905   6.711   99.84924  16.38591  200.724749  -9.514788  10.1425198596433 -21.2726769   46.6049 /L    4.4466   0.2446174   68.524822   -35.35128         n.a.     n.a.
 2026-May-21 00:00 *m  00 43 30.08 +02 15 31.2  00 44 51.00 +02 24 09.4  13.58857  5.195470  285.579391 -35.114113    0.901   6.713   99.83835  16.43562   67.629800  -9.637563  10.1118429723540 -21.2922701   48.7622 /L    4.6047   0.2424655   69.076089   -35.69763         n.a.     n.a.
 2026-May-23 12:00 C   00 44 23.34 +02 20 38.7  00 45 44.36 +02 29 17.1  12.96834  5.041598  100.897834  38.986874    0.896   6.714   99.82748  16.48749  294.544839  -9.756542  10.0800356521956 -22.6783084   50.9310 /L    4.7574   0.2318977   68.755807   -38.75295         n.a.     n.a.
 2026-May-26 00:00 *m  00 45 15.02 +02 25 36.0  00 46 36.08 +02 34 14.3  12.90064  4.854015  288.026600 -39.157894    0.890   6.716   99.81679  16.54112  161.470341  -9.871461  10.0473531036847 -22.6730664   53.0958 /L    4.9029   0.2297269   69.380614   -39.10075         n.a.     n.a.
 2026-May-28 12:00 C   00 46 05.42 +02 30 22.8  00 47 26.57 +02 39 01.0  12.22835  4.691032  102.784596  43.257589    0.884   6.717   99.80625  16.59683   28.405894  -9.982387  10.0136275860727 -23.9474758   55.2728 /L    5.0425   0.2182877   69.012213   -42.18896         n.a.     n.a.
 2026-May-31 00:00 *   00 46 54.16 +02 34 58.7  00 48 15.36 +02 43 37.0  12.16354  4.494543  290.789497 -43.163059    0.878   6.718   99.79600  16.65420  255.351801 -10.089061  9.97912799084225 -23.9287224   57.4467 /L    5.1743   0.2161228   69.720254   -42.54933         n.a.     n.a.
 2026-Jun-02 12:00 Cm  00 47 41.50 +02 39 23.7  00 49 02.83 +02 48 02.1  11.43934  4.322160  104.962553  47.516368    0.872   6.719   99.78603  16.71360  122.307860 -10.191550  9.94366413170409 -25.0925140   59.6338 /L    5.2998   0.2038106   69.301774   -45.68879         n.a.     n.a.
 2026-Jun-05 00:00 *   00 48 27.09 +02 43 37.1  00 49 48.48 +02 52 15.8  11.37337  4.116526  293.960221 -47.111824    0.865   6.720   99.77647  16.77457  349.274218 -10.289588  9.90752258286425 -25.0645735   61.8188 /L    5.4171   0.2015904   70.102570   -46.07473         n.a.     n.a.
 2026-Jun-07 12:00 Cm  00 49 11.16 +02 47 39.1  00 50 32.67 +02 56 17.9  10.59616  3.933516  107.533247  51.752010    0.858   6.721   99.76729  16.83749  216.250862 -10.383233  9.87049929068624 -26.1094513   64.0182 /L    5.5276   0.1883784   69.634025   -49.27791         n.a.     n.a.
 2026-Jun-10 00:00 *   00 49 53.38 +02 51 28.9  00 51 14.92 +03 00 07.8  10.52598  3.717908  297.661680 -50.979063    0.850   6.722   99.75866  16.90187   83.237744 -10.472203  9.83290255846503 -26.0690203   66.2165 /L    5.6294   0.1860549   70.546139   -49.69321         n.a.     n.a.
 2026-Jun-12 12:00 Cm  00 50 33.95 +02 55 06.6  00 51 55.61 +03 03 45.5  9.697023  3.523025  110.645667  55.946972    0.843   6.722   99.75053  16.96811  310.235009 -10.556550  9.79451854604674 -26.9831099   68.4302 /L    5.7239   0.1719528   70.033411   -52.96681         n.a.     n.a.
 2026-Jun-15 00:00 *m  00 51 12.57 +02 58 31.5  00 52 34.29 +03 07 10.7  9.620997  3.297649  302.059567 -54.728313    0.834   6.723   99.74305  17.03567  177.242392 -10.635989  9.75567658166815 -26.9251242   70.6432 /L    5.8092   0.1695075   71.080568   -53.41053         n.a.     n.a.
 2026-Jun-17 12:00 C   00 51 49.42 +03 01 43.6  00 53 11.29 +03 10 23.1  8.742979  3.092167  114.524609  60.073057    0.826   6.723   99.73620  17.10496   44.260187 -10.710587  9.71615640467474 -27.6944358   72.8719 /L    5.8866   0.1545614   70.522621   -56.75690         n.a.     n.a.
 2026-Jun-20 00:00 *m  00 52 24.22 +03 04 42.4  00 53 46.14 +03 13 22.2  8.662378  2.860482  307.375166 -58.305983    0.817   6.723   99.73009  17.17540  271.287879 -10.780093  9.67630845581597 -27.6119632   75.1000 /L    5.9545   0.1520409   71.725793   -57.21676         n.a.     n.a.
 2026-Jun-22 12:00 C   00 52 57.13 +03 07 28.1  00 54 19.16 +03 16 07.9  7.742587  2.647454  119.519792  64.082853    0.808   6.723   99.72471  17.24742  138.325886 -10.844616  9.63590363049353 -28.2283467   77.3442 /L    6.0140   0.1363784   71.122695   -60.63243         n.a.     n.a.
 2026-Jun-25 00:00 *m  00 53 27.93 +03 10 00.0  00 54 50.00 +03 18 40.0  7.660194  2.411714  313.894090 -61.632687    0.799   6.722   99.72016  17.32040    5.373467 -10.903925  9.59530322598224 -28.1249312   79.5880 /L    6.0636   0.1338479   72.524059   -61.10219         n.a.     n.a.
 2026-Jun-27 12:00 C   00 53 56.75 +03 12 18.5  00 55 18.95 +03 20 58.8  6.704793  2.191452  126.182220  67.894518    0.789   6.722   99.71641  17.39479  232.431208 -10.958133  9.55426548450063 -28.5883862   81.8486 /L    6.1045   0.1175641   71.900094   -64.59560         n.a.     n.a.
 2026-Jun-30 00:00 *   00 54 23.41 +03 14 23.0  00 55 45.66 +03 23 03.6  6.620977  1.951998  321.953322 -64.592002    0.779   6.721   99.71356  17.46995   99.498165 -11.007015  9.51315826954748 -28.4709329   84.1097 /L    6.1353   0.1150454   73.573412   -65.07740         n.a.     n.a.
 2026-Jul-02 12:00 Cm  00 54 47.99 +03 16 13.6  00 56 10.38 +03 24 54.5  5.633174  1.724354  135.363004  71.362372    0.769   6.720   99.71157  17.54637  326.575123 -11.050680  9.47172755839126 -28.7836862   86.3885 /L    6.1569   0.0981864   72.980283   -68.66662         n.a.     n.a.
 2026-Jul-05 00:00 *   00 55 10.35 +03 17 49.9  00 56 32.78 +03 26 31.1  5.543806  1.481373  331.861540 -67.021124    0.758   6.719   99.71052  17.62336  193.660973 -11.088904  9.43034749379572 -28.6560016   88.6688 /L    6.1682   0.0956386   75.039403   -69.17086         n.a.     n.a.
 2026-Jul-07 12:00 Cm  00 55 30.55 +03 19 12.0  00 56 53.08 +03 27 53.5  4.524197  1.245855  148.204232  74.227832    0.747   6.718   99.71039  17.70143   60.756689 -11.121789  9.38876028033032 -28.8122801   90.9680 /L    6.1700   0.0782100   74.603730   -72.87776         n.a.     n.a.
 2026-Jul-10 00:00 *   00 55 48.46 +03 20 19.4  00 57 11.03 +03 29 01.1  4.425281  0.999259  343.696486 -68.714673    0.736   6.717   99.71123  17.77984  287.860957 -11.149109  9.34735208503767 -28.6672162   93.2693 /L    6.1611   0.0756116   77.275620   -73.40504         n.a.     n.a.
 2026-Jul-12 12:00 Cm  00 56 04.11 +03 21 12.4  00 57 26.83 +03 29 54.5  3.378229  0.756036  165.494903  76.077569    0.725   6.715   99.71302  17.85910  154.974880 -11.170963  9.30587000034971 -28.6528920   95.5903 /L    6.1423   0.0576966   77.385258   -77.23726         n.a.     n.a.
 2026-Jul-15 00:00 *m  00 56 17.43 +03 21 50.3  00 57 40.21 +03 30 33.0  3.271744  0.507912  357.002762 -69.464494    0.714   6.713   99.71579  17.93843   22.096876 -11.187150  9.26471282068097 -28.4793053   97.9137 /L    6.1127   0.0551822   81.175724   -77.75685         n.a.     n.a.
 2026-Jul-17 12:00 C   00 56 28.41 +03 22 13.6  00 57 51.31 +03 30 56.7  2.208479  0.260817  185.823962  76.449363    0.702   6.711   99.71952  18.01833  249.228131 -11.197809  9.22363073886441 -28.2864007  100.2567 /L    6.0728   0.0370638   83.264678   -81.68839         n.a.     n.a.
 2026-Jul-20 00:00 *m  00 56 37.05 +03 22 21.8  00 57 59.97 +03 31 05.3  2.099522  0.015944   10.687108 -69.142791    0.690   6.709   99.72419  18.09801  116.366821 -11.202798  9.18302236707794 -28.0863304  102.6020 /L    6.0220   0.0349930   89.564905   -82.12594         n.a.     n.a.
 2026-Jul-22 12:00 C   00 56 43.31 +03 22 15.5  00 58 06.33 +03 30 59.3  1.029579  -0.23170  205.081449  75.194549    0.678   6.707   99.72979  18.17796  343.514278 -11.202284  9.14263312065059 -27.7205110  104.9668 /L    5.9609   0.0175888   102.68270   -85.98886         n.a.     n.a.
 2026-Jul-25 00:00 *m  00 56 47.23 +03 21 54.3  00 58 10.30 +03 30 38.5  0.918463  -0.47169   23.458698 -67.770973    0.666   6.704   99.73629  18.25740  210.668497 -11.196150  9.10285619062462 -27.4998269  107.3339 /L    5.8888   0.0172084   117.18337   -86.06110         n.a.     n.a.
 2026-Jul-27 12:00 C   00 56 48.74 +03 21 18.7  00 58 11.94 +03 30 03.5  -0.15124  -0.71933  220.221909  72.631260    0.654   6.701   99.74365  18.33680   77.830952 -11.184555  9.06343778297892 -26.9636230  109.7211 /L    5.8064   0.0122510   191.87378   -87.15029         n.a.     n.a.
 2026-Jul-30 00:00 *   00 56 47.94 +03 20 28.4  00 58 11.17 +03 29 13.7  -0.26398  -0.95402   34.481152 -65.501977    0.641   6.698   99.75182  18.41537  304.999448 -11.167402  9.02476627862579 -26.7240123  112.1110 /L    5.7131   0.0164979   195.46702   -86.14719         n.a.     n.a.
 2026-Aug-01 12:00 Cm  00 56 44.72 +03 19 23.8  00 58 08.06 +03 28 09.6  -1.32582  -1.20099  231.167229  69.211863    0.629   6.695   99.76077  18.49360  172.175592 -11.144844  8.98658994655552 -26.0215554  114.5216 /L    5.6094   0.0298150   227.82833   -82.90523         n.a.     n.a.
 2026-Aug-04 00:00 *   00 56 39.22 +03 18 04.7  00 58 02.57 +03 26 50.8  -1.44203  -1.42951   43.565784 -62.537155    0.616   6.692   99.77043  18.57069   39.357035 -11.116804  8.94928858500576 -25.7653304  116.9355 /L    5.4951   0.0338417   225.24986   -81.91319         n.a.     n.a.
 2026-Aug-06 12:00 Cm  00 56 31.30 +03 16 31.6  00 57 54.74 +03 25 18.2  -2.49149  -1.67452  239.034452  65.266802    0.603   6.688   99.78077  18.64709  266.545518 -11.083433  8.91261873697025 -24.8960175  119.3707 /L    5.3703   0.0500320   236.09502   -77.78373         n.a.     n.a.
 2026-Aug-09 00:00 *   00 56 21.13 +03 14 44.3  00 57 44.61 +03 23 31.5  -2.61322  -1.89518   50.926081 -59.057971    0.591   6.684   99.79167  18.72200  133.738511 -11.044685  8.87695772546692 -24.6139980  121.8094 /L    5.2350   0.0538016   234.04926   -76.80030         n.a.     n.a.
 2026-Aug-11 12:00 Cm  00 56 08.54 +03 12 43.4  00 57 32.15 +03 21 31.2  -3.64048  -2.13508  244.848119  60.991024    0.578   6.680   99.80313  18.79585    0.937802 -11.000727  8.84208004408372 -23.5683684  124.2695 /L    5.0894   0.0703398   239.60916   -72.30823         n.a.     n.a.
 2026-Aug-14 00:00 *m  00 55 53.78 +03 10 28.7  00 57 17.41 +03 19 17.1  -3.76078  -2.34348   56.900299 -55.202786    0.565   6.676   99.81500  18.86781  228.140611 -10.951582  8.80835844473119 -23.2507615  126.7327 /L    4.9337   0.0738531   238.07142   -71.31473         n.a.     n.a.
 2026-Aug-16 12:00 C   00 55 36.66 +03 08 01.1  00 57 00.37 +03 16 50.0  -4.74798  -2.57272  249.303356  56.495180    0.553   6.672   99.82725  18.93829   95.348738 -10.897460  8.77557743474748 -22.0338617  129.2164 /L    4.7678   0.0900033   241.54870   -66.57330         n.a.     n.a.
 2026-Aug-19 00:00 *m  00 55 17.50 +03 05 20.7  00 56 41.21 +03 14 10.0  -4.85944  -2.76451   61.807593 -51.070126    0.540   6.667   99.83973  19.00650  322.559239 -10.838456  8.74408642376969 -21.6912509  131.7024 /L    4.5925   0.0931795   240.36468   -65.58044         n.a.     n.a.
 2026-Aug-21 12:00 N   00 54 56.07 +03 02 28.2  00 56 19.88 +03 11 18.1  -5.79601  -2.97993  252.842730  51.844541    0.528   6.662   99.85241  19.07284  189.774021 -10.774790  8.71367257147057 -20.3214647  134.2083 /L    4.4074   0.1086198   242.79069   -60.62171         n.a.     n.a.
 2026-Aug-24 00:00 *m  00 54 32.74 +02 59 23.8  00 55 56.57 +03 08 14.4  -5.89936  -3.15378   65.905018 -46.728642    0.516   6.658   99.86512  19.13655   56.990053 -10.706595  8.68466209261075 -19.9614362  136.7157 /L    4.2136   0.1114909   241.87118   -59.61624         n.a.     n.a.
 2026-Aug-26 12:00 N   00 54 07.26 +02 56 08.4  00 55 31.17 +03 04 59.6  -6.77805  -3.35408  255.748589  47.079489    0.503   6.653   99.87782  19.19802  284.209326 -10.634081  8.65685474387059 -18.4482086  139.2427 /L    4.0106   0.1260421   243.67174   -54.43892         n.a.     n.a.
 2026-Aug-29 00:00 *   00 53 40.02 +02 52 42.1  00 55 03.94 +03 01 33.8  -6.87284  -3.50948   69.388643 -42.226697    0.491   6.647   99.89035  19.25652  151.428702 -10.557412  8.63055644860335 -18.0705503  141.7708 /L    3.7996   0.1286170   242.94974   -53.40652         n.a.     n.a.
 2026-Aug-31 12:00 Nm  00 53 10.76 +02 49 05.8  00 54 34.73 +02 57 57.9  -7.68445  -3.69343  258.205311  42.226466    0.479   6.642   99.90268  19.31240   18.650209 -10.476788  8.60558297363529 -16.4221151  144.3182 /L    3.5800   0.1420995   244.32932   -48.01158         n.a.     n.a.
 2026-Sep-03 00:00 *   00 52 39.93 +02 45 19.7  00 54 03.91 +02 54 12.3  -7.76960  -3.82920   72.404872 -37.599088    0.468   6.636   99.91464  19.36498  245.870626 -10.392412  8.58221708483235 -16.0265352  146.8662 /L    3.3532   0.1443659   243.76389   -46.94181         n.a.     n.a.
 2026-Sep-05 12:00 Nm  00 52 07.23 +02 41 24.8  00 53 31.28 +02 50 18.0  -8.50599  -3.99378  260.337660  37.304131    0.456   6.631   99.92619  19.41457  113.092003 -10.304491  8.56029380177692 -14.2498346  149.4328 /L    3.1186   0.1566153   244.84874   -41.32802         n.a.     n.a.
 2026-Sep-08 00:00 *   00 51 33.14 +02 37 21.3  00 52 57.22 +02 46 15.3  -8.57931  -4.10632   75.062862 -32.871572    0.445   6.625   99.93716  19.46054  340.311032 -10.213295  8.54007478990975 -13.8305698  151.9989 /L    2.8778   0.1585231   244.42278   -40.20593         n.a.     n.a.
 2026-Sep-10 12:00 Nm  00 50 57.36 +02 33 10.4  00 52 21.49 +02 42 04.9  -9.22803  -4.24628  262.232712  32.326495    0.434   6.619   99.94754  19.50314  207.529715 -10.119063  8.52141818732059 -11.9310342  154.5819 /L    2.6300   0.1693020   245.29045   -34.38175         n.a.     n.a.
 2026-Sep-13 00:00 *m  00 50 20.43 +02 28 52.7  00 51 44.55 +02 37 47.6  -9.28117  -4.33114   77.445185 -28.064252    0.424   6.613   99.95715  19.54181   74.744651 -10.022146  8.50455783047857 -11.4883520  157.1615 /L    2.3773   0.1707003   244.98345   -33.21523         n.a.     n.a.
 2026-Sep-15 12:00 N   00 49 42.04 +02 24 29.1  00 51 06.20 +02 33 24.5  -9.82743  -4.44252  263.953419  27.305182    0.413   6.606   99.96598  19.57678  301.957798  -9.922804  8.48936596118418  -9.4860909  159.7547 /L    2.1189   0.1797486   245.67453   -27.22000         n.a.     n.a.
 2026-Sep-18 00:00 *m  00 49 02.78 +02 20 00.5  00 50 26.95 +02 28 56.3  -9.85492  -4.49808   79.614649 -23.193563    0.403   6.600   99.97389  19.60757  169.165760  -9.821434  8.47603615445563  -9.0341298  162.3398 /L    1.8571   0.1805487   245.46663   -26.03392         n.a.     n.a.
 2026-Sep-20 12:00 N   00 48 22.31 +02 15 27.8  00 49 46.52 +02 24 24.2  -10.2922  -4.57965  265.547253  22.250576    0.393   6.593   99.98085  19.63440   36.370521  -9.718290  8.46445126240546  -6.9562748  164.9321 /L    1.5913   0.1877511   246.01260   -19.91097         n.a.     n.a.
 2026-Sep-23 00:00 *m  00 47 41.25 +02 10 51.8  00 49 05.47 +02 19 48.7  -10.2962  -4.60599   81.620578 -18.273469    0.383   6.586   99.98675  19.65689  263.568773  -9.613793  8.45476614646980  -6.5051943  167.5057 /L    1.3244   0.1879913   245.89870   -18.71046         n.a.     n.a.
 2026-Sep-25 12:00 N   00 46 59.23 +02 06 13.5  00 48 23.46 +02 15 10.8  -10.6229  -4.65767  267.050921  17.171857    0.373   6.577   99.99159  19.67524  130.762503  -9.508176  8.44688281032877  -4.3698856  170.0678 /L    1.0564   0.1933195   246.32476   -12.48848         n.a.     n.a.
 2026-Sep-28 00:00 *   00 46 16.89 +02 01 33.7  00 47 41.11 +02 10 31.3  -10.6060  -4.65576   83.503001 -13.316031    0.361   6.567   99.99528  19.68913  357.948488  -9.401871  8.44092317692394  -3.9198471  172.5693 /L    0.7929   0.1930488   246.29985   -11.26050         n.a.     n.a.
 2026-Sep-30 12:00 Nm  00 45 33.86 +01 56 53.3  00 46 58.10 +02 05 51.3  -10.8195  -4.67785  268.494302  12.077387    0.348   6.555   99.99781  19.69872  225.128657  -9.295091  8.43681486249593  -1.7381780  174.9455 /L    0.5412   0.1964569   246.61851   -4.963985         n.a.     n.a.
 2026-Oct-03 00:00 *   00 44 50.79 +01 52 13.1  00 46 15.04 +02 01 11.7  -10.7800  -4.64742   85.295011  -8.331865    0.334   6.542   99.99914  19.70378   92.299845  -9.188294  8.43464877998127  -1.2854541  176.8399 /L    0.3384   0.1956516   246.67834   -3.692706         n.a.     n.a.
 2026-Oct-05 12:00 Nm  00 44 07.30 +01 47 34.2  00 45 31.58 +01 56 33.2  -10.8738  -4.63743  269.902948   6.975202    0.333   6.541   99.99928  19.70441  319.463877  -9.081704  8.43437720135159   0.9288953  177.0924 /L    0.3059   0.1970233   246.90284   2.6419614         n.a.     n.a.
 2026-Oct-08 00:00 *   00 43 24.07 +01 42 57.4  00 44 48.35 +01 51 56.8  -10.8076  -4.57549   87.025175  -3.330904    0.346   6.554   99.99821  19.70050  186.617684  -8.975833  8.43605357784367   1.3808092  175.4093 /T    0.4808   0.1956036   247.05418   3.9543875         n.a.     n.a.
 2026-Oct-10 12:00 N   00 42 40.72 +01 38 23.9  00 44 04.98 +01 47 23.4  -10.7770  -4.53063  271.299496   1.873334    0.362   6.568   99.99593  19.69210   53.762996  -8.870926  8.43964916022152   3.6054475  173.0761 /T    0.7256   0.1948429   247.19815   10.275337         n.a.     n.a.
 2026-Oct-13 00:00 *m  00 41 57.94 +01 33 54.5  00 43 22.19 +01 42 54.3  -10.6819  -4.43654   88.718898   1.677312    0.375   6.580   99.99249  19.67922  280.896908  -8.767518  8.44517463660473   4.0466299  170.5694 /T    0.9874   0.1927769   247.44536   11.614220         n.a.     n.a.
 2026-Oct-15 12:00 N   00 41 15.34 +01 29 30.3  00 42 39.60 +01 38 30.4  -10.5261  -4.35792  272.705746  -3.219902    0.387   6.590   99.98790  19.66189  148.021077  -8.665830  8.45261794303536   6.2555081  167.9867 /T    1.2551   0.1898762   247.50993   17.866466         n.a.     n.a.
 2026-Oct-18 00:00 *m  00 40 33.62 +01 25 12.2  00 41 57.90 +01 34 12.7  -10.4032  -4.23434   90.399755   6.683618    0.398   6.599   99.98223  19.64021   15.132813  -8.566384  8.46194638917846   6.6750458  165.3806 /T    1.5223   0.1871992   247.85262   19.213783         n.a.     n.a.
 2026-Oct-20 12:00 N   00 39 52.40 +01 21 01.1  00 41 16.66 +01 30 01.8  -10.1258  -4.12478  274.143357  -8.296159    0.409   6.607   99.97549  19.61421  242.233706  -8.469363  8.47316445834952   8.8420260  162.7490 /T    1.7887   0.1822289   247.83642   25.344340         n.a.     n.a.
 2026-Oct-23 00:00 *m  00 39 12.32 +01 16 57.8  00 40 36.57 +01 25 58.7  -9.98041  -3.97466   92.091432  11.679047    0.420   6.615   99.96780  19.58409  109.321342  -8.375265  8.48619695415749   9.2304190  160.1170 /T    2.0511   0.1790456   248.28528   26.678393         n.a.     n.a.
 2026-Oct-25 12:00 N   00 38 33.02 +01 13 03.1  00 39 57.23 +01 22 04.1  -9.59100  -3.83731  275.635043 -13.347167    0.432   6.622   99.95918  19.54983  336.397250  -8.284232  8.50106930333903  11.3359827  157.4710 /T    2.3103   0.1721693   248.19389   32.645542         n.a.     n.a.
 2026-Oct-28 00:00 *   00 37 55.11 +01 09 17.8  00 39 19.33 +01 18 18.9  -9.43022  -3.66393   93.818676  16.655047    0.443   6.630   99.94976  19.51172  203.459288  -8.196725  8.51767331673019  11.6956655  154.8316 /T    2.5636   0.1686165   248.76731   33.963878         n.a.     n.a.
 2026-Oct-30 12:00 Nm  00 37 18.22 +01 05 42.6  00 38 42.44 +01 14 44.0  -8.93594  -3.50129  277.206382 -18.364629    0.455   6.637   99.93957  19.46968   70.508838  -8.112860  8.53606444833586  13.7332869  152.1819 /T    2.8124   0.1599567   248.60371   39.760230         n.a.     n.a.
 2026-Nov-02 00:00 *   00 36 42.97 +01 02 18.1  00 38 07.20 +01 11 19.8  -8.75878  -3.30541   95.608637  21.603265    0.467   6.643   99.92876  19.42407  297.543959  -8.033090  8.55610651973849  14.0714372  149.5419 /T    3.0539   0.1560288   249.32440   41.085091         n.a.     n.a.
 2026-Nov-04 12:00 Nm  00 36 08.98 +00 59 05.2  00 37 33.18 +01 08 06.9  -8.15960  -3.11721  278.886891 -23.339775    0.479   6.650   99.91737  19.37477  164.565834  -7.957537  8.57787733868798  16.0259643  146.8937 /T    3.2897   0.1455795   249.09165   46.711502         n.a.     n.a.
 2026-Nov-07 00:00 *   00 35 36.87 +00 56 04.5  00 37 01.05 +01 05 06.2  -7.96364  -2.89884   97.492742  26.514745    0.491   6.656   99.90558  19.32224   31.572794  -7.886655  8.60119971289843  16.3316842  144.2576 /T    3.5170   0.1412473   249.99805   48.035975         n.a.     n.a.
 2026-Nov-09 12:00 N   00 35 06.27 +00 53 16.7  00 36 30.40 +01 02 18.4  -7.26676  -2.68694  280.712341 -28.262650    0.503   6.662   99.89341  19.26632  258.565915  -7.820550  8.62616336201867  18.1760572  141.6156 /T    3.7374   0.1291268   249.70772   53.468493         n.a.     n.a.
 2026-Nov-12 00:00 *m  00 34 37.74 +00 50 42.4  00 36 01.89 +00 59 44.2  -7.05750  -2.44948   99.508239  31.379952    0.515   6.667   99.88106  19.20756  125.543876  -7.759629  8.65255225111115  18.4386500  138.9878 /T    3.9484   0.1245082   250.85943   54.766672         n.a.     n.a.
 2026-Nov-14 12:00 N   00 34 10.95 +00 48 22.2  00 35 35.07 +00 57 24.0  -6.27505  -2.21872  282.727678 -33.122016    0.528   6.673   99.86855  19.14578  352.507645  -7.703950  8.68047321626844  20.1546550  136.3559 /T    4.1515   0.1109292   250.52751   59.991921         n.a.     n.a.
 2026-Nov-17 00:00 *m  00 33 46.40 +00 46 16.5  00 35 10.52 +00 55 18.4  -6.05824  -1.96714  101.702103  36.188464    0.540   6.678   99.85608  19.08158  219.456231  -7.653855  8.70967917017251  20.3713370  133.7399 /T    4.3444   0.1061602   252.01118   61.247818         n.a.     n.a.
 2026-Nov-19 12:00 N   00 33 23.76 +00 44 25.6  00 34 47.83 +00 53 27.4  -5.20157  -1.72259  284.990278 -37.905007    0.553   6.682   99.84366  19.01474   86.390456  -7.609354  8.74029556404165  21.9453403  131.1211 /T    4.5285   0.0913231   251.67677   66.266411         n.a.     n.a.
 2026-Nov-22 00:00 *m  00 33 03.50 +00 42 50.0  00 34 27.56 +00 51 51.7  -4.98299  -1.46128  104.135592  40.928232    0.565   6.687   99.83149  18.94592  313.309668  -7.570729  8.77204566123428  22.1133906  128.5194 /T    4.7018   0.0865472   253.65607   67.461043         n.a.     n.a.
 2026-Nov-24 12:00 Nm  00 32 45.29 +00 41 29.8  00 34 09.30 +00 50 31.4  -4.06648  -1.20714  287.575917 -42.595894    0.577   6.691   99.81957  18.87485  180.214560  -7.537949  8.80507390556773  23.5356563  125.9156 /T    4.8658   0.0706978   253.46643   72.269881         n.a.     n.a.
 2026-Nov-27 00:00 *   00 32 29.55 +00 40 25.4  00 33 53.60 +00 49 27.0  -3.85302  -0.93904  106.890483  45.584717    0.589   6.694   99.80809  18.80222   47.104794  -7.511248  8.83908413072935  23.6628041  123.3294 /T    5.0185   0.0660967   256.30314   73.382080         n.a.     n.a.
 2026-Nov-29 12:00 Am  00 32 15.97 +00 39 36.8  00 33 39.98 +00 48 38.5  -2.88631  -0.67688  290.586984 -47.174451    0.601   6.697   99.79704  18.72772  273.980848  -7.490585  8.87424714406490  24.9355765  120.7411 /T    5.1614   0.0494103   256.80180   77.999770         n.a.     n.a.
 2026-Dec-02 00:00 *   00 32 04.93 +00 39 04.4  00 33 28.95 +00 48 05.9  -2.67561  -0.40224  110.079735  50.138839    0.613   6.700   99.78660  18.65205  140.842621  -7.476180  8.91024900690891  25.0284595  118.1706 /T    5.2927   0.0450946   261.45049   79.017746         n.a.     n.a.
 2026-Dec-04 12:00 Am  00 31 56.17 +00 38 48.2  00 33 20.11 +00 47 49.5  -1.66256  -0.13310  294.163575 -51.613044    0.624   6.703   99.77677  18.57487    7.690373  -7.467992  8.94727396425998  26.1405372  115.5986 /T    5.4138   0.0277979   265.42287   83.439174         n.a.     n.a.
 2026-Dec-07 00:00 *   00 31 50.01 +00 38 48.6  00 33 13.96 +00 47 49.7  -1.45385  0.145795  113.862246  54.563871    0.636   6.705   99.76770  18.49692  234.524315  -7.466204  8.98497959939550  26.1887967  113.0452 /T    5.5228   0.0243524   275.72659   84.233049         n.a.     n.a.
 2026-Dec-09 12:00 A   00 31 46.22 +00 39 05.5  00 33 10.12 +00 48 06.5  -0.40572  0.418346  298.500645 -55.871956    0.647   6.707   99.75938  18.41784  101.344580  -7.470743  9.02355595572699  27.1221269  110.4911 /T    5.6214   0.0097128   315.87804   87.763084         n.a.     n.a.
 2026-Dec-12 00:00 *m  00 31 45.06 +00 39 38.9  00 33 08.99 +00 48 39.9  -0.20576  0.697493  118.466515  58.820903    0.658   6.708   99.75194  18.33842  328.151733  -7.481733  9.06263829940325  27.1197011  107.9567 /T    5.7078   0.0121201   343.56430   87.197132         n.a.     n.a.
 2026-Dec-14 12:00 A   00 31 46.32 +00 40 28.9  00 33 10.18 +00 49 29.8  0.862818  0.969098  303.868233 -59.893307    0.668   6.709   99.74536  18.25825  194.945771  -7.499055  9.10242945326902  27.8689061  105.4224 /T    5.7835   0.0216256   41.679679   85.119939         n.a.     n.a.
 2026-Dec-17 00:00 *m  00 31 50.19 +00 41 35.4  00 33 14.06 +00 50 36.0  1.048428  1.244299  124.225707  62.850642    0.678   6.709   99.73974  18.17812   61.727557  -7.522775  9.14255314112352  27.8205700  102.9085 /T    5.8471   0.0271185   40.116983   83.851546         n.a.     n.a.
 2026-Dec-19 12:00 A   00 31 56.49 +00 42 58.1  00 33 20.28 +00 51 58.4  2.126236  1.511024  310.630555 -63.590612    0.688   6.710   99.73505  18.09761  288.496904  -7.552739  9.18322769610927  28.3877554  100.3953 /T    5.9000   0.0434744   54.600225   80.352031         n.a.     n.a.
 2026-Dec-22 00:00 *m  00 32 05.38 +00 44 36.8  00 33 29.19 +00 53 36.9  2.295016  1.779029  131.616518  66.559619    0.698   6.709   99.73138  18.01748  155.254927  -7.588962  9.22406906114597  28.3001152   97.9027 /T    5.9410   0.0483966   52.218210   79.204621         n.a.     n.a.
 2026-Dec-24 12:00 Am  00 32 16.67 +00 46 31.4  00 33 40.45 +00 55 31.4  3.372603  2.038906  319.237024 -66.833813    0.707   6.709   99.72866  17.93728   22.001256  -7.631274  9.26530934482330  28.6892496   95.4108 /T    5.9713   0.0656836   58.844954   75.618279         n.a.     n.a.
 2026-Dec-27 00:00 *   00 32 30.50 +00 48 41.7  00 33 54.31 +00 57 41.6  3.523755  2.299502  141.267714  69.798747    0.716   6.708   99.72697  17.85777  248.737224  -7.679674  9.30656180698157  28.5715679   92.9391 /T    5.9900   0.0701280   56.872680   74.564205         n.a.     n.a.
 2026-Dec-29 12:00 Am  00 32 46.71 +00 51 07.3  00 34 10.45 +01 00 07.0  4.596109  2.553570  330.110364 -69.435838    0.724   6.706   99.72626  17.77847  115.462242  -7.734012  9.34807102394719  28.7878271   90.4676 /T    5.9982   0.0876308   60.943719   71.018390         n.a.     n.a.
$$EOE
**********************************************************************************************************************************************************************************************************************************************************************************************
Column meaning:
 
TIME

  Times PRIOR to 1962 are UT1, a mean-solar time closely related to the
prior but now-deprecated GMT. Times AFTER 1962 are in UTC, the current
civil or "wall-clock" time-scale. UTC is kept within 0.9 seconds of UT1
using integer leap-seconds for 1972 and later years.

  Conversion from the internal Barycentric Dynamical Time (TDB) of solar
system dynamics to the non-uniform civil UT time-scale requested for output
has not been determined for UTC times after the next July or January 1st.
Therefore, the last known leap-second is used as a constant over future
intervals.

  Time tags refer to the UT time-scale conversion from TDB on Earth
regardless of observer location within the solar system, although clock
rates may differ due to the local gravity field and no analog to "UT"
may be defined for that location.

  Any 'b' symbol in the 1st-column denotes a B.C. date. First-column blank
(" ") denotes an A.D. date.
 
CALENDAR SYSTEM

  Mixed calendar mode was active such that calendar dates after AD 1582-Oct-15
(if any) are in the modern Gregorian system. Dates prior to 1582-Oct-5 (if any)
are in the Julian calendar system, which is automatically extended for dates
prior to its adoption on 45-Jan-1 BC.  The Julian calendar is useful for
matching historical dates. The Gregorian calendar more accurately corresponds
to the Earth's orbital motion and seasons. A "Gregorian-only" calendar mode is
available if such physical events are the primary interest.

  NOTE: "n.a." in output means quantity "not available" at the print-time.
 
SOLAR PRESENCE (OBSERVING SITE)
  Time tag is followed by a blank, then a solar-presence symbol:

       '*'  Daylight (refracted solar upper-limb on or above apparent horizon)
       'C'  Civil twilight/dawn
       'N'  Nautical twilight/dawn
       'A'  Astronomical twilight/dawn
       ' '  Night OR geocentric ephemeris

LUNAR PRESENCE (OBSERVING SITE)
  The solar-presence symbol is immediately followed by a lunar-presence symbol:

       'm'  Refracted upper-limb of Moon on or above apparent horizon
       ' '  Refracted upper-limb of Moon below apparent horizon OR geocentric
            ephemeris
 
 'R.A._____(ICRF)_____DEC' =
  Astrometric right ascension and declination of the target center with
respect to the observing site (coordinate origin) in the reference frame of
the planetary ephemeris (ICRF). Compensated for down-leg light-time delay
aberration.

  Units: RA  in hours-minutes-seconds of time,    HH MM SS.ff{ffff}
         DEC in degrees-minutes-seconds of arc,  sDD MN SC.f{ffff}
 
 'R.A.__(a-apparent)__DEC' =
  Airless apparent right ascension and declination of the target center
with respect to an instantaneous reference frame defined by the Earth equator
of-date (z-axis) and meridian containing the Earth equinox of-date (x-axis,
EOP-corrected IAU76/80). Compensated for down-leg light-time delay,
gravitational deflection of light, stellar aberration, precession & nutation.
Note: equinox (RA origin) is offset -53 mas from the of-date frame defined
by the IAU06/00a P & N system.

  Units: RA  in hours-minutes-seconds of time,   HH MM SS.ff{ffff}
         DEC in degrees-minutes-seconds of arc, sDD MN SC.f{ffff}
 
 'dRA*cosD d(DEC)/dt' =
  The angular rate of change in apparent RA and DEC of the target. This is
with respect to the non-inertial IAU76/80 Earth true equator and equinox
of-date reference frame.  d(RA)/dt is multiplied by the cosine of declination
to provide a linear rate in the plane-of-sky. Units: ARCSECONDS PER HOUR
 
 'Azi____(a-app)___Elev' =
  Airless apparent azimuth and elevation of target center. Compensated
for light-time, the gravitational deflection of light, stellar aberration,
precession and nutation. Azimuth is measured clockwise from north:

  North(0) -> East(90) -> South(180) -> West(270) -> North (360)

Elevation angle is with respect to a plane perpendicular to the reference
surface local zenith direction. TOPOCENTRIC ONLY.  Units: DEGREES
 
 'APmag   S-brt' =
   Saturn's approximate apparent visual magnitude and surface brightness. The
value includes the ring system when the solar phase angle of the observer is
less than 6.5 degrees (typical when observed from Earth) AND effective ring
inclination is less than 27 degrees. Otherwise, the value is that of the globe
only (no rings).  An "n.a." will be output if outside the range of phase-angles
for which the model is valid.

   For Earth-based observers, the estimated dimming due to atmospheric
absorption (extinction) is available as a separate, requestable quantity.

   Surface brightness is the average airless visual magnitude of a
square-arcsecond of the illuminated portion of the apparent disk.

 MAGNITUDES & MAGNITUDES PER SQUARE ARCSECOND
 
 'Illu%' =
   Fraction of the target objects' assumed circular disk illuminated by Sun
(phase), as seen by the observer.  Units: PERCENT
 
 'Ang-diam' =
   The equatorial angular width of the target body full disk, if it were fully
illuminated and visible to the observer. If the target body diameter is unknown
"n.a." is output.

   Units: ARCSECONDS
 
 'ObsSub-LON ObsSub-LAT' =
   Apparent planetodetic longitude and latitude of the center of the target
disc seen by the OBSERVER at print-time. This is NOT exactly the same as the
"nearest" sub-point for a non-spherical target shape (since the center of the
disc might not be the point closest to the observer), but is generally very
close if not a very irregular body shape. Down-leg light travel-time from
target to observer is taken into account. Latitude is the angle between the
equatorial plane and the line perpendicular to the reference ellipsoid of the
body, so includes body oblateness. The reference ellipsoid is an oblate
spheroid with a single flatness coefficient in which the y-axis body radius
is taken to be the same value as the x-axis radius.  For Jupiter, Saturn, and
Uranus, IAU2015 longitude is based on the "System III" prime meridian rotation
angle of the magnetic field. By contrast, pole direction (thus latitude) is
relative to the body dynamical equator.  There can be an offset between the
magnetic pole and the dynamical pole of rotation. For Neptune, rotation is
IAU2015 "System II" rotation of optically observed features in the Neptunian
atmosphere. Positive longitude is to the WEST for this target. Cartographic
system is specified in the header.  Units: DEGREES DEGREES
 
 'delta      deldot' =
   Apparent range ("delta", light-time aberrated) and range-rate ("delta-dot")
of the target center relative to the observer. A positive "deldot" means the
target center is moving away from the observer, negative indicates movement
toward the observer.  Units: AU and KM/S
 
 'S-O-T /r' =
   Sun-Observer-Target apparent SOLAR ELONGATION ANGLE seen from the observers'
location at print-time.

   The '/r' column provides a code indicating the targets' apparent position
relative to the Sun in the observers' sky, as described below:

   Case A: For an observing location on the surface of a rotating body, that
body rotational sense is considered:

    /T indicates target TRAILS Sun   (evening sky: rises and sets AFTER Sun)
    /L indicates target LEADS Sun    (morning sky: rises and sets BEFORE Sun)

   Case B: For an observing point that does not have a rotational model (such
as a spacecraft), the "leading" and "trailing" condition is defined by the
observers' heliocentric ORBITAL motion:

    * If continuing in the observers' current direction of heliocentric
       motion would encounter the targets' apparent longitude first, followed
       by the Sun's, the target LEADS the Sun as seen by the observer.

    * If the Sun's apparent longitude would be encountered first, followed
       by the targets', the target TRAILS the Sun.

   Two other codes can be output:
    /* indicates observer is Sun-centered    (undefined)
    /? Target is aligned with Sun center     (no lead or trail)

   The S-O-T solar elongation angle is numerically the minimum separation
angle of the Sun and target in the sky in any direction. It does NOT indicate
the amount of separation in the leading or trailing directions, which would
be defined along the equator of a spherical coordinate system.

   Units: DEGREES
 
 'S-T-O' =
   The Sun-Target-Observer angle; the interior vertex angle at target center
formed by a vector from the target to the apparent center of the Sun (at
reflection time on the target) and the apparent vector from target to the
observer at print-time. Slightly different from true PHASE ANGLE (requestable
separately) at the few arcsecond level in that it includes stellar aberration
on the down-leg from target to observer.  Units: DEGREES
 
 'Sky_motion  Sky_mot_PA  RelVel-ANG' =
  Total apparent angular rate of the target in the plane-of-sky. "Sky_mot_PA"
is the position angle of the target's direction of motion in the plane-of-sky,
measured counter-clockwise from the apparent of-date north pole direction.
"RelVel-ANG" is the flight path angle of the target's relative motion with
respect to the observer's line-of-sight, in the range [-90,+90], where positive
values indicate motion away from the observer, negative values are toward the
observer:

  -90 = target is moving directly toward the observer
    0 = target is moving at right angles to the observer's line-of-sight
  +90 = target is moving directly away from the observer

UNITS:  ARCSECONDS/MINUTE, DEGREES, DEGREES
 
 'Lun_Sky_Brt  sky_SNR' =
  Sky brightness due to moonlight scattered by Earth's atmosphere at the
target's position in the sky. "sky_SNR" is the visual signal-to-noise ratio
(SNR) of the target's surface brightness relative to background sky. Output
only for topocentric Earth observers when both the Moon and target are above
the local horizon and the Sun is in astronomical twilight (or further) below
the horizon, and the target is not the Moon or Sun. If all conditions are
not met, "n.a." is output. Galactic brightness, local sky light-pollution
and weather are NOT considered. Lunar opposition surge is considered. The
value returned is accurate under ideal conditions at the approximately 8-23%
level, so is a useful but not definitive value.

  If the target-body radius is also known, "sky_SNR" is output. This is the
approximate visual signal-to-noise ratio of the target's brightness divided
by lunar sky brightness. When sky_SNR < 1, the target is dimmer than the
ideal moonlight-scattering background sky, so unlikely to be detectable at
visual wavelengths. In practice, visibility requires sky_SNR > 1 and a
detector sensitive enough to reach the target's magnitude, even if it isn't
washed out by moonlight. When relating magnitudes and brightness values,
keep in mind their logarithmic relationship m2-m1 = -2.5*log_10(b2/b1).

  UNITS: VISUAL MAGNITUDES / ARCSECOND^2, and unitless ratio

Computations by ...

    Solar System Dynamics Group, Horizons On-Line Ephemeris System
    4800 Oak Grove Drive, Jet Propulsion Laboratory
    Pasadena, CA  91109   USA

    General site: https://ssd.jpl.nasa.gov/
    Mailing list: https://ssd.jpl.nasa.gov/email_list.html
    System news : https://ssd.jpl.nasa.gov/horizons/news.html
    User Guide  : https://ssd.jpl.nasa.gov/horizons/manual.html
    Connect     : browser        https://ssd.jpl.nasa.gov/horizons/app.html#/x
                  API            https://ssd-api.jpl.nasa.gov/doc/horizons.html
                  command-line   telnet ssd.jpl.nasa.gov 6775
                  e-mail/batch   https://ssd.jpl.nasa.gov/ftp/ssd/horizons_batch.txt
                  scripts        https://ssd.jpl.nasa.gov/ftp/ssd/SCRIPTS
    Author      : Jon.D.Giorgini@jpl.nasa.gov

**********************************************************************************************************************************************************************************************************************************************************************************************
