*******************************************************************************
 Revised: January 26, 2022             Saturn                               699
 
 PHYSICAL DATA:
  Mass x10^26 (kg)      = 5.6834          Density (g/cm^3)       =  0.687+-.001
  Equat. radius (1 bar) = 60268+-4 km     Polar radius (km)      = 54364+-10
  Vol. Mean Radius (km) = 58232+-6        Flattening             =  0.09796
  Geometric Albedo      = 0.47            Rocky core mass (Mc/M) =  0.1027
  Sid. rot. period (III)= 10h 39m 22.4s   Sid. rot. rate (rad/s) =  0.000163785 
  Mean solar day, hrs   =~10.656         
  GM (km^3/s^2)         = 37931206.234    GM 1-sigma (km^3/s^2)  = +- 98
  Equ. grav, ge (m/s^2) = 10.44           Pol. grav, gp (m/s^2)  = 12.14+-0.01
  Vis. magnitude V(1,0) = -8.88          
  Vis. mag. (opposition)= +0.67           Obliquity to orbit     = 26.73 deg
  Sidereal orbit period = 29.447498 yr    Sidereal orbit period  = 10755.698 d
  Mean daily motion     = 0.0334979 deg/d Mean orbit velocity    =  9.68 km/s
  Atmos. temp. (1 bar)  = 134+-4 K        Escape speed, km/s    =  35.5          
  Aroche(ice)/Rp        =  2.71           Hill's sphere rad. Rp  = 1100
                                 Perihelion  Aphelion    Mean
  Solar Constant (W/m^2)         16.8        13.6        15.1
  Maximum Planetary IR (W/m^2)    4.7         4.5         4.6
  Minimum Planetary IR (W/m^2)    4.7         4.5         4.6
*******************************************************************************


*******************************************************************************
Ephemeris / WWW_USER Mon Apr  6 16:26:12 2026 Pasadena, USA      / Horizons    
*******************************************************************************
Target body name: Saturn (699)                    {source: sat441l}
Center body name: Earth (399)                     {source: DE441}
Center-site name: (user defined site below)
*******************************************************************************
Start time      : A.D. 2026-Jan-01 00:00:00.0000 UT      
Stop  time      : A.D. 2026-Dec-31 00:00:00.0000 UT      
Step-size       : 3600 minutes
*******************************************************************************
Target pole/equ : IAU_SATURN                      {West-longitude positive}
Target radii    : 60268.0, 60268.0, 54364.0 km    {Equator_a, b, pole_c}       
Center geodetic : 256.0, 19.0, .500               {E-lon(deg),Lat(deg),Alt(km)}
Center cylindric: 256.0, 6033.26049, 2063.51225   {E-lon(deg),Dxy(km),Dz(km)}
Center pole/equ : ITRF93                          {East-longitude positive}
Center radii    : 6378.137, 6378.137, 6356.752 km {Equator_a, b, pole_c}       
Target primary  : Sun
Vis. interferer : MOON (R_eq= 1737.400) km        {source: DE441}
Rel. light bend : Sun                             {source: DE441}
Rel. lght bnd GM: 1.3271E+11 km^3/s^2                                          
Atmos refraction: NO (AIRLESS)
RA format       : HMS
Time format     : CAL 
Calendar mode   : Mixed Julian/Gregorian
EOP file        : eop.260406.p260703                                           
EOP coverage    : DATA-BASED 1962-JAN-20 TO 2026-APR-06. PREDICTS-> 2026-JUL-02
Units conversion: 1 au= 149597870.700 km, c= 299792.458 km/s, 1 day= 86400.0 s 
Table cut-offs 1: Elevation (-90.0deg=NO ),Airmass (>38.000=NO), Daylight (NO )
Table cut-offs 2: Solar elongation (  0.0,180.0=NO ),Local Hour Angle( 0.0=NO )
Table cut-offs 3: RA/DEC angular rate (     0.0=NO )                           
**********************************************************************************************************************************************************************************************************************************************************************************************
 Date__(UT)__HR:MN     R.A._____(ICRF)_____DEC  R.A.__(a-apparent)__DEC  dRA*cosD d(DEC)/dt  Azi____(a-app)___Elev    APmag   S-brt      Illu%  Ang-diam  ObsSub-LON ObsSub-LAT             delta      deldot     S-O-T /r     S-T-O  Sky_motion  Sky_mot_PA  RelVel-ANG  Lun_Sky_Brt  sky_SNR
**********************************************************************************************************************************************************************************************************************************************************************************************
$$SOE
 2026-Jan-01 00:00 *m  23 48 11.31 -03 44 26.8  23 49 31.45 -03 35 47.4  7.601730  3.927153  178.134219  67.392447    1.007   6.907   99.74921  17.10665  331.775550  -1.170091  9.71519269493674  27.7875570   75.6124 /T    5.7424   0.1426036   62.678530   58.923465         n.a.     n.a.
 2026-Jan-03 12:00  m  23 48 43.74 -03 40 24.6  23 50 03.84 -03 31 45.0  8.578910  4.144898    6.007032 -74.449279    1.011   6.903   99.75498  17.03654  198.443807  -1.265357  9.75517548095559  27.4585624   73.2132 /T    5.6762   0.1587957   64.212501   55.707867         n.a.     n.a.
 2026-Jan-06 00:00 *   23 49 18.26 -03 36 09.7  23 50 38.39 -03 27 30.1  8.649959  4.358571  190.175706  67.210915    1.015   6.898   99.76148  16.96814   65.106730  -1.365733  9.79450129950495  27.1357818   70.8326 /T    5.6005   0.1614336   63.257222   54.840785         n.a.     n.a.
 2026-Jan-08 12:00  m  23 49 54.85 -03 31 42.0  23 51 14.89 -03 23 02.5  9.598695  4.563072   22.105968 -73.233851    1.018   6.893   99.76867  16.90097  291.763208  -1.471232  9.83342861084174  26.6485408   68.4519 /T    5.5157   0.1771350   64.574305   51.686700         n.a.     n.a.
 2026-Jan-11 00:00 *   23 50 33.41 -03 27 02.2  23 51 53.45 -03 18 22.9  9.652232  4.767655  201.536003  66.161137    1.021   6.888   99.77648  16.83566  158.415390  -1.581563  9.87157213353665  26.3069943   66.0893 /T    5.4219   0.1794251   63.713242   50.858487         n.a.     n.a.
 2026-Jan-13 12:00  m  23 51 13.94 -03 22 10.4  23 52 33.91 -03 13 31.1  10.56697  4.958452   35.217701 -70.994483    1.024   6.882   99.78488  16.77175   25.062058  -1.696734  9.90918663064725  25.6604904   63.7264 /T    5.3194   0.1945416   64.862128   47.756166         n.a.     n.a.
 2026-Jan-16 00:00 *   23 51 56.33 -03 17 07.3  23 53 16.32 -03 08 28.0  10.60233  5.152005  211.619744  64.366419    1.026   6.876   99.79377  16.70986  251.705516  -1.816426  9.94589160070465  25.3009549   61.3813 /T    5.2084   0.1964635   64.083421   46.967036         n.a.     n.a.
 2026-Jan-18 12:00     23 52 40.60 -03 11 52.9  23 54 00.54 -03 03 13.5  11.47821  5.327415   45.248191 -68.060412    1.028   6.870   99.80312  16.64951  118.344420  -1.940628  9.98194027553200  24.5000240   59.0361 /T    5.0892   0.2109046   65.102444   43.911359         n.a.     n.a.
 2026-Jan-21 00:00 *m  23 53 26.58 -03 06 28.0  23 54 46.54 -02 57 48.6  11.49551  5.507618  220.222223  61.983612    1.029   6.864   99.81284  16.59131  344.981203  -2.068999  10.0169590805827  24.1232819   56.7089 /T    4.9621   0.2124464   64.400429   43.159357         n.a.     n.a.
 2026-Jan-23 12:00     23 54 14.34 -03 00 52.7  23 55 34.22 -02 52 13.5  12.32644  5.665989   52.834483 -64.686550    1.029   6.857   99.82289  16.53479  211.614433  -2.201505  10.0511966010947  23.1725200   54.3819 /T    4.8273   0.2261051   65.313589   40.146353         n.a.     n.a.
 2026-Jan-26 00:00 *m  23 55 03.66 -02 55 08.0  23 56 23.54 -02 46 28.8  12.32289  5.830970  227.423329  59.160285    1.030   6.850   99.83317  16.48053   78.246663  -2.337781  10.0842918107584  22.7841550   52.0729 /T    4.6853   0.2272137   64.677325   39.439645         n.a.     n.a.
 2026-Jan-28 12:00     23 55 54.63 -02 49 13.8  23 57 14.46 -02 40 34.6  13.10266  5.971860   58.657018 -61.037435    1.030   6.843   99.84364  16.42806  304.876352  -2.477786  10.1164956882621  21.7000654   49.7642 /T    4.5362   0.2399900   65.497701   36.477367         n.a.     n.a.
 2026-Jan-31 00:00 *m  23 56 47.01 -02 43 11.1  23 58 06.87 -02 34 31.8  13.07964  6.121782  233.429809  56.015486    1.029   6.836   99.85419  16.37792  171.506084  -2.621157  10.1474698040533  21.3158819   47.4732 /T    4.3805   0.2406895   64.918565   35.826920         n.a.     n.a.
 2026-Feb-02 12:00  m  23 57 40.91 -02 37 00.1  23 59 00.72 -02 28 20.6  13.80961  6.247186   63.235978 -57.213571    1.028   6.829   99.86481  16.32965   38.134155  -2.767874  10.1774667656799  20.1165025   45.1820 /T    4.2184   0.2526155   65.658969   32.911975         n.a.     n.a.
 2026-Feb-05 00:00 *   23 58 36.07 -02 30 41.2  23 59 55.89 -02 22 01.9  13.77462  6.383851  238.468787  52.637854    1.027   6.821   99.87537  16.28373  264.763149  -2.917603  10.2061639113511  19.7403225   42.9076 /T    4.0503   0.2530337   65.134626   32.304671         n.a.     n.a.
 2026-Feb-07 12:00  m  23 59 32.65 -02 24 14.8  00 00 52.41 -02 15 35.6  14.45680  6.495430   66.932736 -53.276555    1.025   6.814   99.88588  16.23976  131.391278  -3.070340  10.2337992786223  18.4254034   40.6324 /T    3.8763   0.2641494   65.805649   29.414142         n.a.     n.a.
 2026-Feb-10 00:00 *   00 00 30.37 -02 17 41.5  00 01 50.13 -02 09 02.3  14.41133  6.618591  242.742461  49.091478    1.022   6.806   99.89620  16.19820  358.021211  -3.225752  10.2600581508034  18.0485834   38.3733 /T    3.6970   0.2643084   65.332432   28.833618         n.a.     n.a.
 2026-Feb-12 12:00  m  00 01 29.40 -02 11 01.4  00 02 49.12 -02 02 22.1  15.04086  6.715785   69.992688 -49.264621    1.020   6.798   99.90634  16.15866  224.651137  -3.383822  10.2851645177900  16.6202303   36.1133 /T    3.5122   0.2745346   65.939107   25.959741         n.a.     n.a.
 2026-Feb-15 00:00 *   00 02 29.41 -02 04 15.2  00 03 49.17 -01 55 35.9  14.98320  6.823899  246.415834  45.421875    1.017   6.790   99.91618  16.12158   91.283783  -3.544204  10.3088213921150  16.2442317   33.8691 /T    3.3227   0.2743993   65.513747   25.407184         n.a.     n.a.
 2026-Feb-17 12:00     00 03 30.61 -01 57 23.3  00 04 50.33 -01 48 44.0  15.55629  6.905526   72.584547 -45.202138    1.013   6.782   99.92572  16.08659  317.917291  -3.706864  10.3312434937251  14.7134120   31.6240 /T    3.1284   0.2836686   66.063288   22.550712         n.a.     n.a.
 2026-Feb-20 00:00 *m  00 04 32.65 -01 50 26.2  00 05 52.37 -01 41 47.0  15.48657  6.996671  249.618227  41.661101    1.009   6.773   99.93485  16.05409  184.554400  -3.871440  10.3521554505113  14.3430130   29.3949 /T    2.9301   0.2832291   65.687047   22.028463         n.a.     n.a.
 2026-Feb-22 12:00     00 05 35.75 -01 43 24.4  00 06 55.42 -01 34 45.3  16.00051  7.061632   74.826365 -41.104876    1.005   6.765   99.94357  16.02374   51.193210  -4.037880  10.3717619121441  12.7221352   27.1654 /T    2.7276   0.2914919   66.186318   19.189568         n.a.     n.a.
 2026-Feb-25 00:00 *m  00 06 39.52 -01 36 18.5  00 07 59.22 -01 27 39.3  15.91875  7.135203  252.450137  37.831956    1.000   6.757   99.95177  15.99590  277.836453  -4.205821  10.3898121295834  12.3644562   24.9522 /T    2.5219   0.2907451   65.856823   18.702254         n.a.     n.a.
 2026-Feb-27 12:00     00 07 44.22 -01 29 08.8  00 09 03.91 -01 20 29.5  16.37184  7.184874   76.802284 -36.982998    0.995   6.748   99.95946  15.97025  144.482178  -4.375221  10.4065032104493  10.6709390   22.7390 /T    2.3126   0.2979837   66.305457   15.885651         n.a.     n.a.
 2026-Mar-02 00:00 *m  00 08 49.45 -01 21 55.9  00 10 09.17 -01 13 16.6  16.28118  7.242812  254.989491  33.950752    0.989   6.739   99.96656  15.94709   11.133057  -4.545746  10.4216127795912  10.3356717   20.5423 /T    2.1010   0.2969919   66.017730   15.438154         n.a.     n.a.
 2026-Mar-04 12:00  m  00 09 55.49 -01 14 40.1  00 11 15.17 -01 06 00.9  16.67619  7.279695   78.574071 -32.843378    0.983   6.730   99.97306  15.92614  237.787078  -4.717378  10.4353259233955   8.5828451   18.3460 /T    1.8864   0.3032643   66.417180   12.640545         n.a.     n.a.
 2026-Mar-07 00:00 *   00 11 01.91 -01 07 21.9  00 12 21.61 -00 58 42.9  16.58216  7.323172  257.297022  30.029444    0.976   6.721   99.97889  15.90767  104.446859  -4.889804  10.4474416751636   8.2686462   16.1668 /T    1.6702   0.3021208   66.172336   12.222733         n.a.     n.a.
 2026-Mar-09 12:00 Am  00 12 09.04 -01 00 01.7  00 13 28.71 -00 51 22.7  16.92082  7.347676   80.187607 -28.690639    0.969   6.712   99.98407  15.89142  331.110389  -5.063010  10.4581232019498   6.4583895   13.9899 /T    1.4518   0.3074548   66.527647   9.4289411         n.a.     n.a.
 2026-Mar-12 00:00 *   00 13 16.43 -00 52 39.8  00 14 36.14 -00 44 00.8  16.82449  7.375927  259.421134  26.077092    0.962   6.702   99.98853  15.87766  197.780277  -5.236680  10.4671868687707   6.1569787   11.8339 /T    1.2329   0.3061716   66.327154   9.0254452         n.a.     n.a.
 2026-Mar-14 12:00 Am  00 14 24.40 -00 45 16.8  00 15 44.11 -00 36 37.7  17.10324  7.387396   81.678051 -24.527908    0.953   6.692   99.99227  15.86616   64.454571  -5.410786  10.4747739171175   4.2926549    9.6878 /T    1.0132   0.3105078   66.639051   6.2255225         n.a.     n.a.
 2026-Mar-17 00:00 *   00 15 32.51 -00 37 53.0  00 16 52.25 -00 29 14.0  17.00190  7.399238  261.400540  22.100324    0.944   6.682   99.99525  15.85715  291.135858  -5.585005  10.4807252365086   4.0035525    7.5788 /T    0.7954   0.3090367   66.481291   5.8330662         n.a.     n.a.
 2026-Mar-19 12:00 A   00 16 41.06 -00 30 29.0  00 18 00.78 -00 21 50.1  17.21663  7.396500   83.073476 -20.357187    0.933   6.670   99.99747  15.85043  157.822229  -5.759290  10.4851664776731   2.0985941    5.5189 /T    0.5814   0.3123035   66.750971   3.0292130         n.a.     n.a.
 2026-Mar-22 00:00 *m  00 17 49.60 -00 23 05.1  00 19 09.34 -00 14 26.5  17.10904  7.390429  263.266956  18.103873    0.920   6.656   99.99891  15.84620   24.516197  -5.933306  10.4879701650756   1.8298755    3.6155 /T    0.3822   0.3106166   66.637566   2.6548823         n.a.     n.a.
 2026-Mar-24 12:00 A   00 18 58.46 -00 15 42.0  00 20 18.22 -00 07 03.4  17.25910  7.373067   84.396605 -16.179462    0.908   6.644   99.99958  15.84426  251.215853  -6.107001  10.4892504483802  -0.0958810    2.2530 /T    0.2378   0.3128004   66.867886   -0.144227         n.a.     n.a.
 2026-Mar-27 00:00 *m  00 20 07.15 -00 08 20.1  00 21 26.96 +00 00 18.6  17.14845  7.350127  265.047221  14.091184    0.907   6.643   99.99945  15.84477  117.923584  -6.280057  10.4889125967329  -0.3358571    2.5494 /L    0.2657   0.3109544   66.799171   -0.493789         n.a.     n.a.
 2026-Mar-29 12:00 A   00 21 16.04 -00 00 59.8  00 22 35.86 +00 07 39.0  17.23661  7.320726   85.666329 -11.995179    0.914   6.650   99.99854  15.84758  344.637495  -6.452448  10.4870531081182  -2.2695468    4.1559 /L    0.4334   0.3121136   66.988116   -3.288716         n.a.     n.a.
 2026-Apr-01 00:00 *   00 22 24.65 +00 06 18.6  00 23 44.49 +00 14 57.3  17.12631  7.283400  266.764184  10.065176    0.920   6.657   99.99685  15.85280  211.359867  -6.623889  10.4836033588776  -2.4820320    6.1077 /L    0.6381   0.3101785   66.961141   -3.618777         n.a.     n.a.
 2026-Apr-03 12:00 Am  00 23 33.33 +00 13 34.7  00 24 53.18 +00 22 13.2  17.15401  7.243528   86.898988  -7.804863    0.924   6.662   99.99438  15.86031   78.088864  -6.794372  10.4786370738135  -4.4171296    8.1651 /L    0.8537   0.3103443   67.107402   -6.416920         n.a.     n.a.
 2026-Apr-06 00:00 *   00 24 41.61 +00 20 48.0  00 26 01.49 +00 29 26.5  17.04577  7.192049  268.438264   6.028231    0.928   6.667   99.99116  15.87020  304.826670  -6.963616  10.4721102494512  -4.6061797   10.2551 /L    1.0719   0.3083485   67.123861   -6.735842         n.a.     n.a.
 2026-Apr-08 12:00 Nm  00 25 49.85 +00 27 58.3  00 27 09.77 +00 36 36.7  17.01329  7.141095   88.108855  -3.608538    0.930   6.671   99.98719  15.88239  171.571530  -7.131610  10.4640731648021  -6.5368750   12.3699 /L    1.2916   0.3075203   67.230442   -9.545035         n.a.     n.a.
 2026-Apr-11 00:00 *   00 26 57.57 +00 35 05.1  00 28 17.55 +00 43 43.6  16.90755  7.074530  270.088309   1.982475    0.932   6.674   99.98250  15.89692   38.325535  -7.298063  10.4545060784036  -6.7074963   14.4879 /L    1.5103   0.3054661   67.294382   -9.862557         n.a.     n.a.
 2026-Apr-13 12:00 Nm  00 28 05.14 +00 42 08.0  00 29 25.15 +00 50 46.4  16.81307  7.011585   89.309423   0.593710    0.933   6.677   99.97710  15.91377  265.087041  -7.462954  10.4434343668245  -8.6291147   16.6184 /L    1.7286   0.3036086   67.362305   -12.69343         n.a.     n.a.
 2026-Apr-16 00:00 *   00 29 12.06 +00 49 06.6  00 30 32.10 +00 57 44.8  16.70653  6.928993  271.731959  -2.070292    0.933   6.680   99.97105  15.93295  131.858060  -7.625983  10.4308644423422  -8.7837354   18.7459 /L    1.9445   0.3014406   67.473891   -13.01799         n.a.     n.a.
 2026-Apr-18 12:00 N   00 30 18.69 +00 56 00.4  00 31 38.77 +01 04 38.5  16.54559  6.852876   90.513963   4.801983    0.933   6.683   99.96433  15.95446  358.637065  -7.787116  10.4168037630586 -10.6819719   20.8826 /L    2.1591   0.2984768   67.501567   -15.87124         n.a.     n.a.
 2026-Apr-21 00:00 *m  00 31 24.54 +01 02 48.9  00 32 44.68 +01 11 27.1  16.43597  6.753725  273.386909  -6.128537    0.933   6.686   99.95703  15.97825  225.425920  -7.946046  10.4012950777838 -10.8096657   23.0140 /L    2.3703   0.2961578   67.661692   -16.19307         n.a.     n.a.
 2026-Apr-23 12:00 N   00 32 29.97 +01 09 31.8  00 33 50.18 +01 18 10.1  16.21002  6.665259   91.735836   9.016655    0.932   6.689   99.94913  16.00434   92.223142  -8.102750  10.3843350884639 -12.6612738   25.1533 /L    2.5795   0.2921142   67.648446   -19.05442         n.a.     n.a.
 2026-Apr-26 00:00 *m  00 33 34.49 +01 16 08.7  00 34 54.75 +01 24 47.0  16.10280  6.552016  275.071304 -10.190665    0.931   6.691   99.94074  16.03265  319.030385  -8.256950  10.3659998468457 -12.7553827   27.2865 /L    2.7847   0.2897456   67.859243   -19.36248         n.a.     n.a.
 2026-Apr-28 12:00 N   00 34 38.46 +01 22 39.3  00 35 58.77 +01 31 17.4  15.81754  6.453689   92.989411  13.237654    0.930   6.694   99.93184  16.06324  185.846241  -8.408659  10.3462619568378 -14.5541908   29.4277 /L    2.9872   0.2847243   67.804129   -22.23530         n.a.     n.a.
 2026-May-01 00:00 *   00 35 41.43 +01 29 03.1  00 37 01.77 +01 37 41.2  15.71520  6.328211  276.804406 -14.254496    0.928   6.696   99.92253  16.09597   52.672235  -8.557615  10.3252178189877 -14.6246890   31.5629 /L    3.1851   0.2823580   68.066298   -22.54216         n.a.     n.a.
 2026-May-03 12:00 Nm  00 36 43.74 +01 35 20.0  00 38 04.16 +01 43 57.9  15.37032  6.220389   94.290121  17.464620    0.926   6.699   99.91279  16.13098  279.507113  -8.703842  10.3028132274033 -16.3690335   33.7069 /L    3.3798   0.2763552   67.966756   -25.44006         n.a.     n.a.
 2026-May-06 00:00 *   00 37 44.93 +01 41 29.4  00 39 05.41 +01 50 07.5  15.27111  6.082405  278.607939 -18.317227    0.923   6.701   99.90275  16.16808  146.352272  -8.847069  10.2791689800059 -16.4205866   35.8458 /L    3.5695   0.2739639   68.282855   -25.75546         n.a.     n.a.
 2026-May-08 12:00 Nm  00 38 45.34 +01 47 31.3  00 40 05.91 +01 56 09.3  14.86557  5.963920   95.655705  21.696923    0.921   6.703   99.89238  16.20744   13.206601  -8.987312  10.2542096860515 -18.1020161   37.9942 /L    3.7554   0.2669548   68.139830   -28.68492         n.a.     n.a.
 2026-May-11 00:00 *   00 39 44.53 +01 53 24.9  00 41 05.14 +02 02 03.0  14.76852  5.812458  280.506500 -22.375511    0.917   6.705   99.88182  16.24884  240.071341  -9.124288  10.2280828179081 -18.1355704   40.1383 /L    3.9357   0.2645194   68.516854   -29.01335         n.a.     n.a.
 2026-May-13 12:00 Cm  00 40 42.81 +01 59 10.2  00 42 03.50 +02 07 48.2  14.30196  5.682022   97.107613  25.933385    0.914   6.707   99.87104  16.29247  106.945528  -9.258004  10.2006916454126 -19.7462113   42.2928 /L    4.1118   0.2564888   68.332583   -31.98212         n.a.     n.a.
 2026-May-16 00:00 *m  00 41 39.75 +02 04 46.6  00 43 00.48 +02 13 24.5  14.20405  5.516442  282.529018 -26.425110    0.910   6.709   99.86019  16.33809  333.830259  -9.388166  10.1722089500194 -19.7628481   44.4434 /L    4.2816   0.2539609   68.775262   -32.33167         n.a.     n.a.
 2026-May-18 12:00 C   00 42 35.65 +02 10 13.7  00 43 56.49 +02 18 51.8  13.67362  5.373531   98.672040  30.172339    0.905   6.711   99.84924  16.38591  200.724727  -9.514778  10.1425227075510 -21.2876808   46.6048 /L    4.4466   0.2448598   68.545910   -35.34355         n.a.     n.a.
 2026-May-21 00:00 *m  00 43 30.08 +02 15 31.2  00 44 51.00 +02 24 09.4  13.57331  5.195136  284.710849 -30.460524    0.901   6.713   99.83835  16.43563   67.629821  -9.637554  10.1118400645660 -21.2760449   48.7623 /L    4.6047   0.2422259   69.055829   -35.70378         n.a.     n.a.
 2026-May-23 12:00 C   00 44 23.34 +02 20 38.7  00 45 44.36 +02 29 17.0  12.98333  5.041967  100.382198  34.411211    0.896   6.714   99.82748  16.48748  294.544817  -9.756532  10.0800383791842 -22.6957386   50.9309 /L    4.7574   0.2321327   68.776729   -38.74609         n.a.     n.a.
 2026-May-26 00:00 *m  00 45 15.02 +02 25 35.9  00 46 36.08 +02 34 14.2  12.88595  4.853602  287.095348 -34.474288    0.890   6.716   99.81679  16.54112  161.470364  -9.871452  10.0473503173599 -22.6544606   53.0959 /L    4.9029   0.2294954   69.360701   -39.10601         n.a.     n.a.
 2026-May-28 12:00 C   00 46 05.42 +02 30 22.8  00 47 26.57 +02 39 01.0  12.24271  4.691482  102.281067  38.645667    0.884   6.717   99.80625  16.59682   28.405871  -9.982377  10.0136301746870 -23.9672370   55.2727 /L    5.0425   0.2185139   69.032856   -42.18294         n.a.     n.a.
 2026-May-31 00:00 *   00 46 54.16 +02 34 58.7  00 48 15.36 +02 43 37.0  12.14953  4.494048  289.737524 -38.455736    0.878   6.718   99.79600  16.65421  255.351824 -10.089051  9.97912534375890 -23.9078387   57.4467 /L    5.1743   0.2159009   69.700826   -42.55374         n.a.     n.a.
 2026-Jun-02 12:00 Cm  00 47 41.50 +02 39 23.6  00 49 02.83 +02 48 02.1  11.45298  4.322694  104.425277  42.869211    0.872   6.719   99.78602  16.71360  122.307836 -10.191541  9.94366656501906 -25.1144957   59.6337 /L    5.2998   0.2040264   69.322001   -45.68356         n.a.     n.a.
 2026-Jun-05 00:00 *   00 48 27.09 +02 43 37.1  00 49 48.48 +02 52 15.8  11.36013  4.115946  292.707860 -42.390246    0.865   6.720   99.77647  16.77458  349.274242 -10.289578  9.90752009224237 -25.0415300   61.8189 /L    5.4171   0.2013796   70.083785   -46.07835         n.a.     n.a.
 2026-Jun-07 12:00 Cm  00 49 11.17 +02 47 39.1  00 50 32.67 +02 56 17.8  10.60898  3.934134  106.892627  47.072138    0.858   6.721   99.76729  16.83749  216.250838 -10.383223  9.87050155241509 -26.1335279   64.0182 /L    5.5276   0.1885823   69.653680   -49.27337         n.a.     n.a.
 2026-Jun-10 00:00 *   00 49 53.38 +02 51 28.9  00 51 14.92 +03 00 07.7  10.51361  3.717244  296.097565 -46.257850    0.850   6.722   99.75866  16.90187   83.237768 -10.472193  9.83290024087250 -26.0439502   66.2166 /L    5.6294   0.1858567   70.528188   -49.69613         n.a.     n.a.
 2026-Jun-12 12:00 Cm  00 50 33.96 +02 55 06.6  00 51 55.61 +03 03 45.5  9.708925  3.523728  109.792326  51.239903    0.843   6.722   99.75053  16.96810  310.234984 -10.556541  9.79452062064366 -27.0091409   68.4301 /L    5.7239   0.1721433   70.052291   -52.96288         n.a.     n.a.
 2026-Jun-15 00:00 *m  00 51 12.57 +02 58 31.5  00 52 34.29 +03 07 10.6  9.609590  3.296901  300.026244 -50.030505    0.834   6.723   99.74305  17.03567  177.242416 -10.635978  9.75567445291419 -26.8981753   70.6433 /L    5.8092   0.1693236   71.063702   -53.41283         n.a.     n.a.
 2026-Jun-17 12:00 C   00 51 49.42 +03 01 43.6  00 53 11.29 +03 10 23.1  8.753868  3.092952  113.280975  55.350297    0.826   6.723   99.73620  17.10495   44.260163 -10.710577  9.71615827743371 -27.7222659   72.8719 /L    5.8866   0.1547368   70.540458   -56.75347         n.a.     n.a.
 2026-Jun-20 00:00 *m  00 52 24.21 +03 04 42.4  00 53 46.13 +03 13 22.2  8.652032  2.859653  304.650023 -53.668360    0.817   6.723   99.73009  17.17540  271.287903 -10.780083  9.67630653084114 -27.5832980   75.1001 /L    5.9545   0.1518728   71.710346   -57.21852         n.a.     n.a.
 2026-Jun-22 12:00 C   00 52 57.13 +03 07 28.1  00 54 19.16 +03 16 07.9  7.752368  2.648318  117.588953  59.368021    0.808   6.723   99.72471  17.24741  138.325862 -10.844606  9.63590528767421 -28.2578063   77.3441 /L    6.0140   0.1365373   71.139111   -60.62945         n.a.     n.a.
 2026-Jun-25 00:00 *m  00 53 27.93 +03 10 00.0  00 54 49.99 +03 18 40.0  7.651001  2.410808  310.168864 -57.114200    0.799   6.722   99.72016  17.32040    5.373492 -10.903914  9.59530151873122 -28.0947264   79.5881 /L    6.0636   0.1336972   72.510511   -61.10345         n.a.     n.a.
 2026-Jun-27 12:00 C   00 53 56.76 +03 12 18.5  00 55 18.95 +03 20 58.7  6.713375  2.192389  123.058534  63.236183    0.789   6.722   99.71641  17.39479  232.431183 -10.958124  9.55426691344604 -28.6192917   81.8485 /L    6.1045   0.1177049   71.914499   -64.59301         n.a.     n.a.
 2026-Jun-30 00:00 *   00 54 23.40 +03 14 22.9  00 55 45.66 +03 23 03.5  6.613028  1.951023  316.826776 -60.286025    0.779   6.721   99.71356  17.46996   99.498189 -11.007004  9.51315679282857 -28.4393790   84.1097 /L    6.1353   0.1149138   73.562507   -65.07820         n.a.     n.a.
 2026-Jul-02 12:00 Cm  00 54 48.00 +03 16 13.6  00 56 10.38 +03 24 54.5  5.640468  1.725357  130.196362  66.860747    0.769   6.720   99.71157  17.54637  326.575099 -11.050671  9.47172874765872 -28.8158402   86.3885 /L    6.1569   0.0983075   72.991708   -68.66435         n.a.     n.a.
 2026-Jul-05 00:00 *   00 55 10.35 +03 17 49.9  00 56 32.78 +03 26 31.1  5.537187  1.480336  324.885962 -63.069457    0.758   6.719   99.71052  17.62337  193.660997 -11.088893  9.43034625915683 -28.6233023   88.6689 /L    6.1682   0.0955275   75.032337   -69.17124         n.a.     n.a.
 2026-Jul-07 12:00 Nm  00 55 30.55 +03 19 12.0  00 56 53.09 +03 27 53.4  4.530121  1.246914  139.707793  70.084751    0.747   6.718   99.71039  17.70142   60.756666 -11.121780  9.38876121982072 -28.8454727   90.9679 /L    6.1700   0.0783099   74.610449   -72.87575         n.a.     n.a.
 2026-Jul-10 00:00 *   00 55 48.46 +03 20 19.4  00 57 11.03 +03 29 01.1  4.420072  0.998170  334.547112 -65.313023    0.736   6.717   99.71123  17.77984  287.860981 -11.149098  9.34735110264989 -28.6335878   93.2694 /L    6.1611   0.0755229   77.274546   -73.40504         n.a.     n.a.
 2026-Jul-12 12:00 Nm  00 56 04.12 +03 21 12.4  00 57 26.83 +03 29 54.5  3.382705  0.757143  152.372074  72.654990    0.725   6.715   99.71302  17.85910  154.974857 -11.170953  9.30587068141607 -28.6869009   95.5902 /L    6.1423   0.0577734   77.383568   -77.23548         n.a.     n.a.
 2026-Jul-15 00:00 *m  00 56 17.42 +03 21 50.3  00 57 40.20 +03 30 33.0  3.268019  0.506782  345.786070 -66.837005    0.714   6.713   99.71579  17.93844   22.096899 -11.187139  9.26471209921113 -28.4449754   97.9138 /L    6.1126   0.0551180   81.185170   -77.75636         n.a.     n.a.
 2026-Jul-17 12:00 N   00 56 28.41 +03 22 13.6  00 57 51.31 +03 30 56.7  2.211437  0.261958  168.423625  74.215455    0.702   6.711   99.71951  18.01833  249.228108 -11.197800  9.22363115444460 -28.3209931  100.2567 /L    6.0728   0.0371150   83.244442   -81.68709         n.a.     n.a.
 2026-Jul-20 00:00 *m  00 56 37.04 +03 22 21.8  00 57 59.96 +03 31 05.2  2.097348  0.014785  358.157817 -67.471133    0.690   6.709   99.72419  18.09801  116.366843 -11.202787  9.18302191355005 -28.0515373  102.6020 /L    6.0220   0.0349567   89.596098   -82.12439         n.a.     n.a.
 2026-Jul-22 12:00 N   00 56 43.31 +03 22 15.5  00 58 06.34 +03 30 59.3  1.030956  -0.23054  186.445157  74.424359    0.678   6.707   99.72979  18.17796  343.514256 -11.202274  9.14263326541402 -27.7554437  104.9667 /L    5.9609   0.0176069   102.60477   -85.98977         n.a.     n.a.
 2026-Jul-25 00:00 *m  00 56 47.22 +03 21 54.3  00 58 10.29 +03 30 38.5  0.917896  -0.47286   10.778626 -67.116865    0.666   6.704   99.73629  18.25740  210.668517 -11.196138  9.10285601026201 -27.4648179  107.3340 /L    5.8888   0.0172089   117.25566   -86.05597         n.a.     n.a.
 2026-Jul-27 12:00 N   00 56 48.75 +03 21 18.7  00 58 11.94 +03 30 03.5  -0.15150  -0.71816  203.516585  73.198738    0.654   6.701   99.74365  18.33680   77.830931 -11.184546  9.06343765344775 -26.9986446  109.7210 /L    5.8064   0.0122328   191.91206   -87.15821         n.a.     n.a.
 2026-Jul-30 00:00 *   00 56 47.94 +03 20 28.4  00 58 11.17 +03 29 13.6  -0.26290  -0.95520   22.652695 -65.794349    0.641   6.698   99.75182  18.41537  304.999468 -11.167390  9.02476637472439 -26.6890426  112.1111 /L    5.7131   0.0165119   195.38836   -86.13888         n.a.     n.a.
 2026-Aug-01 12:00 Nm  00 56 44.73 +03 19 23.8  00 58 08.06 +03 28 09.5  -1.32775  -1.19982  217.498138  70.782722    0.629   6.695   99.76077  18.49361  172.175573 -11.144835  8.98658954123174 -26.0564075  114.5216 /L    5.6094   0.0298258   227.89738   -82.91208         n.a.     n.a.
 2026-Aug-04 00:00 *   00 56 39.22 +03 18 04.7  00 58 02.56 +03 26 50.8  -1.43926  -1.43067   33.105553 -63.627876    0.616   6.692   99.77043  18.57069   39.357053 -11.116792  8.94928895882143 -25.7306610  116.9356 /L    5.4951   0.0338226   225.17147   -81.90697         n.a.     n.a.
 2026-Aug-06 12:00 Nm  00 56 31.30 +03 16 31.6  00 57 54.75 +03 25 18.2  -2.49511  -1.67338  228.129125  67.532928    0.603   6.688   99.78077  18.64710  266.545500 -11.083423  8.91261805644074 -24.9304367  119.3706 /L    5.3703   0.0500715   236.15168   -77.79074         n.a.     n.a.
 2026-Aug-09 00:00 *   00 56 21.12 +03 14 44.3  00 57 44.61 +03 23 31.4  -2.60874  -1.89632   41.930865 -60.785662    0.591   6.684   99.79167  18.72200  133.738527 -11.044672  8.87695837611192 -24.5798942  121.8095 /L    5.2350   0.0537523   233.98626   -76.79431         n.a.     n.a.
 2026-Aug-11 12:00 Nm  00 56 08.54 +03 12 43.3  00 57 32.15 +03 21 31.2  -3.64582  -2.13397  236.097047  63.736579    0.578   6.680   99.80313  18.79586    0.937786 -11.000717  8.84207909109944 -23.6020884  124.2694 /L    5.0894   0.0704071   239.65873   -72.31606         n.a.     n.a.
 2026-Aug-14 00:00 *m  00 55 53.78 +03 10 28.7  00 57 17.40 +03 19 17.1  -3.75459  -2.34457   49.247132 -57.427517    0.565   6.676   99.81500  18.86781  228.140626 -10.951569  8.80835936908561 -23.2174900  126.7328 /L    4.9336   0.0737752   238.01708   -71.30818         n.a.     n.a.
 2026-Aug-16 12:00 N   00 55 36.67 +03 08 01.1  00 57 00.37 +03 16 50.0  -4.75502  -2.57166  242.166737  59.580367    0.553   6.672   99.82725  18.93829   95.348724 -10.897450  8.77557621432068 -22.0666157  129.2164 /L    4.7678   0.0900981   241.59412   -66.58235         n.a.     n.a.
 2026-Aug-19 00:00 *m  00 55 17.50 +03 05 20.7  00 56 41.21 +03 14 10.0  -4.85156  -2.76555   55.302275 -53.682274    0.540   6.667   99.83973  19.00649  322.559252 -10.838443  8.74408761638067 -21.6590781  131.7025 /L    4.5924   0.0930738   240.31546   -65.57289         n.a.     n.a.
 2026-Aug-21 12:00 N   00 54 56.08 +03 02 28.2  00 56 19.88 +03 11 18.1  -5.80473  -2.97894  246.919507  55.179262    0.528   6.662   99.85241  19.07284  189.774008 -10.774780  8.71367109094360 -20.3529876  134.2082 /L    4.4074   0.1087415   242.83351   -60.63224         n.a.     n.a.
 2026-Aug-24 00:00 *m  00 54 32.74 +02 59 23.8  00 55 56.57 +03 08 14.3  -5.88981  -3.15475   60.354419 -49.645897    0.516   6.658   99.86512  19.13654   56.990065 -10.706582  8.68466354562136 -19.9306251  136.7158 /L    4.2136   0.1113582   241.82526   -59.60740         n.a.     n.a.
 2026-Aug-26 12:00 N   00 54 07.26 +02 56 08.4  00 55 31.18 +03 04 59.5  -6.78842  -3.35316  250.753840  50.604399    0.503   6.653   99.87782  19.19802  284.209315 -10.634071  8.65685301294163 -18.4782403  139.2427 /L    4.0106   0.1261902   243.71280   -54.45120         n.a.     n.a.
 2026-Aug-29 00:00 *   00 53 40.02 +02 52 42.1  00 55 03.93 +03 01 33.7  -6.86168  -3.51037   64.626187 -45.388095    0.491   6.647   99.89035  19.25651  151.428711 -10.557399  8.63055815174943 -18.0413575  141.7709 /L    3.7995   0.1284581   242.90612   -53.39609         n.a.     n.a.
 2026-Aug-31 12:00 Nm  00 53 10.77 +02 49 05.8  00 54 34.74 +02 57 57.9  -7.69639  -3.69259  253.937049  45.901313    0.479   6.642   99.90268  19.31240   18.650201 -10.476779  8.60558100435483 -16.4504031  144.3181 /L    3.5800   0.1422729   244.36915   -48.02588         n.a.     n.a.
 2026-Sep-03 00:00 *   00 52 39.93 +02 45 19.7  00 54 03.90 +02 54 12.3  -7.75689  -3.83000   68.294868 -40.959398    0.468   6.636   99.91464  19.36497  245.870633 -10.392399  8.58221902545984 -15.9992083  146.8663 /L    3.3532   0.1441819   243.72192   -46.92948         n.a.     n.a.
 2026-Sep-05 12:00 Nm  00 52 07.23 +02 41 24.7  00 53 31.29 +02 50 18.0  -8.51943  -3.99303  256.650772  41.100817    0.456   6.631   99.92619  19.41458  113.091996 -10.304482  8.56029160850130 -14.2761371  149.4328 /L    3.1186   0.1568129   244.88769   -41.34460         n.a.     n.a.
 2026-Sep-08 00:00 *   00 51 33.14 +02 37 21.3  00 52 57.22 +02 46 15.2  -8.56515  -4.10703   71.497230 -36.396927    0.445   6.625   99.93716  19.46053  340.311037 -10.213282  8.54007695302334 -13.8053443  151.9990 /L    2.8778   0.1583153   244.38204   -40.19140         n.a.     n.a.
 2026-Sep-10 12:00 N   00 50 57.36 +02 33 10.4  00 52 21.49 +02 42 04.9  -9.24288  -4.24562  259.020955  36.224884    0.434   6.619   99.94754  19.50315  207.529711 -10.119054  8.52141578663605 -11.9551230  154.5818 /L    2.6300   0.1695223   245.32879   -34.40090         n.a.     n.a.
 2026-Sep-13 00:00 *m  00 50 20.43 +02 28 52.7  00 51 44.55 +02 37 47.5  -9.26567  -4.33176   74.338315 -31.729006    0.424   6.613   99.95715  19.54180   74.744653 -10.022132  8.50456019883144 -11.4654479  157.1616 /L    2.3773   0.1704705   244.94361   -33.19820         n.a.     n.a.
 2026-Sep-15 12:00 N   00 49 42.05 +02 24 29.1  00 51 06.20 +02 33 24.4  -9.84356  -4.44195  261.137380  31.290512    0.413   6.606   99.96598  19.57679  301.957796  -9.922794  8.48936337180037  -9.5077547  159.7547 /L    2.1189   0.1799897   245.71251   -27.24193         n.a.     n.a.
 2026-Sep-18 00:00 *m  00 49 02.78 +02 20 00.4  00 50 26.94 +02 28 56.3  -9.83820  -4.49860   76.898497 -26.978020    0.403   6.600   99.97389  19.60756  169.165760  -9.821421  8.47603870865600  -9.0137490  162.3399 /L    1.8571   0.1802988   245.42736   -26.01418         n.a.     n.a.
 2026-Sep-20 12:00 N   00 48 22.31 +02 15 27.8  00 49 46.53 +02 24 24.2  -10.3094  -4.57919  263.066322  26.311837    0.393   6.593   99.98085  19.63441   36.370522  -9.718281  8.46444850499454  -6.9753222  164.9321 /L    1.5913   0.1880111   246.05044   -19.93576         n.a.     n.a.
 2026-Sep-23 00:00 *m  00 47 41.24 +02 10 51.8  00 49 05.46 +02 19 48.7  -10.2784  -4.60641   79.240629 -22.162324    0.383   6.586   99.98675  19.65689  263.568770  -9.613780  8.45476886516103  -6.4875171  167.5058 /L    1.3244   0.1877235   245.85978   -18.68792         n.a.     n.a.
 2026-Sep-25 12:00 N   00 46 59.23 +02 06 13.5  00 48 23.47 +02 15 10.8  -10.6412  -4.65730  264.857865  21.300705    0.373   6.577   99.99159  19.67525  130.762506  -9.508166  8.44687990732200  -4.3861477  170.0677 /L    1.0564   0.1935959   246.36264   -12.51615         n.a.     n.a.
 2026-Sep-28 00:00 *   00 46 16.89 +02 01 33.7  00 47 41.11 +02 10 31.3  -10.5873  -4.65609   81.415094 -17.297275    0.361   6.567   99.99528  19.68912  357.948483  -9.401858  8.44092603701974  -3.9050302  172.5693 /L    0.7929   0.1927655   246.26111   -11.23508         n.a.     n.a.
 2026-Sep-30 12:00 Nm  00 45 33.86 +01 56 53.3  00 46 58.10 +02 05 51.3  -10.8386  -4.67757  266.551517  16.267432    0.348   6.555   99.99781  19.69873  225.128662  -9.295081  8.43681183783494  -1.7515111  174.9454 /L    0.5412   0.1967472   246.65657   -4.994499         n.a.     n.a.
 2026-Oct-03 00:00 *   00 44 50.78 +01 52 13.1  00 46 15.04 +02 01 11.6  -10.7605  -4.64767   83.462859 -12.395983    0.334   6.542   99.99914  19.70377   92.299838  -9.188281  8.43465175691910  -1.2736282  176.8399 /L    0.3383   0.1953556   246.63961   -3.664391         n.a.     n.a.
 2026-Oct-05 12:00 Am  00 44 07.30 +01 47 34.2  00 45 31.59 +01 56 33.2  -10.8936  -4.63723  268.179771  11.221520    0.333   6.541   99.99928  19.70442  319.463885  -9.081693  8.43437408021321   0.9186082  177.0923 /L    0.3059   0.1973247   246.94123   2.6086814        0.453   14.445
 2026-Oct-08 00:00 *   00 43 24.07 +01 42 57.4  00 44 48.34 +01 51 56.7  -10.7876  -4.57565   85.418404  -7.470300    0.346   6.554   99.99821  19.70049  186.617674  -8.975821  8.43605664586999   1.3895412  175.4092 /T    0.4808   0.1952977   247.01531   3.9855752         n.a.     n.a.
 2026-Oct-10 12:00 A   00 42 40.72 +01 38 23.8  00 44 04.99 +01 47 23.4  -10.7972  -4.53050  269.770210   6.172108    0.362   6.568   99.99593  19.69211   53.763006  -8.870916  8.43964596872788   3.5982947  173.0761 /T    0.7256   0.1951526   247.23706   10.239433         n.a.     n.a.
 2026-Oct-13 00:00 *m  00 41 57.94 +01 33 54.5  00 43 22.19 +01 42 54.3  -10.6616  -4.43664   87.311473  -2.531245    0.375   6.580   99.99249  19.67921  280.896896  -8.767505  8.44517776907802   4.0521946  170.5693 /T    0.9874   0.1924641   247.40616   11.648161         n.a.     n.a.
 2026-Oct-15 12:00 A   00 41 15.34 +01 29 30.3  00 42 39.61 +01 38 30.4  -10.5466  -4.35786  271.348019   1.128372    0.387   6.590   99.98790  19.66190  148.021089  -8.665819  8.45261470792452   6.2515480  167.9868 /T    1.2551   0.1901912   247.54957   17.828165         n.a.     n.a.
 2026-Oct-18 00:00 *m  00 40 33.62 +01 25 12.2  00 41 57.89 +01 34 12.6  -10.3827  -4.23437   89.168679   2.410866    0.398   6.599   99.98223  19.64021   15.132799  -8.566371  8.46194955889244   6.6773998  165.3804 /T    1.5223   0.1868824   247.81288   19.250260         n.a.     n.a.
 2026-Oct-20 12:00 A   00 39 52.40 +01 21 01.0  00 41 16.66 +01 30 01.8  -10.1464  -4.12477  272.936939  -3.900681    0.409   6.607   99.97549  19.61422  242.233720  -8.469352  8.47316120664448   8.8412866  162.7490 /T    1.7887   0.1825462   247.87703   25.303948         n.a.     n.a.
 2026-Oct-23 00:00 *m  00 39 12.32 +01 16 57.8  00 40 36.57 +01 25 58.7  -9.95988  -3.97464   91.015577   7.346154    0.420   6.615   99.96780  19.58408  109.321326  -8.375252  8.48620013369187   9.2295497  160.1169 /T    2.0511   0.1787278   248.24478   26.717090         n.a.     n.a.
 2026-Oct-25 12:00 Am  00 38 33.02 +01 13 03.1  00 39 57.23 +01 22 04.1  -9.61144  -3.83735  274.560567  -8.906297    0.432   6.622   99.95918  19.54984  336.397266  -8.284221  8.50106606201772  11.3384615  157.4711 /T    2.3103   0.1724859   248.23575   32.603435         n.a.     n.a.
 2026-Oct-28 00:00 *   00 37 55.11 +01 09 17.8  00 39 19.33 +01 18 18.9  -9.40991  -3.66388   92.877644  12.265365    0.443   6.630   99.94976  19.51171  203.459269  -8.196713  8.51767647878578  11.6915902  154.8315 /T    2.5636   0.1683006   248.72586   34.004420         n.a.     n.a.
 2026-Oct-30 12:00 Am  00 37 18.22 +01 05 42.5  00 38 42.44 +01 14 44.0  -8.95608  -3.50136  276.244126 -13.879834    0.455   6.637   99.93956  19.46969   70.508856  -8.112849  8.53606124400459  13.7389517  152.1820 /T    2.8124   0.1602697   248.64709   39.716781         n.a.     n.a.
 2026-Nov-02 00:00 *   00 36 42.97 +01 02 18.1  00 38 07.20 +01 11 19.7  -8.73886  -3.30532   94.781519  17.159633    0.467   6.643   99.92876  19.42407  297.543939  -8.033078  8.55610963745339  14.0642027  149.5417 /T    3.0539   0.1557177   249.28178   41.127151         n.a.     n.a.
 2026-Nov-04 12:00 Am  00 36 08.98 +00 59 05.2  00 37 33.18 +01 08 06.9  -8.17927  -3.11731  278.015331 -18.812350    0.479   6.650   99.91737  19.37478  164.565854  -7.957526  8.57787419728350  16.0347542  146.8938 /T    3.2897   0.1458862   249.13696   46.666990         n.a.     n.a.
 2026-Nov-07 00:00 *   00 35 36.87 +00 56 04.5  00 37 01.05 +01 05 06.1  -7.94429  -2.89872   96.756592  22.019679    0.491   6.656   99.90558  19.32223   31.572773  -7.886644  8.60120276015702  16.3213652  144.2575 /T    3.5170   0.1409435   249.95393   48.079297         n.a.     n.a.
 2026-Nov-09 12:00 A   00 35 06.26 +00 53 16.7  00 36 30.40 +01 02 18.3  -7.28577  -2.68707  279.906295 -23.693919    0.503   6.662   99.89341  19.26633  258.565936  -7.820539  8.62616030851671  18.1878837  141.6156 /T    3.7374   0.1294248   249.75552   53.423145         n.a.     n.a.
 2026-Nov-12 00:00 *m  00 34 37.74 +00 50 42.4  00 36 01.89 +00 59 44.1  -7.03887  -2.44934   98.836100  26.835885    0.515   6.667   99.88106  19.20756  125.543854  -7.759618  8.65255520281505  18.4253481  138.9877 /T    3.9484   0.1242142   250.81345   54.811005         n.a.     n.a.
 2026-Nov-14 12:00 A   00 34 10.94 +00 48 22.1  00 35 35.06 +00 57 24.0  -6.29326  -2.21886  281.955761 -28.513611    0.528   6.673   99.86855  19.14579  352.507668  -7.703938  8.68047027442132  20.1694040  136.3559 /T    4.1515   0.1112161   250.57849   59.945953         n.a.     n.a.
 2026-Nov-17 00:00 *m  00 33 46.40 +00 46 16.4  00 35 10.52 +00 55 18.3  -6.04049  -1.96699  101.060196  31.598044    0.540   6.678   99.85608  19.08157  219.456208  -7.653844  8.70968200249373  20.3551782  133.7398 /T    4.3444   0.1058780   251.96302   61.292923         n.a.     n.a.
 2026-Nov-19 12:00 A   00 33 23.75 +00 44 25.6  00 34 47.82 +00 53 27.4  -5.21883  -1.72275  284.211250 -33.259313    0.553   6.682   99.84365  19.01475   86.390480  -7.609342  8.74029275616903  21.9628742  131.1211 /T    4.5285   0.0915970   251.73184   66.220003         n.a.     n.a.
 2026-Nov-22 00:00 *m  00 33 03.50 +00 42 50.0  00 34 27.56 +00 51 51.6  -4.96625  -1.46111  103.479102  36.294771    0.565   6.687   99.83149  18.94591  313.309644  -7.570719  8.77204835183104  22.0945234  128.5193 /T    4.7018   0.0862787   253.60566   67.506714         n.a.     n.a.
 2026-Nov-24 12:00 Am  00 32 45.29 +00 41 29.8  00 34 09.30 +00 50 31.4  -4.08267  -1.20730  286.733182 -37.916746    0.577   6.691   99.81956  18.87485  180.214584  -7.537937  8.80507125237620  23.5558166  125.9157 /T    4.8658   0.0709574   253.52630   72.223166         n.a.     n.a.
 2026-Nov-27 00:00 *   00 32 29.55 +00 40 25.3  00 33 53.60 +00 49 27.0  -3.83741  -0.93887  106.157068  40.912931    0.589   6.694   99.80809  18.80222   47.104769  -7.511238  8.83908665890839  23.6413965  123.3293 /T    5.0185   0.0658432   256.25199   73.428140         n.a.     n.a.
 2026-Nov-29 12:00 Am  00 32 15.97 +00 39 36.7  00 33 39.98 +00 48 38.4  -2.90132  -0.67706  289.600129 -42.468308    0.601   6.697   99.79704  18.72773  273.980872  -7.490573  8.87424466450941  24.9581863  120.7412 /T    5.1614   0.0496545   256.86438   77.952789         n.a.     n.a.
 2026-Dec-02 00:00 *   00 32 04.94 +00 39 04.3  00 33 28.95 +00 48 05.9  -2.66123  -0.40205  109.179130  45.436104    0.613   6.700   99.78660  18.65205  140.842596  -7.476170  8.91025135376328  25.0046967  118.1705 /T    5.2927   0.0448571   261.40892   79.064052         n.a.     n.a.
 2026-Dec-04 12:00 Am  00 31 56.17 +00 38 48.2  00 33 20.11 +00 47 49.5  -1.67629  -0.13329  292.915307 -46.890998    0.624   6.703   99.77677  18.57487    7.690398  -7.467980  8.94727167543563  26.1654035  115.5986 /T    5.4138   0.0280264   265.45377   83.391972         n.a.     n.a.
 2026-Dec-07 00:00 *   00 31 50.02 +00 38 48.5  00 33 13.96 +00 47 49.7  -1.44079  0.145997  112.659479  49.842450    0.636   6.705   99.76770  18.49691  234.524289  -7.466194  8.98498174791337  26.1628786  113.0451 /T    5.5228   0.0241361   275.78610   84.278309         n.a.     n.a.
 2026-Dec-09 12:00 A   00 31 46.22 +00 39 05.4  00 33 10.12 +00 48 06.5  -0.41810  0.418141  296.816692 -51.153238    0.647   6.707   99.75938  18.41785  101.344605  -7.470731  9.02355387276942  27.1490434  110.4911 /T    5.6214   0.0098551   315.00307   87.732584         n.a.     n.a.
 2026-Dec-12 00:00 *m  00 31 45.07 +00 39 38.9  00 33 08.99 +00 48 39.9  -0.19408  0.697712  116.754666  54.101973    0.658   6.708   99.75194  18.33841  328.151707  -7.481723  9.06264023453828  27.0918399  107.9566 /T    5.7078   0.0120700   344.45551   87.205839         n.a.     n.a.
 2026-Dec-14 12:00     00 31 46.31 +00 40 28.9  00 33 10.18 +00 49 29.7  0.851853  0.968874  301.488065 -55.211405    0.668   6.709   99.74536  18.25825  194.945797  -7.499044  9.10242758931967  27.8976555  105.4225 /T    5.7835   0.0215017   41.322545   85.152740         n.a.     n.a.
 2026-Dec-17 00:00 *m  00 31 50.20 +00 41 35.4  00 33 14.06 +00 50 35.9  1.058668  1.244538  121.682769  58.171724    0.678   6.709   99.73974  18.17812   61.727531  -7.522766  9.14255484983257  27.7909875  102.9084 /T    5.8471   0.0272318   40.386208   83.819531         n.a.     n.a.
 2026-Dec-19 12:00     00 31 56.49 +00 42 58.0  00 33 20.28 +00 51 58.3  2.116730  1.510779  307.170454 -59.003713    0.688   6.710   99.73505  18.09761  288.496928  -7.552728  9.18322606231524  28.4181120  100.3953 /T    5.9000   0.0433430   54.483323   80.390734         n.a.     n.a.
 2026-Dec-22 00:00 *m  00 32 05.38 +00 44 36.8  00 33 29.19 +00 53 36.9  2.303779  1.779292  127.744733  61.988184    0.698   6.709   99.73138  18.01747  155.254902  -7.588952  9.22407053239028  28.2690403   97.9026 /T    5.9410   0.0485148   52.319788   79.167264         n.a.     n.a.
 2026-Dec-24 12:00  m  00 32 16.67 +00 46 31.4  00 33 40.45 +00 55 31.4  3.364590  2.038634  314.163988 -62.441265    0.707   6.709   99.72866  17.93728   22.001280  -7.631262  9.26530795034664  28.7209818   95.4109 /T    5.9713   0.0655670   58.787966   75.657964         n.a.     n.a.
 2026-Dec-27 00:00 *   00 32 30.50 +00 48 41.6  00 33 54.31 +00 57 41.6  3.531015  2.299794  135.339091  65.455484    0.716   6.708   99.72697  17.85777  248.737199  -7.679664  9.30656303170958  28.5392346   92.9390 /T    5.9900   0.0702320   56.923306   74.525730         n.a.     n.a.
 2026-Dec-29 12:00  m  00 32 46.70 +00 51 07.3  00 34 10.45 +01 00 06.9  4.589606  2.553267  322.792782 -65.398665    0.724   6.706   99.72626  17.77848  115.462265  -7.734000  9.34806987599953  28.8206991   90.4677 /T    5.9982   0.0875336   60.912152   71.058022         n.a.     n.a.
$$EOE
**********************************************************************************************************************************************************************************************************************************************************************************************
Column meaning:
 
TIME

  Times PRIOR to 1962 are UT1, a mean-solar time closely related to the
prior but now-deprecated GMT. Times AFTER 1962 are in UTC, the current
civil or "wall-clock" time-scale. UTC is kept within 0.9 seconds of UT1
using integer leap-seconds for 1972 and later years.

  Conversion from the internal Barycentric Dynamical Time (TDB) of solar
system dynamics to the non-uniform civil UT time-scale requested for output
has not been determined for UTC times after the next July or January 1st.
Therefore, the last known leap-second is used as a constant over future
intervals.

  Time tags refer to the UT time-scale conversion from TDB on Earth
regardless of observer location within the solar system, although clock
rates may differ due to the local gravity field and no analog to "UT"
may be defined for that location.

  Any 'b' symbol in the 1st-column denotes a B.C. date. First-column blank
(" ") denotes an A.D. date.
 
CALENDAR SYSTEM

  Mixed calendar mode was active such that calendar dates after AD 1582-Oct-15
(if any) are in the modern Gregorian system. Dates prior to 1582-Oct-5 (if any)
are in the Julian calendar system, which is automatically extended for dates
prior to its adoption on 45-Jan-1 BC.  The Julian calendar is useful for
matching historical dates. The Gregorian calendar more accurately corresponds
to the Earth's orbital motion and seasons. A "Gregorian-only" calendar mode is
available if such physical events are the primary interest.

  NOTE: "n.a." in output means quantity "not available" at the print-time.
 
SOLAR PRESENCE (OBSERVING SITE)
  Time tag is followed by a blank, then a solar-presence symbol:

       '*'  Daylight (refracted solar upper-limb on or above apparent horizon)
       'C'  Civil twilight/dawn
       'N'  Nautical twilight/dawn
       'A'  Astronomical twilight/dawn
       ' '  Night OR geocentric ephemeris

LUNAR PRESENCE (OBSERVING SITE)
  The solar-presence symbol is immediately followed by a lunar-presence symbol:

       'm'  Refracted upper-limb of Moon on or above apparent horizon
       ' '  Refracted upper-limb of Moon below apparent horizon OR geocentric
            ephemeris
 
 'R.A._____(ICRF)_____DEC' =
  Astrometric right ascension and declination of the target center with
respect to the observing site (coordinate origin) in the reference frame of
the planetary ephemeris (ICRF). Compensated for down-leg light-time delay
aberration.

  Units: RA  in hours-minutes-seconds of time,    HH MM SS.ff{ffff}
         DEC in degrees-minutes-seconds of arc,  sDD MN SC.f{ffff}
 
 'R.A.__(a-apparent)__DEC' =
  Airless apparent right ascension and declination of the target center
with respect to an instantaneous reference frame defined by the Earth equator
of-date (z-axis) and meridian containing the Earth equinox of-date (x-axis,
EOP-corrected IAU76/80). Compensated for down-leg light-time delay,
gravitational deflection of light, stellar aberration, precession & nutation.
Note: equinox (RA origin) is offset -53 mas from the of-date frame defined
by the IAU06/00a P & N system.

  Units: RA  in hours-minutes-seconds of time,   HH MM SS.ff{ffff}
         DEC in degrees-minutes-seconds of arc, sDD MN SC.f{ffff}
 
 'dRA*cosD d(DEC)/dt' =
  The angular rate of change in apparent RA and DEC of the target. This is
with respect to the non-inertial IAU76/80 Earth true equator and equinox
of-date reference frame.  d(RA)/dt is multiplied by the cosine of declination
to provide a linear rate in the plane-of-sky. Units: ARCSECONDS PER HOUR
 
 'Azi____(a-app)___Elev' =
  Airless apparent azimuth and elevation of target center. Compensated
for light-time, the gravitational deflection of light, stellar aberration,
precession and nutation. Azimuth is measured clockwise from north:

  North(0) -> East(90) -> South(180) -> West(270) -> North (360)

Elevation angle is with respect to a plane perpendicular to the reference
surface local zenith direction. TOPOCENTRIC ONLY.  Units: DEGREES
 
 'APmag   S-brt' =
   Saturn's approximate apparent visual magnitude and surface brightness. The
value includes the ring system when the solar phase angle of the observer is
less than 6.5 degrees (typical when observed from Earth) AND effective ring
inclination is less than 27 degrees. Otherwise, the value is that of the globe
only (no rings).  An "n.a." will be output if outside the range of phase-angles
for which the model is valid.

   For Earth-based observers, the estimated dimming due to atmospheric
absorption (extinction) is available as a separate, requestable quantity.

   Surface brightness is the average airless visual magnitude of a
square-arcsecond of the illuminated portion of the apparent disk.

 MAGNITUDES & MAGNITUDES PER SQUARE ARCSECOND
 
 'Illu%' =
   Fraction of the target objects' assumed circular disk illuminated by Sun
(phase), as seen by the observer.  Units: PERCENT
 
 'Ang-diam' =
   The equatorial angular width of the target body full disk, if it were fully
illuminated and visible to the observer. If the target body diameter is unknown
"n.a." is output.

   Units: ARCSECONDS
 
 'ObsSub-LON ObsSub-LAT' =
   Apparent planetodetic longitude and latitude of the center of the target
disc seen by the OBSERVER at print-time. This is NOT exactly the same as the
"nearest" sub-point for a non-spherical target shape (since the center of the
disc might not be the point closest to the observer), but is generally very
close if not a very irregular body shape. Down-leg light travel-time from
target to observer is taken into account. Latitude is the angle between the
equatorial plane and the line perpendicular to the reference ellipsoid of the
body, so includes body oblateness. The reference ellipsoid is an oblate
spheroid with a single flatness coefficient in which the y-axis body radius
is taken to be the same value as the x-axis radius.  For Jupiter, Saturn, and
Uranus, IAU2015 longitude is based on the "System III" prime meridian rotation
angle of the magnetic field. By contrast, pole direction (thus latitude) is
relative to the body dynamical equator.  There can be an offset between the
magnetic pole and the dynamical pole of rotation. For Neptune, rotation is
IAU2015 "System II" rotation of optically observed features in the Neptunian
atmosphere. Positive longitude is to the WEST for this target. Cartographic
system is specified in the header.  Units: DEGREES DEGREES
 
 'delta      deldot' =
   Apparent range ("delta", light-time aberrated) and range-rate ("delta-dot")
of the target center relative to the observer. A positive "deldot" means the
target center is moving away from the observer, negative indicates movement
toward the observer.  Units: AU and KM/S
 
 'S-O-T /r' =
   Sun-Observer-Target apparent SOLAR ELONGATION ANGLE seen from the observers'
location at print-time.

   The '/r' column provides a code indicating the targets' apparent position
relative to the Sun in the observers' sky, as described below:

   Case A: For an observing location on the surface of a rotating body, that
body rotational sense is considered:

    /T indicates target TRAILS Sun   (evening sky: rises and sets AFTER Sun)
    /L indicates target LEADS Sun    (morning sky: rises and sets BEFORE Sun)

   Case B: For an observing point that does not have a rotational model (such
as a spacecraft), the "leading" and "trailing" condition is defined by the
observers' heliocentric ORBITAL motion:

    * If continuing in the observers' current direction of heliocentric
       motion would encounter the targets' apparent longitude first, followed
       by the Sun's, the target LEADS the Sun as seen by the observer.

    * If the Sun's apparent longitude would be encountered first, followed
       by the targets', the target TRAILS the Sun.

   Two other codes can be output:
    /* indicates observer is Sun-centered    (undefined)
    /? Target is aligned with Sun center     (no lead or trail)

   The S-O-T solar elongation angle is numerically the minimum separation
angle of the Sun and target in the sky in any direction. It does NOT indicate
the amount of separation in the leading or trailing directions, which would
be defined along the equator of a spherical coordinate system.

   Units: DEGREES
 
 'S-T-O' =
   The Sun-Target-Observer angle; the interior vertex angle at target center
formed by a vector from the target to the apparent center of the Sun (at
reflection time on the target) and the apparent vector from target to the
observer at print-time. Slightly different from true PHASE ANGLE (requestable
separately) at the few arcsecond level in that it includes stellar aberration
on the down-leg from target to observer.  Units: DEGREES
 
 'Sky_motion  Sky_mot_PA  RelVel-ANG' =
  Total apparent angular rate of the target in the plane-of-sky. "Sky_mot_PA"
is the position angle of the target's direction of motion in the plane-of-sky,
measured counter-clockwise from the apparent of-date north pole direction.
"RelVel-ANG" is the flight path angle of the target's relative motion with
respect to the observer's line-of-sight, in the range [-90,+90], where positive
values indicate motion away from the observer, negative values are toward the
observer:

  -90 = target is moving directly toward the observer
    0 = target is moving at right angles to the observer's line-of-sight
  +90 = target is moving directly away from the observer

UNITS:  ARCSECONDS/MINUTE, DEGREES, DEGREES
 
 'Lun_Sky_Brt  sky_SNR' =
  Sky brightness due to moonlight scattered by Earth's atmosphere at the
target's position in the sky. "sky_SNR" is the visual signal-to-noise ratio
(SNR) of the target's surface brightness relative to background sky. Output
only for topocentric Earth observers when both the Moon and target are above
the local horizon and the Sun is in astronomical twilight (or further) below
the horizon, and the target is not the Moon or Sun. If all conditions are
not met, "n.a." is output. Galactic brightness, local sky light-pollution
and weather are NOT considered. Lunar opposition surge is considered. The
value returned is accurate under ideal conditions at the approximately 8-23%
level, so is a useful but not definitive value.

  If the target-body radius is also known, "sky_SNR" is output. This is the
approximate visual signal-to-noise ratio of the target's brightness divided
by lunar sky brightness. When sky_SNR < 1, the target is dimmer than the
ideal moonlight-scattering background sky, so unlikely to be detectable at
visual wavelengths. In practice, visibility requires sky_SNR > 1 and a
detector sensitive enough to reach the target's magnitude, even if it isn't
washed out by moonlight. When relating magnitudes and brightness values,
keep in mind their logarithmic relationship m2-m1 = -2.5*log_10(b2/b1).

  UNITS: VISUAL MAGNITUDES / ARCSECOND^2, and unitless ratio

Computations by ...

    Solar System Dynamics Group, Horizons On-Line Ephemeris System
    4800 Oak Grove Drive, Jet Propulsion Laboratory
    Pasadena, CA  91109   USA

    General site: https://ssd.jpl.nasa.gov/
    Mailing list: https://ssd.jpl.nasa.gov/email_list.html
    System news : https://ssd.jpl.nasa.gov/horizons/news.html
    User Guide  : https://ssd.jpl.nasa.gov/horizons/manual.html
    Connect     : browser        https://ssd.jpl.nasa.gov/horizons/app.html#/x
                  API            https://ssd-api.jpl.nasa.gov/doc/horizons.html
                  command-line   telnet ssd.jpl.nasa.gov 6775
                  e-mail/batch   https://ssd.jpl.nasa.gov/ftp/ssd/horizons_batch.txt
                  scripts        https://ssd.jpl.nasa.gov/ftp/ssd/SCRIPTS
    Author      : Jon.D.Giorgini@jpl.nasa.gov

**********************************************************************************************************************************************************************************************************************************************************************************************
