*******************************************************************************
 Revised: January 26, 2022             Saturn                               699
 
 PHYSICAL DATA:
  Mass x10^26 (kg)      = 5.6834          Density (g/cm^3)       =  0.687+-.001
  Equat. radius (1 bar) = 60268+-4 km     Polar radius (km)      = 54364+-10
  Vol. Mean Radius (km) = 58232+-6        Flattening             =  0.09796
  Geometric Albedo      = 0.47            Rocky core mass (Mc/M) =  0.1027
  Sid. rot. period (III)= 10h 39m 22.4s   Sid. rot. rate (rad/s) =  0.000163785 
  Mean solar day, hrs   =~10.656         
  GM (km^3/s^2)         = 37931206.234    GM 1-sigma (km^3/s^2)  = +- 98
  Equ. grav, ge (m/s^2) = 10.44           Pol. grav, gp (m/s^2)  = 12.14+-0.01
  Vis. magnitude V(1,0) = -8.88          
  Vis. mag. (opposition)= +0.67           Obliquity to orbit     = 26.73 deg
  Sidereal orbit period = 29.447498 yr    Sidereal orbit period  = 10755.698 d
  Mean daily motion     = 0.0334979 deg/d Mean orbit velocity    =  9.68 km/s
  Atmos. temp. (1 bar)  = 134+-4 K        Escape speed, km/s    =  35.5          
  Aroche(ice)/Rp        =  2.71           Hill's sphere rad. Rp  = 1100
                                 Perihelion  Aphelion    Mean
  Solar Constant (W/m^2)         16.8        13.6        15.1
  Maximum Planetary IR (W/m^2)    4.7         4.5         4.6
  Minimum Planetary IR (W/m^2)    4.7         4.5         4.6
*******************************************************************************


*******************************************************************************
Ephemeris / WWW_USER Mon Apr  6 16:25:03 2026 Pasadena, USA      / Horizons    
*******************************************************************************
Target body name: Saturn (699)                    {source: sat441l}
Center body name: Earth (399)                     {source: DE441}
Center-site name: (user defined site below)
*******************************************************************************
Start time      : A.D. 2026-Jan-01 00:00:00.0000 UT      
Stop  time      : A.D. 2026-Dec-31 00:00:00.0000 UT      
Step-size       : 3600 minutes
*******************************************************************************
Target pole/equ : IAU_SATURN                      {West-longitude positive}
Target radii    : 60268.0, 60268.0, 54364.0 km    {Equator_a, b, pole_c}       
Center geodetic : 259.5, 20.5, 1.8                {E-lon(deg),Lat(deg),Alt(km)}
Center cylindric: 259.5, 5978.36359, 2220.25937   {E-lon(deg),Dxy(km),Dz(km)}
Center pole/equ : ITRF93                          {East-longitude positive}
Center radii    : 6378.137, 6378.137, 6356.752 km {Equator_a, b, pole_c}       
Target primary  : Sun
Vis. interferer : MOON (R_eq= 1737.400) km        {source: DE441}
Rel. light bend : Sun                             {source: DE441}
Rel. lght bnd GM: 1.3271E+11 km^3/s^2                                          
Atmos refraction: NO (AIRLESS)
RA format       : HMS
Time format     : CAL 
Calendar mode   : Mixed Julian/Gregorian
EOP file        : eop.260406.p260703                                           
EOP coverage    : DATA-BASED 1962-JAN-20 TO 2026-APR-06. PREDICTS-> 2026-JUL-02
Units conversion: 1 au= 149597870.700 km, c= 299792.458 km/s, 1 day= 86400.0 s 
Table cut-offs 1: Elevation (-90.0deg=NO ),Airmass (>38.000=NO), Daylight (NO )
Table cut-offs 2: Solar elongation (  0.0,180.0=NO ),Local Hour Angle( 0.0=NO )
Table cut-offs 3: RA/DEC angular rate (     0.0=NO )                           
**********************************************************************************************************************************************************************************************************************************************************************************************
 Date__(UT)__HR:MN     R.A._____(ICRF)_____DEC  R.A.__(a-apparent)__DEC  dRA*cosD d(DEC)/dt  Azi____(a-app)___Elev    APmag   S-brt      Illu%  Ang-diam  ObsSub-LON ObsSub-LAT             delta      deldot     S-O-T /r     S-T-O  Sky_motion  Sky_mot_PA  RelVel-ANG  Lun_Sky_Brt  sky_SNR
**********************************************************************************************************************************************************************************************************************************************************************************************
$$SOE
 2026-Jan-01 00:00 *m  23 48 11.30 -03 44 26.8  23 49 31.45 -03 35 47.4  7.604023  3.928010  186.771809  65.749409    1.007   6.907   99.74921  17.10665  331.775561  -1.170083  9.71519317066890  27.8141724   75.6124 /T    5.7424   0.1426441   62.680485   58.940517         n.a.     n.a.
 2026-Jan-03 12:00  m  23 48 43.75 -03 40 24.6  23 50 03.85 -03 31 45.1  8.576077  4.144071   17.017815 -72.314192    1.011   6.903   99.75498  17.03654  198.443794  -1.265350  9.75517503656098  27.4321476   73.2132 /T    5.6762   0.1587472   64.209566   55.690348         n.a.     n.a.
 2026-Jan-06 00:00 *   23 49 18.26 -03 36 09.7  23 50 38.39 -03 27 30.1  8.653321  4.359373  197.756688  64.956714    1.015   6.898   99.76148  16.96814   65.106740  -1.365724  9.79450196924316  27.1619505   70.8326 /T    5.6005   0.1614897   63.261932   54.857414         n.a.     n.a.
 2026-Jan-08 12:00  m  23 49 54.85 -03 31 42.0  23 51 14.90 -03 23 02.5  9.594814  4.562301   30.285434 -70.428604    1.018   6.893   99.76868  16.90097  291.763196  -1.471226  9.83342796978764  26.6226568   68.4519 /T    5.5157   0.1770711   64.569074   51.669676         n.a.     n.a.
 2026-Jan-11 00:00 *   23 50 33.40 -03 27 02.3  23 51 53.44 -03 18 22.9  9.656619  4.768398  207.754414  63.421525    1.021   6.888   99.77648  16.83566  158.415399  -1.581555  9.87157299170567  26.3325492   66.0893 /T    5.4219   0.1794961   63.720030   50.874616         n.a.     n.a.
 2026-Jan-13 12:00  m  23 51 13.95 -03 22 10.4  23 52 33.92 -03 13 31.2  10.56209  4.957743   40.845794 -67.781217    1.024   6.882   99.78488  16.77176   25.062049  -1.696727  9.90918579855277  25.6353007   63.7264 /T    5.3194   0.1944630   64.855102   47.739692         n.a.     n.a.
 2026-Jan-16 00:00 *   23 51 56.33 -03 17 07.3  23 53 16.32 -03 08 28.0  10.60769  5.152685  216.485076  61.277588    1.026   6.876   99.79377  16.70986  251.705523  -1.816417  9.94589264066908  25.3257365   61.3813 /T    5.2084   0.1965488   64.091834   46.982606         n.a.     n.a.
 2026-Jan-18 12:00     23 52 40.60 -03 11 52.9  23 54 00.54 -03 03 13.5  11.47239  5.326771   49.037770 -64.624714    1.028   6.870   99.80312  16.64951  118.344412  -1.940622  9.98193925906071  24.4756844   59.0361 /T    5.0892   0.2108120   65.093976   43.895482         n.a.     n.a.
 2026-Jan-21 00:00 *m  23 53 26.58 -03 06 28.0  23 54 46.53 -02 57 48.6  11.50179  5.508230  223.933617  58.662085    1.029   6.864   99.81284  16.59130  344.981209  -2.068991  10.0169602947310  24.1471383   56.7089 /T    4.9621   0.2125452   64.410141   43.174316         n.a.     n.a.
 2026-Jan-23 12:00     23 54 14.34 -03 00 52.7  23 55 34.22 -02 52 13.5  12.31972  5.665413   55.416771 -61.138265    1.029   6.857   99.82289  16.53479  211.614426  -2.201498  10.0511954078844  23.1491783   54.3819 /T    4.8273   0.2259993   65.303939   40.131113         n.a.     n.a.
 2026-Jan-26 00:00 *m  23 55 03.66 -02 55 08.0  23 56 23.54 -02 46 28.8  12.33003  5.831514  230.234658  55.693021    1.030   6.850   99.83317  16.48052   78.246668  -2.337773  10.0842931905858  22.8069426   52.0729 /T    4.6853   0.2273252   64.688101   39.453944         n.a.     n.a.
 2026-Jan-28 12:00     23 55 54.64 -02 49 13.9  23 57 14.46 -02 40 34.6  13.09510  5.971353   60.471783 -57.437563    1.030   6.843   99.84364  16.42807  304.876347  -2.477779  10.1164943268397  21.6778609   49.7642 /T    4.5362   0.2398719   65.487059   36.462817         n.a.     n.a.
 2026-Jan-31 00:00 *m  23 56 47.00 -02 43 11.2  23 58 06.87 -02 34 31.8  13.08759  6.122257  235.574186  52.462691    1.029   6.836   99.85419  16.37792  171.506088  -2.621149  10.1474713402393  21.3374657   47.4732 /T    4.3805   0.2408129   64.930232   35.840492         n.a.     n.a.
 2026-Feb-02 12:00  m  23 57 40.91 -02 37 00.1  23 59 00.73 -02 28 20.7  13.80127  6.246747   64.567781 -53.595648    1.028   6.829   99.86481  16.32965   38.134150  -2.767868  10.1774652453900  20.0955657   45.1820 /T    4.2184   0.2524859   65.647484   32.898179         n.a.     n.a.
 2026-Feb-05 00:00 *   23 58 36.07 -02 30 41.2  23 59 55.89 -02 22 01.9  13.78333  6.384258  240.133848  49.039738    1.027   6.821   99.87537  16.28373  264.763151  -2.917595  10.2061655938262  19.7605766   42.9076 /T    4.0503   0.2531682   65.147040   32.317456         n.a.     n.a.
 2026-Feb-07 12:00  m  23 59 32.66 -02 24 14.8  00 00 52.41 -02 15 35.6  14.44774  6.495058   67.963293 -49.659217    1.025   6.814   99.88588  16.23976  131.391275  -3.070333  10.2337976095731  18.4058557   40.6324 /T    3.8763   0.2640092   65.793451   29.401145         n.a.     n.a.
 2026-Feb-10 00:00 *   00 00 30.37 -02 17 41.5  00 01 50.13 -02 09 02.3  14.42073  6.618933  244.070545  45.474546    1.022   6.806   99.89620  16.19819  358.021211  -3.225744  10.2600599688021  18.0673913   38.3733 /T    3.6970   0.2644531   65.345469   28.845581         n.a.     n.a.
 2026-Feb-12 12:00 Am  00 01 29.40 -02 11 01.4  00 02 49.13 -02 02 22.2  15.03114  6.715477   70.839385 -45.658404    1.020   6.798   99.90634  16.15866  224.651136  -3.383815  10.2851627107810  16.6021834   36.1133 /T    3.5122   0.2743846   65.926301   25.947569         n.a.     n.a.
 2026-Feb-15 00:00 *   00 02 29.41 -02 04 15.2  00 03 49.17 -01 55 35.9  14.99323  6.824177  247.512335  41.803614    1.017   6.790   99.91618  16.12157   91.283782  -3.544197  10.3088233342439  16.2614864   33.8691 /T    3.3227   0.2745533   65.527311   25.418301         n.a.     n.a.
 2026-Feb-17 12:00 A   00 03 30.61 -01 57 23.3  00 04 50.33 -01 48 44.0  15.54598  6.905278   73.324822 -41.613107    1.013   6.782   99.92572  16.08659  317.917291  -3.706857  10.3312415601838  14.6969679   31.6240 /T    3.1284   0.2835098   66.049959   22.539386         n.a.     n.a.
 2026-Feb-20 00:00 *m  00 04 32.65 -01 50 26.2  00 05 52.37 -01 41 47.1  15.49716  6.996892  250.560805  38.053166    1.009   6.773   99.93485  16.05409  184.554398  -3.871432  10.3521575048228  14.3586175   29.3949 /T    2.9301   0.2833914   65.701056   22.038708         n.a.     n.a.
 2026-Feb-22 12:00 A   00 05 35.75 -01 43 24.4  00 06 55.42 -01 34 45.3  15.98967  7.061440   75.512650 -37.536593    1.005   6.765   99.94357  16.02375   51.193212  -4.037873  10.3717598640620  12.7073859   27.1654 /T    2.7276   0.2913252   66.172541   19.179114         n.a.     n.a.
 2026-Feb-25 00:00 *m  00 06 39.52 -01 36 18.5  00 07 59.22 -01 27 39.4  15.92984  7.135371  253.296365  34.242249    1.000   6.757   99.95177  15.99590  277.836450  -4.205814  10.3898142836383  12.3783235   24.9522 /T    2.5219   0.2909149   65.871208   18.711597         n.a.     n.a.
 2026-Feb-27 12:00 A   00 07 44.22 -01 29 08.8  00 09 03.92 -01 20 29.5  16.36052  7.184732   77.471143 -33.437617    0.995   6.748   99.95946  15.97025  144.482181  -4.375214  10.4065010603148  10.6579666   22.7391 /T    2.3126   0.2978101   66.291295   15.876102         n.a.     n.a.
 2026-Mar-02 00:00 *m  00 08 49.45 -01 21 55.9  00 10 09.17 -01 13 16.6  16.29271  7.242933  255.782634  30.384773    0.989   6.739   99.96656  15.94709   11.133052  -4.545739  10.4216150205183  10.3477249   20.5423 /T    2.1010   0.2971683   66.032431   15.446558         n.a.     n.a.
 2026-Mar-04 12:00 Am  00 09 55.49 -01 14 40.1  00 11 15.17 -01 06 01.0  16.66447  7.279595   79.251835 -29.322267    0.983   6.730   99.97306  15.92614  237.787083  -4.717371  10.4353236841437   8.5717213   18.3460 /T    1.8864   0.3030846   66.402691   12.631936         n.a.     n.a.
 2026-Mar-07 00:00 *   00 11 01.91 -01 07 21.9  00 12 21.60 -00 58 42.9  16.59407  7.323253  258.070233  26.491162    0.976   6.721   99.97889  15.90767  104.446852  -4.889797  10.4474439897144   8.2788189   16.1668 /T    1.6702   0.3023028   66.187290   12.230167         n.a.     n.a.
 2026-Mar-09 12:00 Am  00 12 09.04 -01 00 01.7  00 13 28.71 -00 51 22.7  16.90876  7.347612   80.893964 -25.194744    0.969   6.712   99.98407  15.89142  331.110395  -5.063003  10.4581208869020   6.4491756   13.9899 /T    1.4518   0.3072700   66.512892   9.4212955         n.a.     n.a.
 2026-Mar-12 00:00 *   00 13 16.43 -00 52 39.8  00 14 36.14 -00 44 00.9  16.83670  7.375976  260.200434  22.569526    0.962   6.702   99.98853  15.87766  197.780270  -5.236673  10.4671892433688   6.1652148   11.8339 /T    1.2329   0.3063584   66.342300   9.0318986         n.a.     n.a.
 2026-Mar-14 12:00 Am  00 14 24.40 -00 45 16.8  00 15 44.12 -00 36 37.8  17.09089  7.387361   82.428357 -21.057970    0.953   6.692   99.99227  15.86616   64.454578  -5.410779  10.4747715399216   4.2854013    9.6878 /T    1.0132   0.3103187   66.624088   6.2188424         n.a.     n.a.
 2026-Mar-17 00:00 *   00 15 32.51 -00 37 53.0  00 16 52.24 -00 29 14.0  17.01436  7.399262  262.206979  18.625925    0.944   6.682   99.99525  15.85715  291.135850  -5.584997  10.4807276573142   4.0098070    7.5788 /T    0.7954   0.3092273   66.496577   5.8385400         n.a.     n.a.
 2026-Mar-19 12:00 N   00 16 41.06 -00 30 29.0  00 18 00.79 -00 21 50.1  17.20407  7.396487   83.880288 -16.913892    0.933   6.670   99.99747  15.85044  157.822237  -5.759283  10.4851640522491   2.0933407    5.5189 /T    0.5814   0.3121111   66.735846   3.0234976         n.a.     n.a.
 2026-Mar-22 00:00 *m  00 17 49.60 -00 23 05.2  00 19 09.34 -00 14 26.5  17.12168  7.390436  264.118171  14.664786    0.920   6.656   99.99891  15.84619   24.516187  -5.933299  10.4879726180479   1.8341139    3.6155 /T    0.3822   0.3108101   66.652945   2.6593733         n.a.     n.a.
 2026-Mar-24 12:00 N   00 18 58.46 -00 15 42.1  00 20 18.22 -00 07 03.5  17.24640  7.373065   85.270766 -12.763537    0.908   6.644   99.99958  15.84427  251.215862  -6.106994  10.4892479888585  -0.0991049    2.2530 /T    0.2378   0.3126057   66.852644   -0.148969         n.a.     n.a.
 2026-Mar-27 00:00 *m  00 20 07.15 -00 08 20.1  00 21 26.96 +00 00 18.5  17.16120  7.350125  265.958597  10.689450    0.907   6.643   99.99945  15.84477  117.923573  -6.280050  10.4889150676823  -0.3336587    2.5493 /L    0.2657   0.3111498   66.814595   -0.490294         n.a.     n.a.
 2026-Mar-29 12:00 N   00 21 16.04 -00 00 59.8  00 22 35.86 +00 07 39.0  17.22382  7.320729   86.617751  -8.607461    0.914   6.650   99.99854  15.84759  344.637506  -6.452441  10.4870506287866  -2.2707230    4.1559 /L    0.4334   0.3119175   66.972807   -3.292470         n.a.     n.a.
 2026-Apr-01 00:00 *m  00 22 24.65 +00 06 18.6  00 23 44.49 +00 14 57.2  17.13911  7.283398  267.749738   6.702871    0.920   6.657   99.99685  15.85279  211.359855  -6.623881  10.4836058335239  -2.4818863    6.1077 /L    0.6381   0.3103748   66.976561   -3.616290         n.a.     n.a.
 2026-Apr-03 12:00 Nm  00 23 33.33 +00 13 34.7  00 24 53.18 +00 22 13.1  17.14121  7.243527   87.937240  -4.446354    0.924   6.662   99.99438  15.86031   78.088875  -6.794365  10.4786345890620  -4.4162508    8.1651 /L    0.8537   0.3101478   67.092073   -6.419680         n.a.     n.a.
 2026-Apr-06 00:00 *   00 24 41.61 +00 20 48.0  00 26 01.49 +00 29 26.4  17.05855  7.192055  269.511343   2.707594    0.928   6.667   99.99116  15.87019  304.826657  -6.963609  10.4721127134745  -4.6080885   10.2551 /L    1.0719   0.3085449   67.139225   -6.734364         n.a.     n.a.
 2026-Apr-08 12:00 Nm  00 25 49.85 +00 27 58.3  00 27 09.77 +00 36 36.7  17.00054  7.141082   89.243666  -0.280458    0.930   6.671   99.98719  15.88239  171.571543  -7.131603  10.4640706890580  -6.5339449   12.3699 /L    1.2916   0.3073243   67.215148   -9.546804         n.a.     n.a.
 2026-Apr-11 00:00 *   00 26 57.57 +00 35 05.1  00 28 17.55 +00 43 43.5  16.92025  7.074552  271.262195  -1.293978    0.932   6.674   99.98250  15.89692   38.325521  -7.298056  10.4545085175024  -6.7114504   14.4879 /L    1.5103   0.3056615   67.309632   -9.862074         n.a.     n.a.
 2026-Apr-13 12:00 Nm  00 28 05.14 +00 42 08.0  00 29 25.15 +00 50 46.4  16.80043  7.011551   90.551126   3.889868    0.933   6.677   99.97710  15.91378  265.087055  -7.462947  10.4434319144971  -8.6241480   16.6184 /L    1.7286   0.3034141   67.347101   -12.69423         n.a.     n.a.
 2026-Apr-16 00:00 *   00 29 12.06 +00 49 06.5  00 30 32.10 +00 57 44.8  16.71908  6.929039  273.020412  -5.299666    0.933   6.680   99.97105  15.93295  131.858046  -7.625976  10.4308668422986  -8.7897145   18.7459 /L    1.9445   0.3016341   67.488975   -13.01848         n.a.     n.a.
 2026-Apr-18 12:00 C   00 30 18.69 +00 56 00.3  00 31 38.77 +01 04 38.5  16.53314  6.852814   91.873941   8.064378    0.933   6.683   99.96433  15.95446  358.637079  -7.787109  10.4168013484827 -10.6749944   20.8826 /L    2.1591   0.2982848   67.486501   -15.87109         n.a.     n.a.
 2026-Apr-21 00:00 *m  00 31 24.55 +01 02 48.9  00 32 44.68 +01 11 27.1  16.44830  6.753802  274.804706  -9.307425    0.933   6.686   99.95703  15.97824  225.425905  -7.946039  10.4012974245173 -10.8176384   23.0139 /L    2.3703   0.2963484   67.676562   -16.19451         n.a.     n.a.
 2026-Apr-23 12:00 C   00 32 29.97 +01 09 31.8  00 33 50.18 +01 18 10.1  16.19783  6.665163   93.227017  12.243026    0.932   6.689   99.94913  16.00434   92.223157  -8.102743  10.3843327258402 -12.6523223   25.1533 /L    2.5795   0.2919256   67.633568   -19.05333         n.a.     n.a.
 2026-Apr-26 00:00 *m  00 33 34.49 +01 16 08.7  00 34 54.75 +01 24 47.0  16.11484  6.552131  276.634801 -13.315012    0.931   6.691   99.94074  16.03265  319.030369  -8.256943  10.3660021264710 -12.7653069   27.2865 /L    2.7847   0.2899323   67.873841   -19.36488         n.a.     n.a.
 2026-Apr-28 12:00 C   00 34 38.46 +01 22 39.3  00 35 58.77 +01 31 17.4  15.80566  6.453551   94.626828  16.425205    0.930   6.694   99.93184  16.06324  185.846257  -8.408652  10.3462596601765 -14.5433131   29.4277 /L    2.9872   0.2845402   67.789503   -22.23327         n.a.     n.a.
 2026-May-01 00:00 *   00 35 41.43 +01 29 03.1  00 37 01.77 +01 37 41.1  15.72689  6.328370  278.532152 -17.319422    0.928   6.696   99.92253  16.09597   52.672218  -8.557608  10.3252200178801 -14.6365113   31.5629 /L    3.1851   0.2825398   68.080555   -22.54550         n.a.     n.a.
 2026-May-03 12:00 Cm  00 36 43.74 +01 35 19.9  00 38 04.15 +01 43 57.9  15.35883  6.220204   96.091600  20.609898    0.926   6.699   99.91279  16.13098  279.507129  -8.703834  10.3028110104514 -16.3562883   33.7069 /L    3.3798   0.2761766   67.952450   -25.43712         n.a.     n.a.
 2026-May-06 00:00 *   00 37 44.93 +01 41 29.4  00 39 05.41 +01 50 07.5  15.28237  6.082614  280.521407 -21.316799    0.923   6.701   99.90275  16.16808  146.352254  -8.847062  10.2791710848584 -16.4342428   35.8457 /L    3.5695   0.2741396   68.296701   -25.75972         n.a.     n.a.
 2026-May-08 12:00 Cm  00 38 45.34 +01 47 31.2  00 40 05.91 +01 56 09.3  14.85454  5.963682   97.642759  24.795640    0.921   6.703   99.89238  16.20744   13.206618  -8.987305  10.2542075622286 -18.0874731   37.9942 /L    3.7554   0.2667827   68.125918   -28.68109         n.a.     n.a.
 2026-May-11 00:00 *   00 39 44.53 +01 53 24.9  00 41 05.14 +02 02 03.0  14.77930  5.812721  282.630977 -25.302460    0.917   6.705   99.88182  16.24883  240.071323  -9.124281  10.2280848158005 -18.1509853   40.1383 /L    3.9357   0.2646882   68.530209   -29.01849         n.a.     n.a.
 2026-May-13 12:00 *m  00 40 42.81 +01 59 10.2  00 42 03.50 +02 07 48.2  14.29145  5.681728   99.306628  28.980159    0.914   6.707   99.87104  16.29247  106.945546  -9.257997  10.2006896277515 -19.7299511   42.2928 /L    4.1118   0.2563243   68.319148   -31.97744         n.a.     n.a.
 2026-May-16 00:00 *m  00 41 39.75 +02 04 46.5  00 43 00.48 +02 13 24.5  14.21427  5.516764  284.894705 -29.270448    0.910   6.709   99.86019  16.33808  333.830241  -9.388159  10.1722108284845 -19.7799358   44.4433 /L    4.2816   0.2541216   68.788041   -32.33766         n.a.     n.a.
 2026-May-18 12:00 *   00 42 35.65 +02 10 13.7  00 43 56.49 +02 18 51.7  13.66371  5.373177  101.115892  33.160345    0.905   6.711   99.84924  16.38591  200.724745  -9.514771  10.1425208086323 -21.2697945   46.6048 /L    4.4465   0.2447038   68.533039   -35.33806         n.a.     n.a.
 2026-May-21 00:00 *m  00 43 30.08 +02 15 31.1  00 44 51.00 +02 24 09.4  13.58291  5.195519  287.354255 -33.213017    0.901   6.713   99.83835  16.43563   67.629803  -9.637547  10.1118418116450 -21.2947090   48.7623 /L    4.6047   0.2423776   69.067939   -35.71059         n.a.     n.a.
 2026-May-23 12:00 *   00 44 23.34 +02 20 38.7  00 45 44.36 +02 29 17.0  12.97406  5.041552  103.112497  37.331681    0.896   6.714   99.82748  16.48748  294.544835  -9.756525  10.0800366110746 -22.6763278   50.9309 /L    4.7574   0.2319864   68.764524   -38.73981         n.a.     n.a.
 2026-May-26 00:00 *m  00 45 15.02 +02 25 35.9  00 46 36.08 +02 34 14.2  12.89486  4.854046  290.060996 -37.119767    0.890   6.716   99.81679  16.54112  161.470345  -9.871445  10.0473519216785 -22.6745944   53.0958 /L    4.9029   0.2296369   69.372027   -39.11363         n.a.     n.a.
 2026-May-28 12:00 *   00 46 05.42 +02 30 22.7  00 47 26.57 +02 39 01.0  12.23417  4.691004  105.351285  41.487167    0.884   6.717   99.80625  16.59683   28.405889  -9.982370  10.0136285488615 -23.9464135   55.2727 /L    5.0425   0.2183781   69.021449   -42.17588         n.a.     n.a.
 2026-May-31 00:00 *   00 46 54.16 +02 34 58.6  00 48 15.36 +02 43 37.0  12.15768  4.494555  293.080004 -40.976117    0.878   6.718   99.79600  16.65421  255.351805 -10.089044  9.97912679459936 -23.9293253   57.4467 /L    5.1743   0.2160313   69.711224   -42.56215         n.a.     n.a.
 2026-Jun-02 12:00 *m  00 47 41.50 +02 39 23.6  00 49 02.83 +02 48 02.1  11.44523  4.322154  107.905192  45.616590    0.872   6.719   99.78603  16.71360  122.307855 -10.191533  9.94366509227565 -25.0923816   59.6337 /L    5.2998   0.2039024   69.311553   -45.67574         n.a.     n.a.
 2026-Jun-05 00:00 *   00 48 27.09 +02 43 37.1  00 49 48.48 +02 52 15.8  11.36746  4.116515  296.494165 -44.762201    0.865   6.720   99.77647  16.77457  349.274223 -10.289571  9.90752137961844 -25.0642424   61.8188 /L    5.4171   0.2014978   70.093088   -46.08752         n.a.     n.a.
 2026-Jun-07 12:00 *m  00 49 11.16 +02 47 39.1  00 50 32.67 +02 56 17.8  10.60208  3.933533  110.874716  49.704882    0.858   6.721   99.76729  16.83749  216.250857 -10.383216  9.87050024280710 -26.1102549   64.0182 /L    5.5276   0.1884710   69.644383   -49.26486         n.a.     n.a.
 2026-Jun-10 00:00 *   00 49 53.38 +02 51 28.9  00 51 14.92 +03 00 07.7  10.52006  3.717872  300.409332 -48.450992    0.850   6.722   99.75866  16.90187   83.237750 -10.472186  9.83290135560453 -26.0677518   66.2166 /L    5.6294   0.1859616   70.536188   -49.70601         n.a.     n.a.
 2026-Jun-12 12:00 *m  00 50 33.95 +02 55 06.6  00 51 55.61 +03 03 45.5  9.702938  3.523069  114.400802  53.729590    0.843   6.722   99.75053  16.96811  310.235002 -10.556533  9.79451948341101 -26.9848501   68.4301 /L    5.7239   0.1720457   70.044396   -52.95371         n.a.     n.a.
 2026-Jun-15 00:00 *m  00 51 12.57 +02 58 31.5  00 52 34.30 +03 07 10.6  9.615099  3.297585  304.960814 -52.004936    0.834   6.723   99.74305  17.03567  177.242398 -10.635971  9.75567538669656 -26.9229206   70.6432 /L    5.8092   0.1694142   71.070131   -53.42339         n.a.     n.a.
 2026-Jun-17 12:00 *   00 51 49.42 +03 01 43.6  00 53 11.29 +03 10 23.1  8.748851  3.092239  118.683936  57.656601    0.826   6.723   99.73620  17.10496   44.260181 -10.710569  9.71615732092618 -27.6971074   72.8719 /L    5.8866   0.1546540   70.534293   -56.74369         n.a.     n.a.
 2026-Jun-20 00:00 *m  00 52 24.22 +03 04 42.4  00 53 46.14 +03 13 22.1  8.656543  2.860389  310.317614 -55.371586    0.817   6.723   99.73009  17.17540  271.287885 -10.780076  9.67630727631976 -27.6088325   75.1001 /L    5.9545   0.1519481   71.714852   -57.22973         n.a.     n.a.
 2026-Jun-22 12:00 *   00 52 57.13 +03 07 28.0  00 54 19.16 +03 16 07.9  7.748377  2.647556  124.012289  61.432348    0.808   6.723   99.72471  17.24741  138.325879 -10.844598  9.63590451927215 -28.2319385   77.3441 /L    6.0140   0.1364703   71.135130   -60.61905         n.a.     n.a.
 2026-Jun-25 00:00 *m  00 53 27.93 +03 10 00.0  00 54 50.00 +03 18 40.0  7.654460  2.411590  316.680034 -58.477782    0.799   6.722   99.72016  17.32040    5.373475 -10.903907  9.59530206959175 -28.1208877   79.5880 /L    6.0636   0.1337561   72.512613   -61.11533         n.a.     n.a.
 2026-Jun-27 12:00 *   00 53 56.75 +03 12 18.5  00 55 18.95 +03 20 58.7  6.710461  2.191585  130.793029  64.971987    0.789   6.722   99.71641  17.39479  232.431200 -10.958115  9.55426633946291 -28.5928811   81.8485 /L    6.1045   0.1176546   71.913363   -64.58201         n.a.     n.a.
 2026-Jun-30 00:00 *   00 54 23.41 +03 14 22.9  00 55 45.66 +03 23 03.5  6.615386  1.951843  324.259448 -61.223357    0.779   6.721   99.71356  17.46996   99.498172 -11.006997  9.51315714387664 -28.4659969   84.1097 /L    6.1353   0.1149553   73.561520   -65.09076         n.a.     n.a.
 2026-Jul-02 12:00 *m  00 54 47.99 +03 16 13.6  00 56 10.38 +03 24 54.5  5.638678  1.724518  139.566377  68.140409    0.769   6.720   99.71157  17.54637  326.575115 -11.050662  9.47172837325354 -28.7890605   86.3885 /L    6.1569   0.0982749   72.994415   -68.65274         n.a.     n.a.
 2026-Jul-05 00:00 *   00 55 10.35 +03 17 49.8  00 56 32.78 +03 26 31.1  5.538399  1.481185  333.218452 -63.478394    0.758   6.719   99.71052  17.62337  193.660980 -11.088886  9.43034640640668 -28.6501999   88.6689 /L    6.1682   0.0955507   75.027263   -69.18451         n.a.     n.a.
 2026-Jul-07 12:00 Cm  00 55 30.55 +03 19 12.0  00 56 53.09 +03 27 53.4  4.529496  1.246050  150.914282  70.729220    0.747   6.718   99.71039  17.70142   60.756681 -11.121771  9.38876104892460 -28.8185038   90.9679 /L    6.1700   0.0782960   74.618594   -72.86352         n.a.     n.a.
 2026-Jul-10 00:00 *   00 55 48.46 +03 20 19.4  00 57 11.03 +03 29 01.1  4.420101  0.999041  343.557616 -65.089736    0.736   6.717   99.71123  17.77984  287.860965 -11.149091  9.34735104339424 -28.6605821   93.2694 /L    6.1611   0.0755266   77.263888   -73.41905         n.a.     n.a.
 2026-Jul-12 12:00 Cm  00 56 04.11 +03 21 12.3  00 57 26.83 +03 29 54.5  3.383279  0.756262  165.077201  72.451870    0.725   6.715   99.71302  17.85910  154.974872 -11.170944  9.30587071666019 -28.6599285   95.5902 /L    6.1423   0.0577795   77.399852   -77.22255         n.a.     n.a.
 2026-Jul-15 00:00 *m  00 56 17.43 +03 21 50.2  00 57 40.21 +03 30 32.9  3.266835  0.507664  354.975118 -65.906489    0.714   6.713   99.71579  17.93844   22.096884 -11.187132  9.26471183208868 -28.4718785   97.9138 /L    6.1127   0.0551008   81.166918   -77.77129         n.a.     n.a.
 2026-Jul-17 12:00 C   00 56 28.41 +03 22 13.5  00 57 51.31 +03 30 56.6  2.213237  0.261071  181.246739  73.012017    0.702   6.711   99.71952  18.01833  249.228122 -11.197791  9.22363139708099 -28.2942072  100.2567 /L    6.0728   0.0371430   83.272540   -81.67313         n.a.     n.a.
 2026-Jul-20 00:00 *m  00 56 37.05 +03 22 21.8  00 57 59.97 +03 31 05.2  2.094927  0.015668    6.820737 -65.826039    0.690   6.709   99.72419  18.09801  116.366830 -11.202780  9.18302143863525 -28.0781574  102.6020 /L    6.0220   0.0349164   89.571486   -82.14071         n.a.     n.a.
 2026-Jul-22 12:00 C   00 56 43.31 +03 22 15.5  00 58 06.34 +03 30 59.2  1.034001  -0.23142  197.383698  72.268800    0.678   6.707   99.72979  18.17796  343.514269 -11.202265  9.14263371522541 -27.7290376  104.9667 /L    5.9609   0.0176597   102.61541   -85.97398         n.a.     n.a.
 2026-Jul-25 00:00 *m  00 56 47.23 +03 21 54.3  00 58 10.29 +03 30 38.5  0.914224  -0.47199   18.277249 -64.835048    0.666   6.704   99.73629  18.25740  210.668505 -11.196131  9.10285532913754 -27.4909604  107.3340 /L    5.8888   0.0171479   117.30611   -86.07364         n.a.     n.a.
 2026-Jul-27 12:00 C   00 56 48.74 +03 21 18.7  00 58 11.94 +03 30 03.4  -0.14720  -0.71903  211.476014  70.342370    0.654   6.701   99.74365  18.33680   77.830943 -11.184537  9.06343830866673 -26.9728136  109.7211 /L    5.8064   0.0122324   191.56963   -87.15559         n.a.     n.a.
 2026-Jul-30 00:00 *   00 56 47.94 +03 20 28.3  00 58 11.17 +03 29 13.6  -0.26782  -0.95434   28.681078 -63.013128    0.641   6.698   99.75182  18.41538  304.999456 -11.167383  9.02476549054272 -26.7145119  112.1111 /L    5.7131   0.0165202   195.67602   -86.14062         n.a.     n.a.
 2026-Aug-01 12:00 Cm  00 56 44.72 +03 19 23.8  00 58 08.06 +03 28 09.5  -1.32219  -1.20066  222.758519  67.510823    0.629   6.695   99.76077  18.49360  172.175584 -11.144825  8.98659039848769 -26.0313474  114.5216 /L    5.6094   0.0297666   227.75793   -82.91926         n.a.     n.a.
 2026-Aug-04 00:00 *   00 56 39.22 +03 18 04.7  00 58 02.57 +03 26 50.8  -1.44543  -1.42985   37.714537 -60.495381    0.616   6.692   99.77043  18.57069   39.357043 -11.116785  8.94928787635974 -25.7552617  116.9356 /L    5.4951   0.0338860   225.31054   -81.89963         n.a.     n.a.
 2026-Aug-06 12:00 Cm  00 56 31.30 +03 16 31.6  00 57 54.74 +03 25 18.1  -2.48832  -1.67418  231.493291  64.048076    0.603   6.688   99.78077  18.64709  266.545509 -11.083414  8.91261911071513 -24.9063421  119.3706 /L    5.3703   0.0499850   236.06665   -77.79976         n.a.     n.a.
 2026-Aug-09 00:00 *   00 56 21.12 +03 14 44.2  00 57 44.61 +03 23 31.4  -2.61614  -1.89554   45.368628 -57.426089    0.591   6.684   99.79167  18.72201  133.738519 -11.044666  8.87695710179834 -24.6034329  121.8095 /L    5.2350   0.0538446   234.07464   -76.78466         n.a.     n.a.
 2026-Aug-11 12:00 Cm  00 56 08.54 +03 12 43.3  00 57 32.15 +03 21 31.2  -3.63781  -2.13472  238.266022  60.155324    0.578   6.680   99.80313  18.79585    0.937793 -11.000708  8.84208033569529 -23.5791510  124.2695 /L    5.0894   0.0702984   239.59491   -72.32557         n.a.     n.a.
 2026-Aug-14 00:00 *m  00 55 53.78 +03 10 28.7  00 57 17.41 +03 19 17.1  -3.76319  -2.34385   51.802913 -53.931144    0.565   6.676   99.81500  18.86781  228.140619 -10.951562  8.80835791102092 -23.2397773  126.7328 /L    4.9336   0.0738904   238.08393   -71.29772         n.a.     n.a.
 2026-Aug-16 12:00 C   00 55 36.67 +03 08 01.1  00 57 00.37 +03 16 49.9  -4.74583  -2.57236  243.613869  55.964777    0.553   6.672   99.82725  18.93829   95.348730 -10.897441  8.77557764084072 -22.0450223  129.2164 /L    4.7678   0.0899691   241.54121   -66.59184         n.a.     n.a.
 2026-Aug-19 00:00 *m  00 55 17.50 +03 05 20.6  00 56 41.21 +03 14 09.9  -4.86131  -2.76488   57.228295 -50.109961    0.540   6.667   99.83973  19.00650  322.559247 -10.838436  8.74408598435779 -21.6799303  131.7025 /L    4.5924   0.0932096   240.37088   -65.56221         n.a.     n.a.
 2026-Aug-21 12:00 N   00 54 56.08 +03 02 28.2  00 56 19.88 +03 11 18.0  -5.79442  -2.97957  247.940734  51.561855    0.528   6.662   99.85241  19.07284  189.774013 -10.774771  8.71367268926842 -20.3329181  134.2083 /L    4.4074   0.1085935   242.78713   -60.64142         n.a.     n.a.
 2026-Aug-24 00:00 *m  00 54 32.74 +02 59 23.8  00 55 56.57 +03 08 14.3  -5.90066  -3.15415   61.846045 -46.037295    0.516   6.658   99.86512  19.13655   56.990061 -10.706575  8.68466175110397 -19.9498666  136.7158 /L    4.2136   0.1115128   241.87365   -59.59683         n.a.     n.a.
 2026-Aug-26 12:00 N   00 54 07.26 +02 56 08.4  00 55 31.17 +03 04 59.5  -6.77705  -3.35372  251.532046  47.002349    0.503   6.653   99.87782  19.19802  284.209318 -10.634062  8.65685477126092 -18.4598655  139.2427 /L    4.0106   0.1260246   243.67080   -54.45982         n.a.     n.a.
 2026-Aug-29 00:00 *   00 53 40.02 +02 52 42.1  00 55 03.94 +03 01 33.7  -6.87354  -3.50984   65.827246 -41.768774    0.491   6.647   99.89035  19.25652  151.428709 -10.557392  8.63055620782533 -18.0588229  141.7709 /L    3.7996   0.1286301   242.94973   -53.38592         n.a.     n.a.
 2026-Aug-31 12:00 Nm  00 53 10.77 +02 49 05.8  00 54 34.73 +02 57 57.9  -7.68405  -3.69308  254.586984  42.323847    0.479   6.642   99.90268  19.31240   18.650201 -10.476769  8.60558290923163 -16.4338825  144.3182 /L    3.5800   0.1420910   244.33028   -48.03369         n.a.     n.a.
 2026-Sep-03 00:00 *   00 52 39.93 +02 45 19.7  00 54 03.91 +02 54 12.3  -7.76969  -3.82955   69.309474 -37.345939    0.468   6.636   99.91464  19.36498  245.870633 -10.392392  8.58221694676559 -16.0147445  146.8663 /L    3.3532   0.1443698   243.76209   -46.92000         n.a.     n.a.
 2026-Sep-05 12:00 Nm  00 52 07.23 +02 41 24.7  00 53 31.28 +02 50 18.0  -8.50621  -3.99344  257.246395  37.553027    0.456   6.631   99.92619  19.41457  113.091996 -10.304472  8.56029364495150 -14.2616169  149.4328 /L    3.1186   0.1566163   244.85117   -41.35133         n.a.     n.a.
 2026-Sep-08 00:00 *   00 51 33.14 +02 37 21.3  00 52 57.22 +02 46 15.2  -8.57878  -4.10666   72.400917 -32.800257    0.445   6.625   99.93716  19.46054  340.311038 -10.213275  8.54007475563719 -13.8188125  151.9990 /L    2.8778   0.1585174   244.41959   -40.18292         n.a.     n.a.
 2026-Sep-10 12:00 Nm  00 50 57.36 +02 33 10.4  00 52 21.49 +02 42 04.9  -9.22888  -4.24596  259.611613  32.709718    0.434   6.619   99.94754  19.50314  207.529708 -10.119044  8.52141793824175 -11.9427340  154.5819 /L    2.6300   0.1693126   245.29408   -34.40625         n.a.     n.a.
 2026-Sep-13 00:00 *m  00 50 20.43 +02 28 52.6  00 51 44.55 +02 37 47.5  -9.28001  -4.33146   75.186661 -28.156528    0.424   6.613   99.95715  19.54181   74.744657 -10.022125  8.50455790014933 -11.4767260  157.1616 /L    2.3773   0.1706850   244.97912   -33.19101         n.a.     n.a.
 2026-Sep-15 12:00 N   00 49 42.05 +02 24 29.1  00 51 06.20 +02 33 24.4  -9.82890  -4.44222  261.757399  27.809847    0.413   6.606   99.96598  19.57678  301.957791  -9.922784  8.48936562084245  -9.4976101  159.7547 /L    2.1189   0.1797689   245.67920   -27.24565         n.a.     n.a.
 2026-Sep-18 00:00 *m  00 49 02.78 +02 20 00.4  00 50 26.95 +02 28 56.2  -9.85314  -4.49837   77.733387 -23.434953    0.403   6.600   99.97389  19.60757  169.165765  -9.821414  8.47603632722947  -9.0227331  162.3399 /L    1.8571   0.1805237   245.46132   -26.00854         n.a.     n.a.
 2026-Sep-20 12:00 N   00 48 22.31 +02 15 27.7  00 49 46.53 +02 24 24.1  -10.2943  -4.57938  263.740800  22.867084    0.393   6.593   99.98085  19.63440   36.370515  -9.718271  8.46445083261463  -6.9675159  164.9321 /L    1.5913   0.1877811   246.01820   -19.93767         n.a.     n.a.
 2026-Sep-23 00:00 *m  00 47 41.24 +02 10 51.7  00 49 05.46 +02 19 48.6  -10.2938  -4.60625   80.094636 -18.652570    0.383   6.586   99.98675  19.65689  263.568777  -9.613772  8.45476642050564  -6.4941238  167.5058 /L    1.3244   0.1879566   245.89250   -18.68404         n.a.     n.a.
 2026-Sep-25 12:00 N   00 46 59.23 +02 06 13.4  00 48 23.47 +02 15 10.8  -10.6256  -4.65742  265.606321  17.893151    0.373   6.577   99.99159  19.67524  130.762498  -9.508156  8.44688229373461  -4.3807525  170.0677 /L    1.0564   0.1933589   246.33124   -12.51607         n.a.     n.a.
 2026-Sep-28 00:00 *   00 46 16.89 +02 01 33.6  00 47 41.11 +02 10 31.3  -10.6031  -4.65600   82.314588 -13.823987    0.361   6.567   99.99528  19.68913  357.948492  -9.401850  8.44092354939872  -3.9091977  172.5693 /L    0.7929   0.1930047   246.29283   -11.23319         n.a.     n.a.
 2026-Sep-30 12:00 Nm  00 45 33.86 +01 56 53.2  00 46 58.10 +02 05 51.3  -10.8227  -4.67763  267.390249  12.898470    0.348   6.555   99.99781  19.69872  225.128652  -9.295071  8.43681426255390  -1.7485777  174.9454 /L    0.5412   0.1965055   246.62583   -4.992274         n.a.     n.a.
 2026-Oct-03 00:00 *   00 44 50.78 +01 52 13.1  00 46 15.04 +02 01 11.6  -10.7764  -4.64763   84.430247  -8.961957    0.334   6.542   99.99914  19.70378   92.299848  -9.188273  8.43464924710460  -1.2753171  176.8398 /L    0.3384   0.1955985   246.67052   -3.664698         n.a.     n.a.
 2026-Oct-05 12:00 Nm  00 44 07.30 +01 47 34.1  00 45 31.58 +01 56 33.2  -10.8776  -4.63724  269.123473   7.892810    0.333   6.541   99.99928  19.70441  319.463873  -9.081684  8.43437652228857   0.9190520  177.0922 /L    0.3059   0.1970807   246.91099   2.6131809         n.a.     n.a.
 2026-Oct-08 00:00 *   00 43 24.07 +01 42 57.4  00 44 48.34 +01 51 56.7  -10.8035  -4.57567   86.473796  -4.078250    0.346   6.554   99.99821  19.70050  186.617686  -8.975813  8.43605413489913   1.3903470  175.4091 /T    0.4808   0.1955420   247.04557   3.9829065         n.a.     n.a.
 2026-Oct-10 12:00 N   00 42 40.72 +01 38 23.8  00 44 04.98 +01 47 23.4  -10.7813  -4.53046  270.833152   2.885698    0.362   6.568   99.99593  19.69210   53.762993  -8.870906  8.43964840700119   3.5962446  173.0760 /T    0.7256   0.1949085   247.20716   10.246270         n.a.     n.a.
 2026-Oct-13 00:00 *m  00 41 57.93 +01 33 54.4  00 43 22.19 +01 42 54.2  -10.6773  -4.43670   88.473988   0.815972    0.375   6.580   99.99249  19.67922  280.896910  -8.767497  8.44517527799342   4.0554875  170.5693 /T    0.9874   0.1927074   247.43593   11.643052         n.a.     n.a.
 2026-Oct-15 12:00 N   00 41 15.35 +01 29 30.2  00 42 39.61 +01 38 30.4  -10.5309  -4.35778  272.544994  -2.113163    0.387   6.590   99.98790  19.66189  148.021075  -8.665810  8.45261712128092   6.2470234  167.9867 /T    1.2551   0.1899495   247.51986   17.837315         n.a.     n.a.
 2026-Oct-18 00:00 *m  00 40 33.62 +01 25 12.1  00 41 57.89 +01 34 12.6  -10.3982  -4.23447   90.457539   5.710074    0.398   6.599   99.98223  19.64021   15.132814  -8.566363  8.46194710847617   6.6831486  165.3804 /T    1.5223   0.1871223   247.84232   19.242728         n.a.     n.a.
 2026-Oct-20 12:00 N   00 39 52.40 +01 21 01.0  00 41 16.66 +01 30 01.8  -10.1311  -4.12466  274.284118  -7.094106    0.409   6.607   99.97549  19.61421  242.233705  -8.469344  8.47316357427781   8.8343304  162.7490 /T    1.7887   0.1823091   247.84735   25.315298         n.a.     n.a.
 2026-Oct-23 00:00 *m  00 39 12.32 +01 16 57.7  00 40 36.57 +01 25 58.6  -9.97497  -3.97476   92.451114  10.593657    0.420   6.615   99.96780  19.58409  109.321342  -8.375244  8.48619774421679   9.2377001  160.1169 /T    2.0511   0.1789621   248.27403   26.707257         n.a.     n.a.
 2026-Oct-25 12:00 Nm  00 38 33.02 +01 13 03.1  00 39 57.23 +01 22 04.0  -9.59661  -3.83721  276.076370 -12.047548    0.432   6.622   99.95918  19.54983  336.397249  -8.284212  8.50106836368585  11.3291389  157.4710 /T    2.3103   0.1722556   248.20596   32.616788         n.a.     n.a.
 2026-Oct-28 00:00 *   00 37 55.11 +01 09 17.8  00 39 19.33 +01 18 18.9  -9.42444  -3.66402   94.482345  15.456737    0.443   6.630   99.94976  19.51172  203.459287  -8.196705  8.51767416977859  11.7020662  154.8315 /T    2.5636   0.1685272   248.75501   33.992476         n.a.     n.a.
 2026-Oct-30 12:00 Nm  00 37 18.23 +01 05 42.5  00 38 42.44 +01 14 43.9  -8.94187  -3.50121  277.950180 -16.963791    0.455   6.637   99.93957  19.46968   70.508837  -8.112840  8.53606346025450  13.7273492  152.1819 /T    2.8124   0.1600483   248.61705   39.731923         n.a.     n.a.
 2026-Nov-02 00:00 *   00 36 42.97 +01 02 18.1  00 38 07.20 +01 11 19.7  -8.75271  -3.30547   96.581182  20.289467    0.467   6.643   99.92876  19.42407  297.543957  -8.033069  8.55610742747956  14.0769076  149.5417 /T    3.0539   0.1559346   249.31092   41.113277         n.a.     n.a.
 2026-Nov-04 12:00 Nm  00 36 08.98 +00 59 05.1  00 37 33.18 +01 08 06.8  -8.16580  -3.11715  279.937616 -21.832557    0.479   6.650   99.91737  19.37478  164.565835  -7.957517  8.57787630966619  16.0209782  146.8937 /T    3.2897   0.1456755   249.10650   46.683741         n.a.     n.a.
 2026-Nov-07 00:00 *   00 35 36.87 +00 56 04.4  00 37 01.04 +01 05 06.1  -7.95735  -2.89888   98.781692  25.081261    0.491   6.656   99.90558  19.32224   31.572791  -7.886635  8.60120066662595  16.3361833  144.2575 /T    3.5170   0.1411489   249.98318   48.063669         n.a.     n.a.
 2026-Nov-09 12:00 N   00 35 06.27 +00 53 16.6  00 36 30.40 +01 02 18.3  -7.27315  -2.68690  282.076549 -26.642179    0.503   6.662   99.89341  19.26632  258.565916  -7.820531  8.62616229977836  18.1720588  141.6156 /T    3.7374   0.1292265   249.72440   53.441317         n.a.     n.a.
 2026-Nov-12 00:00 *m  00 34 37.74 +00 50 42.4  00 36 01.89 +00 59 44.1  -7.05103  -2.44951  101.123508  29.820786    0.515   6.667   99.88106  19.20756  125.543873  -7.759609  8.65255324179874  18.4421465  138.9877 /T    3.9484   0.1244066   250.84292   54.793842         n.a.     n.a.
 2026-Nov-14 12:00 A   00 34 10.95 +00 48 22.1  00 35 35.07 +00 57 24.0  -6.28159  -2.21869  284.413302 -31.379439    0.528   6.673   99.86855  19.14578  352.507648  -7.703930  8.68047212866003  20.1516710  136.3559 /T    4.1515   0.1110317   250.54649   59.965333         n.a.     n.a.
 2026-Nov-17 00:00 *m  00 33 46.39 +00 46 16.4  00 35 10.52 +00 55 18.3  -6.05167  -1.96716  103.655429  34.495521    0.540   6.678   99.85608  19.08158  219.456227  -7.653835  8.70968018859547  20.3738087  133.7398 /T    4.3444   0.1060560   251.99272   61.274465         n.a.     n.a.
 2026-Nov-19 12:00 A   00 33 23.76 +00 44 25.6  00 34 47.83 +00 53 27.4  -5.20818  -1.72257  287.005347 -36.029182    0.553   6.682   99.84366  19.01474   86.390460  -7.609334  8.74029445896764  21.9433880  131.1211 /T    4.5285   0.0914276   251.69869   66.240378         n.a.     n.a.
 2026-Nov-22 00:00 *m  00 33 03.50 +00 42 49.9  00 34 27.56 +00 51 51.6  -4.97636  -1.46128  106.439333  39.090929    0.565   6.687   99.83149  18.94591  313.309663  -7.570710  8.77204669808761  22.1148250  128.5193 /T    4.7018   0.0864412   253.63537   67.487204         n.a.     n.a.
 2026-Nov-24 12:00 Am  00 32 45.29 +00 41 29.8  00 34 09.30 +00 50 31.4  -4.07312  -1.20713  289.926109 -40.573002    0.577   6.691   99.81956  18.87485  180.214564  -7.537930  8.80507279089433  23.5347438  125.9157 /T    4.8658   0.0708038   253.49204   72.244330         n.a.     n.a.
 2026-Nov-27 00:00 *   00 32 29.55 +00 40 25.3  00 33 53.60 +00 49 27.0  -3.84639  -0.93904  109.555122  43.589521    0.589   6.694   99.80809  18.80222   47.104788  -7.511229  8.83908517671957  23.6631973  123.3293 /T    5.0185   0.0659894   256.28044   73.407828         n.a.     n.a.
 2026-Nov-29 12:00 Am  00 32 15.97 +00 39 36.7  00 33 39.98 +00 48 38.4  -2.89291  -0.67688  293.270977 -44.987618    0.601   6.697   99.79704  18.72773  273.980852  -7.490565  8.87424602753973  24.9357032  120.7411 /T    5.1614   0.0495174   256.83092   77.974568         n.a.     n.a.
 2026-Dec-02 00:00 *   00 32 04.93 +00 39 04.3  00 33 28.95 +00 48 05.9  -2.66905  -0.40223  113.108732  47.968757    0.613   6.700   99.78660  18.65205  140.842615  -7.476161  8.91025005285552  25.0278167  118.1705 /T    5.2927   0.0449864   261.42996   79.043192         n.a.     n.a.
 2026-Dec-04 12:00 Am  00 31 56.17 +00 38 48.2  00 33 20.11 +00 47 49.5  -1.66907  -0.13310  297.164276 -49.242169    0.624   6.703   99.77677  18.57487    7.690378  -7.467973  8.94727285345144  26.1416939  115.5986 /T    5.4138   0.0279062   265.44050   83.414131         n.a.     n.a.
 2026-Dec-07 00:00 *   00 31 50.01 +00 38 48.5  00 33 13.96 +00 47 49.7  -1.44740  0.145812  117.241642  52.198113    0.636   6.705   99.76770  18.49692  234.524308  -7.466185  8.98498063630540  26.1871309  113.0451 /T    5.5229   0.0242454   275.75262   84.257861         n.a.     n.a.
 2026-Dec-09 12:00 A   00 31 46.22 +00 39 05.4  00 33 10.12 +00 48 06.5  -0.41210  0.418333  301.768752 -53.294118    0.647   6.707   99.75938  18.41785  101.344585  -7.470724  9.02355485794096  27.1242964  110.4911 /T    5.6214   0.0097870   315.43015   87.746193         n.a.     n.a.
 2026-Dec-12 00:00 *m  00 31 45.06 +00 39 38.9  00 33 08.99 +00 48 39.9  -0.19946  0.697518  122.144260  56.235151    0.658   6.708   99.75194  18.33842  328.151726  -7.481714  9.06263931853917  27.1170334  107.9566 /T    5.7078   0.0120913   344.04190   87.203526         n.a.     n.a.
 2026-Dec-14 12:00 A   00 31 46.31 +00 40 28.9  00 33 10.18 +00 49 29.7  0.856616  0.969077  307.292699 -57.084775    0.668   6.709   99.74536  18.25825  194.945778  -7.499037  9.10242837550435  27.8720637  105.4225 /T    5.7835   0.0215568   41.475100   85.135951         n.a.     n.a.
 2026-Dec-17 00:00 *m  00 31 50.19 +00 41 35.3  00 33 14.06 +00 50 35.9  1.054523  1.244332  128.071319  60.019106    0.678   6.709   99.73974  18.17812   61.727549  -7.522757  9.14255413408480  27.8169286  102.9084 /T    5.8472   0.0271845   40.279981   83.835898         n.a.     n.a.
 2026-Dec-19 12:00 A   00 31 56.49 +00 42 58.0  00 33 20.28 +00 51 58.3  2.120257  1.510995  313.989085 -60.532446    0.688   6.710   99.73505  18.09761  288.496910  -7.552721  9.18322664502175  28.3918696  100.3953 /T    5.9000   0.0433929   54.524530   80.371144         n.a.     n.a.
 2026-Dec-22 00:00 *m  00 32 05.38 +00 44 36.8  00 33 29.19 +00 53 36.9  2.300870  1.779071  135.347490  63.461818    0.698   6.709   99.73138  18.01747  155.254919  -7.588943  9.22407001991972  28.2955348   97.9026 /T    5.9410   0.0484742   52.288197   79.186015         n.a.     n.a.
 2026-Dec-24 12:00 Am  00 32 16.67 +00 46 31.4  00 33 40.45 +00 55 31.4  3.366885  2.038867  322.127472 -63.524569    0.707   6.709   99.72866  17.93728   22.001263  -7.631255  9.26530832668160  28.6942826   95.4109 /T    5.9713   0.0656017   58.802378   75.637882         n.a.     n.a.
 2026-Dec-27 00:00 *   00 32 30.50 +00 48 41.6  00 33 54.31 +00 57 41.5  3.529331  2.299555  144.337638  66.436655    0.716   6.708   99.72697  17.85777  248.737215  -7.679655  9.30656272398418  28.5660890   92.9390 /T    5.9900   0.0702063   56.913522   74.544967         n.a.     n.a.
 2026-Dec-29 12:00 Am  00 32 46.71 +00 51 07.3  00 34 10.45 +01 00 06.9  4.590685  2.553519  331.903453 -65.914839    0.724   6.706   99.72626  17.77848  115.462249  -7.733994  9.34807004461402  28.7937356   90.4677 /T    5.9982   0.0875513   60.915470   71.037979         n.a.     n.a.
$$EOE
**********************************************************************************************************************************************************************************************************************************************************************************************
Column meaning:
 
TIME

  Times PRIOR to 1962 are UT1, a mean-solar time closely related to the
prior but now-deprecated GMT. Times AFTER 1962 are in UTC, the current
civil or "wall-clock" time-scale. UTC is kept within 0.9 seconds of UT1
using integer leap-seconds for 1972 and later years.

  Conversion from the internal Barycentric Dynamical Time (TDB) of solar
system dynamics to the non-uniform civil UT time-scale requested for output
has not been determined for UTC times after the next July or January 1st.
Therefore, the last known leap-second is used as a constant over future
intervals.

  Time tags refer to the UT time-scale conversion from TDB on Earth
regardless of observer location within the solar system, although clock
rates may differ due to the local gravity field and no analog to "UT"
may be defined for that location.

  Any 'b' symbol in the 1st-column denotes a B.C. date. First-column blank
(" ") denotes an A.D. date.
 
CALENDAR SYSTEM

  Mixed calendar mode was active such that calendar dates after AD 1582-Oct-15
(if any) are in the modern Gregorian system. Dates prior to 1582-Oct-5 (if any)
are in the Julian calendar system, which is automatically extended for dates
prior to its adoption on 45-Jan-1 BC.  The Julian calendar is useful for
matching historical dates. The Gregorian calendar more accurately corresponds
to the Earth's orbital motion and seasons. A "Gregorian-only" calendar mode is
available if such physical events are the primary interest.

  NOTE: "n.a." in output means quantity "not available" at the print-time.
 
SOLAR PRESENCE (OBSERVING SITE)
  Time tag is followed by a blank, then a solar-presence symbol:

       '*'  Daylight (refracted solar upper-limb on or above apparent horizon)
       'C'  Civil twilight/dawn
       'N'  Nautical twilight/dawn
       'A'  Astronomical twilight/dawn
       ' '  Night OR geocentric ephemeris

LUNAR PRESENCE (OBSERVING SITE)
  The solar-presence symbol is immediately followed by a lunar-presence symbol:

       'm'  Refracted upper-limb of Moon on or above apparent horizon
       ' '  Refracted upper-limb of Moon below apparent horizon OR geocentric
            ephemeris
 
 'R.A._____(ICRF)_____DEC' =
  Astrometric right ascension and declination of the target center with
respect to the observing site (coordinate origin) in the reference frame of
the planetary ephemeris (ICRF). Compensated for down-leg light-time delay
aberration.

  Units: RA  in hours-minutes-seconds of time,    HH MM SS.ff{ffff}
         DEC in degrees-minutes-seconds of arc,  sDD MN SC.f{ffff}
 
 'R.A.__(a-apparent)__DEC' =
  Airless apparent right ascension and declination of the target center
with respect to an instantaneous reference frame defined by the Earth equator
of-date (z-axis) and meridian containing the Earth equinox of-date (x-axis,
EOP-corrected IAU76/80). Compensated for down-leg light-time delay,
gravitational deflection of light, stellar aberration, precession & nutation.
Note: equinox (RA origin) is offset -53 mas from the of-date frame defined
by the IAU06/00a P & N system.

  Units: RA  in hours-minutes-seconds of time,   HH MM SS.ff{ffff}
         DEC in degrees-minutes-seconds of arc, sDD MN SC.f{ffff}
 
 'dRA*cosD d(DEC)/dt' =
  The angular rate of change in apparent RA and DEC of the target. This is
with respect to the non-inertial IAU76/80 Earth true equator and equinox
of-date reference frame.  d(RA)/dt is multiplied by the cosine of declination
to provide a linear rate in the plane-of-sky. Units: ARCSECONDS PER HOUR
 
 'Azi____(a-app)___Elev' =
  Airless apparent azimuth and elevation of target center. Compensated
for light-time, the gravitational deflection of light, stellar aberration,
precession and nutation. Azimuth is measured clockwise from north:

  North(0) -> East(90) -> South(180) -> West(270) -> North (360)

Elevation angle is with respect to a plane perpendicular to the reference
surface local zenith direction. TOPOCENTRIC ONLY.  Units: DEGREES
 
 'APmag   S-brt' =
   Saturn's approximate apparent visual magnitude and surface brightness. The
value includes the ring system when the solar phase angle of the observer is
less than 6.5 degrees (typical when observed from Earth) AND effective ring
inclination is less than 27 degrees. Otherwise, the value is that of the globe
only (no rings).  An "n.a." will be output if outside the range of phase-angles
for which the model is valid.

   For Earth-based observers, the estimated dimming due to atmospheric
absorption (extinction) is available as a separate, requestable quantity.

   Surface brightness is the average airless visual magnitude of a
square-arcsecond of the illuminated portion of the apparent disk.

 MAGNITUDES & MAGNITUDES PER SQUARE ARCSECOND
 
 'Illu%' =
   Fraction of the target objects' assumed circular disk illuminated by Sun
(phase), as seen by the observer.  Units: PERCENT
 
 'Ang-diam' =
   The equatorial angular width of the target body full disk, if it were fully
illuminated and visible to the observer. If the target body diameter is unknown
"n.a." is output.

   Units: ARCSECONDS
 
 'ObsSub-LON ObsSub-LAT' =
   Apparent planetodetic longitude and latitude of the center of the target
disc seen by the OBSERVER at print-time. This is NOT exactly the same as the
"nearest" sub-point for a non-spherical target shape (since the center of the
disc might not be the point closest to the observer), but is generally very
close if not a very irregular body shape. Down-leg light travel-time from
target to observer is taken into account. Latitude is the angle between the
equatorial plane and the line perpendicular to the reference ellipsoid of the
body, so includes body oblateness. The reference ellipsoid is an oblate
spheroid with a single flatness coefficient in which the y-axis body radius
is taken to be the same value as the x-axis radius.  For Jupiter, Saturn, and
Uranus, IAU2015 longitude is based on the "System III" prime meridian rotation
angle of the magnetic field. By contrast, pole direction (thus latitude) is
relative to the body dynamical equator.  There can be an offset between the
magnetic pole and the dynamical pole of rotation. For Neptune, rotation is
IAU2015 "System II" rotation of optically observed features in the Neptunian
atmosphere. Positive longitude is to the WEST for this target. Cartographic
system is specified in the header.  Units: DEGREES DEGREES
 
 'delta      deldot' =
   Apparent range ("delta", light-time aberrated) and range-rate ("delta-dot")
of the target center relative to the observer. A positive "deldot" means the
target center is moving away from the observer, negative indicates movement
toward the observer.  Units: AU and KM/S
 
 'S-O-T /r' =
   Sun-Observer-Target apparent SOLAR ELONGATION ANGLE seen from the observers'
location at print-time.

   The '/r' column provides a code indicating the targets' apparent position
relative to the Sun in the observers' sky, as described below:

   Case A: For an observing location on the surface of a rotating body, that
body rotational sense is considered:

    /T indicates target TRAILS Sun   (evening sky: rises and sets AFTER Sun)
    /L indicates target LEADS Sun    (morning sky: rises and sets BEFORE Sun)

   Case B: For an observing point that does not have a rotational model (such
as a spacecraft), the "leading" and "trailing" condition is defined by the
observers' heliocentric ORBITAL motion:

    * If continuing in the observers' current direction of heliocentric
       motion would encounter the targets' apparent longitude first, followed
       by the Sun's, the target LEADS the Sun as seen by the observer.

    * If the Sun's apparent longitude would be encountered first, followed
       by the targets', the target TRAILS the Sun.

   Two other codes can be output:
    /* indicates observer is Sun-centered    (undefined)
    /? Target is aligned with Sun center     (no lead or trail)

   The S-O-T solar elongation angle is numerically the minimum separation
angle of the Sun and target in the sky in any direction. It does NOT indicate
the amount of separation in the leading or trailing directions, which would
be defined along the equator of a spherical coordinate system.

   Units: DEGREES
 
 'S-T-O' =
   The Sun-Target-Observer angle; the interior vertex angle at target center
formed by a vector from the target to the apparent center of the Sun (at
reflection time on the target) and the apparent vector from target to the
observer at print-time. Slightly different from true PHASE ANGLE (requestable
separately) at the few arcsecond level in that it includes stellar aberration
on the down-leg from target to observer.  Units: DEGREES
 
 'Sky_motion  Sky_mot_PA  RelVel-ANG' =
  Total apparent angular rate of the target in the plane-of-sky. "Sky_mot_PA"
is the position angle of the target's direction of motion in the plane-of-sky,
measured counter-clockwise from the apparent of-date north pole direction.
"RelVel-ANG" is the flight path angle of the target's relative motion with
respect to the observer's line-of-sight, in the range [-90,+90], where positive
values indicate motion away from the observer, negative values are toward the
observer:

  -90 = target is moving directly toward the observer
    0 = target is moving at right angles to the observer's line-of-sight
  +90 = target is moving directly away from the observer

UNITS:  ARCSECONDS/MINUTE, DEGREES, DEGREES
 
 'Lun_Sky_Brt  sky_SNR' =
  Sky brightness due to moonlight scattered by Earth's atmosphere at the
target's position in the sky. "sky_SNR" is the visual signal-to-noise ratio
(SNR) of the target's surface brightness relative to background sky. Output
only for topocentric Earth observers when both the Moon and target are above
the local horizon and the Sun is in astronomical twilight (or further) below
the horizon, and the target is not the Moon or Sun. If all conditions are
not met, "n.a." is output. Galactic brightness, local sky light-pollution
and weather are NOT considered. Lunar opposition surge is considered. The
value returned is accurate under ideal conditions at the approximately 8-23%
level, so is a useful but not definitive value.

  If the target-body radius is also known, "sky_SNR" is output. This is the
approximate visual signal-to-noise ratio of the target's brightness divided
by lunar sky brightness. When sky_SNR < 1, the target is dimmer than the
ideal moonlight-scattering background sky, so unlikely to be detectable at
visual wavelengths. In practice, visibility requires sky_SNR > 1 and a
detector sensitive enough to reach the target's magnitude, even if it isn't
washed out by moonlight. When relating magnitudes and brightness values,
keep in mind their logarithmic relationship m2-m1 = -2.5*log_10(b2/b1).

  UNITS: VISUAL MAGNITUDES / ARCSECOND^2, and unitless ratio

Computations by ...

    Solar System Dynamics Group, Horizons On-Line Ephemeris System
    4800 Oak Grove Drive, Jet Propulsion Laboratory
    Pasadena, CA  91109   USA

    General site: https://ssd.jpl.nasa.gov/
    Mailing list: https://ssd.jpl.nasa.gov/email_list.html
    System news : https://ssd.jpl.nasa.gov/horizons/news.html
    User Guide  : https://ssd.jpl.nasa.gov/horizons/manual.html
    Connect     : browser        https://ssd.jpl.nasa.gov/horizons/app.html#/x
                  API            https://ssd-api.jpl.nasa.gov/doc/horizons.html
                  command-line   telnet ssd.jpl.nasa.gov 6775
                  e-mail/batch   https://ssd.jpl.nasa.gov/ftp/ssd/horizons_batch.txt
                  scripts        https://ssd.jpl.nasa.gov/ftp/ssd/SCRIPTS
    Author      : Jon.D.Giorgini@jpl.nasa.gov

**********************************************************************************************************************************************************************************************************************************************************************************************
