*******************************************************************************
 Revised: January 26, 2022             Saturn                               699
 
 PHYSICAL DATA:
  Mass x10^26 (kg)      = 5.6834          Density (g/cm^3)       =  0.687+-.001
  Equat. radius (1 bar) = 60268+-4 km     Polar radius (km)      = 54364+-10
  Vol. Mean Radius (km) = 58232+-6        Flattening             =  0.09796
  Geometric Albedo      = 0.47            Rocky core mass (Mc/M) =  0.1027
  Sid. rot. period (III)= 10h 39m 22.4s   Sid. rot. rate (rad/s) =  0.000163785 
  Mean solar day, hrs   =~10.656         
  GM (km^3/s^2)         = 37931206.234    GM 1-sigma (km^3/s^2)  = +- 98
  Equ. grav, ge (m/s^2) = 10.44           Pol. grav, gp (m/s^2)  = 12.14+-0.01
  Vis. magnitude V(1,0) = -8.88          
  Vis. mag. (opposition)= +0.67           Obliquity to orbit     = 26.73 deg
  Sidereal orbit period = 29.447498 yr    Sidereal orbit period  = 10755.698 d
  Mean daily motion     = 0.0334979 deg/d Mean orbit velocity    =  9.68 km/s
  Atmos. temp. (1 bar)  = 134+-4 K        Escape speed, km/s    =  35.5          
  Aroche(ice)/Rp        =  2.71           Hill's sphere rad. Rp  = 1100
                                 Perihelion  Aphelion    Mean
  Solar Constant (W/m^2)         16.8        13.6        15.1
  Maximum Planetary IR (W/m^2)    4.7         4.5         4.6
  Minimum Planetary IR (W/m^2)    4.7         4.5         4.6
*******************************************************************************


*******************************************************************************
Ephemeris / WWW_USER Mon Apr  6 16:30:23 2026 Pasadena, USA      / Horizons    
*******************************************************************************
Target body name: Saturn (699)                    {source: sat441l}
Center body name: Earth (399)                     {source: DE441}
Center-site name: (user defined site below)
*******************************************************************************
Start time      : A.D. 2026-Jan-01 00:00:00.0000 UT      
Stop  time      : A.D. 2026-Dec-31 00:00:00.0000 UT      
Step-size       : 3600 minutes
*******************************************************************************
Target pole/equ : IAU_SATURN                      {West-longitude positive}
Target radii    : 60268.0, 60268.0, 54364.0 km    {Equator_a, b, pole_c}       
Center geodetic : 269.5, 19.5, .010               {E-lon(deg),Lat(deg),Alt(km)}
Center cylindric: 269.5, 6014.54964, 2115.60564   {E-lon(deg),Dxy(km),Dz(km)}
Center pole/equ : ITRF93                          {East-longitude positive}
Center radii    : 6378.137, 6378.137, 6356.752 km {Equator_a, b, pole_c}       
Target primary  : Sun
Vis. interferer : MOON (R_eq= 1737.400) km        {source: DE441}
Rel. light bend : Sun                             {source: DE441}
Rel. lght bnd GM: 1.3271E+11 km^3/s^2                                          
Atmos refraction: NO (AIRLESS)
RA format       : HMS
Time format     : CAL 
Calendar mode   : Mixed Julian/Gregorian
EOP file        : eop.260406.p260703                                           
EOP coverage    : DATA-BASED 1962-JAN-20 TO 2026-APR-06. PREDICTS-> 2026-JUL-02
Units conversion: 1 au= 149597870.700 km, c= 299792.458 km/s, 1 day= 86400.0 s 
Table cut-offs 1: Elevation (-90.0deg=NO ),Airmass (>38.000=NO), Daylight (NO )
Table cut-offs 2: Solar elongation (  0.0,180.0=NO ),Local Hour Angle( 0.0=NO )
Table cut-offs 3: RA/DEC angular rate (     0.0=NO )                           
**********************************************************************************************************************************************************************************************************************************************************************************************
 Date__(UT)__HR:MN     R.A._____(ICRF)_____DEC  R.A.__(a-apparent)__DEC  dRA*cosD d(DEC)/dt  Azi____(a-app)___Elev    APmag   S-brt      Illu%  Ang-diam  ObsSub-LON ObsSub-LAT             delta      deldot     S-O-T /r     S-T-O  Sky_motion  Sky_mot_PA  RelVel-ANG  Lun_Sky_Brt  sky_SNR
**********************************************************************************************************************************************************************************************************************************************************************************************
$$SOE
 2026-Jan-01 00:00 Nm  23 48 11.29 -03 44 26.8  23 49 31.44 -03 35 47.4  7.607976  3.930440  209.897052  63.706097    1.007   6.907   99.74921  17.10665  331.775599  -1.170084  9.71519383253604  27.8898881   75.6125 /T    5.7424   0.1427212   62.678175   58.995641         n.a.     n.a.
 2026-Jan-03 12:00 Nm  23 48 43.76 -03 40 24.6  23 50 03.86 -03 31 45.0  8.570575  4.141706   44.624002 -68.259494    1.011   6.903   99.75499  17.03654  198.443759  -1.265359  9.75517400620235  27.3568042   73.2131 /T    5.6762   0.1586475   64.207976   55.633721         n.a.     n.a.
 2026-Jan-06 00:00 C   23 49 18.25 -03 36 09.7  23 50 38.37 -03 27 30.1  8.660345  4.361664  218.585522  61.351735    1.015   6.898   99.76148  16.96813   65.106775  -1.365726  9.79450319331342  27.2368029   70.8326 /T    5.6005   0.1616114   63.268514   54.911291         n.a.     n.a.
 2026-Jan-08 12:00 Nm  23 49 54.86 -03 31 42.0  23 51 14.91 -03 23 02.5  9.586298  4.560085   52.581061 -64.875555    1.018   6.893   99.76868  16.90097  291.763164  -1.471234  9.83342638636331  26.5484191   68.4519 /T    5.5157   0.1769271   64.560137   51.614515         n.a.     n.a.
 2026-Jan-11 00:00 C   23 50 33.39 -03 27 02.2  23 51 53.43 -03 18 22.9  9.666598  4.770532  225.891490  58.540403    1.021   6.888   99.77648  16.83566  158.415430  -1.581557  9.87157476598366  26.4060579   66.0893 /T    5.4219   0.1796610   63.733348   50.927036         n.a.     n.a.
 2026-Jan-13 12:00 Nm  23 51 13.96 -03 22 10.4  23 52 33.93 -03 13 31.2  10.55068  4.955692   58.659174 -61.194812    1.024   6.882   99.78488  16.77176   25.062020  -1.696735  9.90918367598692  25.5626402   63.7263 /T    5.3194   0.1942763   64.840395   47.686138         n.a.     n.a.
 2026-Jan-16 00:00 C   23 51 56.32 -03 17 07.3  23 53 16.31 -03 08 28.0  10.62050  5.154646  232.004758  55.395555    1.026   6.876   99.79376  16.70985  251.705550  -1.816420  9.94589495001706  25.3974394   61.3814 /T    5.2084   0.1967552   64.110434   47.033411         n.a.     n.a.
 2026-Jan-18 12:00 N   23 52 40.61 -03 11 52.9  23 54 00.55 -03 03 13.5  11.45821  5.324898   63.415195 -57.329168    1.028   6.870   99.80313  16.64952  118.344387  -1.940629  9.98193661429827  24.4050534   59.0361 /T    5.0892   0.2105846   65.074614   43.843655         n.a.     n.a.
 2026-Jan-21 00:00 Cm  23 53 26.57 -03 06 28.0  23 54 46.52 -02 57 48.6  11.51729  5.510010  237.144657  52.010087    1.029   6.864   99.81284  16.59130  344.981233  -2.068993  10.0169631210737  24.2165933   56.7090 /T    4.9621   0.2127911   64.432987   43.223376         n.a.     n.a.
 2026-Jan-23 12:00 N   23 54 14.35 -03 00 52.7  23 55 34.23 -02 52 13.5  12.30293  5.663726   67.237823 -53.346767    1.029   6.857   99.82290  16.53480  211.614405  -2.201505  10.0511922606781  23.0810084   54.3819 /T    4.8273   0.2257333   65.280740   40.081115         n.a.     n.a.
 2026-Jan-26 00:00 Cm  23 55 03.65 -02 55 08.0  23 56 23.53 -02 46 28.8  12.34808  5.833104  241.510526  48.451126    1.030   6.850   99.83316  16.48052   78.246688  -2.337776  10.0842965131254  22.8737291   52.0729 /T    4.6853   0.2276085   64.714445   39.501132         n.a.     n.a.
 2026-Jan-28 12:00 N   23 55 54.64 -02 49 13.8  23 57 14.47 -02 40 34.6  13.07583  5.969857   70.390817 -49.289456    1.030   6.843   99.84364  16.42807  304.876330  -2.477786  10.1164906995235  21.6125614   49.7642 /T    4.5361   0.2395694   65.460623   36.414779         n.a.     n.a.
 2026-Jan-31 00:00 Cm  23 56 47.00 -02 43 11.1  23 58 06.86 -02 34 31.8  13.10804  6.123656  245.267286  44.766436    1.029   6.836   99.85419  16.37791  171.506103  -2.621152  10.1474751356807  21.4011856   47.4732 /T    4.3806   0.2411315   64.959523   35.885634         n.a.     n.a.
 2026-Feb-02 12:00 Nm  23 57 40.92 -02 37 00.1  23 59 00.74 -02 28 20.6  13.77969  6.245443   73.054145 -45.183562    1.028   6.829   99.86481  16.32966   38.134138  -2.767874  10.1774611626828  20.0335230   45.1819 /T    4.2183   0.2521493   65.618278   32.852275         n.a.     n.a.
 2026-Feb-05 00:00 C   23 58 36.06 -02 30 41.2  23 59 55.88 -02 22 01.9  13.80601  6.385466  248.544980  40.989956    1.027   6.821   99.87537  16.28372  264.763163  -2.917599  10.2061698365386  19.8208556   42.9076 /T    4.0504   0.2535197   65.178822   32.360381         n.a.     n.a.
 2026-Feb-07 12:00 Nm  23 59 32.66 -02 24 14.8  00 00 52.42 -02 15 35.6  14.42400  6.493942   75.352759 -41.046332    1.025   6.814   99.88588  16.23977  131.391266  -3.070339  10.2337930984248  18.3474317   40.6324 /T    3.8762   0.2636407   65.761875   29.357498         n.a.     n.a.
 2026-Feb-10 00:00 C   00 00 30.36 -02 17 41.5  00 01 50.12 -02 09 02.3  14.44549  6.619955  251.445159  37.146317    1.022   6.806   99.89620  16.19819  358.021219  -3.225747  10.2600646309832  18.1238801   38.3734 /T    3.6970   0.2648353   65.379364   28.886200         n.a.     n.a.
 2026-Feb-12 12:00 Nm  00 01 29.41 -02 11 01.4  00 02 49.14 -02 02 22.1  15.00541  6.714543   77.374949 -36.889046    1.020   6.798   99.90634  16.15867  224.651131  -3.383821  10.2851578002014  16.5477144   36.1132 /T    3.5121   0.2739867   65.892679   25.906242         n.a.     n.a.
 2026-Feb-15 00:00 *   00 02 29.40 -02 04 15.2  00 03 49.16 -01 55 35.9  15.01990  6.825022  254.046991  33.253306    1.017   6.790   99.91618  16.12156   91.283786  -3.544200  10.3088283861084  16.3138618   33.8691 /T    3.3228   0.2749638   65.563017   25.456550         n.a.     n.a.
 2026-Feb-17 12:00 N   00 03 30.62 -01 57 23.3  00 04 50.34 -01 48 44.0  15.51841  6.904518   79.185348 -32.719202    1.013   6.782   99.92572  16.08660  317.917291  -3.706863  10.3312362810478  14.6467641   31.6240 /T    3.1283   0.2830849   66.014555   22.500441         n.a.     n.a.
 2026-Feb-20 00:00 *m  00 04 32.64 -01 50 26.2  00 05 52.36 -01 41 47.0  15.52558  6.997569  256.412241  29.323647    1.009   6.773   99.93485  16.05408  184.554397  -3.871436  10.3521629147856  14.4065826   29.3950 /T    2.9302   0.2838277   65.738322   22.074518         n.a.     n.a.
 2026-Feb-22 12:00 N   00 05 35.75 -01 43 24.4  00 06 55.43 -01 34 45.3  15.96045  7.060841   80.832377 -28.541722    1.005   6.765   99.94357  16.02375   51.193215  -4.037878  10.3717542489251  12.6617306   27.1654 /T    2.7275   0.2908757   66.135582   19.142617         n.a.     n.a.
 2026-Feb-25 00:00 *m  00 06 39.51 -01 36 18.5  00 07 59.21 -01 27 39.3  15.95983  7.135894  258.590055  25.366598    1.000   6.757   99.95177  15.99589  277.836445  -4.205817  10.3898200184969  12.4216087   24.9523 /T    2.5220   0.2913747   65.909819   18.744892         n.a.     n.a.
 2026-Feb-27 12:00 N   00 07 44.23 -01 29 08.8  00 09 03.92 -01 20 29.5  16.32981  7.184279   82.352930 -24.359622    0.995   6.748   99.95946  15.97026  144.482188  -4.375220  10.4064951432401  10.6171156   22.7390 /T    2.3126   0.2973385   66.252972   15.842137         n.a.     n.a.
 2026-Mar-02 00:00 *m  00 08 49.45 -01 21 55.9  00 10 09.16 -01 13 16.6  16.32409  7.243318  260.619986  21.388935    0.989   6.739   99.96656  15.94708   11.133043  -4.545743  10.4216210456165  10.3860882   20.5424 /T    2.1010   0.2976489   66.072204   15.477236         n.a.     n.a.
 2026-Mar-04 12:00 Cm  00 09 55.49 -01 14 40.1  00 11 15.18 -01 06 00.9  16.63245  7.279272   83.776187 -20.174953    0.983   6.730   99.97306  15.92615  237.787094  -4.717376  10.4353175005475   8.5359025   18.3460 /T    1.8863   0.3025935   66.363179   12.600605         n.a.     n.a.
 2026-Mar-07 00:00 *   00 11 01.91 -01 07 21.9  00 12 21.60 -00 58 42.9  16.62667  7.323518  262.534325  17.395855    0.976   6.721   99.97889  15.90766  104.446840  -4.889801  10.4474502690877   8.3120468   16.1669 /T    1.6702   0.3028018   66.228041   12.258140         n.a.     n.a.
 2026-Mar-09 12:00 Cm  00 12 09.04 -01 00 01.7  00 13 28.72 -00 51 22.7  16.87561  7.347400   85.125334 -15.989045    0.969   6.712   99.98407  15.89143  331.110410  -5.063008  10.4581144734079   6.4185880   13.9899 /T    1.4518   0.3067619   66.472374   9.3926616         n.a.     n.a.
 2026-Mar-12 00:00 *   00 13 16.43 -00 52 39.8  00 14 36.13 -00 44 00.8  16.87035  7.376140  264.360469  13.391596    0.962   6.702   99.98853  15.87765  197.780253  -5.236677  10.4671957399045   6.1931229   11.8340 /T    1.2330   0.3068732   66.383847   9.0571345         n.a.     n.a.
 2026-Mar-14 12:00 Cm  00 14 24.41 -00 45 16.8  00 15 44.12 -00 36 37.8  17.05679  7.387239   86.419570 -11.802741    0.953   6.692   99.99227  15.86617   64.454596  -5.410784  10.4747649342011   4.2602146    9.6877 /T    1.0132   0.3097963   66.582728   6.1929145         n.a.     n.a.
 2026-Mar-17 00:00 *   00 15 32.51 -00 37 53.0  00 16 52.24 -00 29 14.0  17.04887  7.399347  266.121765   9.379370    0.944   6.682   99.99525  15.85714  291.135830  -5.585001  10.4807343329146   4.0322405    7.5789 /T    0.7954   0.3097554   66.538766   5.8610422         n.a.     n.a.
 2026-Mar-19 12:00 C   00 16 41.07 -00 30 29.0  00 18 00.79 -00 21 50.1  17.16919  7.396432   87.675734  -7.616462    0.933   6.670   99.99747  15.85045  157.822260  -5.759288  10.4851572928469   2.0736949    5.5189 /T    0.5813   0.3115768   66.693782   3.0002719         n.a.     n.a.
 2026-Mar-22 00:00 *m  00 17 49.60 -00 23 05.1  00 19 09.34 -00 14 26.5  17.15687  7.390464  267.838864   5.361513    0.920   6.656   99.99891  15.84618   24.516164  -5.933303  10.4879794337987   1.8509476    3.6156 /T    0.3822   0.3113489   66.695642   2.6791354         n.a.     n.a.
 2026-Mar-24 12:00 C   00 18 58.46 -00 15 42.0  00 20 18.22 -00 07 03.4  17.21093  7.373057   88.908815  -3.430125    0.908   6.644   99.99958  15.84428  251.215888  -6.107000  10.4892411150299  -0.1130997    2.2530 /T    0.2378   0.3120622   66.810007   -0.169470         n.a.     n.a.
 2026-Mar-27 00:00 *m  00 20 07.15 -00 08 20.1  00 21 26.95 +00 00 18.6  17.19689  7.350120  269.530910   1.339853    0.907   6.643   99.99945  15.84476  117.923546  -6.280054  10.4889219840121  -0.3225199    2.5493 /L    0.2657   0.3116967   66.857663   -0.473309         n.a.     n.a.
 2026-Mar-29 12:00 *   00 21 16.04 -00 00 59.8  00 22 35.87 +00 07 39.0  17.18795  7.320742   90.132647   0.756502    0.914   6.650   99.99854  15.84760  344.637535  -6.452446  10.4870436803470  -2.2789866    4.1560 /L    0.4334   0.3113674   66.929731   -3.310209         n.a.     n.a.
 2026-Apr-01 00:00 *m  00 22 24.65 +00 06 18.6  00 23 44.48 +00 14 57.2  17.17512  7.283382  271.215822  -2.683691    0.920   6.657   99.99685  15.85278  211.359825  -6.623886  10.4836128103498  -2.4765073    6.1076 /L    0.6381   0.3109271   67.019858   -3.602114         n.a.     n.a.
 2026-Apr-03 12:00 *m  00 23 33.33 +00 13 34.7  00 24 53.18 +00 22 13.2  17.10512  7.243539   91.360666   4.943264    0.924   6.662   99.99438  15.86033   78.088907  -6.794370  10.4786276062334  -4.4187338    8.1651 /L    0.8537   0.3095938   67.048700   -6.434635         n.a.     n.a.
 2026-Apr-06 00:00 *   00 24 41.61 +00 20 48.0  00 26 01.49 +00 29 26.5  17.09469  7.192052  272.911429  -6.707208    0.928   6.667   99.99116  15.87018  304.826624  -6.963613  10.4721197103655  -4.6085033   10.2550 /L    1.0719   0.3090999   67.182605   -6.722999         n.a.     n.a.
 2026-Apr-08 12:00 *m  00 25 49.85 +00 27 58.3  00 27 09.78 +00 36 36.7  16.96441  7.141070   92.606101   9.130231    0.930   6.671   99.98719  15.88240  171.571578  -7.131608  10.4640637123106  -6.5306289   12.3699 /L    1.2917   0.3067691   67.171626   -9.558985         n.a.     n.a.
 2026-Apr-11 00:00 *   00 26 57.57 +00 35 05.1  00 28 17.54 +00 43 43.6  16.95633  7.074585  274.636123 -10.728573    0.932   6.674   99.98250  15.89691   38.325485  -7.298060  10.4545154938451  -6.7176616   14.4878 /L    1.5103   0.3062165   67.352937   -9.853492         n.a.     n.a.
 2026-Apr-13 12:00 *m  00 28 05.13 +00 42 08.0  00 29 25.15 +00 50 46.4  16.76446  7.011492   93.883137  13.317162    0.933   6.677   99.97710  15.91379  265.087092  -7.462952  10.4434249843791  -8.6150460   16.6185 /L    1.7287   0.3028604   67.303583   -12.70369         n.a.     n.a.
 2026-Apr-16 00:00 *   00 29 12.06 +00 49 06.5  00 30 32.10 +00 57 44.8  16.75491  6.929131  276.409176 -14.745520    0.933   6.680   99.97105  15.93294  131.858007  -7.625980  10.4308737574621  -8.8016935   18.7458 /L    1.9445   0.3021864   67.532057   -13.01261         n.a.     n.a.
 2026-Apr-18 12:00 *   00 30 18.69 +00 56 00.3  00 31 38.77 +01 04 38.5  16.49751  6.852686   95.207543  17.503729    0.933   6.683   99.96433  15.95447  358.637119  -7.787114  10.4167945054527 -10.6601507   20.8827 /L    2.1591   0.2977354   67.443120   -15.87790         n.a.     n.a.
 2026-Apr-21 00:00 *m  00 31 24.55 +01 02 48.9  00 32 44.68 +01 11 27.1  16.48369  6.753974  278.252119 -18.755549    0.933   6.686   99.95703  15.97823  225.425864  -7.946043  10.4013042380158 -10.8353255   23.0138 /L    2.3703   0.2968952   67.719288   -16.19130         n.a.     n.a.
 2026-Apr-23 12:00 *   00 32 29.97 +01 09 31.8  00 33 50.18 +01 18 10.1  16.16273  6.664945   96.597201  21.689576    0.932   6.689   99.94914  16.00436   92.223199  -8.102748  10.3843260101124 -12.6318119   25.1534 /L    2.5795   0.2913833   67.590459   -19.05752         n.a.     n.a.
 2026-Apr-26 00:00 *m  00 33 34.49 +01 16 08.7  00 34 54.75 +01 24 47.0  16.14960  6.552403  280.189422 -22.755523    0.931   6.691   99.94074  16.03264  319.030326  -8.256948  10.3660087981247 -12.7886113   27.2864 /L    2.7847   0.2904707   67.916053   -19.36432         n.a.     n.a.
 2026-Apr-28 12:00 *   00 34 38.46 +01 22 39.3  00 35 58.77 +01 31 17.4  15.77129  6.453223   98.073457  25.873521    0.930   6.694   99.93184  16.06325  185.846301  -8.408657  10.3462531115457 -14.5172425   29.4278 /L    2.9872   0.2840079   67.746837   -22.23485         n.a.     n.a.
 2026-May-01 00:00 *m  00 35 41.43 +01 29 03.1  00 37 01.77 +01 37 41.1  15.76083  6.328760  282.249610 -26.741016    0.928   6.696   99.92253  16.09596   52.672173  -8.557613  10.3252265079963 -14.6653107   31.5628 /L    3.1851   0.2830669   68.122069   -22.54755         n.a.     n.a.
 2026-May-03 12:00 *m  00 36 43.73 +01 35 20.0  00 38 04.15 +01 43 57.9  15.32538  6.219749   99.661807  30.053612    0.926   6.699   99.91279  16.13099  279.507175  -8.703839  10.3028046681145 -16.3247958   33.7070 /L    3.3798   0.2756571   67.910413   -25.43613         n.a.     n.a.
 2026-May-06 00:00 *   00 37 44.93 +01 41 29.4  00 39 05.41 +01 50 07.5  15.31529  6.083140  284.467375 -30.706057    0.923   6.701   99.90275  16.16807  146.352208  -8.847067  10.2791773544171 -16.4683832   35.8456 /L    3.5695   0.2746526   68.337325   -25.76432         n.a.     n.a.
 2026-May-08 12:00 *m  00 38 45.34 +01 47 31.3  00 40 05.91 +01 56 09.3  14.82220  5.963085  101.394229  34.226981    0.921   6.703   99.89238  16.20745   13.206666  -8.987310  10.2542014646044 -18.0507283   37.9944 /L    3.7554   0.2662790   68.084704   -28.67763         n.a.     n.a.
 2026-May-11 00:00 *   00 39 44.53 +01 53 24.9  00 41 05.14 +02 02 03.0  14.81100  5.813396  286.885007 -34.642924    0.917   6.705   99.88182  16.24882  240.071275  -9.124286  10.2280908266340 -18.1902815   40.1382 /L    3.9357   0.2651841   68.569731   -29.02556         n.a.     n.a.
 2026-May-13 12:00 *m  00 40 42.81 +01 59 10.2  00 42 03.50 +02 07 48.2  14.26043  5.680976  103.312251  38.389260    0.914   6.707   99.87104  16.29248  106.945595  -9.258002  10.2006838122914 -19.6881548   42.2929 /L    4.1118   0.2558392   68.278981   -31.97161         n.a.     n.a.
 2026-May-16 00:00 *   00 41 39.76 +02 04 46.5  00 43 00.48 +02 13 24.5  14.24456  5.517600  289.555326 -38.541338    0.910   6.709   99.86019  16.33808  333.830191  -9.388163  10.1722165434609 -19.8241715   44.4432 /L    4.2816   0.2545974   68.826228   -32.34706         n.a.     n.a.
 2026-May-18 12:00 *   00 42 35.64 +02 10 13.7  00 43 56.49 +02 18 51.8  13.63419  5.372259  105.470494  42.534224    0.905   6.711   99.84924  16.38592  200.724796  -9.514776  10.1425153116455 -21.2231784   46.6049 /L    4.4465   0.2442405   68.494148   -35.32999         n.a.     n.a.
 2026-May-21 00:00 *m  00 43 30.09 +02 15 31.1  00 44 51.00 +02 24 09.4  13.61160  5.196524  292.545856 -42.387390    0.901   6.713   99.83835  16.43562   67.629752  -9.637552  10.1118471948426 -21.3436373   48.7622 /L    4.6047   0.2428302   69.104551   -35.72224         n.a.     n.a.
 2026-May-23 12:00 *   00 44 23.33 +02 20 38.7  00 45 44.35 +02 29 17.0  12.94625  5.040460  107.942887  46.652672    0.896   6.714   99.82748  16.48749  294.544887  -9.756529  10.0800314675471 -22.6251538   50.9310 /L    4.7574   0.2315477   68.727172   -38.72956         n.a.     n.a.
 2026-May-26 00:00 *m  00 45 15.03 +02 25 35.9  00 46 36.08 +02 34 14.2  12.92175  4.855228  295.942897 -46.161885    0.890   6.716   99.81679  16.54111  161.470294  -9.871450  10.0473569385838 -22.7279381   53.0957 /L    4.9029   0.2300634   69.406760   -39.12749         n.a.     n.a.
 2026-May-28 12:00 *   00 46 05.41 +02 30 22.8  00 47 26.57 +02 39 01.0  12.20825  4.689735  110.831478  50.730426    0.884   6.717   99.80625  16.59683   28.405941  -9.982374  10.0136237922354 -23.8909740   55.2728 /L    5.0424   0.2179672   68.985983   -42.16350         n.a.     n.a.
 2026-May-31 00:00 *   00 46 54.17 +02 34 58.7  00 48 15.37 +02 43 37.0  12.18258  4.495915  299.858232 -49.837578    0.878   6.718   99.79600  16.65420  255.351753 -10.089050  9.97913141233954 -23.9867772   57.4466 /L    5.1743   0.2164284   69.743695   -42.57816         n.a.     n.a.
 2026-Jun-02 12:00 *m  00 47 41.49 +02 39 23.6  00 49 02.83 +02 48 02.1  11.42139  4.320707  114.279774  54.746067    0.872   6.719   99.78603  16.71361  122.307907 -10.191537  9.94366075423039 -25.0329987   59.6338 /L    5.2998   0.2035222   69.278394   -45.66134         n.a.     n.a.
 2026-Jun-05 00:00 *   00 48 27.10 +02 43 37.1  00 49 48.49 +02 52 15.8  11.39018  4.118052  304.435666 -53.376298    0.865   6.720   99.77646  16.77457  349.274171 -10.289577  9.90752556717744 -25.1254657   61.8187 /L    5.4171   0.2018626   70.122850   -46.10556         n.a.     n.a.
 2026-Jun-07 12:00 *m  00 49 11.16 +02 47 39.1  00 50 32.66 +02 56 17.8  10.58052  3.931910  118.495152  58.666513    0.858   6.721   99.76730  16.83750  216.250909 -10.383220  9.87049635304761 -26.0472797   64.0183 /L    5.5275   0.1881247   69.614030   -49.24856         n.a.     n.a.
 2026-Jun-10 00:00 *   00 49 53.39 +02 51 28.9  00 51 14.93 +03 00 07.7  10.54042  3.719582  309.856299 -56.724641    0.850   6.722   99.75865  16.90187   83.237697 -10.472192  9.83290508402481 -26.1323814   66.2165 /L    5.6294   0.1862910   70.562696   -49.72596         n.a.     n.a.
 2026-Jun-12 12:00 *m  00 50 33.95 +02 55 06.6  00 51 55.60 +03 03 45.5  9.683828  3.521276  123.780253  62.439630    0.843   6.722   99.75053  16.96811  310.235054 -10.556537  9.79451606946241 -26.9186616   68.4302 /L    5.7238   0.1717362   70.017497   -52.93567         n.a.     n.a.
 2026-Jun-15 00:00 *m  00 51 12.58 +02 58 31.5  00 52 34.30 +03 07 10.6  9.632914  3.299461  316.337479 -59.807577    0.834   6.723   99.74305  17.03566  177.242346 -10.635978  9.75567862928723 -26.9905637   70.6431 /L    5.8092   0.1697052   71.092671   -53.44512         n.a.     n.a.
 2026-Jun-17 12:00 *   00 51 49.41 +03 01 43.6  00 53 11.28 +03 10 23.1  8.732372  3.090287  130.572389  65.981529    0.826   6.723   99.73620  17.10496   44.260232 -10.710573  9.71615440792568 -27.6281116   72.8720 /L    5.8866   0.1543843   70.511708   -56.72403         n.a.     n.a.
 2026-Jun-20 00:00 *m  00 52 24.23 +03 04 42.4  00 53 46.14 +03 13 22.1  8.671643  2.862417  324.109819 -62.521762    0.817   6.723   99.73009  17.17539  271.287834 -10.780082  9.67631000888022 -27.6790703   75.1000 /L    5.9545   0.1521976   71.732491   -57.25318         n.a.     n.a.
 2026-Jun-22 12:00 *   00 52 57.12 +03 07 28.1  00 54 19.15 +03 16 07.9  7.734697  2.645458  139.468113  69.155400    0.808   6.723   99.72472  17.24742  138.325930 -10.844601  9.63590212972224 -28.1605673   77.3442 /L    6.0139   0.1362432   71.118040   -60.59784         n.a.     n.a.
 2026-Jun-25 00:00 *m  00 53 27.94 +03 10 00.0  00 54 50.01 +03 18 40.0  7.666680  2.413756  333.349288 -64.731641    0.799   6.722   99.72016  17.32039    5.373424 -10.903914  9.59530427066977 -28.1932758   79.5879 /L    6.0636   0.1339612   72.524058   -61.14049         n.a.     n.a.
 2026-Jun-27 12:00 *   00 53 56.74 +03 12 18.5  00 55 18.94 +03 20 58.7  6.699739  2.189358  151.131014  71.745378    0.789   6.722   99.71642  17.39479  232.431250 -10.958119  9.55426449297726 -28.5195906   81.8486 /L    6.1045   0.1174732   71.903510   -64.55927         n.a.     n.a.
 2026-Jun-30 00:00 *   00 54 23.42 +03 14 22.9  00 55 45.67 +03 23 03.5  6.624573  1.954129  344.044531 -66.276738    0.779   6.721   99.71355  17.46995   99.498123 -11.007004  9.51315879503144 -28.5400677   84.1096 /L    6.1353   0.1151130   73.564900   -65.11763         n.a.     n.a.
 2026-Jul-02 12:00 *m  00 54 47.98 +03 16 13.6  00 56 10.37 +03 24 54.5  5.631060  1.722183  165.854507  73.447873    0.769   6.720   99.71157  17.54637  326.575164 -11.050665  9.47172708630030 -28.7143296   86.3886 /L    6.1569   0.0981421   72.994466   -68.62851         n.a.     n.a.
 2026-Jul-05 00:00 *   00 55 10.36 +03 17 49.9  00 56 32.79 +03 26 31.1  5.544415  1.483569  355.835704 -67.002224    0.758   6.719   99.71051  17.62336  193.660933 -11.088894  9.43034749245558 -28.7254639   88.6688 /L    6.1682   0.0956578   75.019793   -69.21309         n.a.     n.a.
 2026-Jul-07 12:00 *m  00 55 30.54 +03 19 12.0  00 56 53.08 +03 27 53.4  4.525113  1.243629  182.711465  73.948092    0.747   6.718   99.71039  17.70143   60.756728 -11.121774  9.38876033459204 -28.7428319   90.9680 /L    6.1699   0.0782149   74.632899   -72.83781         n.a.     n.a.
 2026-Jul-10 00:00 *   00 55 48.47 +03 20 19.4  00 57 11.04 +03 29 01.1  4.422821  1.001497    7.981283 -66.809942    0.736   6.717   99.71122  17.77984  287.860920 -11.149098  9.34735155262442 -28.7365307   93.2693 /L    6.1611   0.0755799   77.241197   -73.44945         n.a.     n.a.
 2026-Jul-12 12:00 *m  00 56 04.10 +03 21 12.3  00 57 26.82 +03 29 54.5  3.382248  0.753782  199.364306  73.109489    0.725   6.715   99.71302  17.85910  154.974917 -11.170947  9.30587058445373 -28.5838330   95.5903 /L    6.1423   0.0577538   77.436150   -77.19518         n.a.     n.a.
 2026-Jul-15 00:00 *m  00 56 17.44 +03 21 50.3  00 57 40.22 +03 30 32.9  3.266154  0.510166   19.593694 -65.700463    0.714   6.713   99.71578  17.93844   22.096841 -11.187140  9.26471175647911 -28.5479862   97.9137 /L    6.1127   0.0550959   81.122264   -77.80395         n.a.     n.a.
 2026-Jul-17 12:00 *   00 56 28.40 +03 22 13.6  00 57 51.30 +03 30 56.7  2.215652  0.258560  213.634435  71.082075    0.702   6.711   99.71952  18.01833  249.228164 -11.197793  9.22363185268258 -28.2182207  100.2568 /L    6.0728   0.0371781   83.343858   -81.64325         n.a.     n.a.
 2026-Jul-20 00:00 *m  00 56 37.06 +03 22 21.8  00 57 59.98 +03 31 05.2  2.090760  0.018186   30.003186 -63.769865    0.690   6.709   99.72419  18.09801  116.366789 -11.202788  9.18302077411511 -28.1538848  102.6019 /L    6.0220   0.0348473   89.501646   -82.17690         n.a.     n.a.
 2026-Jul-22 12:00 *   00 56 43.30 +03 22 15.5  00 58 06.32 +03 30 59.3  1.039935  -0.23393  224.842015  68.170493    0.678   6.707   99.72980  18.17796  343.514308 -11.202267  9.14263476022617 -27.6537054  104.9668 /L    5.9608   0.0177653   102.67752   -85.93897         n.a.     n.a.
 2026-Jul-25 00:00 *m  00 56 47.24 +03 21 54.3  00 58 10.31 +03 30 38.5  0.906512  -0.46949   38.934719 -61.163744    0.666   6.704   99.73628  18.25740  210.668467 -11.196140  9.10285407584625 -27.5657578  107.3339 /L    5.8889   0.0170146   117.37981   -86.11462         n.a.     n.a.
 2026-Jul-27 12:00 *   00 56 48.73 +03 21 18.7  00 58 11.93 +03 30 03.4  -0.13770  -0.72151  233.391632  64.656854    0.654   6.701   99.74365  18.33680   77.830979 -11.184539  9.06343994034899 -26.8986893  109.7212 /L    5.8063   0.0122423   190.80499   -87.14547         n.a.     n.a.
 2026-Jul-30 00:00 *   00 56 47.95 +03 20 28.4  00 58 11.18 +03 29 13.6  -0.27911  -0.95189   46.430731 -58.029831    0.641   6.698   99.75181  18.41538  304.999422 -11.167392  9.02476365303079 -26.7878228  112.1110 /L    5.7132   0.0165327   196.34214   -86.14824         n.a.     n.a.
 2026-Aug-01 12:00 *m  00 56 44.71 +03 19 23.8  00 58 08.05 +03 28 09.5  -1.30911  -1.20308  239.953574  60.738960    0.629   6.695   99.76078  18.49360  172.175616 -11.144827  8.98659260963543 -25.9589891  114.5217 /L    5.6094   0.0296329   227.41681   -82.93130         n.a.     n.a.
 2026-Aug-04 00:00 *   00 56 39.23 +03 18 04.7  00 58 02.58 +03 26 50.8  -1.46030  -1.42747   52.688163 -54.492569    0.616   6.692   99.77043  18.57069   39.357013 -11.116794  8.94928546375937 -25.8265274  116.9355 /L    5.4951   0.0340348   225.65139   -81.88668         n.a.     n.a.
 2026-Aug-06 12:00 *m  00 56 31.29 +03 16 31.6  00 57 54.73 +03 25 18.2  -2.47167  -1.67651  245.100025  56.542656    0.603   6.688   99.78077  18.64709  266.545539 -11.083415  8.91262188946681 -24.8363080  119.3707 /L    5.3702   0.0497769   235.85129   -77.81581         n.a.     n.a.
 2026-Aug-09 00:00 *   00 56 21.13 +03 14 44.3  00 57 44.62 +03 23 31.4  -2.63455  -1.89326   57.938948 -50.647070    0.591   6.684   99.79167  18.72201  133.738492 -11.044675  8.87695412794642 -24.6720971  121.8094 /L    5.2351   0.0540712   234.29798   -76.76663         n.a.     n.a.
 2026-Aug-11 12:00 *m  00 56 08.53 +03 12 43.3  00 57 32.14 +03 21 31.2  -3.61764  -2.13693  249.245238  52.146692    0.578   6.680   99.80313  18.79585    0.937818 -11.000709  8.84208366544975 -23.5119943  124.2695 /L    5.0893   0.0700275   239.42975   -72.34228         n.a.     n.a.
 2026-Aug-14 00:00 *m  00 55 53.79 +03 10 28.7  00 57 17.42 +03 19 17.1  -3.78509  -2.34170   62.394370 -46.563319    0.565   6.676   99.81500  18.86782  228.140597 -10.951572  8.80835439455327 -23.3052910  126.7327 /L    4.9337   0.0741816   238.25633   -71.27827         n.a.     n.a.
 2026-Aug-16 12:00 *   00 55 36.66 +03 08 01.1  00 57 00.36 +03 16 49.9  -4.72224  -2.57442  252.674645  47.601466    0.553   6.672   99.82725  18.93828   95.348751 -10.897442  8.77558150015509 -21.9812863  129.2165 /L    4.7678   0.0896400   241.40209   -66.60788         n.a.     n.a.
 2026-Aug-19 00:00 *m  00 55 17.51 +03 05 20.7  00 56 41.22 +03 14 10.0  -4.88658  -2.76289   66.228012 -42.292697    0.540   6.667   99.83973  19.00651  322.559228 -10.838446  8.74408194880982 -21.7417578  131.7024 /L    4.5925   0.0935596   240.51597   -65.54280         n.a.     n.a.
 2026-Aug-21 12:00 *   00 54 56.07 +03 02 28.2  00 56 19.87 +03 11 18.1  -5.76752  -2.98147  255.585081  42.941104    0.528   6.662   99.85241  19.07283  189.774029 -10.774772  8.71367705179957 -20.2731296  134.2083 /L    4.4074   0.1082095   242.66370   -60.65604         n.a.     n.a.
 2026-Aug-24 00:00 *m  00 54 32.75 +02 59 23.8  00 55 56.58 +03 08 14.3  -5.92915  -3.15234   69.576390 -37.873124    0.516   6.658   99.86511  19.13656   56.990047 -10.706585  8.68465722492278 -20.0074913  136.7157 /L    4.2136   0.1119177   242.00184   -59.57833         n.a.     n.a.
 2026-Aug-26 12:00 *   00 54 07.25 +02 56 08.4  00 55 31.16 +03 04 59.5  -6.74701  -3.35543  258.114170  38.189512    0.503   6.653   99.87782  19.19801  284.209329 -10.634063  8.65685960582513 -18.4045291  139.2428 /L    4.0106   0.1255887   243.55786   -54.47233         n.a.     n.a.
 2026-Aug-29 00:00 *   00 53 40.03 +02 52 42.1  00 55 03.95 +03 01 33.7  -6.90508  -3.50823   72.546236 -33.333285    0.491   6.647   99.89035  19.25653  151.428700 -10.557402  8.63055122426247 -18.1117535  141.7708 /L    3.7996   0.1290863   243.06642   -53.36911         n.a.     n.a.
 2026-Aug-31 12:00 *m  00 53 10.76 +02 49 05.8  00 54 34.72 +02 57 57.9  -7.65107  -3.69459  260.360098  33.364190    0.479   6.642   99.90269  19.31239   18.650208 -10.476770  8.60558817994113 -16.3834747  144.3183 /L    3.5800   0.1416068   244.22481   -48.04341         n.a.     n.a.
 2026-Sep-03 00:00 *   00 52 39.94 +02 45 19.7  00 54 03.92 +02 54 12.3  -7.80404  -3.82815   75.220758 -28.695421    0.468   6.636   99.91463  19.36499  245.870629 -10.392402  8.58221154370909 -16.0625213  146.8662 /L    3.3532   0.1448733   243.87047   -46.90566         n.a.     n.a.
 2026-Sep-05 12:00 *m  00 52 07.22 +02 41 24.7  00 53 31.27 +02 50 18.0  -8.47054  -3.99473  262.395235  28.478855    0.456   6.631   99.92619  19.41456  113.091997 -10.304474  8.56029931142585 -14.2165793  149.4329 /L    3.1186   0.1560876   244.75128   -41.35751         n.a.     n.a.
 2026-Sep-08 00:00 *   00 51 33.14 +02 37 21.3  00 52 57.23 +02 46 15.2  -8.61568  -4.10547   77.665266 -23.977250    0.445   6.625   99.93716  19.46055  340.311040 -10.213284  8.54006897536699 -13.8610133  151.9989 /L    2.8778   0.1590640   244.52167   -40.17186         n.a.     n.a.
 2026-Sep-10 12:00 *m  00 50 57.36 +02 33 10.4  00 52 21.48 +02 42 04.9  -9.19080  -4.24704  264.274294  23.544795    0.434   6.619   99.94754  19.50313  207.529704 -10.119046  8.52142395589569 -11.9034677  154.5820 /L    2.6300   0.1687439   245.19850   -34.40813         n.a.     n.a.
 2026-Sep-13 00:00 *m  00 50 20.44 +02 28 52.7  00 51 44.56 +02 37 47.5  -9.31917  -4.33049   79.932143 -19.193731    0.424   6.613   99.95715  19.54182   74.744663 -10.022134  8.50455178901828 -11.5129721  157.1615 /L    2.3773   0.1712698   245.07635   -33.18403         n.a.     n.a.
 2026-Sep-15 12:00 *   00 49 42.04 +02 24 29.1  00 51 06.19 +02 33 24.4  -9.78875  -4.44308  266.040052  18.572202    0.413   6.606   99.96599  19.57677  301.957782  -9.922786  8.48937194123761  -9.4644696  159.7548 /L    2.1189   0.1791651   245.58686   -27.24256         n.a.     n.a.
 2026-Sep-18 00:00 *m  00 49 02.78 +02 20 00.4  00 50 26.95 +02 28 56.3  -9.89421  -4.49761   82.063637 -14.358022    0.403   6.600   99.97389  19.60758  169.165777  -9.821423  8.47602993527876  -9.0526959  162.3398 /L    1.8571   0.1811413   245.55487   -26.00630         n.a.     n.a.
 2026-Sep-20 12:00 *   00 48 22.31 +02 15 27.7  00 49 46.52 +02 24 24.1  -10.2524  -4.58003  267.727498  13.570831    0.393   6.593   99.98085  19.63439   36.370501  -9.718273  8.46445740391349  -6.9408030  164.9322 /L    1.5913   0.1871479   245.92827   -19.92914         n.a.     n.a.
 2026-Sep-23 00:00 Cm  00 47 41.25 +02 10 51.8  00 49 05.47 +02 19 48.7  -10.3364  -4.60570   84.095263  -9.482064    0.383   6.586   99.98675  19.65691  263.568794  -9.613781  8.45475980095724  -6.5175294  167.5057 /L    1.3244   0.1886014   245.98320   -18.68708         n.a.     n.a.
 2026-Sep-25 12:00 *   00 46 59.23 +02 06 13.5  00 48 23.46 +02 15 10.8  -10.5824  -4.65788  269.366011   8.549749    0.373   6.577   99.99159  19.67522  130.762479  -9.508159  8.44688906125668  -4.3607119  170.0678 /L    1.0564   0.1927021   246.24312   -12.50173         n.a.     n.a.
 2026-Sep-28 00:00 C   00 46 16.89 +02 01 33.7  00 47 41.11 +02 10 31.3  -10.6468  -4.65563   86.058164  -4.576779    0.361   6.567   99.99528  19.68915  357.948514  -9.401859  8.44091675805712  -3.9258313  172.5693 /L    0.7929   0.1936705   246.38127   -11.24199         n.a.     n.a.
 2026-Sep-30 12:00 *m  00 45 33.86 +01 56 53.3  00 46 58.09 +02 05 51.3  -10.7785  -4.67791  270.981748   3.517600    0.348   6.555   99.99781  19.69870  225.128628  -9.295075  8.43682116939863  -1.7353932  174.9455 /L    0.5412   0.1958314   246.53906   -4.971798         n.a.     n.a.
 2026-Oct-03 00:00 C   00 44 50.79 +01 52 13.1  00 46 15.05 +02 01 11.6  -10.8209  -4.64743   87.980312   0.347699    0.334   6.542   99.99914  19.70379   92.299875  -9.188281  8.43464234171770  -1.2850264  176.8398 /L    0.3384   0.1962789   246.75719   -3.679751         n.a.     n.a.
 2026-Oct-05 12:00 *m  00 44 07.30 +01 47 34.2  00 45 31.58 +01 56 33.2  -10.8329  -4.63736  272.599285  -1.516966    0.333   6.541   99.99928  19.70440  319.463844  -9.081688  8.43438350999839   0.9252601  177.0922 /L    0.3059   0.1963957   246.82513   2.6400402         n.a.     n.a.
 2026-Oct-08 00:00 C   00 43 24.07 +01 42 57.4  00 44 48.35 +01 51 56.7  -10.8483  -4.57562   89.888176   5.281396    0.346   6.554   99.99821  19.70051  186.617717  -8.975820  8.43604717447671   1.3876495  175.4092 /T    0.4808   0.1962303   247.13092   3.9612642         n.a.     n.a.
 2026-Oct-10 12:00 *m  00 42 40.72 +01 38 23.8  00 44 04.98 +01 47 23.4  -10.7364  -4.53044  274.242601  -6.544993    0.362   6.568   99.99593  19.69209   53.762960  -8.870910  8.43965541625821   3.5954221  173.0760 /T    0.7256   0.1942193   247.12180   10.279578         n.a.     n.a.
 2026-Oct-13 00:00 Cm  00 41 57.93 +01 33 54.5  00 43 22.19 +01 42 54.3  -10.7221  -4.43678   91.807719  10.214269    0.375   6.580   99.99249  19.67923  280.896945  -8.767504  8.44516832209346   4.0598227  170.5694 /T    0.9874   0.1933970   247.52038   11.614709         n.a.     n.a.
 2026-Oct-15 12:00 *   00 41 15.35 +01 29 30.2  00 42 39.60 +01 38 30.4  -10.4864  -4.35764  275.937010 -11.556872    0.387   6.590   99.98790  19.66188  148.021038  -8.665815  8.45262409264125   6.2391830  167.9866 /T    1.2551   0.1892626   247.43453   17.876904         n.a.     n.a.
 2026-Oct-18 00:00 Nm  00 40 33.62 +01 25 12.2  00 41 57.90 +01 34 12.6  -10.4424  -4.23465   93.765628  15.136195    0.398   6.599   99.98223  19.64023   15.132854  -8.566370  8.46194021646973   6.6944707  165.3805 /T    1.5223   0.1878067   247.92631   19.207837         n.a.     n.a.
 2026-Oct-20 12:00 *   00 39 52.40 +01 21 01.0  00 41 16.66 +01 30 01.8  -10.0873  -4.12443  277.710000 -16.542539    0.409   6.607   99.97549  19.61420  242.233664  -8.469349  8.47317044890885   8.8195509  162.7489 /T    1.7887   0.1816312   247.76156   25.360761         n.a.     n.a.
 2026-Oct-23 00:00 Nm  00 39 12.32 +01 16 57.8  00 40 36.57 +01 25 58.7  -10.0183  -3.97503   95.791436  20.036716    0.420   6.615   99.96780  19.58410  109.321385  -8.375250  8.48619097454971   9.2558975  160.1170 /T    2.0511   0.1796348   248.35796   26.666242         n.a.     n.a.
 2026-Oct-25 12:00 *   00 38 33.02 +01 13 03.1  00 39 57.23 +01 22 04.1  -9.55389  -3.83691  279.592811 -21.491469    0.432   6.622   99.95918  19.54981  336.397204  -8.284217  8.50107508407756  11.3075639  157.4710 /T    2.3103   0.1715928   248.11926   32.667503         n.a.     n.a.
 2026-Oct-28 00:00 N   00 37 55.11 +01 09 17.8  00 39 19.33 +01 18 18.9  -9.46646  -3.66435   97.918963  24.905147    0.443   6.630   99.94976  19.51173  203.459333  -8.196711  8.51766757928121  11.7269641  154.8316 /T    2.5636   0.1691821   248.83919   33.945938         n.a.     n.a.
 2026-Oct-30 12:00 Cm  00 37 18.23 +01 05 42.5  00 38 42.44 +01 14 43.9  -8.90065  -3.50086  281.622928 -26.392345    0.455   6.637   99.93957  19.46967   70.508790  -8.112846  8.53606997087922  13.6991838  152.1819 /T    2.8124   0.1594065   248.52901   39.787230         n.a.     n.a.
 2026-Nov-02 00:00 N   00 36 42.96 +01 02 18.1  00 38 07.20 +01 11 19.7  -8.79305  -3.30585  100.188483  29.730173    0.467   6.643   99.92876  19.42409  297.544006  -8.033074  8.55610107073504  14.1082718  149.5418 /T    3.0539   0.1565659   249.39566   41.061775         n.a.     n.a.
 2026-Nov-04 12:00 Cm  00 36 08.99 +00 59 05.1  00 37 33.18 +01 08 06.9  -8.12643  -3.11676  283.846152 -31.232367    0.479   6.650   99.91737  19.37476  164.565785  -7.957524  8.57788255758452  15.9864850  146.8937 /T    3.2897   0.1450604   249.01652   46.743107         n.a.     n.a.
 2026-Nov-07 00:00 N   00 35 36.86 +00 56 04.5  00 37 01.04 +01 05 06.1  -7.99566  -2.89930  102.649843  34.498728    0.491   6.656   99.90558  19.32225   31.572843  -7.886640  8.60119459537350  16.3737237  144.2576 /T    3.5170   0.1417515   250.06892   48.007718         n.a.     n.a.
 2026-Nov-09 12:00 C   00 35 06.27 +00 53 16.6  00 36 30.41 +01 02 18.3  -7.23596  -2.68647  286.320390 -35.996083    0.503   6.662   99.89341  19.26631  258.565864  -7.820537  8.62616823520513  18.1315544  141.6156 /T    3.7374   0.1286428   249.63169   53.504213         n.a.     n.a.
 2026-Nov-12 00:00 Nm  00 34 37.73 +00 50 42.4  00 36 01.89 +00 59 44.1  -7.08702  -2.44994  105.365899  39.195596    0.515   6.667   99.88106  19.20757  125.543926  -7.759614  8.65254750441175  18.4855215  138.9878 /T    3.9485   0.1249757   250.93002   54.734044         n.a.     n.a.
 2026-Nov-14 12:00 C   00 34 10.95 +00 48 22.1  00 35 35.07 +00 57 24.0  -6.24686  -2.21825  289.120762 -40.664633    0.528   6.673   99.86855  19.14577  352.507594  -7.703937  8.68047770544089  20.1055203  136.3558 /T    4.1515   0.1104837   250.45013   60.031183         n.a.     n.a.
 2026-Nov-17 00:00 Nm  00 33 46.39 +00 46 16.4  00 35 10.52 +00 55 18.3  -6.08506  -1.96761  108.419341  43.802314    0.540   6.678   99.85608  19.08159  219.456282  -7.653839  8.70967482965022  20.4226315  133.7399 /T    4.3444   0.1065877   252.08137   61.211462         n.a.     n.a.
 2026-Nov-19 12:00 C   00 33 23.76 +00 44 25.6  00 34 47.83 +00 53 27.4  -5.17618  -1.72212  292.345772 -45.214458    0.553   6.682   99.84366  19.01473   86.390405  -7.609341  8.74029963495149  21.8919986  131.1210 /T    4.5285   0.0909189   251.59767   66.308626         n.a.     n.a.
 2026-Nov-22 00:00 Nm  00 33 03.49 +00 42 50.0  00 34 27.55 +00 51 51.6  -5.00692  -1.46175  111.921366  48.295248    0.565   6.687   99.83148  18.94592  313.309719  -7.570713  8.77204175802243  22.1686690  128.5194 /T    4.7018   0.0869322   253.72509   67.421629         n.a.     n.a.
 2026-Nov-24 12:00 Cm  00 32 45.30 +00 41 29.8  00 34 09.31 +00 50 31.4  -4.04405  -1.20666  296.127048 -49.614505    0.577   6.691   99.81957  18.87484  180.214508  -7.537937  8.80507752821913  23.4785595  125.9156 /T    4.8657   0.0703372   253.38594   72.314461         n.a.     n.a.
 2026-Nov-27 00:00 N   00 32 29.54 +00 40 25.3  00 33 53.59 +00 49 27.0  -3.87393  -0.93951  116.023495  52.642904    0.589   6.694   99.80808  18.80223   47.104845  -7.511232  8.83908069159878  23.7216027  123.3294 /T    5.0185   0.0664372   256.36771   73.340319         n.a.     n.a.
 2026-Nov-29 12:00 Cm  00 32 15.98 +00 39 36.7  00 33 39.99 +00 48 38.4  -2.86695  -0.67640  300.641438 -53.822280    0.601   6.697   99.79704  18.72772  273.980796  -7.490573  8.87425029282081  24.8751983  120.7411 /T    5.1614   0.0490943   256.72492   78.046183         n.a.     n.a.
 2026-Dec-02 00:00 N   00 32 04.93 +00 39 04.3  00 33 28.94 +00 48 05.9  -2.69340  -0.40272  120.934795  56.800895    0.613   6.700   99.78660  18.65206  140.842671  -7.476164  8.91024605420287  25.0902964  118.1706 /T    5.2927   0.0453891   261.49616   78.974375         n.a.     n.a.
 2026-Dec-04 12:00 Cm  00 31 56.18 +00 38 48.2  00 33 20.12 +00 47 49.5  -1.64635  -0.13261  306.123090 -57.777645    0.624   6.703   99.77677  18.57486    7.690323  -7.467981  8.94727661792375  26.0773668  115.5985 /T    5.4137   0.0275281   265.39498   83.486706         n.a.     n.a.
 2026-Dec-07 00:00 N   00 31 50.01 +00 38 48.5  00 33 13.95 +00 47 49.7  -1.46845  0.145303  126.940386  60.704415    0.636   6.705   99.76770  18.49692  234.524364  -7.466188  8.98497715097440  26.2531763  113.0451 /T    5.5229   0.0245938   275.65100   84.190464         n.a.     n.a.
 2026-Dec-09 12:00 N   00 31 46.23 +00 39 05.4  00 33 10.13 +00 48 06.5  -0.39272  0.418852  312.870056 -61.393803    0.647   6.707   99.75938  18.41784  101.344531  -7.470732  9.02355809755590  27.0566646  110.4911 /T    5.6214   0.0095695   316.84410   87.790737         n.a.     n.a.
 2026-Dec-12 00:00 Nm  00 31 45.05 +00 39 38.9  00 33 08.98 +00 48 39.9  -0.21714  0.696981  134.413857  64.257559    0.658   6.708   99.75194  18.33842  328.151780  -7.481716  9.06263636867249  27.1861199  107.9566 /T    5.7079   0.0121670   342.69618   87.193172         n.a.     n.a.
 2026-Dec-14 12:00 N   00 31 46.32 +00 40 28.9  00 33 10.19 +00 49 29.7  0.872584  0.969629  321.220322 -64.547777    0.668   6.709   99.74536  18.25825  194.945724  -7.499045  9.10243107090927  27.8016575  105.4224 /T    5.7835   0.0217408   41.984538   85.082273         n.a.     n.a.
 2026-Dec-17 00:00 Nm  00 31 50.18 +00 41 35.3  00 33 14.05 +00 50 35.9  1.040274  1.243759  143.789766  67.319247    0.678   6.709   99.73974  18.17812   61.727602  -7.522759  9.14255173716719  27.8885214  102.9085 /T    5.8472   0.0270242   39.908935   83.887575         n.a.     n.a.
 2026-Dec-19 12:00 N   00 31 56.50 +00 42 58.0  00 33 20.29 +00 51 58.3  2.132783  1.511587  331.451301 -67.073662    0.688   6.710   99.73506  18.09760  288.496859  -7.552729  9.18322878146728  28.3192269  100.3953 /T    5.9000   0.0435688   54.673299   80.308518         n.a.     n.a.
 2026-Dec-22 00:00 Nm  00 32 05.37 +00 44 36.8  00 33 29.18 +00 53 36.9  2.290066  1.778453  155.412396  69.694012    0.698   6.709   99.73137  18.01748  155.254970  -7.588946  9.22406818888230  28.3690940   97.9027 /T    5.9410   0.0483256   52.167272   79.245703         n.a.     n.a.
 2026-Dec-24 12:00 Nm  00 32 16.68 +00 46 31.4  00 33 40.46 +00 55 31.4  3.375968  2.039509  343.548125 -68.773801    0.707   6.709   99.72867  17.93728   22.001213  -7.631263  9.26530989390251  28.6199442   95.4108 /T    5.9713   0.0657368   58.862753   75.573714         n.a.     n.a.
 2026-Dec-27 00:00 N   00 32 30.49 +00 48 41.6  00 33 54.30 +00 57 41.6  3.521961  2.298883  169.174046  71.150958    0.716   6.708   99.72697  17.85777  248.737264  -7.679658  9.30656146733777  28.6410742   92.9391 /T    5.9901   0.0700973   56.866384   74.606305         n.a.     n.a.
 2026-Dec-29 12:00 Nm  00 32 46.72 +00 51 07.3  00 34 10.46 +01 00 06.9  4.596350  2.554219  356.911850 -69.470571    0.724   6.706   99.72626  17.77847  115.462202  -7.734002  9.34807103668061  28.7182407   90.4677 /T    5.9982   0.0876395   60.938814   70.973932         n.a.     n.a.
$$EOE
**********************************************************************************************************************************************************************************************************************************************************************************************
Column meaning:
 
TIME

  Times PRIOR to 1962 are UT1, a mean-solar time closely related to the
prior but now-deprecated GMT. Times AFTER 1962 are in UTC, the current
civil or "wall-clock" time-scale. UTC is kept within 0.9 seconds of UT1
using integer leap-seconds for 1972 and later years.

  Conversion from the internal Barycentric Dynamical Time (TDB) of solar
system dynamics to the non-uniform civil UT time-scale requested for output
has not been determined for UTC times after the next July or January 1st.
Therefore, the last known leap-second is used as a constant over future
intervals.

  Time tags refer to the UT time-scale conversion from TDB on Earth
regardless of observer location within the solar system, although clock
rates may differ due to the local gravity field and no analog to "UT"
may be defined for that location.

  Any 'b' symbol in the 1st-column denotes a B.C. date. First-column blank
(" ") denotes an A.D. date.
 
CALENDAR SYSTEM

  Mixed calendar mode was active such that calendar dates after AD 1582-Oct-15
(if any) are in the modern Gregorian system. Dates prior to 1582-Oct-5 (if any)
are in the Julian calendar system, which is automatically extended for dates
prior to its adoption on 45-Jan-1 BC.  The Julian calendar is useful for
matching historical dates. The Gregorian calendar more accurately corresponds
to the Earth's orbital motion and seasons. A "Gregorian-only" calendar mode is
available if such physical events are the primary interest.

  NOTE: "n.a." in output means quantity "not available" at the print-time.
 
SOLAR PRESENCE (OBSERVING SITE)
  Time tag is followed by a blank, then a solar-presence symbol:

       '*'  Daylight (refracted solar upper-limb on or above apparent horizon)
       'C'  Civil twilight/dawn
       'N'  Nautical twilight/dawn
       'A'  Astronomical twilight/dawn
       ' '  Night OR geocentric ephemeris

LUNAR PRESENCE (OBSERVING SITE)
  The solar-presence symbol is immediately followed by a lunar-presence symbol:

       'm'  Refracted upper-limb of Moon on or above apparent horizon
       ' '  Refracted upper-limb of Moon below apparent horizon OR geocentric
            ephemeris
 
 'R.A._____(ICRF)_____DEC' =
  Astrometric right ascension and declination of the target center with
respect to the observing site (coordinate origin) in the reference frame of
the planetary ephemeris (ICRF). Compensated for down-leg light-time delay
aberration.

  Units: RA  in hours-minutes-seconds of time,    HH MM SS.ff{ffff}
         DEC in degrees-minutes-seconds of arc,  sDD MN SC.f{ffff}
 
 'R.A.__(a-apparent)__DEC' =
  Airless apparent right ascension and declination of the target center
with respect to an instantaneous reference frame defined by the Earth equator
of-date (z-axis) and meridian containing the Earth equinox of-date (x-axis,
EOP-corrected IAU76/80). Compensated for down-leg light-time delay,
gravitational deflection of light, stellar aberration, precession & nutation.
Note: equinox (RA origin) is offset -53 mas from the of-date frame defined
by the IAU06/00a P & N system.

  Units: RA  in hours-minutes-seconds of time,   HH MM SS.ff{ffff}
         DEC in degrees-minutes-seconds of arc, sDD MN SC.f{ffff}
 
 'dRA*cosD d(DEC)/dt' =
  The angular rate of change in apparent RA and DEC of the target. This is
with respect to the non-inertial IAU76/80 Earth true equator and equinox
of-date reference frame.  d(RA)/dt is multiplied by the cosine of declination
to provide a linear rate in the plane-of-sky. Units: ARCSECONDS PER HOUR
 
 'Azi____(a-app)___Elev' =
  Airless apparent azimuth and elevation of target center. Compensated
for light-time, the gravitational deflection of light, stellar aberration,
precession and nutation. Azimuth is measured clockwise from north:

  North(0) -> East(90) -> South(180) -> West(270) -> North (360)

Elevation angle is with respect to a plane perpendicular to the reference
surface local zenith direction. TOPOCENTRIC ONLY.  Units: DEGREES
 
 'APmag   S-brt' =
   Saturn's approximate apparent visual magnitude and surface brightness. The
value includes the ring system when the solar phase angle of the observer is
less than 6.5 degrees (typical when observed from Earth) AND effective ring
inclination is less than 27 degrees. Otherwise, the value is that of the globe
only (no rings).  An "n.a." will be output if outside the range of phase-angles
for which the model is valid.

   For Earth-based observers, the estimated dimming due to atmospheric
absorption (extinction) is available as a separate, requestable quantity.

   Surface brightness is the average airless visual magnitude of a
square-arcsecond of the illuminated portion of the apparent disk.

 MAGNITUDES & MAGNITUDES PER SQUARE ARCSECOND
 
 'Illu%' =
   Fraction of the target objects' assumed circular disk illuminated by Sun
(phase), as seen by the observer.  Units: PERCENT
 
 'Ang-diam' =
   The equatorial angular width of the target body full disk, if it were fully
illuminated and visible to the observer. If the target body diameter is unknown
"n.a." is output.

   Units: ARCSECONDS
 
 'ObsSub-LON ObsSub-LAT' =
   Apparent planetodetic longitude and latitude of the center of the target
disc seen by the OBSERVER at print-time. This is NOT exactly the same as the
"nearest" sub-point for a non-spherical target shape (since the center of the
disc might not be the point closest to the observer), but is generally very
close if not a very irregular body shape. Down-leg light travel-time from
target to observer is taken into account. Latitude is the angle between the
equatorial plane and the line perpendicular to the reference ellipsoid of the
body, so includes body oblateness. The reference ellipsoid is an oblate
spheroid with a single flatness coefficient in which the y-axis body radius
is taken to be the same value as the x-axis radius.  For Jupiter, Saturn, and
Uranus, IAU2015 longitude is based on the "System III" prime meridian rotation
angle of the magnetic field. By contrast, pole direction (thus latitude) is
relative to the body dynamical equator.  There can be an offset between the
magnetic pole and the dynamical pole of rotation. For Neptune, rotation is
IAU2015 "System II" rotation of optically observed features in the Neptunian
atmosphere. Positive longitude is to the WEST for this target. Cartographic
system is specified in the header.  Units: DEGREES DEGREES
 
 'delta      deldot' =
   Apparent range ("delta", light-time aberrated) and range-rate ("delta-dot")
of the target center relative to the observer. A positive "deldot" means the
target center is moving away from the observer, negative indicates movement
toward the observer.  Units: AU and KM/S
 
 'S-O-T /r' =
   Sun-Observer-Target apparent SOLAR ELONGATION ANGLE seen from the observers'
location at print-time.

   The '/r' column provides a code indicating the targets' apparent position
relative to the Sun in the observers' sky, as described below:

   Case A: For an observing location on the surface of a rotating body, that
body rotational sense is considered:

    /T indicates target TRAILS Sun   (evening sky: rises and sets AFTER Sun)
    /L indicates target LEADS Sun    (morning sky: rises and sets BEFORE Sun)

   Case B: For an observing point that does not have a rotational model (such
as a spacecraft), the "leading" and "trailing" condition is defined by the
observers' heliocentric ORBITAL motion:

    * If continuing in the observers' current direction of heliocentric
       motion would encounter the targets' apparent longitude first, followed
       by the Sun's, the target LEADS the Sun as seen by the observer.

    * If the Sun's apparent longitude would be encountered first, followed
       by the targets', the target TRAILS the Sun.

   Two other codes can be output:
    /* indicates observer is Sun-centered    (undefined)
    /? Target is aligned with Sun center     (no lead or trail)

   The S-O-T solar elongation angle is numerically the minimum separation
angle of the Sun and target in the sky in any direction. It does NOT indicate
the amount of separation in the leading or trailing directions, which would
be defined along the equator of a spherical coordinate system.

   Units: DEGREES
 
 'S-T-O' =
   The Sun-Target-Observer angle; the interior vertex angle at target center
formed by a vector from the target to the apparent center of the Sun (at
reflection time on the target) and the apparent vector from target to the
observer at print-time. Slightly different from true PHASE ANGLE (requestable
separately) at the few arcsecond level in that it includes stellar aberration
on the down-leg from target to observer.  Units: DEGREES
 
 'Sky_motion  Sky_mot_PA  RelVel-ANG' =
  Total apparent angular rate of the target in the plane-of-sky. "Sky_mot_PA"
is the position angle of the target's direction of motion in the plane-of-sky,
measured counter-clockwise from the apparent of-date north pole direction.
"RelVel-ANG" is the flight path angle of the target's relative motion with
respect to the observer's line-of-sight, in the range [-90,+90], where positive
values indicate motion away from the observer, negative values are toward the
observer:

  -90 = target is moving directly toward the observer
    0 = target is moving at right angles to the observer's line-of-sight
  +90 = target is moving directly away from the observer

UNITS:  ARCSECONDS/MINUTE, DEGREES, DEGREES
 
 'Lun_Sky_Brt  sky_SNR' =
  Sky brightness due to moonlight scattered by Earth's atmosphere at the
target's position in the sky. "sky_SNR" is the visual signal-to-noise ratio
(SNR) of the target's surface brightness relative to background sky. Output
only for topocentric Earth observers when both the Moon and target are above
the local horizon and the Sun is in astronomical twilight (or further) below
the horizon, and the target is not the Moon or Sun. If all conditions are
not met, "n.a." is output. Galactic brightness, local sky light-pollution
and weather are NOT considered. Lunar opposition surge is considered. The
value returned is accurate under ideal conditions at the approximately 8-23%
level, so is a useful but not definitive value.

  If the target-body radius is also known, "sky_SNR" is output. This is the
approximate visual signal-to-noise ratio of the target's brightness divided
by lunar sky brightness. When sky_SNR < 1, the target is dimmer than the
ideal moonlight-scattering background sky, so unlikely to be detectable at
visual wavelengths. In practice, visibility requires sky_SNR > 1 and a
detector sensitive enough to reach the target's magnitude, even if it isn't
washed out by moonlight. When relating magnitudes and brightness values,
keep in mind their logarithmic relationship m2-m1 = -2.5*log_10(b2/b1).

  UNITS: VISUAL MAGNITUDES / ARCSECOND^2, and unitless ratio

Computations by ...

    Solar System Dynamics Group, Horizons On-Line Ephemeris System
    4800 Oak Grove Drive, Jet Propulsion Laboratory
    Pasadena, CA  91109   USA

    General site: https://ssd.jpl.nasa.gov/
    Mailing list: https://ssd.jpl.nasa.gov/email_list.html
    System news : https://ssd.jpl.nasa.gov/horizons/news.html
    User Guide  : https://ssd.jpl.nasa.gov/horizons/manual.html
    Connect     : browser        https://ssd.jpl.nasa.gov/horizons/app.html#/x
                  API            https://ssd-api.jpl.nasa.gov/doc/horizons.html
                  command-line   telnet ssd.jpl.nasa.gov 6775
                  e-mail/batch   https://ssd.jpl.nasa.gov/ftp/ssd/horizons_batch.txt
                  scripts        https://ssd.jpl.nasa.gov/ftp/ssd/SCRIPTS
    Author      : Jon.D.Giorgini@jpl.nasa.gov

**********************************************************************************************************************************************************************************************************************************************************************************************
