*******************************************************************************
 Revised: January 26, 2022             Saturn                               699
 
 PHYSICAL DATA:
  Mass x10^26 (kg)      = 5.6834          Density (g/cm^3)       =  0.687+-.001
  Equat. radius (1 bar) = 60268+-4 km     Polar radius (km)      = 54364+-10
  Vol. Mean Radius (km) = 58232+-6        Flattening             =  0.09796
  Geometric Albedo      = 0.47            Rocky core mass (Mc/M) =  0.1027
  Sid. rot. period (III)= 10h 39m 22.4s   Sid. rot. rate (rad/s) =  0.000163785 
  Mean solar day, hrs   =~10.656         
  GM (km^3/s^2)         = 37931206.234    GM 1-sigma (km^3/s^2)  = +- 98
  Equ. grav, ge (m/s^2) = 10.44           Pol. grav, gp (m/s^2)  = 12.14+-0.01
  Vis. magnitude V(1,0) = -8.88          
  Vis. mag. (opposition)= +0.67           Obliquity to orbit     = 26.73 deg
  Sidereal orbit period = 29.447498 yr    Sidereal orbit period  = 10755.698 d
  Mean daily motion     = 0.0334979 deg/d Mean orbit velocity    =  9.68 km/s
  Atmos. temp. (1 bar)  = 134+-4 K        Escape speed, km/s    =  35.5          
  Aroche(ice)/Rp        =  2.71           Hill's sphere rad. Rp  = 1100
                                 Perihelion  Aphelion    Mean
  Solar Constant (W/m^2)         16.8        13.6        15.1
  Maximum Planetary IR (W/m^2)    4.7         4.5         4.6
  Minimum Planetary IR (W/m^2)    4.7         4.5         4.6
*******************************************************************************


*******************************************************************************
Ephemeris / WWW_USER Mon Apr  6 16:27:31 2026 Pasadena, USA      / Horizons    
*******************************************************************************
Target body name: Saturn (699)                    {source: sat441l}
Center body name: Earth (399)                     {source: DE441}
Center-site name: (user defined site below)
*******************************************************************************
Start time      : A.D. 2026-Jan-01 00:00:00.0000 UT      
Stop  time      : A.D. 2026-Dec-31 00:00:00.0000 UT      
Step-size       : 3600 minutes
*******************************************************************************
Target pole/equ : IAU_SATURN                      {West-longitude positive}
Target radii    : 60268.0, 60268.0, 54364.0 km    {Equator_a, b, pole_c}       
Center geodetic : 260.9, 19.4, 2.24               {E-lon(deg),Lat(deg),Alt(km)}
Center cylindric: 260.9, 6020.33909, 2105.90832   {E-lon(deg),Dxy(km),Dz(km)}
Center pole/equ : ITRF93                          {East-longitude positive}
Center radii    : 6378.137, 6378.137, 6356.752 km {Equator_a, b, pole_c}       
Target primary  : Sun
Vis. interferer : MOON (R_eq= 1737.400) km        {source: DE441}
Rel. light bend : Sun                             {source: DE441}
Rel. lght bnd GM: 1.3271E+11 km^3/s^2                                          
Atmos refraction: NO (AIRLESS)
RA format       : HMS
Time format     : CAL 
Calendar mode   : Mixed Julian/Gregorian
EOP file        : eop.260406.p260703                                           
EOP coverage    : DATA-BASED 1962-JAN-20 TO 2026-APR-06. PREDICTS-> 2026-JUL-02
Units conversion: 1 au= 149597870.700 km, c= 299792.458 km/s, 1 day= 86400.0 s 
Table cut-offs 1: Elevation (-90.0deg=NO ),Airmass (>38.000=NO), Daylight (NO )
Table cut-offs 2: Solar elongation (  0.0,180.0=NO ),Local Hour Angle( 0.0=NO )
Table cut-offs 3: RA/DEC angular rate (     0.0=NO )                           
**********************************************************************************************************************************************************************************************************************************************************************************************
 Date__(UT)__HR:MN     R.A._____(ICRF)_____DEC  R.A.__(a-apparent)__DEC  dRA*cosD d(DEC)/dt  Azi____(a-app)___Elev    APmag   S-brt      Illu%  Ang-diam  ObsSub-LON ObsSub-LAT             delta      deldot     S-O-T /r     S-T-O  Sky_motion  Sky_mot_PA  RelVel-ANG  Lun_Sky_Brt  sky_SNR
**********************************************************************************************************************************************************************************************************************************************************************************************
$$SOE
 2026-Jan-01 00:00 *m  23 48 11.30 -03 44 26.8  23 49 31.45 -03 35 47.4  7.602796  3.928356  190.575078  66.638741    1.007   6.907   99.74921  17.10665  331.775569  -1.170088  9.71519290259548  27.8250055   75.6124 /T    5.7424   0.1426286   62.674650   58.953133         n.a.     n.a.
 2026-Jan-03 12:00 Am  23 48 43.75 -03 40 24.6  23 50 03.85 -03 31 45.0  8.577074  4.143727   22.641379 -72.903123    1.011   6.903   99.75499  17.03654  198.443788  -1.265356  9.75517516912684  27.4212264   73.2131 /T    5.6762   0.1587597   64.214038   55.677629         n.a.     n.a.
 2026-Jan-06 00:00 *   23 49 18.26 -03 36 09.7  23 50 38.38 -03 27 30.1  8.652554  4.359709  201.728393  65.547779    1.015   6.898   99.76148  16.96814   65.106747  -1.365729  9.79450178421369  27.1729441   70.8326 /T    5.6005   0.1614808   63.258116   54.869816         n.a.     n.a.
 2026-Jan-08 12:00 Am  23 49 54.85 -03 31 42.0  23 51 14.90 -03 23 02.5  9.595354  4.561970   35.581398 -70.636522    1.018   6.893   99.76868  16.90097  291.763190  -1.471232  9.83342802285518  26.6116117   68.4519 /T    5.5157   0.1770769   64.571935   51.657201         n.a.     n.a.
 2026-Jan-11 00:00 *   23 50 33.40 -03 27 02.2  23 51 53.44 -03 18 22.9  9.656305  4.768719  211.629518  63.725336    1.021   6.888   99.77648  16.83566  158.415406  -1.581560  9.87157289023818  26.3436307   66.0893 /T    5.4219   0.1794938   63.717761   50.886779         n.a.     n.a.
 2026-Jan-13 12:00 Am  23 51 13.95 -03 22 10.4  23 52 33.92 -03 13 31.2  10.56218  4.957428   45.506485 -67.682813    1.024   6.882   99.78488  16.77176   25.062043  -1.696733  9.90918577222770  25.6242038   63.7263 /T    5.3194   0.1944621   64.856686   47.727473         n.a.     n.a.
 2026-Jan-16 00:00 *   23 51 56.33 -03 17 07.3  23 53 16.32 -03 08 28.0  10.60782  5.152988  220.095204  61.325481    1.026   6.876   99.79377  16.70986  251.705529  -1.816422  9.94589262276330  25.3368343   61.3814 /T    5.2084   0.1965530   64.090791   46.994518         n.a.     n.a.
 2026-Jan-18 12:00 A   23 52 40.60 -03 11 52.9  23 54 00.54 -03 03 13.5  11.47204  5.326476   53.037811 -64.292913    1.028   6.870   99.80312  16.64951  118.344407  -1.940628  9.98193915393898  24.4646067   59.0361 /T    5.0892   0.2108046   65.094516   43.883525         n.a.     n.a.
 2026-Jan-21 00:00 *m  23 53 26.58 -03 06 28.0  23 54 46.53 -02 57 48.6  11.50236  5.508513  227.205409  58.492269    1.029   6.864   99.81284  16.59130  344.981215  -2.068995  10.0169603598852  24.1581820   56.7090 /T    4.9621   0.2125558   64.410099   43.185968         n.a.     n.a.
 2026-Jan-23 12:00 A   23 54 14.35 -03 00 52.7  23 55 34.22 -02 52 13.5  12.31894  5.665140   58.836213 -60.629824    1.029   6.857   99.82289  16.53479  211.614422  -2.201504  10.0511952250251  23.1381893   54.3819 /T    4.8273   0.2259856   65.303607   40.119423         n.a.     n.a.
 2026-Jan-26 00:00 *m  23 55 03.66 -02 55 08.0  23 56 23.53 -02 46 28.8  12.33103  5.831773  233.157127  55.341986    1.030   6.850   99.83317  16.48052   78.246673  -2.337778  10.0842933378188  22.8178636   52.0729 /T    4.6853   0.2273420   64.688896   39.465326         n.a.     n.a.
 2026-Jan-28 12:00 A   23 55 54.64 -02 49 13.8  23 57 14.46 -02 40 34.6  13.09390  5.971104   63.408614 -56.793463    1.030   6.843   99.84364  16.42807  304.876343  -2.477785  10.1164940677402  21.6670284   49.7642 /T    4.5362   0.2398520   65.485982   36.451401         n.a.     n.a.
 2026-Jan-31 00:00 *m  23 56 47.00 -02 43 11.2  23 58 06.87 -02 34 31.8  13.08899  6.122492  238.167877  51.961637    1.029   6.836   99.85419  16.37792  171.506093  -2.621154  10.1474715681187  21.3481972   47.4732 /T    4.3805   0.2408357   64.931743   35.851591         n.a.     n.a.
 2026-Feb-02 12:00 Am  23 57 40.91 -02 37 00.1  23 59 00.73 -02 28 20.6  13.79967  6.246523   67.108836 -52.844989    1.028   6.829   99.86481  16.32965   38.134147  -2.767873  10.1774649119633  20.0849554   45.1819 /T    4.2184   0.2524601   65.645759   32.887056         n.a.     n.a.
 2026-Feb-05 00:00 *   23 58 36.06 -02 30 41.2  23 59 55.88 -02 22 01.9  13.78512  6.384468  242.431315  48.413991    1.027   6.821   99.87537  16.28373  264.763156  -2.917600  10.2061659004827  19.7710539   42.9076 /T    4.0503   0.2531968   65.149170   32.328250         n.a.     n.a.
 2026-Feb-07 12:00 Am  23 59 32.66 -02 24 14.8  00 00 52.41 -02 15 35.6  14.44575  6.494860   70.178545 -48.822810    1.025   6.814   99.88588  16.23976  131.391272  -3.070339  10.2337972041303  18.3955311   40.6324 /T    3.8763   0.2639776   65.791155   29.390328         n.a.     n.a.
 2026-Feb-10 00:00 *   00 00 30.37 -02 17 41.5  00 01 50.13 -02 09 02.3  14.42290  6.619116  246.106307  44.744184    1.022   6.806   99.89620  16.19819  358.021215  -3.225749  10.2600603519507  18.0775521   38.3733 /T    3.6970   0.2644873   65.348143   28.856061         n.a.     n.a.
 2026-Feb-12 12:00 Am  00 01 29.40 -02 11 01.4  00 02 49.13 -02 02 22.1  15.02879  6.715305   72.783465 -44.751377    1.020   6.798   99.90634  16.15866  224.651133  -3.383821  10.2851622360169  16.5922055   36.1133 /T    3.5121   0.2743476   65.923498   25.937062         n.a.     n.a.
 2026-Feb-15 00:00 *   00 02 29.41 -02 04 15.2  00 03 49.16 -01 55 35.9  14.99576  6.824335  249.318458  40.984429    1.017   6.790   99.91618  16.12157   91.283785  -3.544202  10.3088237912065  16.2712711   33.8691 /T    3.3227   0.2745929   65.530467   25.428463         n.a.     n.a.
 2026-Feb-17 12:00 A   00 03 30.62 -01 57 23.3  00 04 50.33 -01 48 44.0  15.54326  6.905132   75.040086 -40.646647    1.013   6.782   99.92572  16.08659  317.917290  -3.706863  10.3312410191494  14.6873949   31.6240 /T    3.1284   0.2834676   66.046701   22.529195         n.a.     n.a.
 2026-Feb-20 00:00 *m  00 04 32.65 -01 50 26.2  00 05 52.36 -01 41 47.0  15.50004  6.997024  252.165381  37.157581    1.009   6.773   99.93485  16.05409  184.554401  -3.871437  10.3521580325471  14.3679691   29.3950 /T    2.9301   0.2834360   65.704644   22.048545         n.a.     n.a.
 2026-Feb-22 12:00 A   00 05 35.75 -01 43 24.4  00 06 55.42 -01 34 45.3  15.98662  7.061319   77.032033 -36.519116    1.005   6.765   99.94357  16.02375   51.193211  -4.037878  10.3717592601403  12.6982735   27.1654 /T    2.7276   0.2912780   66.168869   19.169245         n.a.     n.a.
 2026-Feb-25 00:00 *m  00 06 39.52 -01 36 18.5  00 07 59.22 -01 27 39.3  15.93305  7.135479  254.723330  33.280079    1.000   6.757   99.95177  15.99590  277.836452  -4.205819  10.3898148787221  12.3871882   24.9522 /T    2.5219   0.2909644   65.875186   18.721102         n.a.     n.a.
 2026-Feb-27 12:00 A   00 07 44.23 -01 29 08.8  00 09 03.92 -01 20 29.5  16.35716  7.184636   78.820450 -32.375553    0.995   6.748   99.95946  15.97025  144.482180  -4.375220  10.4065003972015  10.6493670   22.7390 /T    2.3126   0.2977582   66.287246   15.866561         n.a.     n.a.
 2026-Mar-02 00:00 *m  00 08 49.45 -01 21 55.9  00 10 09.17 -01 13 16.6  16.29621  7.243017  257.052130  29.363815    0.989   6.739   99.96656  15.94709   11.133053  -4.545744  10.4216156792296  10.3560517   20.5423 /T    2.1010   0.2972223   66.036763   15.455721         n.a.     n.a.
 2026-Mar-04 12:00 Am  00 09 55.49 -01 14 40.1  00 11 15.17 -01 06 00.9  16.66082  7.279522   80.451470 -28.220591    0.983   6.730   99.97306  15.92614  237.787082  -4.717376  10.4353229658254   8.5636837   18.3460 /T    1.8864   0.3030283   66.398296   12.622737         n.a.     n.a.
 2026-Mar-07 00:00 *   00 11 01.91 -01 07 21.9  00 12 21.60 -00 58 42.9  16.59786  7.323315  259.199143  25.417653    0.976   6.721   99.97889  15.90766  104.446853  -4.889802  10.4474447080078   8.2865603   16.1669 /T    1.6702   0.3023610   66.191944   12.238974         n.a.     n.a.
 2026-Mar-09 12:00 Am  00 12 09.04 -01 00 01.7  00 13 28.71 -00 51 22.7  16.90483  7.347560   81.960216 -24.057349    0.969   6.712   99.98407  15.89143  331.110395  -5.063008  10.4581201176432   6.4417458   13.9899 /T    1.4518   0.3072096   66.508181   9.4124476         n.a.     n.a.
 2026-Mar-12 00:00 *   00 13 16.43 -00 52 39.8  00 14 36.14 -00 44 00.8  16.84075  7.376018  261.202918  21.448473    0.962   6.702   99.98853  15.87766  197.780270  -5.236678  10.4671900169088   6.1723269   11.8340 /T    1.2329   0.3064205   66.347246   9.0403452         n.a.     n.a.
 2026-Mar-14 12:00 Nm  00 14 24.40 -00 45 16.8  00 15 44.12 -00 36 37.8  17.08672  7.387328   83.374339 -19.887928    0.953   6.692   99.99227  15.86617   64.454579  -5.410784  10.4747707242460   4.2786216    9.6878 /T    1.0132   0.3102547   66.619086   6.2103475         n.a.     n.a.
 2026-Mar-17 00:00 *   00 15 32.51 -00 37 53.0  00 16 52.24 -00 29 14.0  17.01865  7.399287  263.094953  17.461370    0.944   6.682   99.99525  15.85715  291.135849  -5.585002  10.4807284814931   4.0162492    7.5788 /T    0.7954   0.3092930   66.501789   5.8466265         n.a.     n.a.
 2026-Mar-19 12:00 N   00 16 41.06 -00 30 29.0  00 18 00.79 -00 21 50.1  17.19967  7.396469   84.716638 -15.713624    0.933   6.670   99.99747  15.85044  157.822239  -5.759288  10.4851631949124   2.0872497    5.5189 /T    0.5814   0.3120436   66.730576   3.0153540         n.a.     n.a.
 2026-Mar-22 00:00 *m  00 17 49.60 -00 23 05.1  00 19 09.34 -00 14 26.5  17.12619  7.390446  264.901717  13.459999    0.920   6.656   99.99891  15.84619   24.516186  -5.933304  10.4879734880075   1.8398494    3.6156 /T    0.3822   0.3108791   66.658401   2.6671005         n.a.     n.a.
 2026-Mar-24 12:00 N   00 18 58.46 -00 15 42.0  00 20 18.22 -00 07 03.4  17.24179  7.373061   86.006159 -11.534948    0.908   6.644   99.99958  15.84427  251.215864  -6.107000  10.4892470948287  -0.1044724    2.2530 /T    0.2378   0.3125351   66.847125   -0.156760         n.a.     n.a.
 2026-Mar-27 00:00 *m  00 20 07.15 -00 08 20.1  00 21 26.96 +00 00 18.6  17.16590  7.350125  266.646306   9.447070    0.907   6.643   99.99945  15.84477  117.923572  -6.280055  10.4889159783373  -0.3286627    2.5493 /L    0.2657   0.3112218   66.820274   -0.482930         n.a.     n.a.
 2026-Mar-29 12:00 N   00 21 16.04 -00 00 59.8  00 22 35.87 +00 07 39.0  17.21904  7.320734   87.259304  -7.352037    0.914   6.650   99.99854  15.84759  344.637508  -6.452446  10.4870497032236  -2.2753359    4.1559 /L    0.4334   0.3118441   66.967057   -3.299904         n.a.     n.a.
 2026-Apr-01 00:00 *m  00 22 24.65 +00 06 18.6  00 23 44.49 +00 14 57.2  17.14398  7.283389  268.349017   5.425023    0.920   6.657   99.99685  15.85279  211.359853  -6.623886  10.4836067795767  -2.4776588    6.1077 /L    0.6381   0.3104494   66.982443   -3.609294         n.a.     n.a.
 2026-Apr-03 12:00 Nm  00 23 33.33 +00 13 34.7  00 24 53.18 +00 22 13.2  17.13627  7.243539   88.490826  -3.165229    0.924   6.662   99.99438  15.86032   78.088878  -6.794370  10.4786336372992  -4.4200823    8.1651 /L    0.8537   0.3100720   67.086113   -6.426753         n.a.     n.a.
 2026-Apr-06 00:00 *   00 24 41.61 +00 20 48.0  00 26 01.49 +00 29 26.5  17.06356  7.192040  270.028670   1.395972    0.928   6.667   99.99116  15.87019  304.826655  -6.963614  10.4721136894406  -4.6046545   10.2551 /L    1.0719   0.3086217   67.145290   -6.727737         n.a.     n.a.
 2026-Apr-08 12:00 Nm  00 25 49.85 +00 27 58.3  00 27 09.78 +00 36 36.7  16.99547  7.141098   89.714155   1.025528    0.930   6.671   99.98719  15.88239  171.571547  -7.131608  10.4640697165856  -6.5369721   12.3699 /L    1.2916   0.3072464   67.208995   -9.553517         n.a.     n.a.
 2026-Apr-11 00:00 *   00 26 57.57 +00 35 05.1  00 28 17.54 +00 43 43.6  16.92538  7.074536  271.703345  -2.638046    0.932   6.674   99.98250  15.89691   38.325518  -7.298061  10.4545095177321  -6.7088304   14.4879 /L    1.5103   0.3057402   67.315858   -9.855815         n.a.     n.a.
 2026-Apr-13 12:00 Cm  00 28 05.14 +00 42 08.0  00 29 25.15 +00 50 46.4  16.79526  7.011568   90.942582   5.220138    0.933   6.677   99.97710  15.91378  265.087059  -7.462952  10.4434309269369  -8.6263526   16.6185 /L    1.7286   0.3033346   67.340775   -12.70059         n.a.     n.a.
 2026-Apr-16 00:00 *   00 29 12.06 +00 49 06.6  00 30 32.10 +00 57 44.8  16.72430  6.929024  273.390667  -6.675157    0.933   6.680   99.97105  15.93294  131.858042  -7.625981  10.4308678609961  -8.7879248   18.7458 /L    1.9445   0.3017144   67.495344   -13.01258         n.a.     n.a.
 2026-Apr-18 12:00 C   00 30 18.69 +00 56 00.3  00 31 38.77 +01 04 38.5  16.52788  6.852828   92.189799   9.418594    0.933   6.683   99.96433  15.95446  358.637084  -7.787115  10.4168003515633 -10.6763622   20.8826 /L    2.1591   0.2982040   67.480017   -15.87710         n.a.     n.a.
 2026-Apr-21 00:00 *m  00 31 24.55 +01 02 48.9  00 32 44.68 +01 11 27.1  16.45359  6.753793  275.109062 -10.713587    0.933   6.686   99.95703  15.97824  225.425901  -7.946044  10.4012984557662 -10.8166910   23.0139 /L    2.3703   0.2964298   67.683058   -16.18895         n.a.     n.a.
 2026-Apr-23 12:00 C   00 32 29.97 +01 09 31.8  00 33 50.18 +01 18 10.1  16.19252  6.665170   93.470232  13.621072    0.932   6.689   99.94913  16.00435   92.223162  -8.102749  10.3843317253772 -12.6528436   25.1533 /L    2.5795   0.2918438   67.626940   -19.05901         n.a.     n.a.
 2026-Apr-26 00:00 *m  00 33 34.49 +01 16 08.7  00 34 54.75 +01 24 47.0  16.12016  6.552130  276.878197 -14.751321    0.931   6.691   99.94074  16.03264  319.030364  -8.256948  10.3660031642557 -12.7652092   27.2864 /L    2.7847   0.2900144   67.880445   -19.35967         n.a.     n.a.
 2026-Apr-28 12:00 C   00 34 38.46 +01 22 39.3  00 35 58.77 +01 31 17.4  15.80033  6.453548   94.800055  17.827184    0.930   6.694   99.93184  16.06324  185.846262  -8.408657  10.3462586620467 -14.5429827   29.4277 /L    2.9872   0.2844580   67.782748   -22.23862         n.a.     n.a.
 2026-May-01 00:00 *   00 35 41.43 +01 29 03.1  00 37 01.77 +01 37 41.1  15.73222  6.328381  278.719739 -18.785549    0.928   6.696   99.92253  16.09597   52.672213  -8.557613  10.3252210561085 -14.6372661   31.5629 /L    3.1851   0.2826222   68.087247   -22.54062         n.a.     n.a.
 2026-May-03 12:00 Cm  00 36 43.74 +01 35 20.0  00 38 04.16 +01 43 57.9  15.35351  6.220188   96.197383  22.036117    0.926   6.699   99.91279  16.13098  279.507135  -8.703840  10.3028100205737 -16.3551058   33.7070 /L    3.3798   0.2760943   67.945589   -25.44214         n.a.     n.a.
 2026-May-06 00:00 *   00 37 44.93 +01 41 29.4  00 39 05.41 +01 50 07.5  15.28768  6.082639  280.658888 -22.812572    0.923   6.701   99.90275  16.16808  146.352249  -8.847067  10.2791721173926 -16.4358483   35.8457 /L    3.5695   0.2742220   68.303460   -25.75517         n.a.     n.a.
 2026-May-08 12:00 *m  00 38 45.34 +01 47 31.2  00 40 05.91 +01 56 09.3  14.84925  5.963650   97.683775  26.246613    0.921   6.703   99.89238  16.20744   13.206624  -8.987310  10.2542065865389 -18.0854427   37.9943 /L    3.7554   0.2667007   68.118967   -28.68580         n.a.     n.a.
 2026-May-11 00:00 *   00 39 44.53 +01 53 24.9  00 41 05.14 +02 02 03.0  14.78456  5.812764  282.725044 -26.827817    0.917   6.705   99.88182  16.24883  240.071317  -9.124286  10.2280858364791 -18.1534349   40.1382 /L    3.9357   0.2647701   68.537013   -29.01425         n.a.     n.a.
 2026-May-13 12:00 *m  00 40 42.81 +01 59 10.2  00 42 03.50 +02 07 48.2  14.28623  5.681678   99.286039  30.456609    0.914   6.707   99.87104  16.29247  106.945552  -9.258002  10.2006886721717 -19.7270819   42.2928 /L    4.1118   0.2562430   68.312129   -31.98185         n.a.     n.a.
 2026-May-16 00:00 *m  00 41 39.75 +02 04 46.6  00 43 00.48 +02 13 24.5  14.21945  5.516827  284.953642 -30.825371    0.910   6.709   99.86019  16.33808  333.830235  -9.388164  10.1722118311485 -19.7832180   44.4433 /L    4.2816   0.2542025   68.794865   -32.33371         n.a.     n.a.
 2026-May-18 12:00 *   00 42 35.65 +02 10 13.7  00 43 56.49 +02 18 51.8  13.65858  5.373106  101.037861  34.663206    0.905   6.711   99.84924  16.38591  200.724752  -9.514776  10.1425198790467 -21.2661002   46.6048 /L    4.4465   0.2446238   68.525970   -35.34221         n.a.     n.a.
 2026-May-21 00:00 *m  00 43 30.08 +02 15 31.1  00 44 51.00 +02 24 09.4  13.58798  5.195603  287.388806 -34.797432    0.901   6.713   99.83835  16.43562   67.629797  -9.637552  10.1118427901668 -21.2988075   48.7622 /L    4.6047   0.2424570   69.074763   -35.70691         n.a.     n.a.
 2026-May-23 12:00 *   00 44 23.34 +02 20 38.7  00 45 44.36 +02 29 17.0  12.96906  5.041457  102.982998  38.862084    0.896   6.714   99.82748  16.48749  294.544842  -9.756530  10.0800357133022 -22.6718273   50.9309 /L    4.7574   0.2319080   68.757425   -38.74370         n.a.     n.a.
 2026-May-26 00:00 *m  00 45 15.02 +02 25 35.9  00 46 36.08 +02 34 14.2  12.89979  4.854155  290.085614 -38.733379    0.890   6.716   99.81679  16.54112  161.470339  -9.871450  10.0473528699867 -22.6794879   53.0958 /L    4.9029   0.2297145   69.378822   -39.11021         n.a.     n.a.
 2026-May-28 12:00 *   00 46 05.42 +02 30 22.7  00 47 26.57 +02 39 01.0  12.22932  4.690884  105.179434  43.046391    0.884   6.717   99.80625  16.59683   28.405896  -9.982375  10.0136276886250 -23.9411305   55.2727 /L    5.0425   0.2183020   69.014348   -42.17953         n.a.     n.a.
 2026-May-31 00:00 *   00 46 54.16 +02 34 58.7  00 48 15.37 +02 43 37.0  12.16244  4.494690  293.114707 -42.618153    0.878   6.718   99.79600  16.65421  255.351798 -10.089049  9.97912770671698 -23.9349877   57.4467 /L    5.1743   0.2161064   69.717954   -42.55897         n.a.     n.a.
 2026-Jun-02 12:00 *m  00 47 41.50 +02 39 23.6  00 49 02.83 +02 48 02.1  11.44057  4.322008  107.705437  47.205953    0.872   6.719   99.78603  16.71360  122.307862 -10.191538  9.94366427517389 -25.0863447   59.6337 /L    5.2998   0.2038289   69.304484   -45.67918         n.a.     n.a.
 2026-Jun-05 00:00 *   00 48 27.09 +02 43 37.1  00 49 48.49 +02 52 15.8  11.37201  4.116676  296.567239 -46.430957    0.865   6.720   99.77647  16.77457  349.274216 -10.289577  9.90752224969568 -25.0706426   61.8188 /L    5.4171   0.2015700   70.099710   -46.08456         n.a.     n.a.
 2026-Jun-07 12:00 *m  00 49 11.16 +02 47 39.1  00 50 32.67 +02 56 17.8  10.59764  3.933360  110.670610  51.325493    0.858   6.721   99.76729  16.83749  216.250864 -10.383221  9.87049947427942 -26.1034979   64.0182 /L    5.5276   0.1884007   69.637384   -49.26810         n.a.     n.a.
 2026-Jun-10 00:00 *   00 49 53.38 +02 51 28.9  00 51 14.92 +03 00 07.7  10.52437  3.718060  300.561244 -50.143098    0.850   6.722   99.75866  16.90187   83.237742 -10.472192  9.83290217794772 -26.0748536   66.2165 /L    5.6294   0.1860304   70.542652   -49.70324         n.a.     n.a.
 2026-Jun-12 12:00 *m  00 50 33.95 +02 55 06.6  00 51 55.60 +03 03 45.5  9.698755  3.522868  114.231587  55.381814    0.843   6.722   99.75053  16.96811  310.235010 -10.556538  9.79451876870357 -26.9774115   68.4302 /L    5.7239   0.1719790   70.037515   -52.95679         n.a.     n.a.
 2026-Jun-15 00:00 *m  00 51 12.57 +02 58 31.5  00 52 34.30 +03 07 10.6  9.619142  3.297801  305.249656 -53.714110    0.834   6.723   99.74305  17.03567  177.242391 -10.635977  9.75567615580346 -26.9306828   70.6432 /L    5.8092   0.1694791   71.076371   -53.42078         n.a.     n.a.
 2026-Jun-17 12:00 *   00 51 49.42 +03 01 43.6  00 53 11.28 +03 10 23.1  8.744954  3.092011  118.616132  59.338886    0.826   6.723   99.73620  17.10496   44.260188 -10.710574  9.71615666506142 -27.6890309   72.8719 /L    5.8866   0.1545915   70.527596   -56.74664         n.a.     n.a.
 2026-Jun-20 00:00 *m  00 52 24.22 +03 04 42.4  00 53 46.14 +03 13 22.1  8.660285  2.860632  310.825882 -57.086610    0.817   6.723   99.73009  17.17540  271.287877 -10.780082  9.67630798691481 -27.6172092   75.1001 /L    5.9545   0.1520085   71.720779   -57.22726         n.a.     n.a.
 2026-Jun-22 12:00 *   00 52 57.13 +03 07 28.1  00 54 19.16 +03 16 07.9  7.744798  2.647302  124.159853  63.138723    0.808   6.723   99.72471  17.24742  138.325887 -10.844603  9.63590392700696 -28.2232725   77.3441 /L    6.0140   0.1364125   71.128709   -60.62191         n.a.     n.a.
 2026-Jun-25 00:00 *m  00 53 27.93 +03 10 00.0  00 54 50.00 +03 18 40.0  7.657868  2.411858  317.520786 -60.179372    0.799   6.722   99.72016  17.32040    5.373467 -10.903913  9.59530271666710 -28.1298281   79.5880 /L    6.0636   0.1338116   72.518094   -61.11298         n.a.     n.a.
 2026-Jun-27 12:00 *   00 53 56.75 +03 12 18.5  00 55 18.95 +03 20 58.7  6.707231  2.191306  131.349577  66.686780    0.789   6.722   99.71641  17.39479  232.431208 -10.958121  9.55426581525315 -28.5836788   81.8486 /L    6.1045   0.1176019   71.907370   -64.58480         n.a.     n.a.
 2026-Jun-30 00:00 *   00 54 23.41 +03 14 22.9  00 55 45.66 +03 23 03.5  6.618429  1.952135  325.575461 -62.879895    0.779   6.721   99.71356  17.46996   99.498165 -11.007003  9.51315772274006 -28.4754453   84.1097 /L    6.1353   0.1150054   73.566342   -65.08850         n.a.     n.a.
 2026-Jul-02 12:00 *m  00 54 47.99 +03 16 13.6  00 56 10.38 +03 24 54.5  5.635828  1.724217  140.843605  69.827889    0.769   6.720   99.71157  17.54637  326.575123 -11.050668  9.47172792121130 -28.7793798   86.3885 /L    6.1569   0.0982280   72.989113   -68.65548         n.a.     n.a.
 2026-Jul-05 00:00 *   00 55 10.35 +03 17 49.9  00 56 32.78 +03 26 31.1  5.541049  1.481500  335.160263 -65.041732    0.758   6.719   99.71052  17.62336  193.660973 -11.088892  9.43034691272113 -28.6600960   88.6688 /L    6.1682   0.0955947   75.031067   -69.18231         n.a.     n.a.
 2026-Jul-07 12:00 *m  00 55 30.55 +03 19 12.0  00 56 53.08 +03 27 53.4  4.527054  1.245728  153.334581  72.317084    0.747   6.718   99.71039  17.70142   60.756689 -11.121777  9.38876067277412 -28.8084073   90.9679 /L    6.1700   0.0782554   74.614479   -72.86625         n.a.     n.a.
 2026-Jul-10 00:00 *   00 55 48.46 +03 20 19.4  00 57 11.03 +03 29 01.1  4.422328  0.999374  346.223903 -66.494969    0.736   6.717   99.71123  17.77984  287.860958 -11.149097  9.34735147321709 -28.6708614   93.2694 /L    6.1611   0.0755640   77.265980   -73.41691         n.a.     n.a.
 2026-Jul-12 12:00 *m  00 56 04.11 +03 21 12.3  00 57 26.82 +03 29 54.5  3.381274  0.755922  168.971365  73.819869    0.725   6.715   99.71302  17.85910  154.974880 -11.170950  9.30587041970230 -28.6494830   95.5903 /L    6.1423   0.0577457   77.398096   -77.22528         n.a.     n.a.
 2026-Jul-15 00:00 *m  00 56 17.43 +03 21 50.3  00 57 40.21 +03 30 33.0  3.268611  0.508014  358.326187 -67.081850    0.714   6.713   99.71579  17.93844   22.096877 -11.187138  9.26471218191595 -28.4824721   97.9138 /L    6.1127   0.0551309   81.165665   -77.76922         n.a.     n.a.
 2026-Jul-17 12:00 C   00 56 28.41 +03 22 13.6  00 57 51.31 +03 30 56.7  2.211696  0.260718  186.412169  74.022510    0.702   6.711   99.71952  18.01833  249.228130 -11.197796  9.22363118214840 -28.2834833  100.2567 /L    6.0728   0.0371168   83.276920   -81.67581         n.a.     n.a.
 2026-Jul-20 00:00 *m  00 56 37.05 +03 22 21.8  00 57 59.97 +03 31 05.2  2.096228  0.016029   10.637919 -66.713936    0.690   6.709   99.72419  18.09801  116.366823 -11.202786  9.18302170544725 -28.0889925  102.6020 /L    6.0220   0.0349382   89.561878   -82.13887         n.a.     n.a.
 2026-Jul-22 12:00 C   00 56 43.31 +03 22 15.5  00 58 06.33 +03 30 59.3  1.032947  -0.23178  203.003240  72.847481    0.678   6.707   99.72979  18.17796  343.514276 -11.202271  9.14263358463366 -27.7181100  104.9668 /L    5.9609   0.0176439   102.64706   -85.97599         n.a.     n.a.
 2026-Jul-25 00:00 *m  00 56 47.23 +03 21 54.3  00 58 10.30 +03 30 38.5  0.915027  -0.47162   22.239673 -65.411576    0.666   6.704   99.73629  18.25740  210.668498 -11.196137  9.10285551045542 -27.5019610  107.3340 /L    5.8888   0.0171570   117.26733   -86.07314         n.a.     n.a.
 2026-Jul-27 12:00 C   00 56 48.74 +03 21 18.7  00 58 11.94 +03 30 03.4  -0.14775  -0.71940  216.755407  70.515082    0.654   6.701   99.74365  18.33680   77.830950 -11.184542  9.06343826417465 -26.9617601  109.7211 /L    5.8064   0.0122402   191.60570   -87.15260         n.a.     n.a.
 2026-Jul-30 00:00 *   00 56 47.94 +03 20 28.4  00 58 11.18 +03 29 13.6  -0.26754  -0.95397   32.503326 -63.290360    0.641   6.698   99.75182  18.41537  304.999450 -11.167390  9.02476558447331 -26.7255984  112.1111 /L    5.7131   0.0165129   195.66587   -86.14391         n.a.     n.a.
 2026-Aug-01 12:00 Cm  00 56 44.72 +03 19 23.8  00 58 08.06 +03 28 09.5  -1.32222  -1.20103  227.347907  67.356345    0.629   6.695   99.76077  18.49360  172.175590 -11.144831  8.98659044125105 -26.0202488  114.5216 /L    5.6094   0.0297711   227.74963   -82.91523         n.a.     n.a.
 2026-Aug-04 00:00 *   00 56 39.22 +03 18 04.7  00 58 02.57 +03 26 50.8  -1.44568  -1.42948   41.224469 -60.507959    0.616   6.692   99.77043  18.57069   39.357037 -11.116791  8.94928788163546 -25.7663522  116.9356 /L    5.4951   0.0338846   225.32284   -81.90341         n.a.     n.a.
 2026-Aug-06 12:00 Cm  00 56 31.30 +03 16 31.6  00 57 54.74 +03 25 18.2  -2.48780  -1.67455  235.367597  63.646284    0.603   6.688   99.78077  18.64709  266.545516 -11.083419  8.91261924124850 -24.8952815  119.3707 /L    5.3703   0.0499813   236.05533   -77.79538         n.a.     n.a.
 2026-Aug-09 00:00 *   00 56 21.13 +03 14 44.3  00 57 44.61 +03 23 31.4  -2.61693  -1.89517   48.500350 -57.215658    0.591   6.684   99.79167  18.72201  133.738513 -11.044672  8.87695701781749 -24.6144434  121.8095 /L    5.2350   0.0538516   234.08809   -76.78869         n.a.     n.a.
 2026-Aug-11 12:00 Cm  00 56 08.54 +03 12 43.3  00 57 32.15 +03 21 31.2  -3.63675  -2.13508  241.520270  59.568392    0.578   6.680   99.80313  18.79585    0.937799 -11.000713  8.84208055384278 -23.5682131  124.2695 /L    5.0894   0.0702861   239.58340   -72.32076         n.a.     n.a.
 2026-Aug-14 00:00 *m  00 55 53.78 +03 10 28.7  00 57 17.41 +03 19 17.1  -3.76453  -2.34349   54.556131 -53.536761    0.565   6.676   99.81500  18.86781  228.140614 -10.951569  8.80835773788233 -23.2506224  126.7327 /L    4.9337   0.0739062   238.09696   -71.30213         n.a.     n.a.
 2026-Aug-16 12:00 C   00 55 36.67 +03 08 01.1  00 57 00.37 +03 16 50.0  -4.74422  -2.57271  246.360421  55.237085    0.553   6.672   99.82725  18.93829   95.348735 -10.897446  8.77557794573772 -22.0342929  129.2164 /L    4.7678   0.0899482   241.52981   -66.58651         n.a.     n.a.
 2026-Aug-19 00:00 *m  00 55 17.50 +03 05 20.6  00 56 41.21 +03 14 10.0  -4.86320  -2.76454   59.633039 -49.564456    0.540   6.667   99.83973  19.00650  322.559242 -10.838442  8.74408572290098 -21.6905240  131.7024 /L    4.5925   0.0932341   240.38347   -65.56707         n.a.     n.a.
 2026-Aug-21 12:00 C   00 54 56.07 +03 02 28.2  00 56 19.88 +03 11 18.1  -5.79226  -2.97990  250.276696  50.724438    0.528   6.662   99.85241  19.07283  189.774017 -10.774776  8.71367307931542 -20.3224832  134.2083 /L    4.4074   0.1085640   242.77586   -60.63550         n.a.     n.a.
 2026-Aug-24 00:00 *m  00 54 32.74 +02 59 23.8  00 55 56.57 +03 08 14.3  -5.90309  -3.15382   63.941859 -45.366903    0.516   6.658   99.86512  19.13655   56.990057 -10.706581  8.68466140294291 -19.9601231  136.7158 /L    4.2136   0.1115460   241.88590   -59.60223         n.a.     n.a.
 2026-Aug-26 12:00 C   00 54 07.26 +02 56 08.4  00 55 31.17 +03 04 59.5  -6.77435  -3.35403  253.533955  46.077044    0.503   6.653   99.87782  19.19802  284.209322 -10.634067  8.65685524410779 -18.4498104  139.2427 /L    4.0106   0.1259865   243.65962   -54.45324         n.a.     n.a.
 2026-Aug-29 00:00 *   00 53 40.02 +02 52 42.1  00 55 03.94 +03 01 33.7  -6.87651  -3.50954   67.653290 -40.993999    0.491   6.647   99.89035  19.25652  151.428706 -10.557399  8.63055577535688 -18.0686576  141.7709 /L    3.7996   0.1286719   242.96173   -53.39194         n.a.     n.a.
 2026-Aug-31 12:00 Cm  00 53 10.76 +02 49 05.8  00 54 34.73 +02 57 57.9  -7.68082  -3.69337  256.313454  41.326261    0.479   6.642   99.90268  19.31240   18.650205 -10.476774  8.60558346176927 -16.4242911  144.3182 /L    3.5800   0.1420446   244.31914   -48.02637         n.a.     n.a.
 2026-Sep-03 00:00 *   00 52 39.93 +02 45 19.7  00 54 03.91 +02 54 12.3  -7.77318  -3.82927   70.900680 -36.482696    0.468   6.636   99.91464  19.36498  245.870630 -10.392399  8.58221643317362 -16.0240747  146.8662 /L    3.3532   0.1444199   243.77391   -46.92673         n.a.     n.a.
 2026-Sep-05 12:00 Cm  00 52 07.23 +02 41 24.7  00 53 31.28 +02 50 18.0  -8.50247  -3.99370  258.742110  36.494510    0.456   6.631   99.92619  19.41457  113.091998 -10.304478  8.56029427331963 -14.2525703  149.4328 /L    3.1186   0.1565617   244.84004   -41.34320         n.a.     n.a.
 2026-Sep-08 00:00 *   00 51 33.14 +02 37 21.3  00 52 57.22 +02 46 15.2  -8.58276  -4.10641   73.787017 -31.860917    0.445   6.625   99.93716  19.46054  340.311036 -10.213281  8.54007416488807 -13.8275586  151.9989 /L    2.8778   0.1585756   244.43128   -40.19044         n.a.     n.a.
 2026-Sep-10 12:00 Nm  00 50 57.36 +02 33 10.4  00 52 21.49 +02 42 04.9  -9.22466  -4.24619  260.910830  31.598658    0.434   6.619   99.94754  19.50314  207.529710 -10.119050  8.52141863784412 -11.9343100  154.5819 /L    2.6300   0.1692503   245.28295   -34.39723         n.a.     n.a.
 2026-Sep-13 00:00 *m  00 50 20.43 +02 28 52.7  00 51 44.55 +02 37 47.5  -9.28446  -4.33124   76.392424 -27.150744    0.424   6.613   99.95715  19.54181   74.744655 -10.022132  8.50455723697248 -11.4848123  157.1616 /L    2.3773   0.1707507   244.99075   -33.19940         n.a.     n.a.
 2026-Sep-15 12:00 N   00 49 42.04 +02 24 29.1  00 51 06.20 +02 33 24.4  -9.82423  -4.44242  262.886642  26.652528    0.413   6.606   99.96598  19.57678  301.957793  -9.922790  8.48936638637218  -9.4898819  159.7547 /L    2.1189   0.1796993   245.66800   -27.23569         n.a.     n.a.
 2026-Sep-18 00:00 *m  00 49 02.78 +02 20 00.4  00 50 26.95 +02 28 56.3  -9.85802  -4.49818   78.779273 -22.370311    0.403   6.600   99.97389  19.60757  169.165764  -9.821420  8.47603559709641  -9.0300892  162.3399 /L    1.8571   0.1805964   245.47293   -26.01785         n.a.     n.a.
 2026-Sep-20 12:00 N   00 48 22.31 +02 15 27.7  00 49 46.52 +02 24 24.1  -10.2892  -4.57955  264.720850  21.668250    0.393   6.593   99.98085  19.63440   36.370516  -9.718277  8.46445165809845  -6.9605510  164.9321 /L    1.5913   0.1877049   246.00690   -19.92676         n.a.     n.a.
 2026-Sep-23 00:00 *m  00 47 41.24 +02 10 51.8  00 49 05.46 +02 19 48.7  -10.2991  -4.60610   80.997515 -17.535056    0.383   6.586   99.98675  19.65690  263.568777  -9.613779  8.45476562958223  -6.5006851  167.5058 /L    1.3244   0.1880357   245.90415   -18.69429         n.a.     n.a.
 2026-Sep-25 12:00 N   00 46 59.23 +02 06 13.5  00 48 23.46 +02 15 10.8  -10.6202  -4.65756  266.453656  16.656402    0.373   6.577   99.99159  19.67524  130.762498  -9.508162  8.44688317258752  -4.3746123  170.0677 /L    1.0564   0.1932768   246.31980   -12.50423         n.a.     n.a.
 2026-Sep-28 00:00 *   00 46 16.89 +02 01 33.7  00 47 41.11 +02 10 31.3  -10.6087  -4.65587   83.088392 -12.658331    0.361   6.567   99.99528  19.68913  357.948492  -9.401857  8.44092270447736  -3.9149065  172.5693 /L    0.7929   0.1930895   246.30456   -11.24436         n.a.     n.a.
 2026-Sep-30 12:00 Nm  00 45 33.86 +01 56 53.3  00 46 58.10 +02 05 51.3  -10.8170  -4.67774  268.118096  11.626530    0.348   6.555   99.99781  19.69872  225.128652  -9.295077  8.43681518765114  -1.7433158  174.9454 /L    0.5412   0.1964181   246.61421   -4.979543         n.a.     n.a.
 2026-Oct-03 00:00 *   00 44 50.79 +01 52 13.1  00 46 15.04 +02 01 11.6  -10.7823  -4.64753   85.086543  -7.751896    0.334   6.542   99.99914  19.70378   92.299850  -9.188280  8.43464835553223  -1.2801235  176.8398 /L    0.3384   0.1956882   246.68237   -3.676774         n.a.     n.a.
 2026-Oct-05 12:00 Nm  00 44 07.30 +01 47 34.2  00 45 31.58 +01 56 33.2  -10.8716  -4.63732  269.742602   6.587708    0.333   6.541   99.99928  19.70441  319.463872  -9.081690  8.43437748604729   0.9233895  177.0922 /L    0.3059   0.1969889   246.89915   2.6267499         n.a.     n.a.
 2026-Oct-08 00:00 *   00 43 24.07 +01 42 57.4  00 44 48.35 +01 51 56.7  -10.8096  -4.57560   87.022275  -2.826719    0.346   6.554   99.99821  19.70050  186.617688  -8.975819  8.43605320449230   1.3864846  175.4092 /T    0.4808   0.1956357   247.05758   3.9699615         n.a.     n.a.
 2026-Oct-10 12:00 N   00 42 40.72 +01 38 23.8  00 44 04.98 +01 47 23.4  -10.7751  -4.53052  271.352494   1.548912    0.362   6.568   99.99593  19.69210   53.762990  -8.870912  8.43964940146560   3.5996207  173.0760 /T    0.7256   0.1948132   247.19505   10.260607         n.a.     n.a.
 2026-Oct-13 00:00 *m  00 41 57.94 +01 33 54.5  00 43 22.19 +01 42 54.3  -10.6837  -4.43665   88.922888   2.106694    0.375   6.580   99.99249  19.67922  280.896913  -8.767503  8.44517431694818   4.0526017  170.5693 /T    0.9874   0.1928042   247.44816   11.629301         n.a.     n.a.
 2026-Oct-15 12:00 N   00 41 15.35 +01 29 30.2  00 42 39.61 +01 38 30.4  -10.5246  -4.35782  272.972140  -3.480620    0.387   6.590   99.98790  19.66189  148.021072  -8.665816  8.45261813822489   6.2494101  167.9867 /T    1.2551   0.1898515   247.50741   17.852326         n.a.     n.a.
 2026-Oct-18 00:00 *m  00 40 33.62 +01 25 12.2  00 41 57.90 +01 34 12.6  -10.4046  -4.23444   90.814010   7.038243    0.398   6.599   99.98223  19.64022   15.132818  -8.566369  8.46194612527023   6.6812627  165.3805 /T    1.5223   0.1872213   247.85483   19.228262         n.a.     n.a.
 2026-Oct-20 12:00 N   00 39 52.40 +01 21 01.0  00 41 16.66 +01 30 01.8  -10.1246  -4.12468  274.625748  -8.491611    0.409   6.607   99.97549  19.61421  242.233701  -8.469350  8.47316460530605   8.8357091  162.7489 /T    1.7887   0.1822095   247.83447   25.330869         n.a.     n.a.
 2026-Oct-23 00:00 *m  00 39 12.32 +01 16 57.8  00 40 36.57 +01 25 58.7  -9.98146  -3.97475   92.721572  11.957996    0.420   6.615   99.96780  19.58409  109.321346  -8.375250  8.48619674749731   9.2368279  160.1170 /T    2.0511   0.1790624   248.28689   26.692193         n.a.     n.a.
 2026-Oct-25 12:00 Nm  00 38 33.02 +01 13 03.1  00 39 57.23 +01 22 04.1  -9.59012  -3.83722  276.338655 -13.474810    0.432   6.622   99.95918  19.54983  336.397245  -8.284218  8.50106940033634  11.3295008  157.4710 /T    2.3103   0.1721552   248.19256   32.632788         n.a.     n.a.
 2026-Oct-28 00:00 *   00 37 55.11 +01 09 17.8  00 39 19.33 +01 18 18.9  -9.43092  -3.66402   94.672827  16.856370    0.443   6.630   99.94976  19.51172  203.459291  -8.196711  8.51767316825485  11.7022118  154.8315 /T    2.5636   0.1686279   248.76829   33.976945         n.a.     n.a.
 2026-Oct-30 12:00 Nm  00 37 18.23 +01 05 42.5  00 38 42.44 +01 14 43.9  -8.93542  -3.50121  278.139216 -18.420813    0.455   6.637   99.93957  19.46968   70.508833  -8.112846  8.53606449410390  13.7266949  152.1819 /T    2.8124   0.1599480   248.60304   39.748225         n.a.     n.a.
 2026-Nov-02 00:00 *   00 36 42.97 +01 02 18.1  00 38 07.20 +01 11 19.7  -8.75913  -3.30548   96.697759  21.723863    0.467   6.643   99.92876  19.42407  297.543963  -8.033075  8.55610642982037  14.0780658  149.5418 /T    3.0539   0.1560347   249.32471   41.097391         n.a.     n.a.
 2026-Nov-04 12:00 Nm  00 36 08.98 +00 59 05.1  00 37 33.18 +01 08 06.9  -8.15943  -3.11713  280.059943 -23.319588    0.479   6.650   99.91737  19.37477  164.565829  -7.957523  8.57787733242462  16.0193175  146.8937 /T    3.2897   0.1455763   249.09173   46.700253         n.a.     n.a.
 2026-Nov-07 00:00 *   00 35 36.87 +00 56 04.5  00 37 01.04 +01 05 06.1  -7.96364  -2.89891   98.831010  26.550189    0.491   6.656   99.90558  19.32224   31.572797  -7.886641  8.60119968135711  16.3383398  144.2576 /T    3.5170   0.1412477   249.99760   48.047511         n.a.     n.a.
 2026-Nov-09 12:00 N   00 35 06.27 +00 53 16.6  00 36 30.40 +01 02 18.3  -7.26693  -2.68687  282.139845 -28.159663    0.503   6.662   99.89341  19.26632  258.565910  -7.820537  8.62616330338504  18.1694105  141.6156 /T    3.7374   0.1291291   249.70866   53.457971         n.a.     n.a.
 2026-Nov-12 00:00 *m  00 34 37.74 +00 50 42.4  00 36 01.89 +00 59 44.1  -7.05716  -2.44954  101.113511  31.324244    0.515   6.667   99.88106  19.20756  125.543880  -7.759616  8.65255227721462  18.4452779  138.9877 /T    3.9484   0.1245031   250.85809   54.777486         n.a.     n.a.
 2026-Nov-14 12:00 N   00 34 10.95 +00 48 22.1  00 35 35.07 +00 57 24.0  -6.27557  -2.21866  284.427362 -32.927939    0.528   6.673   99.86855  19.14578  352.507641  -7.703936  8.68047310537169  20.1480625  136.3559 /T    4.1515   0.1109370   250.52952   59.982068         n.a.     n.a.
 2026-Nov-17 00:00 *m  00 33 46.39 +00 46 16.4  00 35 10.52 +00 55 18.3  -6.05756  -1.96719  103.596439  36.033656    0.540   6.678   99.85608  19.08158  219.456234  -7.653841  8.70967925267075  20.3778839  133.7398 /T    4.3444   0.1061497   252.00879   61.257976         n.a.     n.a.
 2026-Nov-19 12:00 N   00 33 23.76 +00 44 25.6  00 34 47.83 +00 53 27.4  -5.20241  -1.72253  286.983506 -37.609242    0.553   6.682   99.84366  19.01474   86.390453  -7.609340  8.74029540142788  21.9388546  131.1211 /T    4.5285   0.0913361   251.68015   66.257150         n.a.     n.a.
 2026-Nov-22 00:00 *m  00 33 03.49 +00 42 50.0  00 34 27.56 +00 51 51.6  -4.98198  -1.46133  106.345691  40.663903    0.565   6.687   99.83149  18.94592  313.309671  -7.570716  8.77204579839969  22.1198048  128.5194 /T    4.7018   0.0865314   253.65239   67.470634         n.a.     n.a.
 2026-Nov-24 12:00 Nm  00 32 45.29 +00 41 29.8  00 34 09.30 +00 50 31.4  -4.06764  -1.20708  289.887436 -42.184920    0.577   6.691   99.81957  18.87485  180.214556  -7.537936  8.80507369219676  23.5293280  125.9156 /T    4.8658   0.0707161   253.47160   72.261113         n.a.     n.a.
 2026-Nov-27 00:00 *   00 32 29.55 +00 40 25.3  00 33 53.60 +00 49 27.0  -3.85171  -0.93909  109.447796  45.197266    0.589   6.694   99.80809  18.80222   47.104796  -7.511235  8.83908432038988  23.6690362  123.3294 /T    5.0185   0.0660756   256.29798   73.391214         n.a.     n.a.
 2026-Nov-29 12:00 Am  00 32 15.97 +00 39 36.7  00 33 39.98 +00 48 38.4  -2.88777  -0.67683  293.243675 -46.631032    0.601   6.697   99.79704  18.72772  273.980844  -7.490572  8.87424688127876  24.9294538  120.7411 /T    5.1614   0.0494338   256.80919   77.991371         n.a.     n.a.
 2026-Dec-02 00:00 *   00 32 04.93 +00 39 04.3  00 33 28.94 +00 48 05.9  -2.67401  -0.40228  113.019511  49.610520    0.613   6.700   99.78660  18.65205  140.842623  -7.476166  8.91024924649602  25.0344627  118.1706 /T    5.2927   0.0450684   261.44452   79.026556         n.a.     n.a.
 2026-Dec-04 12:00 Am  00 31 56.17 +00 38 48.2  00 33 20.11 +00 47 49.5  -1.66430  -0.13305  297.190923 -50.915294    0.624   6.703   99.77677  18.57487    7.690370  -7.467979  8.94727365376134  26.1346654  115.5986 /T    5.4138   0.0278267   265.42928   83.430971         n.a.     n.a.
 2026-Dec-07 00:00 *   00 31 50.01 +00 38 48.5  00 33 13.96 +00 47 49.7  -1.45198  0.145754  117.219902  53.871600    0.636   6.705   99.76770  18.49692  234.524317  -7.466191  8.98497988597723  26.1945270  113.0451 /T    5.5229   0.0243213   275.73230   84.241610         n.a.     n.a.
 2026-Dec-09 12:00 A   00 31 46.22 +00 39 05.4  00 33 10.12 +00 48 06.5  -0.40771  0.418391  301.914205 -54.992382    0.647   6.707   99.75938  18.41784  101.344578  -7.470730  9.02355559953600  27.1165483  110.4911 /T    5.6214   0.0097365   315.74060   87.757161         n.a.     n.a.
 2026-Dec-12 00:00 *m  00 31 45.06 +00 39 38.9  00 33 08.99 +00 48 39.9  -0.20364  0.697454  122.267684  57.934919    0.658   6.708   99.75194  18.33842  328.151734  -7.481719  9.06263862972286  27.1251179  107.9566 /T    5.7078   0.0121096   343.72360   87.200130         n.a.     n.a.
 2026-Dec-14 12:00 A   00 31 46.32 +00 40 28.9  00 33 10.18 +00 49 29.7  0.860585  0.969142  307.654988 -58.798397    0.668   6.709   99.74536  18.25825  194.945770  -7.499043  9.10242905369521  27.8636597  105.4224 /T    5.7835   0.0216015   41.604648   85.124457         n.a.     n.a.
 2026-Dec-17 00:00 *m  00 31 50.19 +00 41 35.3  00 33 14.06 +00 50 35.9  1.050771  1.244261  128.461846  61.733575    0.678   6.709   99.73974  18.17812   61.727557  -7.522762  9.14255351165747  27.8256360  102.9085 /T    5.8472   0.0271432   40.180876   83.847101         n.a.     n.a.
 2026-Dec-19 12:00 A   00 31 56.49 +00 42 58.0  00 33 20.29 +00 51 58.3  2.123789  1.511067  314.711368 -62.242400    0.688   6.710   99.73505  18.09761  288.496902  -7.552727  9.18322725572101  28.3828766  100.3953 /T    5.9000   0.0434415   54.568299   80.357553         n.a.     n.a.
 2026-Dec-22 00:00 *m  00 32 05.37 +00 44 36.8  00 33 29.19 +00 53 36.9  2.297561  1.778992  136.190551  65.167963    0.698   6.709   99.73137  18.01748  155.254927  -7.588949  9.22406946814698  28.3047968   97.9027 /T    5.9410   0.0484298   52.249526   79.199142         n.a.     n.a.
 2026-Dec-24 12:00 Am  00 32 16.67 +00 46 31.4  00 33 40.45 +00 55 31.4  3.369966  2.038948  323.401521 -65.196639    0.707   6.709   99.72866  17.93728   22.001255  -7.631261  9.26530886640793  28.6847704   95.4108 /T    5.9713   0.0656463   58.824587   75.623947         n.a.     n.a.
 2026-Dec-27 00:00 *   00 32 30.49 +00 48 41.6  00 33 54.31 +00 57 41.6  3.526479  2.299467  145.890290  68.091700    0.716   6.708   99.72697  17.85777  248.737223  -7.679661  9.30656224651850  28.5758350   92.9391 /T    5.9900   0.0701657   56.893343   74.558500         n.a.     n.a.
 2026-Dec-29 12:00 Am  00 32 46.71 +00 51 07.3  00 34 10.45 +01 00 06.9  4.593305  2.553610  333.939802 -67.493426    0.724   6.706   99.72626  17.77848  115.462241  -7.734000  9.34807051048550  28.7837756   90.4677 /T    5.9982   0.0875902   60.928487   71.024060         n.a.     n.a.
$$EOE
**********************************************************************************************************************************************************************************************************************************************************************************************
Column meaning:
 
TIME

  Times PRIOR to 1962 are UT1, a mean-solar time closely related to the
prior but now-deprecated GMT. Times AFTER 1962 are in UTC, the current
civil or "wall-clock" time-scale. UTC is kept within 0.9 seconds of UT1
using integer leap-seconds for 1972 and later years.

  Conversion from the internal Barycentric Dynamical Time (TDB) of solar
system dynamics to the non-uniform civil UT time-scale requested for output
has not been determined for UTC times after the next July or January 1st.
Therefore, the last known leap-second is used as a constant over future
intervals.

  Time tags refer to the UT time-scale conversion from TDB on Earth
regardless of observer location within the solar system, although clock
rates may differ due to the local gravity field and no analog to "UT"
may be defined for that location.

  Any 'b' symbol in the 1st-column denotes a B.C. date. First-column blank
(" ") denotes an A.D. date.
 
CALENDAR SYSTEM

  Mixed calendar mode was active such that calendar dates after AD 1582-Oct-15
(if any) are in the modern Gregorian system. Dates prior to 1582-Oct-5 (if any)
are in the Julian calendar system, which is automatically extended for dates
prior to its adoption on 45-Jan-1 BC.  The Julian calendar is useful for
matching historical dates. The Gregorian calendar more accurately corresponds
to the Earth's orbital motion and seasons. A "Gregorian-only" calendar mode is
available if such physical events are the primary interest.

  NOTE: "n.a." in output means quantity "not available" at the print-time.
 
SOLAR PRESENCE (OBSERVING SITE)
  Time tag is followed by a blank, then a solar-presence symbol:

       '*'  Daylight (refracted solar upper-limb on or above apparent horizon)
       'C'  Civil twilight/dawn
       'N'  Nautical twilight/dawn
       'A'  Astronomical twilight/dawn
       ' '  Night OR geocentric ephemeris

LUNAR PRESENCE (OBSERVING SITE)
  The solar-presence symbol is immediately followed by a lunar-presence symbol:

       'm'  Refracted upper-limb of Moon on or above apparent horizon
       ' '  Refracted upper-limb of Moon below apparent horizon OR geocentric
            ephemeris
 
 'R.A._____(ICRF)_____DEC' =
  Astrometric right ascension and declination of the target center with
respect to the observing site (coordinate origin) in the reference frame of
the planetary ephemeris (ICRF). Compensated for down-leg light-time delay
aberration.

  Units: RA  in hours-minutes-seconds of time,    HH MM SS.ff{ffff}
         DEC in degrees-minutes-seconds of arc,  sDD MN SC.f{ffff}
 
 'R.A.__(a-apparent)__DEC' =
  Airless apparent right ascension and declination of the target center
with respect to an instantaneous reference frame defined by the Earth equator
of-date (z-axis) and meridian containing the Earth equinox of-date (x-axis,
EOP-corrected IAU76/80). Compensated for down-leg light-time delay,
gravitational deflection of light, stellar aberration, precession & nutation.
Note: equinox (RA origin) is offset -53 mas from the of-date frame defined
by the IAU06/00a P & N system.

  Units: RA  in hours-minutes-seconds of time,   HH MM SS.ff{ffff}
         DEC in degrees-minutes-seconds of arc, sDD MN SC.f{ffff}
 
 'dRA*cosD d(DEC)/dt' =
  The angular rate of change in apparent RA and DEC of the target. This is
with respect to the non-inertial IAU76/80 Earth true equator and equinox
of-date reference frame.  d(RA)/dt is multiplied by the cosine of declination
to provide a linear rate in the plane-of-sky. Units: ARCSECONDS PER HOUR
 
 'Azi____(a-app)___Elev' =
  Airless apparent azimuth and elevation of target center. Compensated
for light-time, the gravitational deflection of light, stellar aberration,
precession and nutation. Azimuth is measured clockwise from north:

  North(0) -> East(90) -> South(180) -> West(270) -> North (360)

Elevation angle is with respect to a plane perpendicular to the reference
surface local zenith direction. TOPOCENTRIC ONLY.  Units: DEGREES
 
 'APmag   S-brt' =
   Saturn's approximate apparent visual magnitude and surface brightness. The
value includes the ring system when the solar phase angle of the observer is
less than 6.5 degrees (typical when observed from Earth) AND effective ring
inclination is less than 27 degrees. Otherwise, the value is that of the globe
only (no rings).  An "n.a." will be output if outside the range of phase-angles
for which the model is valid.

   For Earth-based observers, the estimated dimming due to atmospheric
absorption (extinction) is available as a separate, requestable quantity.

   Surface brightness is the average airless visual magnitude of a
square-arcsecond of the illuminated portion of the apparent disk.

 MAGNITUDES & MAGNITUDES PER SQUARE ARCSECOND
 
 'Illu%' =
   Fraction of the target objects' assumed circular disk illuminated by Sun
(phase), as seen by the observer.  Units: PERCENT
 
 'Ang-diam' =
   The equatorial angular width of the target body full disk, if it were fully
illuminated and visible to the observer. If the target body diameter is unknown
"n.a." is output.

   Units: ARCSECONDS
 
 'ObsSub-LON ObsSub-LAT' =
   Apparent planetodetic longitude and latitude of the center of the target
disc seen by the OBSERVER at print-time. This is NOT exactly the same as the
"nearest" sub-point for a non-spherical target shape (since the center of the
disc might not be the point closest to the observer), but is generally very
close if not a very irregular body shape. Down-leg light travel-time from
target to observer is taken into account. Latitude is the angle between the
equatorial plane and the line perpendicular to the reference ellipsoid of the
body, so includes body oblateness. The reference ellipsoid is an oblate
spheroid with a single flatness coefficient in which the y-axis body radius
is taken to be the same value as the x-axis radius.  For Jupiter, Saturn, and
Uranus, IAU2015 longitude is based on the "System III" prime meridian rotation
angle of the magnetic field. By contrast, pole direction (thus latitude) is
relative to the body dynamical equator.  There can be an offset between the
magnetic pole and the dynamical pole of rotation. For Neptune, rotation is
IAU2015 "System II" rotation of optically observed features in the Neptunian
atmosphere. Positive longitude is to the WEST for this target. Cartographic
system is specified in the header.  Units: DEGREES DEGREES
 
 'delta      deldot' =
   Apparent range ("delta", light-time aberrated) and range-rate ("delta-dot")
of the target center relative to the observer. A positive "deldot" means the
target center is moving away from the observer, negative indicates movement
toward the observer.  Units: AU and KM/S
 
 'S-O-T /r' =
   Sun-Observer-Target apparent SOLAR ELONGATION ANGLE seen from the observers'
location at print-time.

   The '/r' column provides a code indicating the targets' apparent position
relative to the Sun in the observers' sky, as described below:

   Case A: For an observing location on the surface of a rotating body, that
body rotational sense is considered:

    /T indicates target TRAILS Sun   (evening sky: rises and sets AFTER Sun)
    /L indicates target LEADS Sun    (morning sky: rises and sets BEFORE Sun)

   Case B: For an observing point that does not have a rotational model (such
as a spacecraft), the "leading" and "trailing" condition is defined by the
observers' heliocentric ORBITAL motion:

    * If continuing in the observers' current direction of heliocentric
       motion would encounter the targets' apparent longitude first, followed
       by the Sun's, the target LEADS the Sun as seen by the observer.

    * If the Sun's apparent longitude would be encountered first, followed
       by the targets', the target TRAILS the Sun.

   Two other codes can be output:
    /* indicates observer is Sun-centered    (undefined)
    /? Target is aligned with Sun center     (no lead or trail)

   The S-O-T solar elongation angle is numerically the minimum separation
angle of the Sun and target in the sky in any direction. It does NOT indicate
the amount of separation in the leading or trailing directions, which would
be defined along the equator of a spherical coordinate system.

   Units: DEGREES
 
 'S-T-O' =
   The Sun-Target-Observer angle; the interior vertex angle at target center
formed by a vector from the target to the apparent center of the Sun (at
reflection time on the target) and the apparent vector from target to the
observer at print-time. Slightly different from true PHASE ANGLE (requestable
separately) at the few arcsecond level in that it includes stellar aberration
on the down-leg from target to observer.  Units: DEGREES
 
 'Sky_motion  Sky_mot_PA  RelVel-ANG' =
  Total apparent angular rate of the target in the plane-of-sky. "Sky_mot_PA"
is the position angle of the target's direction of motion in the plane-of-sky,
measured counter-clockwise from the apparent of-date north pole direction.
"RelVel-ANG" is the flight path angle of the target's relative motion with
respect to the observer's line-of-sight, in the range [-90,+90], where positive
values indicate motion away from the observer, negative values are toward the
observer:

  -90 = target is moving directly toward the observer
    0 = target is moving at right angles to the observer's line-of-sight
  +90 = target is moving directly away from the observer

UNITS:  ARCSECONDS/MINUTE, DEGREES, DEGREES
 
 'Lun_Sky_Brt  sky_SNR' =
  Sky brightness due to moonlight scattered by Earth's atmosphere at the
target's position in the sky. "sky_SNR" is the visual signal-to-noise ratio
(SNR) of the target's surface brightness relative to background sky. Output
only for topocentric Earth observers when both the Moon and target are above
the local horizon and the Sun is in astronomical twilight (or further) below
the horizon, and the target is not the Moon or Sun. If all conditions are
not met, "n.a." is output. Galactic brightness, local sky light-pollution
and weather are NOT considered. Lunar opposition surge is considered. The
value returned is accurate under ideal conditions at the approximately 8-23%
level, so is a useful but not definitive value.

  If the target-body radius is also known, "sky_SNR" is output. This is the
approximate visual signal-to-noise ratio of the target's brightness divided
by lunar sky brightness. When sky_SNR < 1, the target is dimmer than the
ideal moonlight-scattering background sky, so unlikely to be detectable at
visual wavelengths. In practice, visibility requires sky_SNR > 1 and a
detector sensitive enough to reach the target's magnitude, even if it isn't
washed out by moonlight. When relating magnitudes and brightness values,
keep in mind their logarithmic relationship m2-m1 = -2.5*log_10(b2/b1).

  UNITS: VISUAL MAGNITUDES / ARCSECOND^2, and unitless ratio

Computations by ...

    Solar System Dynamics Group, Horizons On-Line Ephemeris System
    4800 Oak Grove Drive, Jet Propulsion Laboratory
    Pasadena, CA  91109   USA

    General site: https://ssd.jpl.nasa.gov/
    Mailing list: https://ssd.jpl.nasa.gov/email_list.html
    System news : https://ssd.jpl.nasa.gov/horizons/news.html
    User Guide  : https://ssd.jpl.nasa.gov/horizons/manual.html
    Connect     : browser        https://ssd.jpl.nasa.gov/horizons/app.html#/x
                  API            https://ssd-api.jpl.nasa.gov/doc/horizons.html
                  command-line   telnet ssd.jpl.nasa.gov 6775
                  e-mail/batch   https://ssd.jpl.nasa.gov/ftp/ssd/horizons_batch.txt
                  scripts        https://ssd.jpl.nasa.gov/ftp/ssd/SCRIPTS
    Author      : Jon.D.Giorgini@jpl.nasa.gov

**********************************************************************************************************************************************************************************************************************************************************************************************
