*******************************************************************************
 Revised: January 26, 2022             Saturn                               699
 
 PHYSICAL DATA:
  Mass x10^26 (kg)      = 5.6834          Density (g/cm^3)       =  0.687+-.001
  Equat. radius (1 bar) = 60268+-4 km     Polar radius (km)      = 54364+-10
  Vol. Mean Radius (km) = 58232+-6        Flattening             =  0.09796
  Geometric Albedo      = 0.47            Rocky core mass (Mc/M) =  0.1027
  Sid. rot. period (III)= 10h 39m 22.4s   Sid. rot. rate (rad/s) =  0.000163785 
  Mean solar day, hrs   =~10.656         
  GM (km^3/s^2)         = 37931206.234    GM 1-sigma (km^3/s^2)  = +- 98
  Equ. grav, ge (m/s^2) = 10.44           Pol. grav, gp (m/s^2)  = 12.14+-0.01
  Vis. magnitude V(1,0) = -8.88          
  Vis. mag. (opposition)= +0.67           Obliquity to orbit     = 26.73 deg
  Sidereal orbit period = 29.447498 yr    Sidereal orbit period  = 10755.698 d
  Mean daily motion     = 0.0334979 deg/d Mean orbit velocity    =  9.68 km/s
  Atmos. temp. (1 bar)  = 134+-4 K        Escape speed, km/s    =  35.5          
  Aroche(ice)/Rp        =  2.71           Hill's sphere rad. Rp  = 1100
                                 Perihelion  Aphelion    Mean
  Solar Constant (W/m^2)         16.8        13.6        15.1
  Maximum Planetary IR (W/m^2)    4.7         4.5         4.6
  Minimum Planetary IR (W/m^2)    4.7         4.5         4.6
*******************************************************************************


*******************************************************************************
Ephemeris / WWW_USER Mon Apr  6 16:29:51 2026 Pasadena, USA      / Horizons    
*******************************************************************************
Target body name: Saturn (699)                    {source: sat441l}
Center body name: Earth (399)                     {source: DE441}
Center-site name: (user defined site below)
*******************************************************************************
Start time      : A.D. 2026-Jan-01 00:00:00.0000 UT      
Stop  time      : A.D. 2026-Dec-31 00:00:00.0000 UT      
Step-size       : 3600 minutes
*******************************************************************************
Target pole/equ : IAU_SATURN                      {West-longitude positive}
Target radii    : 60268.0, 60268.0, 54364.0 km    {Equator_a, b, pole_c}       
Center geodetic : 267.0, 16.5, .500               {E-lon(deg),Lat(deg),Alt(km)}
Center cylindric: 267.0, 6117.61489, 1799.99002   {E-lon(deg),Dxy(km),Dz(km)}
Center pole/equ : ITRF93                          {East-longitude positive}
Center radii    : 6378.137, 6378.137, 6356.752 km {Equator_a, b, pole_c}       
Target primary  : Sun
Vis. interferer : MOON (R_eq= 1737.400) km        {source: DE441}
Rel. light bend : Sun                             {source: DE441}
Rel. lght bnd GM: 1.3271E+11 km^3/s^2                                          
Atmos refraction: NO (AIRLESS)
RA format       : HMS
Time format     : CAL 
Calendar mode   : Mixed Julian/Gregorian
EOP file        : eop.260406.p260703                                           
EOP coverage    : DATA-BASED 1962-JAN-20 TO 2026-APR-06. PREDICTS-> 2026-JUL-02
Units conversion: 1 au= 149597870.700 km, c= 299792.458 km/s, 1 day= 86400.0 s 
Table cut-offs 1: Elevation (-90.0deg=NO ),Airmass (>38.000=NO), Daylight (NO )
Table cut-offs 2: Solar elongation (  0.0,180.0=NO ),Local Hour Angle( 0.0=NO )
Table cut-offs 3: RA/DEC angular rate (     0.0=NO )                           
**********************************************************************************************************************************************************************************************************************************************************************************************
 Date__(UT)__HR:MN     R.A._____(ICRF)_____DEC  R.A.__(a-apparent)__DEC  dRA*cosD d(DEC)/dt  Azi____(a-app)___Elev    APmag   S-brt      Illu%  Ang-diam  ObsSub-LON ObsSub-LAT             delta      deldot     S-O-T /r     S-T-O  Sky_motion  Sky_mot_PA  RelVel-ANG  Lun_Sky_Brt  sky_SNR
**********************************************************************************************************************************************************************************************************************************************************************************************
$$SOE
 2026-Jan-01 00:00 Cm  23 48 11.30 -03 44 26.7  23 49 31.44 -03 35 47.3  7.602241  3.929879  207.716910  67.480556    1.007   6.907   99.74921  17.10665  331.775596  -1.170100  9.71519267372101  27.8725184   75.6125 /T    5.7424   0.1426320   62.663886   58.995700         n.a.     n.a.
 2026-Jan-03 12:00 Nm  23 48 43.75 -03 40 24.5  23 50 03.85 -03 31 45.0  8.576642  4.142233   45.038834 -72.063369    1.011   6.903   99.75499  17.03654  198.443764  -1.265373  9.75517496681040  27.3737089   73.2131 /T    5.6762   0.1587423   64.221000   55.634251         n.a.     n.a.
 2026-Jan-06 00:00 C   23 49 18.25 -03 36 09.6  23 50 38.38 -03 27 30.1  8.653961  4.361160  217.783180  65.179436    1.015   6.898   99.76148  16.96814   65.106773  -1.365741  9.79450191369851  27.2203959   70.8327 /T    5.6005   0.1615126   63.254201   54.911539         n.a.     n.a.
 2026-Jan-08 12:00 Nm  23 49 54.86 -03 31 41.9  23 51 14.90 -03 23 02.5  9.592986  4.560556   54.102633 -68.574767    1.018   6.893   99.76868  16.90097  291.763169  -1.471249  9.83342747408124  26.5643106   68.4518 /T    5.5157   0.1770311   64.573342   51.614805         n.a.     n.a.
 2026-Jan-11 00:00 C   23 50 33.40 -03 27 02.2  23 51 53.44 -03 18 22.9  9.659620  4.770084  226.004650  62.335157    1.021   6.888   99.77648  16.83566  158.415430  -1.581572  9.87157337445308  26.3907135   66.0894 /T    5.4219   0.1795534   63.719059   50.927540         n.a.     n.a.
 2026-Jan-13 12:00 Nm  23 51 13.96 -03 22 10.4  23 52 33.92 -03 13 31.1  10.55794  4.956106   60.604906 -64.764015    1.024   6.882   99.78488  16.77176   25.062023  -1.696750  9.90918488265488  25.5774227   63.7263 /T    5.3194   0.1943887   64.853707   47.686128         n.a.     n.a.
 2026-Jan-16 00:00 *   23 51 56.32 -03 17 07.2  23 53 16.31 -03 08 27.9  10.61298  5.154256  232.665063  59.111103    1.026   6.876   99.79376  16.70986  251.705551  -1.816435  9.94589345598599  25.3832488   61.3814 /T    5.2084   0.1966396   64.096201   47.034232         n.a.     n.a.
 2026-Jan-18 12:00 N   23 52 40.61 -03 11 52.8  23 54 00.55 -03 03 13.4  11.46598  5.325255   65.444020 -60.770064    1.028   6.870   99.80313  16.64952  118.344389  -1.940644  9.98193793121371  24.4186402   59.0361 /T    5.0892   0.2107045   65.087978   43.843291         n.a.     n.a.
 2026-Jan-21 00:00 *m  23 53 26.57 -03 06 27.9  23 54 46.52 -02 57 48.6  11.50929  5.509676  238.094674  55.625160    1.029   6.864   99.81284  16.59130  344.981234  -2.069008  10.0169615344051  24.2036388   56.7090 /T    4.9621   0.2126684   64.418839   43.224569         n.a.     n.a.
 2026-Jan-23 12:00 N   23 54 14.35 -03 00 52.7  23 55 34.23 -02 52 13.4  12.31115  5.664028   69.184108 -56.669389    1.029   6.857   99.82290  16.53480  211.614406  -2.201520  10.0511936786505  23.0933214   54.3818 /T    4.8273   0.2258598   65.294113   40.080345         n.a.     n.a.
 2026-Jan-26 00:00 *m  23 55 03.65 -02 55 07.9  23 56 23.53 -02 46 28.8  12.33966  5.832825  242.580868  51.958317    1.030   6.850   99.83317  16.48052   78.246690  -2.337790  10.0842948440549  22.8620844   52.0729 /T    4.6853   0.2274796   64.700400   39.502753         n.a.     n.a.
 2026-Jan-28 12:00 N   23 55 54.64 -02 49 13.8  23 57 14.47 -02 40 34.6  13.08445  5.970105   72.175581 -52.505250    1.030   6.843   99.84364  16.42807  304.876330  -2.477801  10.1164922089480  21.6235314   49.7641 /T    4.5361   0.2397017   65.473978   36.413545         n.a.     n.a.
 2026-Jan-31 00:00 *m  23 56 47.00 -02 43 11.1  23 58 06.86 -02 34 31.8  13.09925  6.123429  246.349322  48.165397    1.029   6.836   99.85419  16.37791  171.506107  -2.621167  10.1474733947569  21.3909155   47.4732 /T    4.3806   0.2409971   64.945592   35.887747         n.a.     n.a.
 2026-Feb-02 12:00 Nm  23 57 40.92 -02 37 00.0  23 59 00.73 -02 28 20.6  13.78864  6.245641   74.641198 -48.303066    1.028   6.829   99.86481  16.32965   38.134136  -2.767889  10.1774627535986  20.0430896   45.1819 /T    4.2183   0.2522866   65.631588   32.850517         n.a.     n.a.
 2026-Feb-05 00:00 *   23 58 36.06 -02 30 41.2  23 59 55.88 -02 22 01.9  13.79691  6.385288  249.569537  44.283624    1.027   6.821   99.87537  16.28373  264.763168  -2.917613  10.2061680345594  19.8120161   42.9076 /T    4.0504   0.2533808   65.165028   32.363038         n.a.     n.a.
 2026-Feb-07 12:00 Nm  23 59 32.66 -02 24 14.8  00 00 52.42 -02 15 35.6  14.43324  6.494095   76.727142 -44.078550    1.025   6.814   99.88588  16.23977  131.391264  -3.070354  10.2337947605625  18.3555434   40.6323 /T    3.8763   0.2637822   65.775106   29.355178         n.a.     n.a.
 2026-Feb-10 00:00 *   00 00 30.36 -02 17 41.4  00 01 50.12 -02 09 02.2  14.43613  6.619821  252.368105  40.338895    1.022   6.806   99.89620  16.19819  358.021224  -3.225762  10.2600627789541  18.1165181   38.3734 /T    3.6970   0.2646926   65.365733   28.889430         n.a.     n.a.
 2026-Feb-12 12:00 Nm  00 01 29.41 -02 11 01.3  00 02 49.14 -02 02 22.1  15.01488  6.714654   78.532099 -39.841440    1.020   6.798   99.90634  16.15866  224.651127  -3.383836  10.2851595230522  16.5543286   36.1132 /T    3.5121   0.2741315   65.905800   25.903334         n.a.     n.a.
 2026-Feb-15 00:00 *   00 02 29.40 -02 04 15.2  00 03 49.16 -01 55 35.9  15.01034  6.824927  254.839893  36.349222    1.017   6.790   99.91618  16.12157   91.283792  -3.544215  10.3088264951888  16.3080153   33.8691 /T    3.3228   0.2748180   65.549570   25.460379         n.a.     n.a.
 2026-Feb-17 12:00 N   00 03 30.62 -01 57 23.3  00 04 50.34 -01 48 43.9  15.52805  6.904593   80.125593 -35.597834    1.013   6.782   99.92572  16.08659  317.917286  -3.706878  10.3312380539074  14.6518472   31.6239 /T    3.1283   0.2832323   66.027543   22.496920         n.a.     n.a.
 2026-Feb-20 00:00 *m  00 04 32.64 -01 50 26.2  00 05 52.36 -01 41 47.0  15.51586  6.997508  257.056398  32.327046    1.009   6.773   99.93485  16.05408  184.554405  -3.871450  10.3521609962235  14.4022810   29.3950 /T    2.9302   0.2836798   65.725077   22.078973         n.a.     n.a.
 2026-Feb-22 12:00 N   00 05 35.75 -01 43 24.4  00 06 55.42 -01 34 45.3  15.97021  7.060885   81.558028 -31.351436    1.005   6.765   99.94357  16.02375   51.193210  -4.037893  10.3717560609402  12.6652578   27.1653 /T    2.7275   0.2910249   66.148413   19.138455         n.a.     n.a.
 2026-Feb-25 00:00 *m  00 06 39.52 -01 36 18.4  00 07 59.21 -01 27 39.3  15.95002  7.135861  259.072737  28.281092    1.000   6.757   99.95177  15.99590  277.836454  -4.205832  10.3898180835836  12.4188724   24.9523 /T    2.5220   0.2912253   65.896795   18.750001         n.a.     n.a.
 2026-Feb-27 12:00 N   00 07 44.23 -01 29 08.7  00 09 03.92 -01 20 29.5  16.33965  7.184299   82.866711 -27.104237    0.995   6.748   99.95946  15.97026  144.482181  -4.375234  10.4064969834642  10.6190706   22.7389 /T    2.3126   0.2974886   66.265624   15.837305         n.a.     n.a.
 2026-Mar-02 00:00 *m  00 08 49.45 -01 21 55.8  00 10 09.16 -01 13 16.6  16.31425  7.243307  260.932011  24.217498    0.989   6.739   99.96656  15.94708   11.133052  -4.545757  10.4216191056405  10.3849290   20.5424 /T    2.1010   0.2974989   66.059419   15.483032         n.a.     n.a.
 2026-Mar-04 12:00 Nm  00 09 55.49 -01 14 40.1  00 11 15.18 -01 06 00.9  16.64230  7.279273   84.080397 -22.857393    0.983   6.730   99.97306  15.92615  237.787086  -4.717391  10.4353193579760   8.5362777   18.3459 /T    1.8863   0.3027439   66.375629   12.595075         n.a.     n.a.
 2026-Mar-07 00:00 *   00 11 01.91 -01 07 21.9  00 12 21.60 -00 58 42.9  16.61684  7.323522  262.668489  20.140791    0.976   6.721   99.97889  15.90766  104.446850  -4.889815  10.4474483352877   8.3124680   16.1669 /T    1.6702   0.3026518   66.215521   12.264642         n.a.     n.a.
 2026-Mar-09 12:00 Nm  00 12 09.04 -01 00 01.6  00 13 28.72 -00 51 22.7  16.88542  7.347389   85.221361 -18.611475    0.969   6.712   99.98407  15.89143  331.110401  -5.063023  10.4581163370352   6.4173844   13.9898 /T    1.4518   0.3069118   66.484588   9.3864195         n.a.     n.a.
 2026-Mar-12 00:00 *   00 13 16.43 -00 52 39.8  00 14 36.13 -00 44 00.8  16.86058  7.376153  264.310505  16.054511    0.962   6.702   99.98853  15.87765  197.780264  -5.236691  10.4671938234381   6.1951193   11.8340 /T    1.2330   0.3067241   66.371621   9.0643474         n.a.     n.a.
 2026-Mar-14 12:00 Cm  00 14 24.41 -00 45 16.7  00 15 44.12 -00 36 37.7  17.06652  7.387223   86.307594 -14.366654    0.953   6.692   99.99227  15.86617   64.454587  -5.410799  10.4747667930681   4.2574418    9.6877 /T    1.0132   0.3099449   66.594677   6.1859600         n.a.     n.a.
 2026-Mar-17 00:00 *   00 15 32.50 -00 37 53.0  00 16 52.24 -00 29 14.0  17.03921  7.399362  265.881592  11.961181    0.944   6.682   99.99525  15.85714  291.135841  -5.585015  10.4807324448033   4.0357982    7.5789 /T    0.7954   0.3096078   66.526861   5.8689662         n.a.     n.a.
 2026-Mar-19 12:00 C   00 16 41.07 -00 30 28.9  00 18 00.79 -00 21 50.1  17.17878  7.396418   87.354524 -10.122713    0.933   6.670   99.99747  15.85045  157.822249  -5.759302  10.4851591360736   2.0693707    5.5188 /T    0.5813   0.3117235   66.705440   2.9926028         n.a.     n.a.
 2026-Mar-22 00:00 *m  00 17 49.60 -00 23 05.1  00 19 09.34 -00 14 26.4  17.14738  7.390475  267.402028   7.862443    0.920   6.656   99.99891  15.84619   24.516176  -5.933317  10.4879775848818   1.8560446    3.6156 /T    0.3822   0.3112036   66.684081   2.6877768         n.a.     n.a.
 2026-Mar-24 12:00 C   00 18 58.46 -00 15 42.0  00 20 18.22 -00 07 03.4  17.22033  7.373050   88.375527  -5.878969    0.908   6.644   99.99958  15.84427  251.215877  -6.107014  10.4892429318619  -0.1189490    2.2530 /T    0.2378   0.3122061   66.821345   -0.177864         n.a.     n.a.
 2026-Mar-27 00:00 *m  00 20 07.15 -00 08 20.1  00 21 26.95 +00 00 18.6  17.18761  7.350121  268.890144   3.759396    0.907   6.643   99.99945  15.84476  117.923559  -6.280068  10.4889201849142  -0.3159138    2.5494 /L    0.2657   0.3115544   66.846474   -0.463938         n.a.     n.a.
 2026-Mar-29 12:00 C   00 21 16.04 -00 00 59.7  00 22 35.87 +00 07 39.0  17.19711  7.320749   89.382634  -1.634598    0.914   6.650   99.99854  15.84759  344.637523  -6.452460  10.4870454601950  -2.2863270    4.1561 /L    0.4334   0.3115080   66.940718   -3.319339         n.a.     n.a.
 2026-Apr-01 00:00 *m  00 22 24.65 +00 06 18.7  00 23 44.48 +00 14 57.3  17.16610  7.283367  270.362683  -0.346790    0.920   6.657   99.99685  15.85279  211.359839  -6.623900  10.4836110714288  -2.4684303    6.1077 /L    0.6381   0.3107885   67.009073   -3.592006         n.a.     n.a.
 2026-Apr-03 12:00 Cm  00 23 33.33 +00 13 34.7  00 24 53.18 +00 22 13.2  17.11400  7.243566   90.387271   2.610851    0.924   6.662   99.99438  15.86032   78.088895  -6.794384  10.4786293387155  -4.4275232    8.1652 /L    0.8537   0.3097302   67.059300   -6.444504         n.a.     n.a.
 2026-Apr-06 00:00 *   00 24 41.61 +00 20 48.1  00 26 01.49 +00 29 26.5  17.08597  7.192015  271.835931  -4.455026    0.928   6.667   99.99116  15.87018  304.826638  -6.963627  10.4721180416828  -4.5990014   10.2550 /L    1.0719   0.3089657   67.172260   -6.712159         n.a.     n.a.
 2026-Apr-08 12:00 *m  00 25 49.85 +00 27 58.4  00 27 09.78 +00 36 36.8  16.97296  7.141121   91.400353   6.858078    0.930   6.671   99.98719  15.88240  171.571565  -7.131622  10.4640653873097  -6.5408173   12.3700 /L    1.2917   0.3069007   67.181799   -9.569587         n.a.     n.a.
 2026-Apr-11 00:00 *   00 26 57.57 +00 35 05.1  00 28 17.54 +00 43 43.6  16.94796  7.074522  273.326361  -8.564099    0.932   6.674   99.98250  15.89691   38.325499  -7.298074  10.4545139051235  -6.7067887   14.4878 /L    1.5103   0.3060875   67.343071   -9.841928         n.a.     n.a.
 2026-Apr-13 12:00 *m  00 28 05.14 +00 42 08.0  00 29 25.15 +00 50 46.4  16.77263  7.011573   92.433391  11.107549    0.933   6.677   99.97710  15.91378  265.087080  -7.462966  10.4434265920764  -8.6265757   16.6186 /L    1.7287   0.3029866   67.313286   -12.71501         n.a.     n.a.
 2026-Apr-16 00:00 *   00 29 12.06 +00 49 06.6  00 30 32.10 +00 57 44.9  16.74694  6.929035  274.850888 -12.672767    0.933   6.680   99.97105  15.93294  131.858021  -7.625994  10.4308722580328  -8.7895111   18.7458 /L    1.9445   0.3020631   67.522711   -13.00034         n.a.     n.a.
 2026-Apr-18 12:00 *   00 30 18.69 +00 56 00.4  00 31 38.77 +01 04 38.5  16.50526  6.852801   93.498968  15.359756    0.933   6.683   99.96433  15.95447  358.637106  -7.787129  10.4167960363634 -10.6729564   20.8828 /L    2.1591   0.2978555   67.452311   -15.88992         n.a.     n.a.
 2026-Apr-21 00:00 *m  00 31 24.55 +01 02 48.9  00 32 44.68 +01 11 27.1  16.47617  6.753843  276.428169 -16.779734    0.933   6.686   99.95703  15.97823  225.425878  -7.946057  10.4013028367887 -10.8219025   23.0139 /L    2.3703   0.2967783   67.710501   -16.17832         n.a.     n.a.
 2026-Apr-23 12:00 *   00 32 29.97 +01 09 31.9  00 33 50.19 +01 18 10.2  16.17001  6.665097   94.611102  19.615303    0.932   6.689   99.94913  16.00435   92.223186  -8.102763  10.3843274551295 -12.6458215   25.1535 /L    2.5795   0.2914965   67.599093   -19.07025         n.a.     n.a.
 2026-Apr-26 00:00 *m  00 33 34.49 +01 16 08.8  00 34 54.75 +01 24 47.1  16.14257  6.552233  278.079192 -20.883295    0.931   6.691   99.94074  16.03264  319.030340  -8.256962  10.3660075035468 -12.7740235   27.2864 /L    2.7847   0.2903610   67.907874   -19.35064         n.a.     n.a.
 2026-Apr-28 12:00 *   00 34 38.46 +01 22 39.3  00 35 58.78 +01 31 17.5  15.77807  6.453416   95.786401  23.874188    0.930   6.694   99.93184  16.06325  185.846288  -8.408671  10.3462544619757 -14.5323766   29.4278 /L    2.9872   0.2841136   67.754858   -22.24829         n.a.     n.a.
 2026-May-01 00:00 *m  00 35 41.43 +01 29 03.1  00 37 01.77 +01 37 41.2  15.75432  6.328549  279.828286 -24.980756    0.928   6.696   99.92253  16.09596   52.672188  -8.557627  10.3252253280011 -14.6496409   31.5628 /L    3.1851   0.2829650   68.114554   -22.53317         n.a.     n.a.
 2026-May-03 12:00 *m  00 36 43.73 +01 35 20.0  00 38 04.16 +01 43 58.0  15.33161  6.219986   97.044443  28.135909    0.926   6.699   99.91279  16.13099  279.507162  -8.703854  10.3028059157392 -16.3409681   33.7071 /L    3.3798   0.2757547   67.917758   -25.45027         n.a.     n.a.
 2026-May-06 00:00 *   00 37 44.93 +01 41 29.5  00 39 05.41 +01 50 07.5  15.30936  6.082884  281.705074 -29.068312    0.923   6.701   99.90275  16.16807  146.352222  -8.847081  10.2791762963967 -16.4517211   35.8457 /L    3.5695   0.2745592   68.330535   -25.74926         n.a.     n.a.
 2026-May-08 12:00 *m  00 38 45.34 +01 47 31.3  00 40 05.91 +01 56 09.4  14.82783  5.963366   98.409669  32.399445    0.921   6.703   99.89238  16.20745   13.206652  -8.987324  10.2542026017238 -18.0678460   37.9944 /L    3.7554   0.2663678   68.091302   -28.69245         n.a.     n.a.
 2026-May-11 00:00 *   00 39 44.53 +01 53 25.0  00 41 05.14 +02 02 03.1  14.80568  5.813096  283.745725 -33.140950    0.917   6.705   99.88182  16.24882  240.071289  -9.124300  10.2280898973866 -18.1727230   40.1382 /L    3.9357   0.2650997   68.563738   -29.00982         n.a.     n.a.
 2026-May-13 12:00 *m  00 40 42.81 +01 59 10.3  00 42 03.50 +02 07 48.2  14.26543  5.681302   99.913858  36.662879    0.914   6.707   99.87104  16.29248  106.945581  -9.258017  10.2006848317549 -19.7061188   42.2930 /L    4.1118   0.2559186   68.284750   -31.98710         n.a.     n.a.
 2026-May-16 00:00 *   00 41 39.75 +02 04 46.6  00 43 00.48 +02 13 24.5  14.23989  5.517255  285.995764 -37.191843    0.910   6.709   99.86019  16.33808  333.830205  -9.388177  10.1722157491464 -19.8058187   44.4432 /L    4.2816   0.2545228   68.821111   -32.33067         n.a.     n.a.
 2026-May-18 12:00 *   00 42 35.65 +02 10 13.8  00 43 56.49 +02 18 51.8  13.63852  5.372631  101.598832  40.923268    0.905   6.711   99.84924  16.38592  200.724782  -9.514791  10.1425162068964 -21.2418836   46.6049 /L    4.4465   0.2443099   68.498998   -35.34613         n.a.     n.a.
 2026-May-21 00:00 *m  00 43 30.08 +02 15 31.2  00 44 51.00 +02 24 09.4  13.60762  5.196135  288.514219 -41.211571    0.901   6.713   99.83835  16.43562   67.629766  -9.637566  10.1118465409555 -21.3245982   48.7622 /L    4.6047   0.2427659   69.100400   -35.70519         n.a.     n.a.
 2026-May-23 12:00 *   00 44 23.33 +02 20 38.8  00 45 44.36 +02 29 17.1  12.94987  5.040876  103.521533  45.175926    0.896   6.714   99.82748  16.48749  294.544873  -9.756544  10.0800322326596 -22.6444898   50.9310 /L    4.7574   0.2316065   68.730992   -38.74635         n.a.     n.a.
 2026-May-26 00:00 *m  00 45 15.03 +02 25 36.0  00 46 36.08 +02 34 14.3  12.91850  4.854795  291.378078 -45.186756    0.890   6.716   99.81679  16.54111  161.470307  -9.871464  10.0473564298973 -22.7083259   53.0957 /L    4.9029   0.2300100   69.403686   -39.10979         n.a.     n.a.
 2026-May-28 12:00 *   00 46 05.41 +02 30 22.8  00 47 26.57 +02 39 01.0  12.21113  4.690193  105.761432  49.413031    0.884   6.717   99.80625  16.59683   28.405928  -9.982389  10.0136244219661 -23.9108248   55.2729 /L    5.0425   0.2180148   68.988637   -42.18096         n.a.     n.a.
 2026-May-31 00:00 *   00 46 54.16 +02 34 58.7  00 48 15.37 +02 43 37.0  12.18008  4.495442  294.690292 -49.097767    0.878   6.718   99.79600  16.65420  255.351767 -10.089064  9.97913105286717 -23.9667102   57.4466 /L    5.1743   0.2163866   69.741833   -42.55978         n.a.     n.a.
 2026-Jun-02 12:00 *m  00 47 41.50 +02 39 23.7  00 49 02.83 +02 48 02.1  11.42350  4.321203  108.432245  53.622267    0.872   6.719   99.78603  16.71361  122.307895 -10.191553  9.94366124408263 -25.0532436   59.6339 /L    5.2998   0.2035580   69.279716   -45.67945         n.a.     n.a.
 2026-Jun-05 00:00 *   00 48 27.10 +02 43 37.1  00 49 48.49 +02 52 15.8  11.38847  4.117542  298.589527 -52.916263    0.865   6.720   99.77646  16.77457  349.274184 -10.289591  9.90752536012973 -25.1050670   61.8187 /L    5.4171   0.2018329   70.122362   -46.08653         n.a.     n.a.
 2026-Jun-07 12:00 *m  00 49 11.16 +02 47 39.1  00 50 32.66 +02 56 17.9  10.58183  3.932442  111.703563  57.783982    0.858   6.721   99.76729  16.83750  216.250897 -10.383235  9.87049669930268 -26.0677936   64.0183 /L    5.5276   0.1881482   69.613814   -49.26732         n.a.     n.a.
 2026-Jun-10 00:00 *   00 49 53.39 +02 51 29.0  00 51 14.93 +03 00 07.8  10.53952  3.719040  303.262852 -56.601100    0.850   6.722   99.75865  16.90187   83.237709 -10.472206  9.83290503176078 -26.1117781   66.2164 /L    5.6294   0.1862739   70.563784   -49.70627         n.a.     n.a.
 2026-Jun-12 12:00 *m  00 50 33.95 +02 55 06.6  00 51 55.60 +03 03 45.5  9.684312  3.521839  115.835940  61.866052    0.843   6.722   99.75053  16.96811  310.235043 -10.556552  9.79451626921508 -26.9393156   68.4303 /L    5.7239   0.1717469   70.015475   -52.95507         n.a.     n.a.
 2026-Jun-15 00:00 *m  00 51 12.58 +02 58 31.5  00 52 34.30 +03 07 10.7  9.632852  3.298890  308.960310 -60.091339    0.834   6.723   99.74305  17.03566  177.242358 -10.635992  9.75567873328295 -26.9698865   70.6431 /L    5.8092   0.1697011   71.095593   -53.42477         n.a.     n.a.
 2026-Jun-17 12:00 *   00 51 49.41 +03 01 43.7  00 53 11.28 +03 10 23.1  8.732008  3.090875  121.240362  65.814057    0.826   6.723   99.73620  17.10496   44.260221 -10.710589  9.71615445913164 -27.6487734   72.8720 /L    5.8866   0.1543818   70.507527   -56.74409         n.a.     n.a.
 2026-Jun-20 00:00 *m  00 52 24.22 +03 04 42.4  00 53 46.14 +03 13 22.2  8.672437  2.861825  316.000383 -63.296499    0.817   6.723   99.73009  17.17539  271.287845 -10.780097  9.67631026968606 -27.6584529   75.1000 /L    5.9545   0.1522071   71.737582   -57.23213         n.a.     n.a.
 2026-Jun-22 12:00 *   00 52 57.12 +03 07 28.1  00 54 19.15 +03 16 07.9  7.733468  2.646065  128.573918  69.531519    0.808   6.723   99.72471  17.24742  138.325920 -10.844617  9.63590203123514 -28.1811019   77.3442 /L    6.0139   0.1362271   71.111225   -60.61859         n.a.     n.a.
 2026-Jun-25 00:00 *m  00 53 27.94 +03 10 00.1  00 54 50.00 +03 18 40.0  7.668346  2.413148  324.740616 -66.084416    0.799   6.722   99.72016  17.32039    5.373434 -10.903928  9.59530468786243 -28.1728543   79.5879 /L    6.0636   0.1339847   72.531757   -61.11870         n.a.     n.a.
 2026-Jun-27 12:00 *   00 53 56.75 +03 12 18.5  00 55 18.94 +03 20 58.8  6.697632  2.189978  138.843137  72.843612    0.789   6.722   99.71641  17.39479  232.431240 -10.958135  9.55426424461317 -28.5398609   81.8486 /L    6.1045   0.1174430   71.893400   -64.58076         n.a.     n.a.
 2026-Jun-30 00:00 *   00 54 23.41 +03 14 23.0  00 55 45.67 +03 23 03.6  6.627122  1.953512  335.457357 -68.273040    0.779   6.721   99.71355  17.46995   99.498132 -11.007018  9.51315936718484 -28.5199798   84.1096 /L    6.1353   0.1151508   73.575784   -65.09504         n.a.     n.a.
 2026-Jul-02 12:00 *m  00 54 47.98 +03 16 13.6  00 56 10.37 +03 24 54.6  5.628068  1.722807  153.290976  75.439908    0.769   6.720   99.71157  17.54637  326.575155 -11.050682  9.47172668888069 -28.7341974   86.3886 /L    6.1569   0.0980975   72.980131   -68.65080         n.a.     n.a.
 2026-Jul-05 00:00 *   00 55 10.36 +03 17 49.9  00 56 32.79 +03 26 31.1  5.547851  1.482951  348.076221 -69.644876    0.758   6.719   99.71051  17.62336  193.660942 -11.088908  9.43034821709374 -28.7058483   88.6687 /L    6.1682   0.0957105   75.034608   -69.18963         n.a.     n.a.
 2026-Jul-07 12:00 *m  00 55 30.54 +03 19 12.0  00 56 53.08 +03 27 53.5  4.521234  1.244251  172.302387  76.852050    0.747   6.718   99.71039  17.70143   60.756720 -11.121790  9.38875978996715 -28.7621584   90.9680 /L    6.1699   0.0781553   74.613006   -72.86097         n.a.     n.a.
 2026-Jul-10 00:00 *   00 55 48.47 +03 20 19.4  00 57 11.04 +03 29 01.2  4.427143  1.000886    1.868988 -70.006335    0.736   6.717   99.71122  17.77984  287.860927 -11.149113  9.34735242619687 -28.7175259   93.2692 /L    6.1611   0.0756479   77.260769   -73.42501         n.a.     n.a.
 2026-Jul-12 12:00 *m  00 56 04.10 +03 21 12.4  00 57 26.82 +03 29 54.5  3.377485  0.754393  193.256945  76.660135    0.725   6.715   99.71302  17.85910  154.974910 -11.170964  9.30586989553375 -28.6024801   95.5903 /L    6.1423   0.0576785   77.409114   -77.21938         n.a.     n.a.
 2026-Jul-15 00:00 *m  00 56 17.43 +03 21 50.3  00 57 40.21 +03 30 33.0  3.271354  0.509569   15.532796 -69.279315    0.714   6.713   99.71579  17.93843   22.096847 -11.187155  9.26471277434577 -28.5297300   97.9136 /L    6.1127   0.0551801   81.146351   -77.77831         n.a.     n.a.
 2026-Jul-17 12:00 *   00 56 28.40 +03 22 13.6  00 57 51.30 +03 30 56.7  2.210017  0.259153  211.599215  74.890527    0.702   6.711   99.71952  18.01833  249.228159 -11.197810  9.22363102346500 -28.2360515  100.2568 /L    6.0728   0.0370860   83.311874   -81.66885         n.a.     n.a.
 2026-Jul-20 00:00 *m  00 56 37.05 +03 22 21.8  00 57 59.97 +03 31 05.3  2.096824  0.017612   27.835207 -67.545528    0.690   6.709   99.72419  18.09801  116.366795 -11.202803  9.18302193050870 -28.1365129  102.6019 /L    6.0220   0.0349483   89.518767   -82.14973         n.a.     n.a.
 2026-Jul-22 12:00 *   00 56 43.30 +03 22 15.6  00 58 06.33 +03 30 59.3  1.033448  -0.23336  225.294407  71.972613    0.678   6.707   99.72980  18.17796  343.514303 -11.202284  9.14263379582887 -27.6705855  104.9668 /L    5.9608   0.0176578   102.72461   -85.96593         n.a.     n.a.
 2026-Jul-25 00:00 *m  00 56 47.23 +03 21 54.4  00 58 10.30 +03 30 38.5  0.913415  -0.47003   38.181837 -64.991425    0.666   6.704   99.73628  18.25740  210.668471 -11.196154  9.10285536386928 -27.5494028  107.3338 /L    5.8889   0.0171209   117.22967   -86.08808         n.a.     n.a.
 2026-Jul-27 12:00 *   00 56 48.74 +03 21 18.8  00 58 11.93 +03 30 03.5  -0.14501  -0.72098  235.016268  68.340911    0.654   6.701   99.74365  18.33680   77.830976 -11.184556  9.06343884704195 -26.9144881  109.7212 /L    5.8063   0.0122570   191.37232   -87.14371         n.a.     n.a.
 2026-Jul-30 00:00 *   00 56 47.95 +03 20 28.4  00 58 11.18 +03 29 13.7  -0.27140  -0.95239   46.589974 -61.819452    0.641   6.698   99.75181  18.41538  304.999425 -11.167407  9.02476506465339 -26.7726130  112.1110 /L    5.7132   0.0165051   195.90578   -86.15247         n.a.     n.a.
 2026-Aug-01 12:00 *m  00 56 44.72 +03 19 23.8  00 58 08.05 +03 28 09.6  -1.31722  -1.20259  242.005388  64.274709    0.629   6.695   99.76078  18.49360  172.175614 -11.144844  8.98659139483054 -25.9735810  114.5217 /L    5.6094   0.0297269   227.60452   -82.91304         n.a.     n.a.
 2026-Aug-04 00:00 *   00 56 39.23 +03 18 04.7  00 58 02.57 +03 26 50.8  -1.45182  -1.42793   53.367087 -58.196686    0.616   6.692   99.77043  18.57069   39.357014 -11.116809  8.94928698982038 -25.8125855  116.9355 /L    5.4951   0.0339393   225.47533   -81.90483         n.a.     n.a.
 2026-Aug-06 12:00 *m  00 56 31.29 +03 16 31.6  00 57 54.73 +03 25 18.2  -2.48052  -1.67607  247.206863  59.931575    0.603   6.688   99.78077  18.64709  266.545538 -11.083433  8.91262056170638 -24.8495735  119.3707 /L    5.3702   0.0498948   235.95335   -77.79414         n.a.     n.a.
 2026-Aug-09 00:00 *   00 56 21.13 +03 14 44.3  00 57 44.62 +03 23 31.5  -2.62536  -1.89367   58.869349 -54.244524    0.591   6.684   99.79167  18.72201  133.738492 -11.044690  8.87695575818915 -24.6595388  121.8093 /L    5.2351   0.0539509   234.19705   -76.78856         n.a.     n.a.
 2026-Aug-11 12:00 *m  00 56 08.53 +03 12 43.4  00 57 32.14 +03 21 31.2  -3.62718  -2.13654  251.229285  55.400031    0.578   6.680   99.80313  18.79585    0.937819 -11.000727  8.84208223438838 -23.5238217  124.2695 /L    5.0893   0.0701610   239.50035   -72.31904         n.a.     n.a.
 2026-Aug-14 00:00 *m  00 55 53.79 +03 10 28.7  00 57 17.42 +03 19 17.1  -3.77523  -2.34206   63.403601 -50.047214    0.565   6.676   99.81500  18.86782  228.140596 -10.951587  8.80835611766120 -23.2942239  126.7326 /L    4.9337   0.0740451   238.18552   -71.30206         n.a.     n.a.
 2026-Aug-16 12:00 *   00 55 36.66 +03 08 01.1  00 57 00.36 +03 16 50.0  -4.73240  -2.57409  254.453407  50.732056    0.553   6.672   99.82725  18.93829   95.348752 -10.897460  8.77557997651820 -21.9915726  129.2165 /L    4.7678   0.0897861   241.45696   -66.58366         n.a.     n.a.
 2026-Aug-19 00:00 *m  00 55 17.51 +03 05 20.7  00 56 41.22 +03 14 10.0  -4.87613  -2.76319   67.207529 -45.663201    0.540   6.667   99.83973  19.00650  322.559227 -10.838461  8.74408375245439 -21.7322796  131.7023 /L    4.5925   0.0934105   240.46073   -65.56780         n.a.     n.a.
 2026-Aug-21 12:00 *   00 54 56.07 +03 02 28.2  00 56 19.87 +03 11 18.1  -5.77824  -2.98119  257.122316  45.960586    0.528   6.662   99.85241  19.07283  189.774032 -10.774790  8.71367544735423 -20.2817826  134.2083 /L    4.4074   0.1083660   242.70922   -60.63110         n.a.     n.a.
 2026-Aug-24 00:00 *m  00 54 32.75 +02 59 23.9  00 55 56.58 +03 08 14.4  -5.91819  -3.15258   70.458202 -41.133556    0.516   6.658   99.86511  19.13655   56.990044 -10.706600  8.68465909585152 -19.9996885  136.7157 /L    4.2136   0.1117583   241.95605   -59.60422         n.a.     n.a.
 2026-Aug-26 12:00 *   00 54 07.25 +02 56 08.4  00 55 31.16 +03 04 59.6  -6.75820  -3.35522  259.395841  41.107608    0.503   6.653   99.87782  19.19801  284.209334 -10.634081  8.65685793330184 -18.4114683  139.2428 /L    4.0106   0.1257540   243.59716   -54.44690         n.a.     n.a.
 2026-Aug-29 00:00 *   00 53 40.03 +02 52 42.1  00 55 03.95 +03 01 33.8  -6.89369  -3.50842   73.287373 -36.488036    0.491   6.647   99.89035  19.25652  151.428696 -10.557418  8.63055314838618 -18.1057002  141.7708 /L    3.7996   0.1289185   243.02702   -53.39562         n.a.     n.a.
 2026-Aug-31 12:00 *m  00 53 10.76 +02 49 05.8  00 54 34.72 +02 57 57.9  -7.66264  -3.69443  261.382460  36.188682    0.479   6.642   99.90268  19.31239   18.650214 -10.476788  8.60558645292649 -16.3886329  144.3183 /L    3.5800   0.1417793   244.25963   -48.01770         n.a.     n.a.
 2026-Sep-03 00:00 *   00 52 39.94 +02 45 19.8  00 54 03.91 +02 54 12.3  -7.79232  -3.82827   75.793404 -31.748914    0.468   6.636   99.91463  19.36499  245.870624 -10.392418  8.58221350621720 -16.0582775  146.8661 /L    3.3532   0.1446988   243.83568   -46.93255         n.a.     n.a.
 2026-Sep-05 12:00 *m  00 52 07.22 +02 41 24.8  00 53 31.27 +02 50 18.0  -8.48240  -3.99464  263.158860  31.215760    0.456   6.631   99.92619  19.41456  113.092004 -10.304492  8.56029754425658 -14.2199038  149.4329 /L    3.1186   0.1562656   244.78272   -41.33177         n.a.     n.a.
 2026-Sep-08 00:00 *   00 51 33.14 +02 37 21.4  00 52 57.23 +02 46 15.3  -8.60372  -4.10553   78.050581 -26.933437    0.445   6.625   99.93716  19.46055  340.311032 -10.213301  8.54007096086866 -13.8586240  151.9988 /L    2.8778   0.1588845   244.49040   -40.19886         n.a.     n.a.
 2026-Sep-10 12:00 *m  00 50 57.36 +02 33 10.5  00 52 21.48 +02 42 04.9  -9.20284  -4.24700  264.780950  26.198587    0.434   6.619   99.94754  19.50313  207.529713 -10.119064  8.52142216352314 -11.9049212  154.5819 /L    2.6300   0.1689257   245.22725   -34.38264         n.a.     n.a.
 2026-Sep-13 00:00 *m  00 50 20.44 +02 28 52.7  00 51 44.56 +02 37 47.6  -9.30708  -4.33050   80.116397 -22.055840    0.424   6.613   99.95715  19.54182   74.744655 -10.022151  8.50455378168532 -11.5124666  157.1614 /L    2.3773   0.1710872   245.04787   -33.21086         n.a.     n.a.
 2026-Sep-15 12:00 *   00 49 42.04 +02 24 29.1  00 51 06.19 +02 33 24.5  -9.80086  -4.44309  266.291065  21.145994    0.413   6.606   99.96598  19.57677  301.957792  -9.922804  8.48937013908175  -9.4640313  159.7548 /L    2.1189   0.1793490   245.61346   -27.21759         n.a.     n.a.
 2026-Sep-18 00:00 *m  00 49 02.78 +02 20 00.5  00 50 26.95 +02 28 56.3  -9.88210  -4.49757   82.035710 -17.128475    0.403   6.600   99.97389  19.60758  169.165768  -9.821439  8.47603191903070  -9.0540861  162.3397 /L    1.8571   0.1809574   245.52862   -26.03269         n.a.     n.a.
 2026-Sep-20 12:00 *   00 48 22.31 +02 15 27.8  00 49 46.52 +02 24 24.2  -10.2644  -4.58009  267.722838  16.066505    0.393   6.593   99.98085  19.63439   36.370512  -9.718291  8.46445560770686  -6.9384695  164.9322 /L    1.5913   0.1873319   245.95310   -19.90494         n.a.     n.a.
 2026-Sep-23 00:00 *m  00 47 41.25 +02 10 51.8  00 49 05.47 +02 19 48.7  -10.3244  -4.60562   83.844999 -12.162418    0.383   6.586   99.98675  19.65690  263.568783  -9.613798  8.45476175964473  -6.5208100  167.5057 /L    1.3244   0.1884181   245.95880   -18.71274         n.a.     n.a.
 2026-Sep-25 12:00 *   00 46 59.23 +02 06 13.5  00 48 23.46 +02 15 10.8  -10.5943  -4.65798  269.103680  10.968056    0.373   6.577   99.99159  19.67523  130.762491  -9.508176  8.44688728684786  -4.3564975  170.0678 /L    1.0564   0.1928846   246.26645   -12.47860         n.a.     n.a.
 2026-Sep-28 00:00 *   00 46 16.89 +02 01 33.7  00 47 41.11 +02 10 31.3  -10.6350  -4.65551   85.575178  -7.167670    0.361   6.567   99.99528  19.68914  357.948502  -9.401876  8.44091867564588  -3.9309790  172.5692 /L    0.7929   0.1934896   246.35846   -11.26660         n.a.     n.a.
 2026-Sep-30 12:00 *m  00 45 33.86 +01 56 53.3  00 46 58.09 +02 05 51.3  -10.7902  -4.67804  270.457332   5.858193    0.348   6.555   99.99781  19.69871  225.128641  -9.295092  8.43681943256362  -1.7293299  174.9455 /L    0.5412   0.1960104   246.56107   -4.950040         n.a.     n.a.
 2026-Oct-03 00:00 *   00 44 50.79 +01 52 13.2  00 46 15.05 +02 01 11.7  -10.8095  -4.64729   87.253068  -2.153400    0.334   6.542   99.99914  19.70379   92.299863  -9.188298  8.43464420248951  -1.2920004  176.8399 /L    0.3384   0.1961021   246.73578   -3.702951         n.a.     n.a.
 2026-Oct-05 12:00 *m  00 44 07.30 +01 47 34.2  00 45 31.58 +01 56 33.2  -10.8442  -4.63752  271.805552   0.744450    0.333   6.541   99.99928  19.70440  319.463858  -9.081705  8.43438182625444   0.9331228  177.0924 /L    0.3059   0.1965696   246.84599   2.6601318         n.a.     n.a.
 2026-Oct-08 00:00 C   00 43 24.07 +01 42 57.4  00 44 48.35 +01 51 56.8  -10.8373  -4.57545   88.903199   2.871457    0.346   6.554   99.99821  19.70051  186.617704  -8.975838  8.43604896321867   1.3789074  175.4094 /T    0.4808   0.1960595   247.11076   3.9397765         n.a.     n.a.
 2026-Oct-10 12:00 Cm  00 42 40.72 +01 38 23.9  00 44 04.98 +01 47 23.5  -10.7472  -4.53062  273.169056  -4.365384    0.362   6.568   99.99593  19.69209   53.762974  -8.870928  8.43965380066332   3.6050175  173.0760 /T    0.7256   0.1943862   247.14161   10.297772         n.a.     n.a.
 2026-Oct-13 00:00 Cm  00 41 57.94 +01 33 54.5  00 43 22.20 +01 42 54.3  -10.7116  -4.43659   90.548826   7.897993    0.375   6.580   99.99249  19.67923  280.896932  -8.767522  8.44517002429528   4.0493876  170.5695 /T    0.9874   0.1932339   247.50135   11.595171         n.a.     n.a.
 2026-Oct-15 12:00 C   00 41 15.34 +01 29 30.3  00 42 39.60 +01 38 30.4  -10.4966  -4.35784  274.569368  -9.463018    0.387   6.590   99.98790  19.66188  148.021053  -8.665832  8.45262255962271   6.2504279  167.9867 /T    1.2551   0.1894210   247.45340   17.893051         n.a.     n.a.
 2026-Oct-18 00:00 Cm  00 40 33.62 +01 25 12.2  00 41 57.90 +01 34 12.7  -10.4326  -4.23446   92.213090  12.917365    0.398   6.599   99.98223  19.64023   15.132839  -8.566387  8.46194181851419   6.6824334  165.3806 /T    1.5223   0.1876527   247.90831   19.190397         n.a.     n.a.
 2026-Oct-20 12:00 C   00 39 52.40 +01 21 01.1  00 41 16.66 +01 30 01.8  -10.0968  -4.12463  276.029482 -14.539892    0.409   6.607   99.97549  19.61420  242.233679  -8.469366  8.47316901208073   8.8323470  162.7489 /T    1.7887   0.1817796   247.77956   25.374804         n.a.     n.a.
 2026-Oct-23 00:00 Cm  00 39 12.32 +01 16 57.8  00 40 36.58 +01 25 58.7  -10.0091  -3.97483   93.920988  17.920639    0.420   6.615   99.96780  19.58410  109.321371  -8.375268  8.48619246386044   9.2423637  160.1171 /T    2.0511   0.1794915   248.34094   26.650953         n.a.     n.a.
 2026-Oct-25 12:00 C   00 38 33.02 +01 13 03.1  00 39 57.23 +01 22 04.1  -9.56267  -3.83711  277.575217 -19.587273    0.432   6.622   99.95918  19.54982  336.397220  -8.284234  8.50107375607632  11.3217991  157.4710 /T    2.3103   0.1717299   248.13642   32.679471         n.a.     n.a.
 2026-Oct-28 00:00 C   00 37 55.11 +01 09 17.8  00 39 19.33 +01 18 19.0  -9.45808  -3.66415   95.700549  22.898988    0.443   6.630   99.94976  19.51173  203.459318  -8.196728  8.51766894445736  11.7120524  154.8317 /T    2.5636   0.1690507   248.82314   33.932783         n.a.     n.a.
 2026-Oct-30 12:00 Cm  00 37 18.23 +01 05 42.6  00 38 42.44 +01 14 44.0  -8.90861  -3.50105  279.237415 -24.596068    0.455   6.637   99.93957  19.46967   70.508806  -8.112863  8.53606876324274  13.7147335  152.1819 /T    2.8124   0.1595311   248.54533   39.797184         n.a.     n.a.
 2026-Nov-02 00:00 C   00 36 42.97 +01 02 18.1  00 38 07.20 +01 11 19.8  -8.78553  -3.30566   97.584650  27.843409    0.467   6.643   99.92876  19.42408  297.543992  -8.033092  8.55610230166284  14.0921120  149.5419 /T    3.0539   0.1564475   249.38062   41.050714         n.a.     n.a.
 2026-Nov-04 12:00 Cm  00 36 08.99 +00 59 05.2  00 37 33.18 +01 08 06.9  -8.13349  -3.11695  281.053676 -29.556279    0.479   6.650   99.91737  19.37477  164.565801  -7.957540  8.57788148063184  16.0032144  146.8937 /T    3.2897   0.1451715   249.03196   46.751129         n.a.     n.a.
 2026-Nov-07 00:00 C   00 35 36.86 +00 56 04.5  00 37 01.04 +01 05 06.2  -7.98906  -2.89911   99.613708  32.743815    0.491   6.656   99.90558  19.32225   31.572828  -7.886658  8.60119568331384  16.3564555  144.2577 /T    3.5170   0.1416470   250.05494   47.998655         n.a.     n.a.
 2026-Nov-09 12:00 C   00 35 06.27 +00 53 16.7  00 36 30.40 +01 02 18.4  -7.24208  -2.68666  283.071749 -34.456094    0.503   6.662   99.89341  19.26631  258.565880  -7.820554  8.62616729794632  18.1493196  141.6156 /T    3.7374   0.1287396   249.64619   53.510442         n.a.     n.a.
 2026-Nov-12 00:00 Cm  00 34 37.74 +00 50 42.4  00 36 01.89 +00 59 44.2  -7.08138  -2.44976  101.838503  37.588860    0.515   6.667   99.88106  19.20757  125.543912  -7.759632  8.65254844208538  18.4672924  138.9879 /T    3.9484   0.1248859   250.91723   54.726809         n.a.     n.a.
 2026-Nov-14 12:00 C   00 34 10.95 +00 48 22.2  00 35 35.07 +00 57 24.0  -6.25201  -2.21843  285.354169 -39.281478    0.528   6.673   99.86855  19.14577  352.507609  -7.703953  8.68047691552243  20.1241708  136.3558 /T    4.1515   0.1105656   250.46354   60.035812         n.a.     n.a.
 2026-Nov-17 00:00 Nm  00 33 46.39 +00 46 16.5  00 35 10.52 +00 55 18.4  -6.08041  -1.96743  104.326273  42.365302    0.540   6.678   99.85608  19.08159  219.456267  -7.653857  8.70967561126153  20.4035948  133.7399 /T    4.3444   0.1065131   252.07001   61.205837         n.a.     n.a.
 2026-Nov-19 12:00 C   00 33 23.76 +00 44 25.6  00 34 47.83 +00 53 27.4  -5.18032  -1.72229  287.984140 -44.015334    0.553   6.682   99.84366  19.01473   86.390420  -7.609358  8.74029899860904  21.9113787  131.1210 /T    4.5285   0.0909854   251.60966   66.311877         n.a.     n.a.
 2026-Nov-22 00:00 Nm  00 33 03.49 +00 42 50.0  00 34 27.55 +00 51 51.7  -5.00328  -1.46158  107.168766  47.056688    0.565   6.687   99.83149  18.94592  313.309705  -7.570731  8.77204237925649  22.1489820  128.5195 /T    4.7018   0.0868733   253.71563   67.417364         n.a.     n.a.
 2026-Nov-24 12:00 Cm  00 32 45.29 +00 41 29.8  00 34 09.31 +00 50 31.4  -4.04717  -1.20683  291.075673 -48.635408    0.577   6.691   99.81957  18.87484  180.214523  -7.537953  8.80507705027058  23.4985108  125.9156 /T    4.8658   0.0703879   253.39589   72.316583         n.a.     n.a.
 2026-Nov-27 00:00 C   00 32 29.54 +00 40 25.4  00 33 53.59 +00 49 27.0  -3.87131  -0.93935  110.494109  51.641508    0.589   6.694   99.80808  18.80223   47.104831  -7.511250  8.83908114960826  23.7014250  123.3295 /T    5.0185   0.0663941   256.36107   73.337125         n.a.     n.a.
 2026-Nov-29 12:00 Nm  00 32 15.98 +00 39 36.8  00 33 39.99 +00 48 38.5  -2.86906  -0.67657  294.788101 -53.111222    0.601   6.697   99.79704  18.72772  273.980810  -7.490589  8.87424997668614  24.8955608  120.7411 /T    5.1614   0.0491292   256.73122   78.047447         n.a.     n.a.
 2026-Dec-02 00:00 C   00 32 04.93 +00 39 04.4  00 33 28.94 +00 48 05.9  -2.69180  -0.40256  114.486642  56.089392    0.613   6.700   99.78660  18.65206  140.842658  -7.476181  8.91024634756286  25.0697878  118.1707 /T    5.2927   0.0453623   261.49443   78.971928         n.a.     n.a.
 2026-Dec-04 12:00 Nm  00 31 56.18 +00 38 48.2  00 33 20.12 +00 47 49.6  -1.64745  -0.13277  299.345979 -57.398712    0.624   6.703   99.77677  18.57486    7.690336  -7.467996  8.94727646563923  26.0979810  115.5985 /T    5.4137   0.0275465   265.39242   83.487485         n.a.     n.a.
 2026-Dec-07 00:00 C   00 31 50.01 +00 38 48.6  00 33 13.96 +00 47 49.7  -1.46786  0.145459  119.415559  60.354894    0.636   6.705   99.76770  18.49692  234.524352  -7.466206  8.98497727965092  26.2324957  113.0452 /T    5.5229   0.0245841   275.65929   84.188177         n.a.     n.a.
 2026-Dec-09 12:00 N   00 31 46.23 +00 39 05.5  00 33 10.13 +00 48 06.5  -0.39282  0.418690  305.066289 -61.431439    0.647   6.707   99.75938  18.41784  101.344544  -7.470748  9.02355810982502  27.0773726  110.4911 /T    5.6214   0.0095686   316.82565   87.792617         n.a.     n.a.
 2026-Dec-12 00:00 Cm  00 31 45.06 +00 39 39.0  00 33 08.98 +00 48 39.9  -0.21753  0.697138  125.676958  64.367368    0.658   6.708   99.75194  18.33842  328.151769  -7.481733  9.06263633396696  27.1654236  107.9567 /T    5.7078   0.0121715   342.67074   87.190017         n.a.     n.a.
 2026-Dec-14 12:00 N   00 31 46.32 +00 40 28.9  00 33 10.19 +00 49 29.8  0.873455  0.969463  312.380424 -65.108154    0.668   6.709   99.74536  18.25825  194.945736  -7.499060  9.10243124715576  27.8223047  105.4224 /T    5.7835   0.0217484   42.017827   85.084181         n.a.     n.a.
 2026-Dec-17 00:00 Cm  00 31 50.19 +00 41 35.4  00 33 14.06 +00 50 36.0  1.038929  1.243920  133.839614  68.013265    0.678   6.709   99.73974  18.17812   61.727592  -7.522776  9.14255154161810  27.8679621  102.9085 /T    5.8472   0.0270119   39.868811   83.885867         n.a.     n.a.
 2026-Dec-19 12:00 N   00 31 56.50 +00 42 58.1  00 33 20.29 +00 51 58.4  2.134594  1.511417  321.812937 -68.274833    0.688   6.710   99.73506  18.09760  288.496870  -7.552744  9.18322911990387  28.3396631  100.3953 /T    5.9000   0.0435918   54.699284   80.310362         n.a.     n.a.
 2026-Dec-22 00:00 Cm  00 32 05.37 +00 44 36.9  00 33 29.18 +00 53 36.9  2.287799  1.778620  144.628305  71.109833    0.698   6.709   99.73137  18.01748  155.254961  -7.588963  9.22406783617837  28.3488193   97.9027 /T    5.9410   0.0482974   52.137176   79.244309         n.a.     n.a.
 2026-Dec-24 12:00 Nm  00 32 16.68 +00 46 31.4  00 33 40.46 +00 55 31.5  3.378681  2.039331  333.805937 -70.709767    0.707   6.709   99.72867  17.93728   22.001223  -7.631278  9.26531039161577  28.6400245   95.4108 /T    5.9713   0.0657739   58.885323   75.575593         n.a.     n.a.
 2026-Dec-27 00:00 C   00 32 30.49 +00 48 41.7  00 33 54.30 +00 57 41.6  3.518812  2.299057  158.641047  73.382446    0.716   6.708   99.72697  17.85777  248.737256  -7.679674  9.30656096223093  28.6212261   92.9391 /T    5.9900   0.0700549   56.840937   74.605002         n.a.     n.a.
 2026-Dec-29 12:00 Nm  00 32 46.72 +00 51 07.3  00 34 10.46 +01 00 07.0  4.599923  2.554034  348.242512 -72.144578    0.724   6.706   99.72626  17.77847  115.462211  -7.734017  9.34807168970124  28.7378263   90.4676 /T    5.9982   0.0876901   60.959475   70.975788         n.a.     n.a.
$$EOE
**********************************************************************************************************************************************************************************************************************************************************************************************
Column meaning:
 
TIME

  Times PRIOR to 1962 are UT1, a mean-solar time closely related to the
prior but now-deprecated GMT. Times AFTER 1962 are in UTC, the current
civil or "wall-clock" time-scale. UTC is kept within 0.9 seconds of UT1
using integer leap-seconds for 1972 and later years.

  Conversion from the internal Barycentric Dynamical Time (TDB) of solar
system dynamics to the non-uniform civil UT time-scale requested for output
has not been determined for UTC times after the next July or January 1st.
Therefore, the last known leap-second is used as a constant over future
intervals.

  Time tags refer to the UT time-scale conversion from TDB on Earth
regardless of observer location within the solar system, although clock
rates may differ due to the local gravity field and no analog to "UT"
may be defined for that location.

  Any 'b' symbol in the 1st-column denotes a B.C. date. First-column blank
(" ") denotes an A.D. date.
 
CALENDAR SYSTEM

  Mixed calendar mode was active such that calendar dates after AD 1582-Oct-15
(if any) are in the modern Gregorian system. Dates prior to 1582-Oct-5 (if any)
are in the Julian calendar system, which is automatically extended for dates
prior to its adoption on 45-Jan-1 BC.  The Julian calendar is useful for
matching historical dates. The Gregorian calendar more accurately corresponds
to the Earth's orbital motion and seasons. A "Gregorian-only" calendar mode is
available if such physical events are the primary interest.

  NOTE: "n.a." in output means quantity "not available" at the print-time.
 
SOLAR PRESENCE (OBSERVING SITE)
  Time tag is followed by a blank, then a solar-presence symbol:

       '*'  Daylight (refracted solar upper-limb on or above apparent horizon)
       'C'  Civil twilight/dawn
       'N'  Nautical twilight/dawn
       'A'  Astronomical twilight/dawn
       ' '  Night OR geocentric ephemeris

LUNAR PRESENCE (OBSERVING SITE)
  The solar-presence symbol is immediately followed by a lunar-presence symbol:

       'm'  Refracted upper-limb of Moon on or above apparent horizon
       ' '  Refracted upper-limb of Moon below apparent horizon OR geocentric
            ephemeris
 
 'R.A._____(ICRF)_____DEC' =
  Astrometric right ascension and declination of the target center with
respect to the observing site (coordinate origin) in the reference frame of
the planetary ephemeris (ICRF). Compensated for down-leg light-time delay
aberration.

  Units: RA  in hours-minutes-seconds of time,    HH MM SS.ff{ffff}
         DEC in degrees-minutes-seconds of arc,  sDD MN SC.f{ffff}
 
 'R.A.__(a-apparent)__DEC' =
  Airless apparent right ascension and declination of the target center
with respect to an instantaneous reference frame defined by the Earth equator
of-date (z-axis) and meridian containing the Earth equinox of-date (x-axis,
EOP-corrected IAU76/80). Compensated for down-leg light-time delay,
gravitational deflection of light, stellar aberration, precession & nutation.
Note: equinox (RA origin) is offset -53 mas from the of-date frame defined
by the IAU06/00a P & N system.

  Units: RA  in hours-minutes-seconds of time,   HH MM SS.ff{ffff}
         DEC in degrees-minutes-seconds of arc, sDD MN SC.f{ffff}
 
 'dRA*cosD d(DEC)/dt' =
  The angular rate of change in apparent RA and DEC of the target. This is
with respect to the non-inertial IAU76/80 Earth true equator and equinox
of-date reference frame.  d(RA)/dt is multiplied by the cosine of declination
to provide a linear rate in the plane-of-sky. Units: ARCSECONDS PER HOUR
 
 'Azi____(a-app)___Elev' =
  Airless apparent azimuth and elevation of target center. Compensated
for light-time, the gravitational deflection of light, stellar aberration,
precession and nutation. Azimuth is measured clockwise from north:

  North(0) -> East(90) -> South(180) -> West(270) -> North (360)

Elevation angle is with respect to a plane perpendicular to the reference
surface local zenith direction. TOPOCENTRIC ONLY.  Units: DEGREES
 
 'APmag   S-brt' =
   Saturn's approximate apparent visual magnitude and surface brightness. The
value includes the ring system when the solar phase angle of the observer is
less than 6.5 degrees (typical when observed from Earth) AND effective ring
inclination is less than 27 degrees. Otherwise, the value is that of the globe
only (no rings).  An "n.a." will be output if outside the range of phase-angles
for which the model is valid.

   For Earth-based observers, the estimated dimming due to atmospheric
absorption (extinction) is available as a separate, requestable quantity.

   Surface brightness is the average airless visual magnitude of a
square-arcsecond of the illuminated portion of the apparent disk.

 MAGNITUDES & MAGNITUDES PER SQUARE ARCSECOND
 
 'Illu%' =
   Fraction of the target objects' assumed circular disk illuminated by Sun
(phase), as seen by the observer.  Units: PERCENT
 
 'Ang-diam' =
   The equatorial angular width of the target body full disk, if it were fully
illuminated and visible to the observer. If the target body diameter is unknown
"n.a." is output.

   Units: ARCSECONDS
 
 'ObsSub-LON ObsSub-LAT' =
   Apparent planetodetic longitude and latitude of the center of the target
disc seen by the OBSERVER at print-time. This is NOT exactly the same as the
"nearest" sub-point for a non-spherical target shape (since the center of the
disc might not be the point closest to the observer), but is generally very
close if not a very irregular body shape. Down-leg light travel-time from
target to observer is taken into account. Latitude is the angle between the
equatorial plane and the line perpendicular to the reference ellipsoid of the
body, so includes body oblateness. The reference ellipsoid is an oblate
spheroid with a single flatness coefficient in which the y-axis body radius
is taken to be the same value as the x-axis radius.  For Jupiter, Saturn, and
Uranus, IAU2015 longitude is based on the "System III" prime meridian rotation
angle of the magnetic field. By contrast, pole direction (thus latitude) is
relative to the body dynamical equator.  There can be an offset between the
magnetic pole and the dynamical pole of rotation. For Neptune, rotation is
IAU2015 "System II" rotation of optically observed features in the Neptunian
atmosphere. Positive longitude is to the WEST for this target. Cartographic
system is specified in the header.  Units: DEGREES DEGREES
 
 'delta      deldot' =
   Apparent range ("delta", light-time aberrated) and range-rate ("delta-dot")
of the target center relative to the observer. A positive "deldot" means the
target center is moving away from the observer, negative indicates movement
toward the observer.  Units: AU and KM/S
 
 'S-O-T /r' =
   Sun-Observer-Target apparent SOLAR ELONGATION ANGLE seen from the observers'
location at print-time.

   The '/r' column provides a code indicating the targets' apparent position
relative to the Sun in the observers' sky, as described below:

   Case A: For an observing location on the surface of a rotating body, that
body rotational sense is considered:

    /T indicates target TRAILS Sun   (evening sky: rises and sets AFTER Sun)
    /L indicates target LEADS Sun    (morning sky: rises and sets BEFORE Sun)

   Case B: For an observing point that does not have a rotational model (such
as a spacecraft), the "leading" and "trailing" condition is defined by the
observers' heliocentric ORBITAL motion:

    * If continuing in the observers' current direction of heliocentric
       motion would encounter the targets' apparent longitude first, followed
       by the Sun's, the target LEADS the Sun as seen by the observer.

    * If the Sun's apparent longitude would be encountered first, followed
       by the targets', the target TRAILS the Sun.

   Two other codes can be output:
    /* indicates observer is Sun-centered    (undefined)
    /? Target is aligned with Sun center     (no lead or trail)

   The S-O-T solar elongation angle is numerically the minimum separation
angle of the Sun and target in the sky in any direction. It does NOT indicate
the amount of separation in the leading or trailing directions, which would
be defined along the equator of a spherical coordinate system.

   Units: DEGREES
 
 'S-T-O' =
   The Sun-Target-Observer angle; the interior vertex angle at target center
formed by a vector from the target to the apparent center of the Sun (at
reflection time on the target) and the apparent vector from target to the
observer at print-time. Slightly different from true PHASE ANGLE (requestable
separately) at the few arcsecond level in that it includes stellar aberration
on the down-leg from target to observer.  Units: DEGREES
 
 'Sky_motion  Sky_mot_PA  RelVel-ANG' =
  Total apparent angular rate of the target in the plane-of-sky. "Sky_mot_PA"
is the position angle of the target's direction of motion in the plane-of-sky,
measured counter-clockwise from the apparent of-date north pole direction.
"RelVel-ANG" is the flight path angle of the target's relative motion with
respect to the observer's line-of-sight, in the range [-90,+90], where positive
values indicate motion away from the observer, negative values are toward the
observer:

  -90 = target is moving directly toward the observer
    0 = target is moving at right angles to the observer's line-of-sight
  +90 = target is moving directly away from the observer

UNITS:  ARCSECONDS/MINUTE, DEGREES, DEGREES
 
 'Lun_Sky_Brt  sky_SNR' =
  Sky brightness due to moonlight scattered by Earth's atmosphere at the
target's position in the sky. "sky_SNR" is the visual signal-to-noise ratio
(SNR) of the target's surface brightness relative to background sky. Output
only for topocentric Earth observers when both the Moon and target are above
the local horizon and the Sun is in astronomical twilight (or further) below
the horizon, and the target is not the Moon or Sun. If all conditions are
not met, "n.a." is output. Galactic brightness, local sky light-pollution
and weather are NOT considered. Lunar opposition surge is considered. The
value returned is accurate under ideal conditions at the approximately 8-23%
level, so is a useful but not definitive value.

  If the target-body radius is also known, "sky_SNR" is output. This is the
approximate visual signal-to-noise ratio of the target's brightness divided
by lunar sky brightness. When sky_SNR < 1, the target is dimmer than the
ideal moonlight-scattering background sky, so unlikely to be detectable at
visual wavelengths. In practice, visibility requires sky_SNR > 1 and a
detector sensitive enough to reach the target's magnitude, even if it isn't
washed out by moonlight. When relating magnitudes and brightness values,
keep in mind their logarithmic relationship m2-m1 = -2.5*log_10(b2/b1).

  UNITS: VISUAL MAGNITUDES / ARCSECOND^2, and unitless ratio

Computations by ...

    Solar System Dynamics Group, Horizons On-Line Ephemeris System
    4800 Oak Grove Drive, Jet Propulsion Laboratory
    Pasadena, CA  91109   USA

    General site: https://ssd.jpl.nasa.gov/
    Mailing list: https://ssd.jpl.nasa.gov/email_list.html
    System news : https://ssd.jpl.nasa.gov/horizons/news.html
    User Guide  : https://ssd.jpl.nasa.gov/horizons/manual.html
    Connect     : browser        https://ssd.jpl.nasa.gov/horizons/app.html#/x
                  API            https://ssd-api.jpl.nasa.gov/doc/horizons.html
                  command-line   telnet ssd.jpl.nasa.gov 6775
                  e-mail/batch   https://ssd.jpl.nasa.gov/ftp/ssd/horizons_batch.txt
                  scripts        https://ssd.jpl.nasa.gov/ftp/ssd/SCRIPTS
    Author      : Jon.D.Giorgini@jpl.nasa.gov

**********************************************************************************************************************************************************************************************************************************************************************************************
