*******************************************************************************
 Revised: January 26, 2022             Saturn                               699
 
 PHYSICAL DATA:
  Mass x10^26 (kg)      = 5.6834          Density (g/cm^3)       =  0.687+-.001
  Equat. radius (1 bar) = 60268+-4 km     Polar radius (km)      = 54364+-10
  Vol. Mean Radius (km) = 58232+-6        Flattening             =  0.09796
  Geometric Albedo      = 0.47            Rocky core mass (Mc/M) =  0.1027
  Sid. rot. period (III)= 10h 39m 22.4s   Sid. rot. rate (rad/s) =  0.000163785 
  Mean solar day, hrs   =~10.656         
  GM (km^3/s^2)         = 37931206.234    GM 1-sigma (km^3/s^2)  = +- 98
  Equ. grav, ge (m/s^2) = 10.44           Pol. grav, gp (m/s^2)  = 12.14+-0.01
  Vis. magnitude V(1,0) = -8.88          
  Vis. mag. (opposition)= +0.67           Obliquity to orbit     = 26.73 deg
  Sidereal orbit period = 29.447498 yr    Sidereal orbit period  = 10755.698 d
  Mean daily motion     = 0.0334979 deg/d Mean orbit velocity    =  9.68 km/s
  Atmos. temp. (1 bar)  = 134+-4 K        Escape speed, km/s    =  35.5          
  Aroche(ice)/Rp        =  2.71           Hill's sphere rad. Rp  = 1100
                                 Perihelion  Aphelion    Mean
  Solar Constant (W/m^2)         16.8        13.6        15.1
  Maximum Planetary IR (W/m^2)    4.7         4.5         4.6
  Minimum Planetary IR (W/m^2)    4.7         4.5         4.6
*******************************************************************************


*******************************************************************************
Ephemeris / WWW_USER Mon Apr  6 16:26:38 2026 Pasadena, USA      / Horizons    
*******************************************************************************
Target body name: Saturn (699)                    {source: sat441l}
Center body name: Earth (399)                     {source: DE441}
Center-site name: (user defined site below)
*******************************************************************************
Start time      : A.D. 2026-Jan-01 00:00:00.0000 UT      
Stop  time      : A.D. 2026-Dec-31 00:00:00.0000 UT      
Step-size       : 3600 minutes
*******************************************************************************
Target pole/equ : IAU_SATURN                      {West-longitude positive}
Target radii    : 60268.0, 60268.0, 54364.0 km    {Equator_a, b, pole_c}       
Center geodetic : 258.5, 19.5, 1.9                {E-lon(deg),Lat(deg),Alt(km)}
Center cylindric: 258.5, 6016.33124, 2116.23653   {E-lon(deg),Dxy(km),Dz(km)}
Center pole/equ : ITRF93                          {East-longitude positive}
Center radii    : 6378.137, 6378.137, 6356.752 km {Equator_a, b, pole_c}       
Target primary  : Sun
Vis. interferer : MOON (R_eq= 1737.400) km        {source: DE441}
Rel. light bend : Sun                             {source: DE441}
Rel. lght bnd GM: 1.3271E+11 km^3/s^2                                          
Atmos refraction: NO (AIRLESS)
RA format       : HMS
Time format     : CAL 
Calendar mode   : Mixed Julian/Gregorian
EOP file        : eop.260406.p260703                                           
EOP coverage    : DATA-BASED 1962-JAN-20 TO 2026-APR-06. PREDICTS-> 2026-JUL-02
Units conversion: 1 au= 149597870.700 km, c= 299792.458 km/s, 1 day= 86400.0 s 
Table cut-offs 1: Elevation (-90.0deg=NO ),Airmass (>38.000=NO), Daylight (NO )
Table cut-offs 2: Solar elongation (  0.0,180.0=NO ),Local Hour Angle( 0.0=NO )
Table cut-offs 3: RA/DEC angular rate (     0.0=NO )                           
**********************************************************************************************************************************************************************************************************************************************************************************************
 Date__(UT)__HR:MN     R.A._____(ICRF)_____DEC  R.A.__(a-apparent)__DEC  dRA*cosD d(DEC)/dt  Azi____(a-app)___Elev    APmag   S-brt      Illu%  Ang-diam  ObsSub-LON ObsSub-LAT             delta      deldot     S-O-T /r     S-T-O  Sky_motion  Sky_mot_PA  RelVel-ANG  Lun_Sky_Brt  sky_SNR
**********************************************************************************************************************************************************************************************************************************************************************************************
$$SOE
 2026-Jan-01 00:00 *m  23 48 11.30 -03 44 26.8  23 49 31.45 -03 35 47.4  7.602454  3.927768  184.524065  66.837183    1.007   6.907   99.74921  17.10665  331.775559  -1.170088  9.71519284618358  27.8066722   75.6124 /T    5.7424   0.1426190   62.677100   58.938143         n.a.     n.a.
 2026-Jan-03 12:00  m  23 48 43.74 -03 40 24.6  23 50 03.85 -03 31 45.0  8.577794  4.144301   14.619778 -73.532657    1.011   6.903   99.75498  17.03654  198.443797  -1.265355  9.75517530237835  27.4395187   73.2132 /T    5.6762   0.1587746   64.212813   55.692904         n.a.     n.a.
 2026-Jan-06 00:00 *   23 49 18.26 -03 36 09.7  23 50 38.39 -03 27 30.1  8.651461  4.359151  196.075796  66.186949    1.015   6.898   99.76148  16.96814   65.106738  -1.365729  9.79450159156804  27.1547224   70.8326 /T    5.6005   0.1614603   63.258155   54.855141         n.a.     n.a.
 2026-Jan-08 12:00  m  23 49 54.85 -03 31 42.0  23 51 14.90 -03 23 02.5  9.596813  4.562511   29.002771 -71.762525    1.018   6.893   99.76868  16.90097  291.763199  -1.471231  9.83342829098181  26.6297330   68.4519 /T    5.5157   0.1771027   64.572679   51.672111         n.a.     n.a.
 2026-Jan-11 00:00 *   23 50 33.41 -03 27 02.2  23 51 53.45 -03 18 22.9  9.654486  4.768197  206.632775  64.740452    1.021   6.888   99.77648  16.83566  158.415398  -1.581560  9.87157256357627  26.3256383   66.0893 /T    5.4219   0.1794628   63.715967   50.872468         n.a.     n.a.
 2026-Jan-13 12:00  m  23 51 13.95 -03 22 10.4  23 52 33.92 -03 13 31.2  10.56436  4.957932   40.344469 -69.151992    1.024   6.882   99.78488  16.77175   25.062051  -1.696732  9.90918617258267  25.6420384   63.7263 /T    5.3194   0.1944984   64.858980   47.741985         n.a.     n.a.
 2026-Jan-16 00:00 *   23 51 56.33 -03 17 07.3  23 53 16.32 -03 08 28.0  10.60530  5.152505  215.826164  62.639402    1.026   6.876   99.79377  16.70986  251.705522  -1.816422  9.94589216508373  25.3191849   61.3813 /T    5.2084   0.1965118   64.087555   46.980605         n.a.     n.a.
 2026-Jan-18 12:00     23 52 40.60 -03 11 52.9  23 54 00.54 -03 03 13.5  11.47489  5.326938   48.997195 -65.989916    1.028   6.870   99.80312  16.64951  118.344413  -1.940627  9.98193968312013  24.4820429   59.0361 /T    5.0892   0.2108511   65.098066   43.897614         n.a.     n.a.
 2026-Jan-21 00:00 *m  23 53 26.58 -03 06 28.0  23 54 46.53 -02 57 48.6  11.49917  5.508072  223.613945  60.034247    1.029   6.864   99.81284  16.59131  344.981208  -2.068996  10.0169597749204  24.1409852   56.7089 /T    4.9621   0.2125047   64.405698   43.172483         n.a.     n.a.
 2026-Jan-23 12:00     23 54 14.34 -03 00 52.7  23 55 34.22 -02 52 13.5  12.32245  5.665559   55.620057 -62.479008    1.029   6.857   99.82289  16.53479  211.614427  -2.201503  10.0511958789231  23.1551200   54.3819 /T    4.8273   0.2260416   65.308195   40.133069         n.a.     n.a.
 2026-Jan-26 00:00 *m  23 55 03.66 -02 55 08.0  23 56 23.54 -02 46 28.8  12.32720  5.831377  230.142962  57.055114    1.030   6.850   99.83317  16.48053   78.246668  -2.337778  10.0842926299848  22.8012241   52.0729 /T    4.6853   0.2272815   64.683531   39.452296         n.a.     n.a.
 2026-Jan-28 12:00     23 55 54.64 -02 49 13.8  23 57 14.46 -02 40 34.6  13.09803  5.971478   60.789207 -58.746939    1.030   6.843   99.84364  16.42807  304.876348  -2.477784  10.1164948415914  21.6833512   49.7642 /T    4.5362   0.2399172   65.491450   36.464576         n.a.     n.a.
 2026-Jan-31 00:00 *m  23 56 47.01 -02 43 11.2  23 58 06.87 -02 34 31.8  13.08457  6.122141  235.624437  53.803024    1.029   6.836   99.85419  16.37792  171.506088  -2.621154  10.1474707424637  21.3322148   47.4732 /T    4.3805   0.2407664   64.925563   35.839054         n.a.     n.a.
 2026-Feb-02 12:00  m  23 57 40.91 -02 37 00.1  23 59 00.73 -02 28 20.6  13.80439  6.246852   64.924767 -54.872183    1.028   6.829   99.86481  16.32965   38.134151  -2.767873  10.1774658003952  20.1005733   45.1820 /T    4.2184   0.2525339   65.651982   32.899719         n.a.     n.a.
 2026-Feb-05 00:00 *   23 58 36.07 -02 30 41.2  23 59 55.89 -02 22 01.9  13.78013  6.384162  240.264269  50.352169    1.027   6.821   99.87537  16.28373  264.763152  -2.917600  10.2061649626483  19.7558230   42.9076 /T    4.0503   0.2531191   65.142295   32.316246         n.a.     n.a.
 2026-Feb-07 12:00  m  23 59 32.66 -02 24 14.8  00 00 52.41 -02 15 35.6  14.45102  6.495143   68.317260 -50.903708    1.025   6.814   99.88588  16.23976  131.391275  -3.070338  10.2337982011967  18.4103524   40.6324 /T    3.8763   0.2640596   65.798031   29.402451         n.a.     n.a.
 2026-Feb-10 00:00 *   00 00 30.37 -02 17 41.5  00 01 50.13 -02 09 02.3  14.41737  6.618856  244.238289  46.756213    1.022   6.806   99.89620  16.19820  358.021212  -3.225749  10.2600593081358  18.0631614   38.3733 /T    3.6970   0.2644018   65.340673   28.844612         n.a.     n.a.
 2026-Feb-12 12:00  m  00 01 29.40 -02 11 01.4  00 02 49.13 -02 02 22.1  15.03456  6.715544   71.165884 -46.872469    1.020   6.798   99.90634  16.15866  224.651135  -3.383820  10.2851633352381  16.6061443   36.1133 /T    3.5122   0.2744371   65.930941   25.948632         n.a.     n.a.
 2026-Feb-15 00:00 *   00 02 29.41 -02 04 15.2  00 03 49.17 -01 55 35.9  14.98974  6.824118  247.688065  43.053498    1.017   6.790   99.91618  16.12157   91.283784  -3.544202  10.3088226481227  16.2578037   33.8691 /T    3.3227   0.2745000   65.522481   25.417581         n.a.     n.a.
 2026-Feb-17 12:00 A   00 03 30.61 -01 57 23.3  00 04 50.33 -01 48 44.0  15.54952  6.905329   73.609706 -42.798543    1.013   6.782   99.92572  16.08659  317.917290  -3.706862  10.3312422135576  14.7003714   31.6240 /T    3.1284   0.2835641   66.054643   22.540198         n.a.     n.a.
 2026-Feb-20 00:00 *m  00 04 32.65 -01 50 26.2  00 05 52.37 -01 41 47.0  15.49357  6.996848  250.724413  39.271226    1.009   6.773   99.93485  16.05409  184.554400  -3.871437  10.3521567973750  14.3555017   29.3949 /T    2.9301   0.2833365   65.696208   22.038246         n.a.     n.a.
 2026-Feb-22 12:00 A   00 05 35.75 -01 43 24.4  00 06 55.42 -01 34 45.3  15.99331  7.061476   75.747649 -38.695096    1.005   6.765   99.94357  16.02374   51.193211  -4.037877  10.3717605423226  12.7102139   27.1654 /T    2.7276   0.2913810   66.177253   19.179665         n.a.     n.a.
 2026-Feb-25 00:00 *m  00 06 39.52 -01 36 18.5  00 07 59.22 -01 27 39.3  15.92616  7.135341  253.433932  35.428916    1.000   6.757   99.95177  15.99590  277.836452  -4.205818  10.3898135590690  12.3757913   24.9522 /T    2.5219   0.2908587   65.866355   18.711404         n.a.     n.a.
 2026-Feb-27 12:00 A   00 07 44.22 -01 29 08.8  00 09 03.92 -01 20 29.5  16.36424  7.184756   77.651340 -34.570677    0.995   6.748   99.95946  15.97025  144.482179  -4.375219  10.4065017593411  10.6602040   22.7390 /T    2.3126   0.2978670   66.296022   15.876381         n.a.     n.a.
 2026-Mar-02 00:00 *m  00 08 49.45 -01 21 55.9  00 10 09.17 -01 13 16.6  16.28895  7.242914  255.884347  31.540660    0.989   6.739   99.96656  15.94709   11.133055  -4.545744  10.4216142830903  10.3457895   20.5423 /T    2.1010   0.2971110   66.027586   15.446646         n.a.     n.a.
 2026-Mar-04 12:00 Am  00 09 55.49 -01 14 40.1  00 11 15.17 -01 06 00.9  16.66825  7.279609   79.374209 -30.431132    0.983   6.730   99.97306  15.92614  237.787081  -4.717376  10.4353243997380   8.5733564   18.3460 /T    1.8864   0.3031425   66.407419   12.631932         n.a.     n.a.
 2026-Mar-07 00:00 *   00 11 01.91 -01 07 21.9  00 12 21.60 -00 58 42.9  16.59026  7.323243  258.128974  27.616902    0.976   6.721   99.97889  15.90767  104.446855  -4.889802  10.4474432437307   8.2774904   16.1668 /T    1.6702   0.3022447   66.182467   12.230545         n.a.     n.a.
 2026-Mar-09 12:00 Am  00 12 09.04 -01 00 01.7  00 13 28.71 -00 51 22.7  16.91258  7.347619   80.956520 -26.280426    0.969   6.712   99.98407  15.89142  331.110392  -5.063008  10.4581216148107   6.4502000   13.9899 /T    1.4518   0.3073284   66.517606   9.4210026         n.a.     n.a.
 2026-Mar-12 00:00 *   00 13 16.43 -00 52 39.8  00 14 36.14 -00 44 00.8  16.83287  7.375972  260.210838  23.665668    0.962   6.702   99.98853  15.87766  197.780273  -5.236678  10.4671884931595   6.1644999   11.8339 /T    1.2329   0.3062998   66.337515   9.0325690         n.a.     n.a.
 2026-Mar-14 12:00 Am  00 14 24.40 -00 45 16.8  00 15 44.12 -00 36 37.8  17.09474  7.387363   82.429593 -22.121254    0.953   6.692   99.99227  15.86616   64.454575  -5.410784  10.4747722758546   4.2858102    9.6878 /T    1.0132   0.3103775   66.628773   6.2182601         n.a.     n.a.
 2026-Mar-17 00:00 *   00 15 32.51 -00 37 53.0  00 16 52.25 -00 29 14.0  17.01051  7.399262  262.164773  19.692885    0.944   6.682   99.99525  15.85715  291.135854  -5.585002  10.4807269072147   4.0097089    7.5788 /T    0.7954   0.3091685   66.491842   5.8395026         n.a.     n.a.
 2026-Mar-19 12:00 A   00 16 41.06 -00 30 29.0  00 18 00.78 -00 21 50.1  17.20791  7.396485   83.818868 -17.955344    0.933   6.670   99.99747  15.85044  157.822234  -5.759287  10.4851647918936   2.0931323    5.5189 /T    0.5814   0.3121699   66.740491   3.0226254         n.a.     n.a.
 2026-Mar-22 00:00 *m  00 17 49.60 -00 23 05.2  00 19 09.34 -00 14 26.5  17.11785  7.390437  264.019724  15.702813    0.920   6.656   99.99891  15.84619   24.516190  -5.933304  10.4879718723805   1.8346326    3.6155 /T    0.3822   0.3107514   66.648272   2.6606300         n.a.     n.a.
 2026-Mar-24 12:00 N   00 18 58.46 -00 15 42.0  00 20 18.22 -00 07 03.4  17.25022  7.373064   85.145285 -13.783513    0.908   6.644   99.99958  15.84427  251.215858  -6.106999  10.4892487278983  -0.0999290    2.2530 /T    0.2378   0.3126642   66.857236   -0.150134         n.a.     n.a.
 2026-Mar-27 00:00 *m  00 20 07.15 -00 08 20.1  00 21 26.96 +00 00 18.6  17.15740  7.350126  265.800587  11.698601    0.907   6.643   99.99945  15.84477  117.923577  -6.280054  10.4889143307418  -0.3325263    2.5493 /L    0.2657   0.3110915   66.809997   -0.488739         n.a.     n.a.
 2026-Mar-29 12:00 N   00 21 16.04 -00 00 59.8  00 22 35.86 +00 07 39.0  17.22760  7.320730   86.426573  -9.606115    0.914   6.650   99.99854  15.84759  344.637502  -6.452446  10.4870513629179  -2.2721578    4.1559 /L    0.4334   0.3119755   66.977331   -3.293934         n.a.     n.a.
 2026-Apr-01 00:00 *m  00 22 24.65 +00 06 18.6  00 23 44.49 +00 14 57.2  17.13536  7.283395  267.528915   7.682991    0.920   6.657   99.99685  15.85279  211.359860  -6.623886  10.4836051095578  -2.4801469    6.1077 /L    0.6381   0.3103172   66.972052   -3.614433         n.a.     n.a.
 2026-Apr-03 12:00 Nm  00 23 33.33 +00 13 34.7  00 24 53.18 +00 22 13.2  17.14494  7.243533   87.678376  -5.423642    0.924   6.662   99.99438  15.86031   78.088871  -6.794369  10.4786353140102  -4.4182882    8.1651 /L    0.8537   0.3102049   67.096516   -6.421443         n.a.     n.a.
 2026-Apr-06 00:00 *   00 24 41.61 +00 20 48.0  00 26 01.49 +00 29 26.5  17.05486  7.192046  269.224337   3.658298    0.928   6.667   99.99116  15.87019  304.826662  -6.963614  10.4721120066701  -4.6057519   10.2551 /L    1.0719   0.3084882   67.134819   -6.732206         n.a.     n.a.
 2026-Apr-08 12:00 Nm  00 25 49.85 +00 27 58.3  00 27 09.77 +00 36 36.7  17.00419  7.141095   88.914656  -1.236132    0.930   6.671   99.98719  15.88239  171.571539  -7.131607  10.4640714006000  -6.5365734   12.3699 /L    1.2916   0.3073803   67.219493   -9.548864         n.a.     n.a.
 2026-Apr-11 00:00 *   00 26 57.57 +00 35 05.1  00 28 17.55 +00 43 43.6  16.91666  7.074535  270.905350  -0.373332    0.932   6.674   99.98250  15.89692   38.325526  -7.298060  10.4545078319694  -6.7085295   14.4879 /L    1.5103   0.3056061   67.305347   -9.859619         n.a.     n.a.
 2026-Apr-13 12:00 Nm  00 28 05.14 +00 42 08.0  00 29 25.15 +00 50 46.4  16.80398  7.011574   90.148923   2.956269    0.933   6.677   99.97710  15.91378  265.087050  -7.462952  10.4434326084759  -8.6273531   16.6185 /L    1.7286   0.3034688   67.351332   -12.69658         n.a.     n.a.
 2026-Apr-16 00:00 *   00 29 12.06 +00 49 06.6  00 30 32.10 +00 57 44.8  16.71559  6.929012  272.589633  -4.409999    0.933   6.680   99.97105  15.93295  131.858051  -7.625981  10.4308661820482  -8.7862256   18.7459 /L    1.9445   0.3015802   67.484827   -13.01573         n.a.     n.a.
 2026-Apr-18 12:00 N   00 30 18.69 +00 56 00.3  00 31 38.77 +01 04 38.5  16.53657  6.852848   91.394780   7.153554    0.933   6.683   99.96433  15.95446  358.637074  -7.787114  10.4168020208228 -10.6787583   20.8826 /L    2.1591   0.2983378   67.490601   -15.87373         n.a.     n.a.
 2026-Apr-21 00:00 *m  00 31 24.54 +01 02 48.9  00 32 44.68 +01 11 27.1  16.44494  6.753763  274.295297  -8.449984    0.933   6.686   99.95703  15.97824  225.425910  -7.946044  10.4012967934483 -10.8136008   23.0139 /L    2.3703   0.2962963   67.672566   -16.19148         n.a.     n.a.
 2026-Apr-23 12:00 C   00 32 29.97 +01 09 31.8  00 33 50.18 +01 18 10.1  16.20112  6.665210   92.666251  11.355944    0.932   6.689   99.94913  16.00434   92.223152  -8.102748  10.3843333725658 -12.6566241   25.1533 /L    2.5795   0.2919766   67.637521   -19.05626         n.a.     n.a.
 2026-Apr-26 00:00 *m  00 33 34.49 +01 16 08.7  00 34 54.75 +01 24 47.0  16.11163  6.552078  276.041304 -12.491416    0.931   6.691   99.94074  16.03265  319.030374  -8.256948  10.3660015283526 -12.7607431   27.2865 /L    2.7847   0.2898823   67.870015   -19.36156         n.a.     n.a.
 2026-Apr-28 12:00 C   00 34 38.46 +01 22 39.3  00 35 58.77 +01 31 17.4  15.80880  6.453612   93.978740  15.563148    0.930   6.694   99.93184  16.06324  185.846252  -8.408657  10.3462602774270 -14.5481288   29.4277 /L    2.9872   0.2845890   67.793287   -22.23648         n.a.     n.a.
 2026-May-01 00:00 *   00 35 41.43 +01 29 03.1  00 37 01.77 +01 37 41.1  15.72384  6.328302  277.848162 -16.531730    0.928   6.696   99.92253  16.09597   52.672224  -8.557613  10.3252194563318 -14.6314468   31.5629 /L    3.1851   0.2824922   68.076922   -22.54189         n.a.     n.a.
 2026-May-03 12:00 Cm  00 36 43.74 +01 35 20.0  00 38 04.16 +01 43 57.9  15.36179  6.220281   95.349155  19.774515    0.926   6.699   99.91279  16.13098  279.507124  -8.703839  10.3028115945053 -16.3615910   33.7069 /L    3.3798   0.2762228   67.956043   -25.44060         n.a.     n.a.
 2026-May-06 00:00 *   00 37 44.93 +01 41 29.4  00 39 05.41 +01 50 07.5  15.27951  6.082530  279.739364 -20.567600    0.923   6.701   99.90275  16.16808  146.352260  -8.847067  10.2791705633366 -16.4287060   35.8457 /L    3.5695   0.2740947   68.293283   -25.75583         n.a.     n.a.
 2026-May-08 12:00 Cm  00 38 45.34 +01 47 31.2  00 40 05.91 +01 56 09.3  14.85730  5.963776   96.797283  23.989032    0.921   6.703   99.89238  16.20744   13.206613  -8.987310  10.2542081095219 -18.0932328   37.9942 /L    3.7554   0.2668261   68.129293   -28.68485         n.a.     n.a.
 2026-May-11 00:00 *   00 39 44.53 +01 53 24.9  00 41 05.14 +02 02 03.0  14.77664  5.812619  281.741907 -24.594988    0.917   6.705   99.88182  16.24883  240.071329  -9.124286  10.2280843375767 -18.1450077   40.1383 /L    3.9357   0.2646463   68.527034   -29.01434         n.a.     n.a.
 2026-May-13 12:00 Cm  00 40 42.81 +01 59 10.2  00 42 03.50 +02 07 48.2  14.29401  5.681840   98.347375  28.204996    0.914   6.707   99.87104  16.29247  106.945540  -9.258002  10.2006901348926 -19.7361349   42.2928 /L    4.1118   0.2563645   68.322276   -31.98146         n.a.     n.a.
 2026-May-16 00:00 *m  00 41 39.75 +02 04 46.6  00 43 00.48 +02 13 24.5  14.21182  5.516644  283.887927 -28.608734    0.910   6.709   99.86019  16.33809  333.830247  -9.388163  10.1722103966267 -19.7735516   44.4433 /L    4.2816   0.2540829   68.785138   -32.33324         n.a.     n.a.
 2026-May-18 12:00 C   00 42 35.65 +02 10 13.7  00 43 56.49 +02 18 51.7  13.66603  5.373308  100.029471  32.420032    0.905   6.711   99.84924  16.38591  200.724740  -9.514776  10.1425212724210 -21.2763668   46.6048 /L    4.4465   0.2447407   68.535889   -35.34234         n.a.     n.a.
 2026-May-21 00:00 *m  00 43 30.08 +02 15 31.1  00 44 51.00 +02 24 09.4  13.58070  5.195380  286.217035 -32.602101    0.901   6.713   99.83835  16.43563   67.629809  -9.637552  10.1118414290042 -21.2879552   48.7623 /L    4.6047   0.2423424   69.065340   -35.70592         n.a.     n.a.
 2026-May-23 12:00 C   00 44 23.34 +02 20 38.7  00 45 44.36 +02 29 17.0  12.97615  5.041701  101.882096  36.630585    0.896   6.714   99.82748  16.48748  294.544830  -9.756529  10.0800370285183 -22.6832504   50.9309 /L    4.7574   0.2320196   68.767058   -38.74434         n.a.     n.a.
 2026-May-26 00:00 *m  00 45 15.02 +02 25 35.9  00 46 36.08 +02 34 14.2  12.89291  4.853890  288.778192 -36.565960    0.890   6.716   99.81679  16.54112  161.470350  -9.871450  10.0473515908651 -22.6675105   53.0958 /L    4.9029   0.2296056   69.369773   -39.10870         n.a.     n.a.
 2026-May-28 12:00 C   00 46 05.42 +02 30 22.7  00 47 26.57 +02 39 01.0  12.23599  4.691171  103.955650  40.830942    0.884   6.717   99.80625  16.59682   28.405884  -9.982375  10.0136289171978 -23.9536455   55.2727 /L    5.0425   0.2184075   69.023618   -42.18066         n.a.     n.a.
 2026-May-31 00:00 *   00 46 54.16 +02 34 58.7  00 48 15.36 +02 43 37.0  12.15600  4.494381  291.633758 -40.487372    0.878   6.718   99.79600  16.65421  255.351811 -10.089049  9.97912651796602 -23.9219534   57.4467 /L    5.1743   0.2160040   69.709365   -42.55696         n.a.     n.a.
 2026-Jun-02 12:00 Cm  00 47 41.50 +02 39 23.6  00 49 02.83 +02 48 02.1  11.44677  4.322337  106.317257  45.012643    0.872   6.719   99.78603  16.71360  122.307849 -10.191538  9.94366540899860 -25.0998797   59.6337 /L    5.2998   0.2039275   69.313299   -45.68077         n.a.     n.a.
 2026-Jun-05 00:00 *   00 48 27.09 +02 43 37.1  00 49 48.48 +02 52 15.8  11.36606  4.116324  294.863782 -44.348580    0.865   6.720   99.77647  16.77457  349.274229 -10.289576  9.90752115923988 -25.0566271   61.8188 /L    5.4171   0.2014748   70.091681   -46.08208         n.a.     n.a.
 2026-Jun-07 12:00 Cm  00 49 11.16 +02 47 39.1  00 50 32.67 +02 56 17.8  10.60333  3.933733  109.059842  49.163073    0.858   6.721   99.76729  16.83749  216.250852 -10.383221  9.87050050568318 -26.1179734   64.0182 /L    5.5276   0.1884917   69.645633   -49.27012         n.a.     n.a.
 2026-Jun-10 00:00 *   00 49 53.38 +02 51 28.9  00 51 14.92 +03 00 07.7  10.51896  3.717666  298.571672 -48.125265    0.850   6.722   99.75866  16.90187   83.237755 -10.472191  9.83290119325607 -26.0599399   66.2166 /L    5.6294   0.1859432   70.535308   -49.70033         n.a.     n.a.
 2026-Jun-12 12:00 Cm  00 50 33.96 +02 55 06.6  00 51 55.61 +03 03 45.5  9.703879  3.523283  112.314700  53.263284    0.843   6.722   99.75053  16.96811  310.234997 -10.556538  9.79451969049629 -26.9927412   68.4301 /L    5.7239   0.1720617   70.045058   -52.95920         n.a.     n.a.
 2026-Jun-15 00:00 *m  00 51 12.57 +02 58 31.5  00 52 34.29 +03 07 10.6  9.614316  3.297366  302.891916 -51.783290    0.834   6.723   99.74305  17.03567  177.242403 -10.635976  9.75567528383819 -26.9149608   70.6432 /L    5.8092   0.1694006   71.069870   -53.41747         n.a.     n.a.
 2026-Jun-17 12:00 C   00 51 49.42 +03 01 43.6  00 53 11.29 +03 10 23.1  8.749472  3.092467  116.270877  57.284211    0.826   6.723   99.73620  17.10496   44.260176 -10.710574  9.71615747058776 -27.7051214   72.8719 /L    5.8866   0.1546651   70.534245   -56.74941         n.a.     n.a.
 2026-Jun-20 00:00 *m  00 52 24.22 +03 04 42.4  00 53 46.13 +03 13 22.1  8.656086  2.860157  307.996941 -55.274341    0.817   6.723   99.73009  17.17540  271.287890 -10.780081  9.67630723407595 -27.6007756   75.1001 /L    5.9545   0.1519396   71.715334   -57.22357         n.a.     n.a.
 2026-Jun-22 12:00 C   00 52 57.13 +03 07 28.0  00 54 19.16 +03 16 07.9  7.748667  2.647795  121.205770  61.179592    0.808   6.723   99.72471  17.24741  138.325875 -10.844603  9.63590461020690 -28.2400239   77.3441 /L    6.0140   0.1364761   71.134204   -60.62502         n.a.     n.a.
 2026-Jun-25 00:00 *m  00 53 27.93 +03 10 00.0  00 54 50.00 +03 18 40.0  7.654340  2.411348  314.099773 -58.529744    0.799   6.722   99.72016  17.32040    5.373479 -10.903912  9.59530208872869 -28.1127859   79.5880 /L    6.0636   0.1337530   72.513999   -61.10892         n.a.     n.a.
 2026-Jun-27 12:00 C   00 53 56.75 +03 12 18.5  00 55 18.95 +03 20 58.7  6.710409  2.191832  127.525390  64.874771    0.789   6.722   99.71641  17.39479  232.431196 -10.958121  9.55426637072585 -28.6009846   81.8485 /L    6.1045   0.1176550   71.911323   -64.58822         n.a.     n.a.
 2026-Jun-30 00:00 *   00 54 23.40 +03 14 22.9  00 55 45.66 +03 23 03.5  6.615612  1.951594  321.442109 -61.452984    0.779   6.721   99.71356  17.46996   99.498177 -11.007002  9.51315722478539 -28.4579041   84.1097 /L    6.1353   0.1149578   73.564032   -65.08407         n.a.     n.a.
 2026-Jul-02 12:00 Cm  00 54 47.99 +03 16 13.6  00 56 10.38 +03 24 54.5  5.638276  1.724771  135.804332  68.247292    0.769   6.720   99.71157  17.54637  326.575111 -11.050668  9.47172834427945 -28.7971279   86.3885 /L    6.1569   0.0982697   72.990919   -68.65921         n.a.     n.a.
 2026-Jul-05 00:00 *   00 55 10.35 +03 17 49.9  00 56 32.78 +03 26 31.1  5.538979  1.480932  330.243667 -63.914183    0.758   6.719   99.71052  17.62337  193.660984 -11.088891  9.43034654908014 -28.6421709   88.6689 /L    6.1682   0.0955589   75.031202   -69.17753         n.a.     n.a.
 2026-Jul-07 12:00 Cm  00 55 30.55 +03 19 12.0  00 56 53.09 +03 27 53.4  4.528738  1.246306  146.751798  71.098756    0.747   6.718   99.71039  17.70142   60.756678 -11.121777  9.38876095954304 -28.8264797   90.9679 /L    6.1700   0.0782850   74.613126   -72.87026         n.a.     n.a.
 2026-Jul-10 00:00 *   00 55 48.46 +03 20 19.4  00 57 11.03 +03 29 01.1  4.421039  0.998786  340.587565 -65.752102    0.736   6.717   99.71123  17.77984  287.860969 -11.149095  9.34735124741203 -28.6526727   93.2694 /L    6.1611   0.0755409   77.269640   -73.41176         n.a.     n.a.
 2026-Jul-12 12:00 Cm  00 56 04.11 +03 21 12.3  00 57 26.83 +03 29 54.5  3.382161  0.756518  160.887788  73.133454    0.725   6.715   99.71302  17.85910  154.974869 -11.170950  9.30587056711272 -28.6677570   95.5902 /L    6.1423   0.0577623   77.391683   -77.22961         n.a.     n.a.
 2026-Jul-15 00:00 *m  00 56 17.43 +03 21 50.3  00 57 40.20 +03 30 33.0  3.268133  0.507411  352.246101 -66.795890    0.714   6.713   99.71579  17.93844   22.096888 -11.187137  9.26471209660484 -28.4641449   97.9138 /L    6.1127   0.0551215   81.174702   -77.76361         n.a.     n.a.
 2026-Jul-17 12:00 C   00 56 28.41 +03 22 13.6  00 57 51.31 +03 30 56.7  2.211758  0.261324  177.699194  74.003719    0.702   6.711   99.71951  18.01833  249.228119 -11.197796  9.22363118803816 -28.3018317  100.2567 /L    6.0728   0.0371190   83.261613   -81.68064         n.a.     n.a.
 2026-Jul-20 00:00 *m  00 56 37.04 +03 22 21.8  00 57 59.96 +03 31 05.2  2.096586  0.015420    4.568057 -66.914483    0.690   6.709   99.72419  18.09801  116.366833 -11.202785  9.18302176235717 -28.0706559  102.6020 /L    6.0220   0.0349440   89.578606   -82.13249         n.a.     n.a.
 2026-Jul-22 12:00 C   00 56 43.31 +03 22 15.5  00 58 06.34 +03 30 59.3  1.032163  -0.23117  195.017571  73.491452    0.678   6.707   99.72979  18.17796  343.514266 -11.202271  9.14263344780673 -27.7364020  104.9667 /L    5.9609   0.0176289   102.62411   -85.98204         n.a.     n.a.
 2026-Jul-25 00:00 *m  00 56 47.22 +03 21 54.3  00 58 10.29 +03 30 38.5  0.916240  -0.47223   16.629017 -66.070912    0.666   6.704   99.73629  18.25740  210.668508 -11.196136  9.10285571031610 -27.4837472  107.3340 /L    5.8888   0.0171796   117.26655   -86.06538         n.a.     n.a.
 2026-Jul-27 12:00 C   00 56 48.74 +03 21 18.7  00 58 11.94 +03 30 03.4  -0.14939  -0.71879  210.281517  71.682926    0.654   6.701   99.74365  18.33680   77.830940 -11.184542  9.06343798445964 -26.9798622  109.7211 /L    5.8064   0.0122359   191.74104   -87.15552         n.a.     n.a.
 2026-Jul-30 00:00 *   00 56 47.94 +03 20 28.4  00 58 11.17 +03 29 13.6  -0.26546  -0.95457   27.617858 -64.338175    0.641   6.698   99.75182  18.41537  304.999459 -11.167388  9.02476592696323 -26.7076422  112.1111 /L    5.7131   0.0165133   195.54061   -86.14125         n.a.     n.a.
 2026-Aug-01 12:00 Cm  00 56 44.73 +03 19 23.8  00 58 08.06 +03 28 09.5  -1.32473  -1.20044  222.377425  68.882960    0.629   6.695   99.76077  18.49360  172.175582 -11.144831  8.98659001955237 -26.0380254  114.5216 /L    5.6094   0.0297955   227.81799   -82.91427         n.a.     n.a.
 2026-Aug-04 00:00 *   00 56 39.22 +03 18 04.7  00 58 02.56 +03 26 50.8  -1.44272  -1.43006   37.120354 -61.860567    0.616   6.692   99.77043  18.57069   39.357045 -11.116790  8.94928836533431 -25.7487895  116.9356 /L    5.4951   0.0338565   225.25249   -81.90459         n.a.     n.a.
 2026-Aug-06 12:00 Nm  00 56 31.30 +03 16 31.6  00 57 54.74 +03 25 18.2  -2.49119  -1.67397  231.571452  65.405898    0.603   6.688   99.78077  18.64709  266.545508 -11.083419  8.91261867958843 -24.9125964  119.3706 /L    5.3703   0.0500229   236.10060   -77.79378         n.a.     n.a.
 2026-Aug-09 00:00 *   00 56 21.12 +03 14 44.3  00 57 44.61 +03 23 31.4  -2.61310  -1.89574   45.104187 -58.797454    0.591   6.684   99.79167  18.72200  133.738520 -11.044671  8.87695764017051 -24.5974104  121.8095 /L    5.2350   0.0538055   234.04016   -76.79078         n.a.     n.a.
 2026-Aug-11 12:00 Nm  00 56 08.54 +03 12 43.3  00 57 32.15 +03 21 31.2  -3.64100  -2.13453  238.568099  61.479590    0.578   6.680   99.80313  18.79585    0.937792 -11.000714  8.84207985539149 -23.5849304  124.2695 /L    5.0894   0.0703427   239.61911   -72.31919         n.a.     n.a.
 2026-Aug-14 00:00 *m  00 55 53.78 +03 10 28.7  00 57 17.41 +03 19 17.1  -3.75985  -2.34403   51.748238 -55.288094    0.565   6.676   99.81500  18.86781  228.140620 -10.951567  8.80835849517048 -23.2342544  126.7327 /L    4.9336   0.0738446   238.05907   -71.30437         n.a.     n.a.
 2026-Aug-16 12:00 N   00 55 36.67 +03 08 01.1  00 57 00.37 +03 16 49.9  -4.74933  -2.57219  244.003893  57.249392    0.553   6.672   99.82725  18.93829   95.348729 -10.897447  8.77557711484542 -22.0502783  129.2164 /L    4.7678   0.0900189   241.56048   -66.58524         n.a.     n.a.
 2026-Aug-19 00:00 *m  00 55 17.50 +03 05 20.6  00 56 41.21 +03 14 10.0  -4.85767  -2.76504   57.294121 -51.441188    0.540   6.667   99.83973  19.00650  322.559247 -10.838441  8.74408661020872 -21.6749540  131.7025 /L    4.5924   0.0931582   240.35103   -65.56916         n.a.     n.a.
 2026-Aug-21 12:00 N   00 54 56.08 +03 02 28.2  00 56 19.88 +03 11 18.1  -5.79820  -2.97942  248.343763  52.806339    0.528   6.662   99.85241  19.07284  189.774013 -10.774777  8.71367212153614 -20.3376055  134.2083 /L    4.4074   0.1086483   242.80347   -60.63471         n.a.     n.a.
 2026-Aug-24 00:00 *m  00 54 32.74 +02 59 23.8  00 55 56.57 +03 08 14.3  -5.89675  -3.15428   61.970394 -47.337179    0.516   6.658   99.86512  19.13655   56.990061 -10.706580  8.68466241414753 -19.9454801  136.7158 /L    4.2136   0.1114565   241.85686   -59.60396         n.a.     n.a.
 2026-Aug-26 12:00 N   00 54 07.26 +02 56 08.4  00 55 31.17 +03 04 59.5  -6.78107  -3.35360  251.907230  48.208328    0.503   6.653   99.87782  19.19802  284.209318 -10.634068  8.65685416619389 -18.4639429  139.2427 /L    4.0106   0.1260837   243.68518   -54.45308         n.a.     n.a.
 2026-Aug-29 00:00 *   00 53 40.02 +02 52 42.1  00 55 03.94 +03 01 33.7  -6.86940  -3.50996   65.968349 -43.034921    0.491   6.647   99.89035  19.25651  151.428709 -10.557397  8.63055690314528 -18.0550656  141.7709 /L    3.7996   0.1285696   242.93501   -53.39313         n.a.     n.a.
 2026-Aug-31 12:00 Nm  00 53 10.77 +02 49 05.8  00 54 34.73 +02 57 57.9  -7.68829  -3.69298  254.912002  43.493530    0.479   6.642   99.90268  19.31240   18.650203 -10.476775  8.60558227164724 -16.4373131  144.3182 /L    3.5800   0.1421540   244.34325   -48.02701         n.a.     n.a.
 2026-Sep-03 00:00 *   00 52 39.93 +02 45 19.7  00 54 03.90 +02 54 12.3  -7.76535  -3.82964   69.439372 -38.577675    0.468   6.636   99.91464  19.36498  245.870632 -10.392397  8.58221766907404 -16.0116508  146.8663 /L    3.3532   0.1443056   243.74885   -46.92720         n.a.     n.a.
 2026-Sep-05 12:00 Nm  00 52 07.23 +02 41 24.7  00 53 31.28 +02 50 18.0  -8.51064  -3.99336  257.508959  38.688573    0.456   6.631   99.92619  19.41457  113.091997 -10.304478  8.56029298004868 -14.2643687  149.4328 /L    3.1186   0.1566825   244.86308   -41.34479         n.a.     n.a.
 2026-Sep-08 00:00 *   00 51 33.14 +02 37 21.3  00 52 57.22 +02 46 15.2  -8.57427  -4.10672   72.500722 -33.997759    0.445   6.625   99.93716  19.46054  340.311037 -10.213280  8.54007549932081 -13.8164115  151.9990 /L    2.8778   0.1584502   244.40749   -40.19000         n.a.     n.a.
 2026-Sep-10 12:00 Nm  00 50 57.36 +02 33 10.4  00 52 21.49 +02 42 04.9  -9.23345  -4.24591  259.804826  33.812992    0.434   6.619   99.94754  19.50315  207.529710 -10.119050  8.52141725155573 -11.9447806  154.5819 /L    2.6300   0.1693815   245.30516   -34.39996         n.a.     n.a.
 2026-Sep-13 00:00 *m  00 50 20.43 +02 28 52.6  00 51 44.55 +02 37 47.5  -9.27537  -4.33150   75.243325 -29.320321    0.424   6.613   99.95715  19.54181   74.744655 -10.022130  8.50455865931768 -11.4750412  157.1616 /L    2.3773   0.1706153   244.96792   -33.19787         n.a.     n.a.
 2026-Sep-15 12:00 N   00 49 42.05 +02 24 29.1  00 51 06.20 +02 33 24.4  -9.83359  -4.44218  261.877208  28.882342    0.413   6.606   99.96598  19.57678  301.957794  -9.922790  8.48936491819474  -9.4989312  159.7547 /L    2.1189   0.1798398   245.68961   -27.23971         n.a.     n.a.
 2026-Sep-18 00:00 *m  00 49 02.78 +02 20 00.4  00 50 26.94 +02 28 56.3  -9.84841  -4.49839   77.737545 -24.565647    0.403   6.600   99.97389  19.60756  169.165763  -9.821419  8.47603709577886  -9.0217817  162.3399 /L    1.8571   0.1804522   245.45082   -26.01509         n.a.     n.a.
 2026-Sep-20 12:00 N   00 48 22.31 +02 15 27.7  00 49 46.53 +02 24 24.1  -10.2990  -4.57936  263.784555  23.909898    0.393   6.593   99.98085  19.63441   36.370518  -9.718277  8.46445012005720  -6.9680976  164.9321 /L    1.5913   0.1878533   246.02808   -19.93214         n.a.     n.a.
 2026-Sep-23 00:00 *m  00 47 41.24 +02 10 51.7  00 49 05.46 +02 19 48.6  -10.2890  -4.60626   80.039192 -19.750698    0.383   6.586   99.98675  19.65689  263.568774  -9.613778  8.45476719218591  -6.4939161  167.5058 /L    1.3244   0.1878842   245.88258   -18.69019         n.a.     n.a.
 2026-Sep-25 12:00 N   00 46 59.23 +02 06 13.5  00 48 23.47 +02 15 10.8  -10.6304  -4.65742  265.571921  18.907005    0.373   6.577   99.99159  19.67524  130.762502  -9.508162  8.44688157747705  -4.3805878  170.0677 /L    1.0564   0.1934318   246.34068   -12.51106         n.a.     n.a.
 2026-Sep-28 00:00 *   00 46 16.89 +02 01 33.7  00 47 41.11 +02 10 31.3  -10.5983  -4.65598   82.193750 -14.889909    0.361   6.567   99.99528  19.68913  357.948488  -9.401856  8.44092431788321  -3.9097373  172.5693 /L    0.7929   0.1929320   246.28340   -11.23883         n.a.     n.a.
 2026-Sep-30 12:00 Nm  00 45 33.86 +01 56 53.3  00 46 58.10 +02 05 51.3  -10.8275  -4.67765  267.275619  13.883713    0.348   6.555   99.99781  19.69872  225.128656  -9.295077  8.43681354889085  -1.7476664  174.9454 /L    0.5412   0.1965783   246.63489   -4.987855         n.a.     n.a.
 2026-Oct-03 00:00 *   00 44 50.78 +01 52 13.1  00 46 15.04 +02 01 11.6  -10.7717  -4.64761   84.238864  -9.995805    0.334   6.542   99.99914  19.70377   92.299844  -9.188278  8.43465000606770  -1.2766007  176.8399 /L    0.3384   0.1955262   246.66151   -3.669721         n.a.     n.a.
 2026-Oct-05 12:00 Nm  00 44 07.30 +01 47 34.2  00 45 31.58 +01 56 33.2  -10.8823  -4.63727  268.926217   8.849421    0.333   6.541   99.99928  19.70442  319.463878  -9.081690  8.43437581752632   0.9207028  177.0922 /L    0.3059   0.1971527   246.91973   2.6169211         n.a.     n.a.
 2026-Oct-08 00:00 *   00 43 24.07 +01 42 57.4  00 44 48.34 +01 51 56.7  -10.7989  -4.57563   86.206876  -5.079885    0.346   6.554   99.99821  19.70049  186.617681  -8.975818  8.43605487809139   1.3883299  175.4092 /T    0.4808   0.1954707   247.03693   3.9785874         n.a.     n.a.
 2026-Oct-10 12:00 N   00 42 40.72 +01 38 23.8  00 44 04.98 +01 47 23.4  -10.7859  -4.53050  270.550304   3.813286    0.362   6.568   99.99593  19.69211   53.762998  -8.870912  8.43964771737809   3.5986211  173.0760 /T    0.7256   0.1949790   247.21563   10.249273         n.a.     n.a.
 2026-Oct-13 00:00 *m  00 41 57.94 +01 33 54.4  00 43 22.19 +01 42 54.3  -10.6729  -4.43665   88.126321  -0.153001    0.375   6.580   99.99249  19.67922  280.896905  -8.767502  8.44517599932097   4.0527543  170.5693 /T    0.9874   0.1926379   247.42761   11.639500         n.a.     n.a.
 2026-Oct-15 12:00 N   00 41 15.34 +01 29 30.2  00 42 39.61 +01 38 30.4  -10.5353  -4.35783  272.172804  -1.215389    0.387   6.590   99.98790  19.66189  148.021080  -8.665816  8.45261645289551   6.2501049  167.9867 /T    1.2551   0.1900177   247.52810   17.839551         n.a.     n.a.
 2026-Oct-18 00:00 *m  00 40 33.62 +01 25 12.2  00 41 57.89 +01 34 12.6  -10.3939  -4.23441   90.023379   4.774553    0.398   6.599   99.98223  19.64021   15.132809  -8.566369  8.46194780207976   6.6797235  165.3804 /T    1.5223   0.1870552   247.83427   19.239974         n.a.     n.a.
 2026-Oct-20 12:00 N   00 39 52.40 +01 21 01.0  00 41 16.66 +01 30 01.8  -10.1353  -4.12472  273.817841  -6.227367    0.409   6.607   99.97549  19.61422  242.233710  -8.469349  8.47316293301167   8.8380893  162.7490 /T    1.7887   0.1823746   247.85539   25.316770         n.a.     n.a.
 2026-Oct-23 00:00 *m  00 39 12.32 +01 16 57.8  00 40 36.57 +01 25 58.7  -9.97087  -3.97470   91.923873   9.692783    0.420   6.615   99.96780  19.58409  109.321336  -8.375250  8.48619840453798   9.2336137  160.1169 /T    2.0511   0.1788982   248.26622   26.705295         n.a.     n.a.
 2026-Oct-25 12:00 Nm  00 38 33.02 +01 13 03.1  00 39 57.23 +01 22 04.1  -9.60059  -3.83728  275.510031 -11.213553    0.432   6.622   99.95918  19.54983  336.397255  -8.284218  8.50106775513163  11.3335417  157.4710 /T    2.3103   0.1723176   248.21383   32.617530         n.a.     n.a.
 2026-Oct-28 00:00 *   00 37 55.11 +01 09 17.8  00 39 19.33 +01 18 18.9  -9.42059  -3.66395   93.854263  14.592178    0.443   6.630   99.94976  19.51171  203.459281  -8.196711  8.51767479162204  11.6973548  154.8315 /T    2.5636   0.1684669   248.74742   33.991276         n.a.     n.a.
 2026-Oct-30 12:00 Nm  00 37 18.22 +01 05 42.5  00 38 42.44 +01 14 43.9  -8.94559  -3.50128  277.276294 -16.164826    0.455   6.637   99.93957  19.46968   70.508844  -8.112846  8.53606288965826  13.7323568  152.1819 /T    2.8124   0.1601063   248.62477   39.731979         n.a.     n.a.
 2026-Nov-02 00:00 *   00 36 42.97 +01 02 18.1  00 38 07.20 +01 11 19.7  -8.74914  -3.30541   95.842957  19.463458    0.467   6.643   99.92876  19.42407  297.543951  -8.033075  8.55610800606731  14.0716131  149.5418 /T    3.0539   0.1558785   249.30355   41.112804         n.a.     n.a.
 2026-Nov-04 12:00 Nm  00 36 08.98 +00 59 05.1  00 37 33.18 +01 08 06.9  -8.16922  -3.11722  279.146849 -21.071596    0.479   6.650   99.91737  19.37478  164.565841  -7.957523  8.57787578187063  16.0265462  146.8937 /T    3.2897   0.1457291   249.11409   46.683153         n.a.     n.a.
 2026-Nov-07 00:00 *   00 35 36.87 +00 56 04.5  00 37 01.05 +01 05 06.1  -7.95408  -2.89882   97.922043  24.296738    0.491   6.656   99.90558  19.32224   31.572786  -7.886641  8.60120119764309  16.3303523  144.2576 /T    3.5170   0.1410975   249.97603   48.063879         n.a.     n.a.
 2026-Nov-09 12:00 A   00 35 06.26 +00 53 16.6  00 36 30.40 +01 02 18.3  -7.27625  -2.68696  281.157310 -25.923054    0.503   6.662   99.89341  19.26633  258.565922  -7.820536  8.62616181917653  18.1781385  141.6156 /T    3.7374   0.1292752   249.73188   53.440142         n.a.     n.a.
 2026-Nov-12 00:00 *m  00 34 37.74 +00 50 42.4  00 36 01.89 +00 59 44.1  -7.04811  -2.44945  100.128634  29.081554    0.515   6.667   99.88106  19.20756  125.543867  -7.759615  8.65255372143776  18.4358296  138.9877 /T    3.9484   0.1243601   250.83600   54.794667         n.a.     n.a.
 2026-Nov-14 12:00 A   00 34 10.94 +00 48 22.1  00 35 35.07 +00 57 24.0  -6.28434  -2.21876  283.351234 -30.707070    0.528   6.673   99.86855  19.14578  352.507654  -7.703936  8.68047169916160  20.1582100  136.3559 /T    4.1515   0.1110753   250.55385   59.963642         n.a.     n.a.
 2026-Nov-17 00:00 *m  00 33 46.40 +00 46 16.4  00 35 10.52 +00 55 18.3  -6.04909  -1.96709  102.508328  33.806501    0.540   6.678   99.85608  19.08158  219.456221  -7.653841  8.70968061357912  20.3670602  133.7398 /T    4.3444   0.1060149   251.98608   61.275822         n.a.     n.a.
 2026-Nov-19 12:00 A   00 33 23.75 +00 44 25.6  00 34 47.83 +00 53 27.4  -5.21057  -1.72264  285.782708 -35.409878    0.553   6.682   99.84366  19.01474   86.390466  -7.609339  8.74029408396914  21.9503308  131.1211 /T    4.5285   0.0914657   251.70591   66.238249         n.a.     n.a.
 2026-Nov-22 00:00 *m  00 33 03.50 +00 42 50.0  00 34 27.56 +00 51 51.6  -4.97415  -1.46122  105.118955  38.458512    0.565   6.687   99.83149  18.94591  313.309658  -7.570715  8.77204706568121  22.1077014  128.5194 /T    4.7018   0.0864057   253.62914   67.489006         n.a.     n.a.
 2026-Nov-24 12:00 Am  00 32 45.29 +00 41 29.8  00 34 09.30 +00 50 31.4  -4.07513  -1.20719  288.521092 -40.014898    0.577   6.691   99.81956  18.87485  180.214570  -7.537935  8.80507247326451  23.5420326  125.9157 /T    4.8658   0.0708363   253.49896   72.241846         n.a.     n.a.
 2026-Nov-27 00:00 *   00 32 29.55 +00 40 25.3  00 33 53.60 +00 49 27.0  -3.84457  -0.93898  108.035373  43.022052    0.589   6.694   99.80809  18.80222   47.104783  -7.511235  8.83908548473802  23.6557575  123.3293 /T    5.0185   0.0659596   256.27501   73.409977         n.a.     n.a.
 2026-Nov-29 12:00 Am  00 32 15.97 +00 39 36.7  00 33 39.98 +00 48 38.4  -2.89455  -0.67694  291.657095 -44.501265    0.601   6.697   99.79704  18.72773  273.980858  -7.490570  8.87424576961585  24.9432785  120.7411 /T    5.1614   0.0495442   256.83694   77.971812         n.a.     n.a.
 2026-Dec-02 00:00 *   00 32 04.94 +00 39 04.3  00 33 28.95 +00 48 05.9  -2.66761  -0.40217  111.357438  47.477226    0.613   6.700   99.78660  18.65205  140.842609  -7.476166  8.91025029965785  25.0201206  118.1706 /T    5.2927   0.0449625   261.42663   79.045581         n.a.     n.a.
 2026-Dec-04 12:00 Am  00 31 56.17 +00 38 48.2  00 33 20.11 +00 47 49.5  -1.67032  -0.13316  295.310186 -48.841309    0.624   6.703   99.77677  18.57487    7.690384  -7.467978  8.94727265703506  26.1494953  115.5986 /T    5.4138   0.0279270   265.44180   83.411217         n.a.     n.a.
 2026-Dec-07 00:00 *   00 31 50.02 +00 38 48.5  00 33 13.96 +00 47 49.7  -1.44634  0.145871  115.219885  51.797094    0.636   6.705   99.76770  18.49692  234.524303  -7.466191  8.98498082079274  26.1792393  113.0451 /T    5.5228   0.0242280   275.75911   84.260227         n.a.     n.a.
 2026-Dec-09 12:00 A   00 31 46.22 +00 39 05.4  00 33 10.12 +00 48 06.5  -0.41296  0.418270  299.639425 -52.996689    0.647   6.707   99.75938  18.41785  101.344591  -7.470729  9.02355472430717  27.1322631  110.4911 /T    5.6214   0.0097963   315.36620   87.744712         n.a.     n.a.
 2026-Dec-12 00:00 *m  00 31 45.06 +00 39 38.9  00 33 08.99 +00 48 39.9  -0.19879  0.697579  119.807170  55.944066    0.658   6.708   99.75194  18.33841  328.151721  -7.481719  9.06263944014289  27.1090069  107.9566 /T    5.7078   0.0120892   344.09387   87.203178         n.a.     n.a.
 2026-Dec-14 12:00 A   00 31 46.31 +00 40 28.9  00 33 10.18 +00 49 29.7  0.856141  0.969013  304.853886 -56.914015    0.668   6.709   99.74536  18.25825  194.945783  -7.499042  9.10242830541402  27.8801351  105.4225 /T    5.7835   0.0215507   41.461209   85.138711         n.a.     n.a.
 2026-Dec-17 00:00 *m  00 31 50.19 +00 41 35.3  00 33 14.06 +00 50 35.9  1.054809  1.244396  125.373067  59.863772    0.678   6.709   99.73974  18.17812   61.727544  -7.522762  9.14255419273824  27.8088276  102.9084 /T    5.8471   0.0271883   40.286193   83.833241         n.a.     n.a.
 2026-Dec-19 12:00 A   00 31 56.49 +00 42 58.0  00 33 20.28 +00 51 58.3  2.120159  1.510928  311.219033 -60.517685    0.688   6.710   99.73505  18.09761  288.496915  -7.552726  9.18322663874093  28.3999859  100.3953 /T    5.9000   0.0433909   54.524490   80.374275         n.a.     n.a.
 2026-Dec-22 00:00 *m  00 32 05.38 +00 44 36.8  00 33 29.19 +00 53 36.9  2.300782  1.779138  132.256686  63.475758    0.698   6.709   99.73138  18.01747  155.254915  -7.588949  9.22407001603211  28.2874185   97.9026 /T    5.9410   0.0484737   52.286097   79.183088         n.a.     n.a.
 2026-Dec-24 12:00 Am  00 32 16.67 +00 46 31.4  00 33 40.45 +00 55 31.4  3.367155  2.038796  319.042030 -63.700520    0.707   6.709   99.72866  17.93728   22.001267  -7.631260  9.26530838400757  28.7023852   95.4108 /T    5.9713   0.0656049   58.805306   75.641089         n.a.     n.a.
 2026-Dec-27 00:00 *   00 32 30.50 +00 48 41.6  00 33 54.31 +00 57 41.6  3.528880  2.299626  140.874170  66.660530    0.716   6.708   99.72697  17.85777  248.737211  -7.679661  9.30656265841339  28.5580155   92.9390 /T    5.9900   0.0702007   56.909364   74.541990         n.a.     n.a.
 2026-Dec-29 12:00  m  00 32 46.71 +00 51 07.3  00 34 10.45 +01 00 06.9  4.591313  2.553443  328.597941 -66.316886    0.724   6.706   99.72626  17.77848  115.462253  -7.733999  9.34807016489744  28.8017673   90.4677 /T    5.9982   0.0875599   60.919519   71.041174         n.a.     n.a.
$$EOE
**********************************************************************************************************************************************************************************************************************************************************************************************
Column meaning:
 
TIME

  Times PRIOR to 1962 are UT1, a mean-solar time closely related to the
prior but now-deprecated GMT. Times AFTER 1962 are in UTC, the current
civil or "wall-clock" time-scale. UTC is kept within 0.9 seconds of UT1
using integer leap-seconds for 1972 and later years.

  Conversion from the internal Barycentric Dynamical Time (TDB) of solar
system dynamics to the non-uniform civil UT time-scale requested for output
has not been determined for UTC times after the next July or January 1st.
Therefore, the last known leap-second is used as a constant over future
intervals.

  Time tags refer to the UT time-scale conversion from TDB on Earth
regardless of observer location within the solar system, although clock
rates may differ due to the local gravity field and no analog to "UT"
may be defined for that location.

  Any 'b' symbol in the 1st-column denotes a B.C. date. First-column blank
(" ") denotes an A.D. date.
 
CALENDAR SYSTEM

  Mixed calendar mode was active such that calendar dates after AD 1582-Oct-15
(if any) are in the modern Gregorian system. Dates prior to 1582-Oct-5 (if any)
are in the Julian calendar system, which is automatically extended for dates
prior to its adoption on 45-Jan-1 BC.  The Julian calendar is useful for
matching historical dates. The Gregorian calendar more accurately corresponds
to the Earth's orbital motion and seasons. A "Gregorian-only" calendar mode is
available if such physical events are the primary interest.

  NOTE: "n.a." in output means quantity "not available" at the print-time.
 
SOLAR PRESENCE (OBSERVING SITE)
  Time tag is followed by a blank, then a solar-presence symbol:

       '*'  Daylight (refracted solar upper-limb on or above apparent horizon)
       'C'  Civil twilight/dawn
       'N'  Nautical twilight/dawn
       'A'  Astronomical twilight/dawn
       ' '  Night OR geocentric ephemeris

LUNAR PRESENCE (OBSERVING SITE)
  The solar-presence symbol is immediately followed by a lunar-presence symbol:

       'm'  Refracted upper-limb of Moon on or above apparent horizon
       ' '  Refracted upper-limb of Moon below apparent horizon OR geocentric
            ephemeris
 
 'R.A._____(ICRF)_____DEC' =
  Astrometric right ascension and declination of the target center with
respect to the observing site (coordinate origin) in the reference frame of
the planetary ephemeris (ICRF). Compensated for down-leg light-time delay
aberration.

  Units: RA  in hours-minutes-seconds of time,    HH MM SS.ff{ffff}
         DEC in degrees-minutes-seconds of arc,  sDD MN SC.f{ffff}
 
 'R.A.__(a-apparent)__DEC' =
  Airless apparent right ascension and declination of the target center
with respect to an instantaneous reference frame defined by the Earth equator
of-date (z-axis) and meridian containing the Earth equinox of-date (x-axis,
EOP-corrected IAU76/80). Compensated for down-leg light-time delay,
gravitational deflection of light, stellar aberration, precession & nutation.
Note: equinox (RA origin) is offset -53 mas from the of-date frame defined
by the IAU06/00a P & N system.

  Units: RA  in hours-minutes-seconds of time,   HH MM SS.ff{ffff}
         DEC in degrees-minutes-seconds of arc, sDD MN SC.f{ffff}
 
 'dRA*cosD d(DEC)/dt' =
  The angular rate of change in apparent RA and DEC of the target. This is
with respect to the non-inertial IAU76/80 Earth true equator and equinox
of-date reference frame.  d(RA)/dt is multiplied by the cosine of declination
to provide a linear rate in the plane-of-sky. Units: ARCSECONDS PER HOUR
 
 'Azi____(a-app)___Elev' =
  Airless apparent azimuth and elevation of target center. Compensated
for light-time, the gravitational deflection of light, stellar aberration,
precession and nutation. Azimuth is measured clockwise from north:

  North(0) -> East(90) -> South(180) -> West(270) -> North (360)

Elevation angle is with respect to a plane perpendicular to the reference
surface local zenith direction. TOPOCENTRIC ONLY.  Units: DEGREES
 
 'APmag   S-brt' =
   Saturn's approximate apparent visual magnitude and surface brightness. The
value includes the ring system when the solar phase angle of the observer is
less than 6.5 degrees (typical when observed from Earth) AND effective ring
inclination is less than 27 degrees. Otherwise, the value is that of the globe
only (no rings).  An "n.a." will be output if outside the range of phase-angles
for which the model is valid.

   For Earth-based observers, the estimated dimming due to atmospheric
absorption (extinction) is available as a separate, requestable quantity.

   Surface brightness is the average airless visual magnitude of a
square-arcsecond of the illuminated portion of the apparent disk.

 MAGNITUDES & MAGNITUDES PER SQUARE ARCSECOND
 
 'Illu%' =
   Fraction of the target objects' assumed circular disk illuminated by Sun
(phase), as seen by the observer.  Units: PERCENT
 
 'Ang-diam' =
   The equatorial angular width of the target body full disk, if it were fully
illuminated and visible to the observer. If the target body diameter is unknown
"n.a." is output.

   Units: ARCSECONDS
 
 'ObsSub-LON ObsSub-LAT' =
   Apparent planetodetic longitude and latitude of the center of the target
disc seen by the OBSERVER at print-time. This is NOT exactly the same as the
"nearest" sub-point for a non-spherical target shape (since the center of the
disc might not be the point closest to the observer), but is generally very
close if not a very irregular body shape. Down-leg light travel-time from
target to observer is taken into account. Latitude is the angle between the
equatorial plane and the line perpendicular to the reference ellipsoid of the
body, so includes body oblateness. The reference ellipsoid is an oblate
spheroid with a single flatness coefficient in which the y-axis body radius
is taken to be the same value as the x-axis radius.  For Jupiter, Saturn, and
Uranus, IAU2015 longitude is based on the "System III" prime meridian rotation
angle of the magnetic field. By contrast, pole direction (thus latitude) is
relative to the body dynamical equator.  There can be an offset between the
magnetic pole and the dynamical pole of rotation. For Neptune, rotation is
IAU2015 "System II" rotation of optically observed features in the Neptunian
atmosphere. Positive longitude is to the WEST for this target. Cartographic
system is specified in the header.  Units: DEGREES DEGREES
 
 'delta      deldot' =
   Apparent range ("delta", light-time aberrated) and range-rate ("delta-dot")
of the target center relative to the observer. A positive "deldot" means the
target center is moving away from the observer, negative indicates movement
toward the observer.  Units: AU and KM/S
 
 'S-O-T /r' =
   Sun-Observer-Target apparent SOLAR ELONGATION ANGLE seen from the observers'
location at print-time.

   The '/r' column provides a code indicating the targets' apparent position
relative to the Sun in the observers' sky, as described below:

   Case A: For an observing location on the surface of a rotating body, that
body rotational sense is considered:

    /T indicates target TRAILS Sun   (evening sky: rises and sets AFTER Sun)
    /L indicates target LEADS Sun    (morning sky: rises and sets BEFORE Sun)

   Case B: For an observing point that does not have a rotational model (such
as a spacecraft), the "leading" and "trailing" condition is defined by the
observers' heliocentric ORBITAL motion:

    * If continuing in the observers' current direction of heliocentric
       motion would encounter the targets' apparent longitude first, followed
       by the Sun's, the target LEADS the Sun as seen by the observer.

    * If the Sun's apparent longitude would be encountered first, followed
       by the targets', the target TRAILS the Sun.

   Two other codes can be output:
    /* indicates observer is Sun-centered    (undefined)
    /? Target is aligned with Sun center     (no lead or trail)

   The S-O-T solar elongation angle is numerically the minimum separation
angle of the Sun and target in the sky in any direction. It does NOT indicate
the amount of separation in the leading or trailing directions, which would
be defined along the equator of a spherical coordinate system.

   Units: DEGREES
 
 'S-T-O' =
   The Sun-Target-Observer angle; the interior vertex angle at target center
formed by a vector from the target to the apparent center of the Sun (at
reflection time on the target) and the apparent vector from target to the
observer at print-time. Slightly different from true PHASE ANGLE (requestable
separately) at the few arcsecond level in that it includes stellar aberration
on the down-leg from target to observer.  Units: DEGREES
 
 'Sky_motion  Sky_mot_PA  RelVel-ANG' =
  Total apparent angular rate of the target in the plane-of-sky. "Sky_mot_PA"
is the position angle of the target's direction of motion in the plane-of-sky,
measured counter-clockwise from the apparent of-date north pole direction.
"RelVel-ANG" is the flight path angle of the target's relative motion with
respect to the observer's line-of-sight, in the range [-90,+90], where positive
values indicate motion away from the observer, negative values are toward the
observer:

  -90 = target is moving directly toward the observer
    0 = target is moving at right angles to the observer's line-of-sight
  +90 = target is moving directly away from the observer

UNITS:  ARCSECONDS/MINUTE, DEGREES, DEGREES
 
 'Lun_Sky_Brt  sky_SNR' =
  Sky brightness due to moonlight scattered by Earth's atmosphere at the
target's position in the sky. "sky_SNR" is the visual signal-to-noise ratio
(SNR) of the target's surface brightness relative to background sky. Output
only for topocentric Earth observers when both the Moon and target are above
the local horizon and the Sun is in astronomical twilight (or further) below
the horizon, and the target is not the Moon or Sun. If all conditions are
not met, "n.a." is output. Galactic brightness, local sky light-pollution
and weather are NOT considered. Lunar opposition surge is considered. The
value returned is accurate under ideal conditions at the approximately 8-23%
level, so is a useful but not definitive value.

  If the target-body radius is also known, "sky_SNR" is output. This is the
approximate visual signal-to-noise ratio of the target's brightness divided
by lunar sky brightness. When sky_SNR < 1, the target is dimmer than the
ideal moonlight-scattering background sky, so unlikely to be detectable at
visual wavelengths. In practice, visibility requires sky_SNR > 1 and a
detector sensitive enough to reach the target's magnitude, even if it isn't
washed out by moonlight. When relating magnitudes and brightness values,
keep in mind their logarithmic relationship m2-m1 = -2.5*log_10(b2/b1).

  UNITS: VISUAL MAGNITUDES / ARCSECOND^2, and unitless ratio

Computations by ...

    Solar System Dynamics Group, Horizons On-Line Ephemeris System
    4800 Oak Grove Drive, Jet Propulsion Laboratory
    Pasadena, CA  91109   USA

    General site: https://ssd.jpl.nasa.gov/
    Mailing list: https://ssd.jpl.nasa.gov/email_list.html
    System news : https://ssd.jpl.nasa.gov/horizons/news.html
    User Guide  : https://ssd.jpl.nasa.gov/horizons/manual.html
    Connect     : browser        https://ssd.jpl.nasa.gov/horizons/app.html#/x
                  API            https://ssd-api.jpl.nasa.gov/doc/horizons.html
                  command-line   telnet ssd.jpl.nasa.gov 6775
                  e-mail/batch   https://ssd.jpl.nasa.gov/ftp/ssd/horizons_batch.txt
                  scripts        https://ssd.jpl.nasa.gov/ftp/ssd/SCRIPTS
    Author      : Jon.D.Giorgini@jpl.nasa.gov

**********************************************************************************************************************************************************************************************************************************************************************************************
