*******************************************************************************
 Revised: January 26, 2022             Saturn                               699
 
 PHYSICAL DATA:
  Mass x10^26 (kg)      = 5.6834          Density (g/cm^3)       =  0.687+-.001
  Equat. radius (1 bar) = 60268+-4 km     Polar radius (km)      = 54364+-10
  Vol. Mean Radius (km) = 58232+-6        Flattening             =  0.09796
  Geometric Albedo      = 0.47            Rocky core mass (Mc/M) =  0.1027
  Sid. rot. period (III)= 10h 39m 22.4s   Sid. rot. rate (rad/s) =  0.000163785 
  Mean solar day, hrs   =~10.656         
  GM (km^3/s^2)         = 37931206.234    GM 1-sigma (km^3/s^2)  = +- 98
  Equ. grav, ge (m/s^2) = 10.44           Pol. grav, gp (m/s^2)  = 12.14+-0.01
  Vis. magnitude V(1,0) = -8.88          
  Vis. mag. (opposition)= +0.67           Obliquity to orbit     = 26.73 deg
  Sidereal orbit period = 29.447498 yr    Sidereal orbit period  = 10755.698 d
  Mean daily motion     = 0.0334979 deg/d Mean orbit velocity    =  9.68 km/s
  Atmos. temp. (1 bar)  = 134+-4 K        Escape speed, km/s    =  35.5          
  Aroche(ice)/Rp        =  2.71           Hill's sphere rad. Rp  = 1100
                                 Perihelion  Aphelion    Mean
  Solar Constant (W/m^2)         16.8        13.6        15.1
  Maximum Planetary IR (W/m^2)    4.7         4.5         4.6
  Minimum Planetary IR (W/m^2)    4.7         4.5         4.6
*******************************************************************************


*******************************************************************************
Ephemeris / WWW_USER Mon Apr  6 16:15:51 2026 Pasadena, USA      / Horizons    
*******************************************************************************
Target body name: Saturn (699)                    {source: sat441l}
Center body name: Earth (399)                     {source: DE441}
Center-site name: (user defined site below)
*******************************************************************************
Start time      : A.D. 2026-Jan-01 00:00:00.0000 UT      
Stop  time      : A.D. 2026-Dec-31 00:00:00.0000 UT      
Step-size       : 3600 minutes
*******************************************************************************
Target pole/equ : IAU_SATURN                      {West-longitude positive}
Target radii    : 60268.0, 60268.0, 54364.0 km    {Equator_a, b, pole_c}       
Center geodetic : 256.5, 20.5, 1.55               {E-lon(deg),Lat(deg),Alt(km)}
Center cylindric: 256.5, 5978.12942, 2220.17182   {E-lon(deg),Dxy(km),Dz(km)}
Center pole/equ : ITRF93                          {East-longitude positive}
Center radii    : 6378.137, 6378.137, 6356.752 km {Equator_a, b, pole_c}       
Target primary  : Sun
Vis. interferer : MOON (R_eq= 1737.400) km        {source: DE441}
Rel. light bend : Sun                             {source: DE441}
Rel. lght bnd GM: 1.3271E+11 km^3/s^2                                          
Atmos refraction: NO (AIRLESS)
RA format       : HMS
Time format     : CAL 
Calendar mode   : Mixed Julian/Gregorian
EOP file        : eop.260406.p260703                                           
EOP coverage    : DATA-BASED 1962-JAN-20 TO 2026-APR-06. PREDICTS-> 2026-JUL-02
Units conversion: 1 au= 149597870.700 km, c= 299792.458 km/s, 1 day= 86400.0 s 
Table cut-offs 1: Elevation (-90.0deg=NO ),Airmass (>38.000=NO), Daylight (NO )
Table cut-offs 2: Solar elongation (  0.0,180.0=NO ),Local Hour Angle( 0.0=NO )
Table cut-offs 3: RA/DEC angular rate (     0.0=NO )                           
**********************************************************************************************************************************************************************************************************************************************************************************************
 Date__(UT)__HR:MN     R.A._____(ICRF)_____DEC  R.A.__(a-apparent)__DEC  dRA*cosD d(DEC)/dt  Azi____(a-app)___Elev    APmag   S-brt      Illu%  Ang-diam  ObsSub-LON ObsSub-LAT             delta      deldot     S-O-T /r     S-T-O  Sky_motion  Sky_mot_PA  RelVel-ANG  Lun_Sky_Brt  sky_SNR
**********************************************************************************************************************************************************************************************************************************************************************************************
$$SOE
 2026-Jan-01 00:00 *m  23 48 11.31 -03 44 26.8  23 49 31.45 -03 35 47.4  7.603768  3.927278  179.465782  65.902549    1.007   6.907   99.74921  17.10665  331.775549  -1.170084  9.71519312553765  27.7914026   75.6124 /T    5.7424   0.1426347   62.684051   58.921438         n.a.     n.a.
 2026-Jan-03 12:00  m  23 48 43.74 -03 40 24.6  23 50 03.84 -03 31 45.1  8.576802  4.144785    7.184078 -72.905107    1.011   6.903   99.75498  17.03654  198.443806  -1.265349  9.75517516642192  27.4548798   73.2132 /T    5.6762   0.1587633   64.207601   55.709743         n.a.     n.a.
 2026-Jan-06 00:00 *   23 49 18.26 -03 36 09.7  23 50 38.39 -03 27 30.1  8.652132  4.358680  190.780169  65.650336    1.015   6.898   99.76148  16.96814   65.106729  -1.365725  9.79450175502404  27.1392925   70.8326 /T    5.6005   0.1614668   63.262432   54.838732         n.a.     n.a.
 2026-Jan-08 12:00  m  23 49 54.85 -03 31 42.0  23 51 14.89 -03 23 02.5  9.596460  4.562974   21.878519 -71.666775    1.018   6.893   99.76867  16.90097  291.763207  -1.471225  9.83342826757423  26.6452034   68.4519 /T    5.5157   0.1771007   64.569609   51.688614         n.a.     n.a.
 2026-Jan-11 00:00 *   23 50 33.41 -03 27 02.3  23 51 53.45 -03 18 22.9  9.654524  4.767748  201.460916  64.593031    1.021   6.888   99.77648  16.83566  158.415389  -1.581556  9.87157261097770  26.3101496   66.0893 /T    5.4219   0.1794600   63.718199   50.856389         n.a.     n.a.
 2026-Jan-13 12:00  m  23 51 13.95 -03 22 10.4  23 52 33.91 -03 13 31.2  10.56463  4.958369   34.089661 -69.492897    1.024   6.882   99.78488  16.77175   25.062058  -1.696726  9.90918626119134  25.6575175   63.7264 /T    5.3194   0.1945056   64.857604   47.758135         n.a.     n.a.
 2026-Jan-16 00:00 *   23 51 56.33 -03 17 07.3  23 53 16.32 -03 08 28.0  10.60472  5.152083  211.027488  62.840364    1.026   6.876   99.79377  16.70986  251.705514  -1.816418  9.94589209698636  25.3037371   61.3813 /T    5.2084   0.1965000   64.088167   46.964876         n.a.     n.a.
 2026-Jan-18 12:00     23 52 40.60 -03 11 52.9  23 54 00.54 -03 03 13.5  11.47578  5.327347   43.702435 -66.660218    1.028   6.870   99.80312  16.64951  118.344420  -1.940621  9.98193988253207  24.4974321   59.0362 /T    5.0892   0.2108673   65.098072   43.913399         n.a.     n.a.
 2026-Jan-21 00:00 *m  23 53 26.58 -03 06 28.0  23 54 46.53 -02 57 48.6  11.49798  5.507680  219.301467  60.529476    1.029   6.864   99.81284  16.59131  344.981201  -2.068991  10.0169595925641  24.1256756   56.7089 /T    4.9621   0.2124841   64.404989   43.157119         n.a.     n.a.
 2026-Jan-23 12:00     23 54 14.34 -03 00 52.7  23 55 34.22 -02 52 13.5  12.32393  5.665936   51.170523 -63.392079    1.029   6.857   99.82289  16.53479  211.614434  -2.201497  10.0511961872824  23.1703230   54.3819 /T    4.8273   0.2260666   65.309355   40.148479         n.a.     n.a.
 2026-Jan-26 00:00 *m  23 55 03.66 -02 55 08.0  23 56 23.54 -02 46 28.8  12.32543  5.831018  226.331721  57.791354    1.030   6.850   99.83317  16.48053   78.246661  -2.337774  10.0842923352605  22.7861477   52.0729 /T    4.6853   0.2272524   64.681719   39.437311         n.a.     n.a.
 2026-Jan-28 12:00     23 55 54.63 -02 49 13.9  23 57 14.46 -02 40 34.6  13.10008  5.971820   57.028494 -59.840494    1.030   6.843   99.84364  16.42807  304.876353  -2.477778  10.1164952564364  21.6982747   49.7642 /T    4.5362   0.2399507   65.493594   36.479598         n.a.     n.a.
 2026-Jan-31 00:00 *m  23 56 47.01 -02 43 11.2  23 58 06.87 -02 34 31.8  13.08224  6.121818  232.278640  54.734492    1.029   6.836   99.85419  16.37792  171.506082  -2.621150  10.1474703378725  21.3174633   47.4732 /T    4.3805   0.2407290   64.922810   35.824473         n.a.     n.a.
 2026-Feb-02 12:00  m  23 57 40.91 -02 37 00.1  23 59 00.72 -02 28 20.7  13.80699  6.247159   61.713527 -56.102884    1.028   6.829   99.86481  16.32965   38.134156  -2.767867  10.1774663186919  20.1151270   45.1820 /T    4.2184   0.2525756   65.654981   32.914327         n.a.     n.a.
 2026-Feb-05 00:00 *   23 58 36.07 -02 30 41.2  23 59 55.89 -02 22 01.9  13.77726  6.383875  237.329484  51.441976    1.027   6.821   99.87537  16.28373  264.763147  -2.917596  10.2061644512786  19.7414851   42.9076 /T    4.0503   0.2530737   65.138728   32.302098         n.a.     n.a.
 2026-Feb-07 12:00  m  23 59 32.65 -02 24 14.8  00 00 52.41 -02 15 35.6  14.45415  6.495413   65.545047 -52.241336    1.025   6.814   99.88588  16.23976  131.391279  -3.070333  10.2337988193635  18.4244495   40.6324 /T    3.8763   0.2641090   65.801779   29.416624         n.a.     n.a.
 2026-Feb-10 00:00 *   00 00 30.37 -02 17 41.5  00 01 50.13 -02 09 02.3  14.41399  6.618605  241.658176  47.975519    1.022   6.806   99.89620  16.19820  358.021208  -3.225745  10.2600586936343  18.0493220   38.3733 /T    3.6970   0.2643488   65.336395   28.830910         n.a.     n.a.
 2026-Feb-12 12:00  m  00 01 29.40 -02 11 01.4  00 02 49.13 -02 02 22.2  15.03819  6.715777   68.748373 -48.295608    1.020   6.798   99.90634  16.15866  224.651139  -3.383815  10.2851640491703  16.6197019   36.1133 /T    3.5122   0.2744940   65.935354   25.962362         n.a.     n.a.
 2026-Feb-15 00:00 *   00 02 29.41 -02 04 15.2  00 03 49.17 -01 55 35.9  14.98587  6.823904  245.411442  44.379988    1.017   6.790   99.91618  16.12157   91.283780  -3.544197  10.3088219346612  16.2445437   33.8691 /T    3.3227   0.2744398   65.517574   25.404334         n.a.     n.a.
 2026-Feb-17 12:00     00 03 30.61 -01 57 23.3  00 04 50.33 -01 48 44.0  15.55362  6.905525   71.483005 -44.291713    1.013   6.782   99.92572  16.08659  317.917293  -3.706857  10.3312430186650  14.7133105   31.6241 /T    3.1284   0.2836280   66.059651   22.553478         n.a.     n.a.
 2026-Feb-20 00:00 *m  00 04 32.65 -01 50 26.2  00 05 52.37 -01 41 47.1  15.48923  6.996670  248.707377  40.687629    1.009   6.773   99.93485  16.05409  184.554397  -3.871433  10.3521559896214  14.3428981   29.3949 /T    2.9301   0.2832694   65.690741   22.025462         n.a.     n.a.
 2026-Feb-22 12:00     00 05 35.75 -01 43 24.4  00 06 55.42 -01 34 45.3  15.99786  7.061637   73.863117 -40.246887    1.005   6.765   99.94357  16.02374   51.193212  -4.037872  10.3717614335637  12.7224598   27.1655 /T    2.7276   0.2914515   66.182797   19.192487         n.a.     n.a.
 2026-Feb-25 00:00 *m  00 06 39.52 -01 36 18.5  00 07 59.22 -01 27 39.4  15.92139  7.135197  251.639790  36.921798    1.000   6.757   99.95177  15.99590  277.836450  -4.205814  10.3898126621525  12.3639165   24.9522 /T    2.5219   0.2907852   65.860384   18.699094         n.a.     n.a.
 2026-Feb-27 12:00     00 07 44.22 -01 29 08.8  00 09 03.91 -01 20 29.5  16.36922  7.184884   75.971564 -36.172510    0.995   6.748   99.95946  15.97025  144.482180  -4.375214  10.4065027312526  10.6716866   22.7391 /T    2.3126   0.2979438   66.302055   15.888732         n.a.     n.a.
 2026-Mar-02 00:00 *m  00 08 49.45 -01 21 55.9  00 10 09.17 -01 13 16.6  16.28378  7.242802  254.282748  33.099485    0.989   6.739   99.96656  15.94709   11.133053  -4.545739  10.4216133025723  10.3347114   20.5423 /T    2.1010   0.2970315   66.021157   15.434828         n.a.     n.a.
 2026-Mar-04 12:00 Am  00 09 55.49 -01 14 40.1  00 11 15.17 -01 06 01.0  16.67361  7.279706   77.870052 -32.076453    0.983   6.730   99.97306  15.92614  237.787081  -4.717371  10.4353254464640   8.5840102   18.3460 /T    1.8864   0.3032250   66.413899   12.643794         n.a.     n.a.
 2026-Mar-07 00:00 *   00 11 01.91 -01 07 21.9  00 12 21.61 -00 58 42.9  16.58472  7.323161  256.694849  29.233327    0.976   6.721   99.97889  15.90767  104.446855  -4.889798  10.4474421855811   8.2672720   16.1668 /T    1.6702   0.3021596   66.175627   12.219236         n.a.     n.a.
 2026-Mar-09 12:00 Am  00 12 09.04 -01 00 01.7  00 13 28.71 -00 51 22.7  16.91830  7.347688   79.604990 -27.964145    0.969   6.712   99.98407  15.89142  331.110391  -5.063003  10.4581227301246   6.4599645   13.9900 /T    1.4518   0.3074163   66.524491   9.4323622         n.a.     n.a.
 2026-Mar-12 00:00 *   00 13 16.43 -00 52 39.9  00 14 36.14 -00 44 00.9  16.82698  7.375916  258.923408  25.333036    0.962   6.702   99.98853  15.87766  197.780273  -5.236673  10.4671873637245   6.1551992   11.8339 /T    1.2329   0.3062095   66.330303   9.0217764         n.a.     n.a.
 2026-Mar-14 12:00 Am  00 14 24.40 -00 45 16.8  00 15 44.11 -00 36 37.8  17.10078  7.387407   81.212311 -23.839369    0.953   6.692   99.99227  15.86616   64.454574  -5.410779  10.4747734531866   4.2946298    9.6878 /T    1.0132   0.3104703   66.636027   6.2291149         n.a.     n.a.
 2026-Mar-17 00:00 *   00 15 32.51 -00 37 53.0  00 16 52.25 -00 29 14.0  17.00431  7.399229  261.006697  21.405830    0.944   6.682   99.99525  15.85715  291.135854  -5.584998  10.4807257131899   4.0013788    7.5788 /T    0.7954   0.3090736   66.484296   5.8292255         n.a.     n.a.
 2026-Mar-19 12:00 A   00 16 41.06 -00 30 29.0  00 18 00.78 -00 21 50.1  17.21425  7.396508   82.720963 -19.704686    0.933   6.670   99.99747  15.85043  157.822232  -5.759283  10.4851660243671   2.1009571    5.5189 /T    0.5814   0.3122672   66.748084   3.0329775         n.a.     n.a.
 2026-Mar-22 00:00 *m  00 17 49.60 -00 23 05.2  00 19 09.35 -00 14 26.5  17.11137  7.390423  262.976401  17.456979    0.920   6.656   99.99891  15.84620   24.516193  -5.933299  10.4879706207794   1.8273204    3.6155 /T    0.3822   0.3106523   66.640420   2.6508676         n.a.     n.a.
 2026-Mar-24 12:00 A   00 18 58.46 -00 15 42.1  00 20 18.22 -00 07 03.5  17.25682  7.373070   84.154580 -15.561559    0.908   6.644   99.99958  15.84426  251.215856  -6.106994  10.4892500083596  -0.0931438    2.2530 /T    0.2378   0.3127654   66.865141   -0.140287         n.a.     n.a.
 2026-Mar-27 00:00 *m  00 20 07.15 -00 08 20.1  00 21 26.96 +00 00 18.5  17.15068  7.350127  264.859576  13.490424    0.907   6.643   99.99945  15.84477  117.923580  -6.280050  10.4889130288633  -0.3387786    2.5493 /L    0.2657   0.3109886   66.801870   -0.497981         n.a.     n.a.
 2026-Mar-29 12:00 A   00 21 16.04 -00 00 59.8  00 22 35.86 +00 07 39.0  17.23443  7.320723   85.532969 -11.410847    0.914   6.650   99.99854  15.84758  344.637498  -6.452441  10.4870526839641  -2.2664514    4.1559 /L    0.4334   0.3120802   66.985520   -3.284598         n.a.     n.a.
 2026-Apr-01 00:00 *   00 22 24.65 +00 06 18.6  00 23 44.49 +00 14 57.2  17.12843  7.283407  266.679449   9.509537    0.920   6.657   99.99685  15.85280  211.359863  -6.623882  10.4836037649630  -2.4853030    6.1077 /L    0.6381   0.3102110   66.963678   -3.623148         n.a.     n.a.
 2026-Apr-03 12:00 Nm  00 23 33.33 +00 13 34.7  00 24 53.18 +00 22 13.1  17.15195  7.243518   86.873372  -7.253449    0.924   6.662   99.99438  15.86031   78.088867  -6.794364  10.4786366680169  -4.4136939    8.1650 /L    0.8537   0.3103126   67.104964   -6.412624         n.a.     n.a.
 2026-Apr-06 00:00 *   00 24 41.61 +00 20 48.0  00 26 01.49 +00 29 26.4  17.04776  7.192063  268.456926   5.517137    0.928   6.667   99.99116  15.87020  304.826666  -6.963609  10.4721106271489  -4.6097814   10.2551 /L    1.0719   0.3083793   67.126227   -6.740391         n.a.     n.a.
 2026-Apr-08 12:00 Nm  00 25 49.85 +00 27 58.3  00 27 09.77 +00 36 36.7  17.01136  7.141076   88.190984  -3.089729    0.930   6.671   99.98719  15.88239  171.571534  -7.131603  10.4640727797471  -6.5331186   12.3698 /L    1.2916   0.3074904   67.228172   -9.540561         n.a.     n.a.
 2026-Apr-11 00:00 *   00 26 57.57 +00 35 05.1  00 28 17.55 +00 43 43.5  16.90942  7.074554  270.211430   1.515773    0.932   6.674   99.98250  15.89692   38.325531  -7.298056  10.4545064255091  -6.7114081   14.4879 /L    1.5103   0.3054949   67.296567   -9.867280         n.a.     n.a.
 2026-Apr-13 12:00 Nm  00 28 05.14 +00 42 08.0  00 29 25.15 +00 50 46.4  16.81127  7.011556   89.500240   1.079893    0.933   6.677   99.97710  15.91377  265.087045  -7.462947  10.4434340047820  -8.6250591   16.6184 /L    1.7286   0.3035808   67.360214   -12.68879         n.a.     n.a.
 2026-Apr-16 00:00 *   00 29 12.06 +00 49 06.5  00 30 32.10 +00 57 44.8  16.70826  6.929026  271.961259  -2.492337    0.933   6.680   99.97105  15.93295  131.858056  -7.625976  10.4308647568047  -8.7879350   18.7459 /L    1.9445   0.3014674   67.475886   -13.02288         n.a.     n.a.
 2026-Apr-18 12:00 N   00 30 18.69 +00 56 00.3  00 31 38.77 +01 04 38.5  16.54394  6.852837   90.815408   5.255176    0.933   6.683   99.96433  15.95446  358.637068  -7.787109  10.4168034261799 -10.6776403   20.8826 /L    2.1591   0.2984512   67.499664   -15.86642         n.a.     n.a.
 2026-Apr-21 00:00 *m  00 31 24.54 +01 02 48.9  00 32 44.68 +01 11 27.1  16.43754  6.753769  273.724846  -6.505221    0.933   6.686   99.95703  15.97824  225.425916  -7.946039  10.4012953577110 -10.8141290   23.0140 /L    2.3703   0.2961823   67.663487   -16.19813         n.a.     n.a.
 2026-Apr-23 12:00 N   00 32 29.97 +01 09 31.8  00 33 50.18 +01 18 10.1  16.20853  6.665209   92.150937   9.436141    0.932   6.689   99.94913  16.00434   92.223145  -8.102743  10.3843347787682 -12.6566909   25.1533 /L    2.5795   0.2920909   67.646745   -19.04943         n.a.     n.a.
 2026-Apr-26 00:00 *m  00 33 34.49 +01 16 08.7  00 34 54.75 +01 24 47.0  16.10421  6.552071  275.521159 -10.520820    0.931   6.691   99.94074  16.03265  319.030381  -8.256943  10.3660000905139 -12.7600842   27.2865 /L    2.7847   0.2897677   67.860825   -19.36772         n.a.     n.a.
 2026-Apr-28 12:00 N   00 34 38.46 +01 22 39.3  00 35 58.77 +01 31 17.4  15.81622  6.453627   93.522396  13.622326    0.930   6.694   99.93184  16.06324  185.846245  -8.408652  10.3462616762065 -14.5493830   29.4276 /L    2.9872   0.2847035   67.802644   -22.23013         n.a.     n.a.
 2026-May-01 00:00 *   00 35 41.43 +01 29 03.1  00 37 01.77 +01 37 41.1  15.71644  6.328277  277.370366 -14.536445    0.928   6.696   99.92253  16.09597   52.672231  -8.557608  10.3252180248542 -14.6296016   31.5629 /L    3.1851   0.2823776   68.067651   -22.54757         n.a.     n.a.
 2026-May-03 12:00 Cm  00 36 43.74 +01 35 19.9  00 38 04.15 +01 43 57.9  15.36917  6.220315   94.946574  17.812939    0.926   6.699   99.91279  16.13098  279.507116  -8.703834  10.3028129775613 -16.3640286   33.7069 /L    3.3798   0.2763371   67.965505   -25.43472         n.a.     n.a.
 2026-May-06 00:00 *   00 37 44.93 +01 41 29.4  00 39 05.41 +01 50 07.5  15.27216  6.082483  279.295195 -18.548713    0.923   6.701   99.90275  16.16808  146.352268  -8.847062  10.2791691467121 -16.4256819   35.8458 /L    3.5695   0.2739807   68.283964   -25.76104         n.a.     n.a.
 2026-May-08 12:00 Cm  00 38 45.34 +01 47 31.2  00 40 05.91 +01 56 09.3  14.86461  5.963834   96.442795  22.006851    0.921   6.703   99.89238  16.20744   13.206604  -8.987305  10.2542094685572 -18.0968432   37.9942 /L    3.7554   0.2669394   68.138833   -28.67942         n.a.     n.a.
 2026-May-11 00:00 *   00 39 44.53 +01 53 24.9  00 41 05.14 +02 02 03.0  14.76939  5.812547  281.321364 -22.553613    0.917   6.705   99.88182  16.24884  240.071337  -9.124281  10.2280829442931 -18.1408185   40.1383 /L    3.9357   0.2645334   68.517699   -29.01909         n.a.     n.a.
 2026-May-13 12:00 Cm  00 40 42.81 +01 59 10.2  00 42 03.50 +02 07 48.2  14.30119  5.681925   98.034375  26.202273    0.914   6.707   99.87104  16.29247  106.945531  -9.257997  10.2006914616545 -19.7409007   42.2928 /L    4.1118   0.2564763   68.331861   -31.97645         n.a.     n.a.
 2026-May-16 00:00 *m  00 41 39.75 +02 04 46.5  00 43 00.48 +02 13 24.5  14.20472  5.516543  283.479033 -26.546124    0.910   6.709   99.86019  16.33809  333.830256  -9.388159  10.1722090351312 -19.7682181   44.4434 /L    4.2816   0.2539719   68.775822   -32.33758         n.a.     n.a.
 2026-May-18 12:00 C   00 42 35.65 +02 10 13.7  00 43 56.49 +02 18 51.7  13.67305  5.373423   99.749765  30.396789    0.905   6.711   99.84924  16.38591  200.724730  -9.514771  10.1425225587361 -21.2822641   46.6047 /L    4.4465   0.2448504   68.545490   -35.33772         n.a.     n.a.
 2026-May-21 00:00 *m  00 43 30.08 +02 15 31.1  00 44 51.00 +02 24 09.4  13.57378  5.195248  285.804886 -30.519798    0.901   6.713   99.83835  16.43563   67.629818  -9.637547  10.1118401076640 -21.2815047   48.7623 /L    4.6047   0.2422338   69.056077   -35.70986         n.a.     n.a.
 2026-May-23 12:00 C   00 44 23.34 +02 20 38.7  00 45 44.36 +02 29 17.0  12.98296  5.041849  101.624919  34.586875    0.896   6.714   99.82748  16.48748  294.544820  -9.756525  10.0800382663308 -22.6902483   50.9308 /L    4.7574   0.2321264   68.776644   -38.74009         n.a.     n.a.
 2026-May-26 00:00 *m  00 45 15.02 +02 25 35.9  00 46 36.08 +02 34 14.2  12.88621  4.853723  288.343637 -34.466028    0.890   6.716   99.81679  16.54112  161.470360  -9.871445  10.0473503179305 -22.6599772   53.0959 /L    4.9029   0.2295001   69.360606   -39.11226         n.a.     n.a.
 2026-May-28 12:00 C   00 46 05.42 +02 30 22.7  00 47 26.57 +02 39 01.0  12.24256  4.691354  103.706155  38.766970    0.884   6.717   99.80625  16.59682   28.405874  -9.982370  10.0136300986132 -23.9617065   55.2727 /L    5.0425   0.2185108   69.033144   -42.17677         n.a.     n.a.
 2026-May-31 00:00 *   00 46 54.16 +02 34 58.6  00 48 15.36 +02 43 37.0  12.14957  4.494178  291.151504 -38.372736    0.878   6.718   99.79600  16.65421  255.351821 -10.089044  9.97912530151970 -23.9133784   57.4467 /L    5.1743   0.2159023   69.700351   -42.56016         n.a.     n.a.
 2026-Jun-02 12:00 Cm  00 47 41.50 +02 39 23.6  00 49 02.83 +02 48 02.1  11.45304  4.322558  106.054155  42.928986    0.872   6.719   99.78602  16.71360  122.307839 -10.191533  9.94366652632488 -25.1089593   59.6337 /L    5.2998   0.2040266   69.322710   -45.67721         n.a.     n.a.
 2026-Jun-05 00:00 *   00 48 27.09 +02 43 37.1  00 49 48.48 +02 52 15.8  11.35995  4.116084  294.299716 -42.223568    0.865   6.720   99.77647  16.77458  349.274239 -10.289571  9.90752000715088 -25.0470582   61.8189 /L    5.4171   0.2013776   70.082884   -46.08496         n.a.     n.a.
 2026-Jun-07 12:00 Cm  00 49 11.17 +02 47 39.1  00 50 32.67 +02 56 17.8  10.60927  3.933991  108.751518  47.061062    0.858   6.721   99.76729  16.83749  216.250841 -10.383216  9.87050155147913 -26.1280202   64.0181 /L    5.5276   0.1885860   69.654870   -49.26684         n.a.     n.a.
 2026-Jun-10 00:00 *   00 49 53.38 +02 51 28.9  00 51 14.92 +03 00 07.7  10.51321  3.717387  297.879109 -45.996451    0.850   6.722   99.75866  16.90187   83.237765 -10.472186  9.83290011313813 -26.0494318   66.2166 /L    5.6294   0.1858512   70.526804   -49.70292         n.a.     n.a.
 2026-Jun-12 12:00 Cm  00 50 33.96 +02 55 06.6  00 51 55.61 +03 03 45.5  9.709439  3.523579  111.912787  51.145715    0.843   6.722   99.75053  16.96810  310.234986 -10.556533  9.79452065761741 -27.0036972   68.4301 /L    5.7239   0.1721505   70.054041   -52.95617         n.a.     n.a.
 2026-Jun-15 00:00 *m  00 51 12.57 +02 58 31.5  00 52 34.29 +03 07 10.6  9.608963  3.297049  302.006481 -49.660832    0.834   6.723   99.74305  17.03567  177.242414 -10.635971  9.75567428300196 -26.9035750   70.6433 /L    5.8092   0.1693146   71.061764   -53.41981         n.a.     n.a.
 2026-Jun-17 12:00 C   00 51 49.42 +03 01 43.6  00 53 11.29 +03 10 23.1  8.754608  3.092800  115.699443  55.156705    0.826   6.723   99.73620  17.10495   44.260165 -10.710569  9.71615835223018 -27.7169218   72.8718 /L    5.8866   0.1547476   70.542870   -56.74658         n.a.     n.a.
 2026-Jun-20 00:00 *m  00 52 24.21 +03 04 42.4  00 53 46.13 +03 13 22.1  8.651179  2.859804  306.830268 -53.174071    0.817   6.723   99.73009  17.17540  271.287901 -10.780076  9.67630631947992 -27.5885801   75.1001 /L    5.9545   0.1518601   71.707759   -57.22570         n.a.     n.a.
 2026-Jun-22 12:00 C   00 52 57.13 +03 07 28.0  00 54 19.16 +03 16 07.9  7.753335  2.648163  120.343217  59.053218    0.808   6.723   99.72471  17.24741  138.325864 -10.844598  9.63590539996385 -28.2525974   77.3441 /L    6.0140   0.1365518   71.142322   -60.62235         n.a.     n.a.
 2026-Jun-25 00:00 *m  00 53 27.93 +03 10 00.0  00 54 50.00 +03 18 40.0  7.649921  2.410960  312.533538 -56.476316    0.799   6.722   99.72016  17.32040    5.373490 -10.903907  9.59530126692242 -28.0998554   79.5881 /L    6.0636   0.1336808   72.507156   -61.11085         n.a.     n.a.
 2026-Jun-27 12:00 C   00 53 56.76 +03 12 18.5  00 55 18.95 +03 20 58.7  6.714569  2.192234  126.175915  62.771157    0.789   6.722   99.71641  17.39479  232.431185 -10.958116  9.55426706263965 -28.6142534   81.8485 /L    6.1045   0.1177230   71.918698   -64.58569         n.a.     n.a.
 2026-Jun-30 00:00 *   00 54 23.40 +03 14 22.9  00 55 45.66 +03 23 03.5  6.611722  1.951174  319.327545 -59.484185    0.779   6.721   99.71356  17.46996   99.498187 -11.006996  9.51315650184607 -28.4443195   84.1098 /L    6.1353   0.1148936   73.558234   -65.08584         n.a.     n.a.
 2026-Jul-02 12:00 Cm  00 54 47.99 +03 16 13.6  00 56 10.38 +03 24 54.5  5.641886  1.725204  133.661164  66.208253    0.769   6.720   99.71157  17.54637  326.575100 -11.050663  9.47172893290045 -28.8110077   86.3885 /L    6.1569   0.0983294   72.997153   -68.65678         n.a.     n.a.
 2026-Jul-05 00:00 *   00 55 10.35 +03 17 49.8  00 56 32.78 +03 26 31.1  5.535659  1.480483  327.418771 -62.085557    0.758   6.719   99.71052  17.62337  193.660995 -11.088886  9.43034593055676 -28.6280195   88.6689 /L    6.1682   0.0955036   75.026966   -69.17916         n.a.     n.a.
 2026-Jul-07 12:00 Cm  00 55 30.55 +03 19 12.0  00 56 53.09 +03 27 53.4  4.531758  1.246766  143.384922  69.202293    0.747   6.718   99.71039  17.70142   60.756667 -11.121772  9.38876143998852 -28.8408805   90.9679 /L    6.1700   0.0783356   74.617492   -72.86790         n.a.     n.a.
 2026-Jul-10 00:00 *   00 55 48.46 +03 20 19.4  00 57 11.03 +03 29 01.1  4.418327  0.998312  336.930447 -64.138631    0.736   6.717   99.71123  17.77984  287.860980 -11.149090  9.34735073827228 -28.6380475   93.2694 /L    6.1611   0.0754951   77.267927   -73.41327         n.a.     n.a.
 2026-Jul-12 12:00 Cm  00 56 04.12 +03 21 12.3  00 57 26.83 +03 29 54.5  3.384555  0.757000  155.875991  71.510245    0.725   6.715   99.71302  17.85910  154.974858 -11.170945  9.30587093511637 -28.6825829   95.5902 /L    6.1423   0.0578030   77.392544   -77.22730         n.a.     n.a.
 2026-Jul-15 00:00 *m  00 56 17.42 +03 21 50.2  00 57 40.20 +03 30 32.9  3.266065  0.506918  347.768469 -65.484240    0.714   6.713   99.71579  17.93844   22.096898 -11.187131  9.26471170117660 -28.4491443   97.9138 /L    6.1126   0.0550862   81.177661   -77.76496         n.a.     n.a.
 2026-Jul-17 12:00 C   00 56 28.41 +03 22 13.5  00 57 51.31 +03 30 56.6  2.213493  0.261824  171.061065  72.822893    0.702   6.711   99.71951  18.01833  249.228109 -11.197791  9.22363144001068 -28.3169817  100.2567 /L    6.0728   0.0371487   83.254090   -81.67847         n.a.     n.a.
 2026-Jul-20 00:00 *m  00 56 37.04 +03 22 21.8  00 57 59.96 +03 31 05.2  2.095193  0.014911  359.492244 -65.981028    0.690   6.709   99.72419  18.09801  116.366843 -11.202779  9.18302148426542 -28.0553835  102.6021 /L    6.0220   0.0349208   89.592234   -82.13344         n.a.     n.a.
 2026-Jul-22 12:00 N   00 56 43.31 +03 22 15.5  00 58 06.34 +03 30 59.2  1.033208  -0.23066  187.582084  72.878066    0.678   6.707   99.72979  18.17796  343.514256 -11.202266  9.14263358090285 -27.7517703  104.9667 /L    5.9609   0.0176440   102.58473   -85.98082         n.a.     n.a.
 2026-Jul-25 00:00 *m  00 56 47.22 +03 21 54.3  00 58 10.29 +03 30 38.5  0.915550  -0.47275   11.344809 -65.554447    0.666   6.704   99.73629  18.25740  210.668517 -11.196130  9.10285555240986 -27.4683110  107.3340 /L    5.8888   0.0171733   117.30970   -86.06461         n.a.     n.a.
 2026-Jul-27 12:00 N   00 56 48.75 +03 21 18.7  00 58 11.94 +03 30 03.4  -0.14906  -0.71828  203.173301  71.635038    0.654   6.701   99.74365  18.33680   77.830931 -11.184538  9.06343799663395 -26.9953385  109.7210 /L    5.8064   0.0122263   191.72408   -87.15936         n.a.     n.a.
 2026-Jul-30 00:00 *   00 56 47.94 +03 20 28.3  00 58 11.17 +03 29 13.6  -0.26542  -0.95509   22.517880 -64.228658    0.641   6.698   99.75182  18.41537  304.999468 -11.167382  9.02476589125634 -26.6921541  112.1112 /L    5.7131   0.0165215   195.53051   -86.13710         n.a.     n.a.
 2026-Aug-01 12:00 Nm  00 56 44.73 +03 19 23.8  00 58 08.06 +03 28 09.5  -1.32514  -1.19992  216.225949  69.300164    0.629   6.695   99.76077  18.49360  172.175573 -11.144826  8.98658990961925 -26.0534962  114.5216 /L    5.6094   0.0297947   227.83903   -82.91862         n.a.     n.a.
 2026-Aug-04 00:00 *   00 56 39.22 +03 18 04.7  00 58 02.56 +03 26 50.8  -1.44194  -1.43058   32.461511 -62.111949    0.616   6.692   99.77043  18.57069   39.357054 -11.116784  8.94928845295212 -25.7333646  116.9357 /L    5.4951   0.0338533   225.22662   -81.90056         n.a.     n.a.
 2026-Aug-06 12:00 Nm  00 56 31.30 +03 16 31.6  00 57 54.74 +03 25 18.1  -2.49235  -1.67346  226.466108  66.169610    0.603   6.688   99.78077  18.64709  266.545500 -11.083415  8.91261844727222 -24.9279454  119.3706 /L    5.3703   0.0500342   236.12102   -77.79840         n.a.     n.a.
 2026-Aug-09 00:00 *   00 56 21.12 +03 14 44.2  00 57 44.61 +03 23 31.4  -2.61157  -1.89624   40.987441 -59.349875    0.591   6.684   99.79167  18.72200  133.738528 -11.044665  8.87695785129966 -24.5821661  121.8095 /L    5.2350   0.0537897   234.01684   -76.78663         n.a.     n.a.
 2026-Aug-11 12:00 Nm  00 56 08.54 +03 12 43.3  00 57 32.15 +03 21 31.2  -3.64292  -2.13404  234.364761  62.494395    0.578   6.680   99.80313  18.79585    0.937785 -11.000709  8.84207950136537 -23.6000394  124.2694 /L    5.0894   0.0703661   239.63810   -72.32428         n.a.     n.a.
 2026-Aug-14 00:00 *m  00 55 53.78 +03 10 28.7  00 57 17.40 +03 19 17.1  -3.75755  -2.34452   48.170369 -56.084006    0.565   6.676   99.81500  18.86781  228.140628 -10.951561  8.80835882901514 -23.2193095  126.7328 /L    4.9336   0.0738164   238.03795   -71.29982         n.a.     n.a.
 2026-Aug-16 12:00 N   00 55 36.67 +03 08 01.1  00 57 00.37 +03 16 49.9  -4.75201  -2.57171  240.519484  58.447891    0.553   6.672   99.82725  18.93829   95.348722 -10.897442  8.77557664077936 -22.0650283  129.2164 /L    4.7678   0.0900545   241.57847   -66.59097         n.a.     n.a.
 2026-Aug-19 00:00 *m  00 55 17.50 +03 05 20.6  00 56 41.21 +03 14 09.9  -4.85461  -2.76550   54.203297 -52.432198    0.540   6.667   99.83973  19.00649  322.559254 -10.838435  8.74408706494066 -21.6604274  131.7025 /L    4.5924   0.0931177   240.33134   -65.56407         n.a.     n.a.
 2026-Aug-21 12:00 N   00 54 56.08 +03 02 28.2  00 56 19.88 +03 11 18.0  -5.80163  -2.97897  245.421339  54.142607    0.528   6.662   99.85241  19.07284  189.774006 -10.774772  8.71367153013203 -20.3518777  134.2082 /L    4.4074   0.1086958   242.82080   -60.64118         n.a.     n.a.
 2026-Aug-24 00:00 *m  00 54 32.74 +02 59 23.8  00 55 56.57 +03 08 14.3  -5.89294  -3.15472   59.300811 -48.485062    0.516   6.658   99.86512  19.13654   56.990066 -10.706574  8.68466298686828 -19.9314902  136.7159 /L    4.2136   0.1114040   241.83813   -59.59820         n.a.     n.a.
 2026-Aug-26 12:00 N   00 54 07.26 +02 56 08.4  00 55 31.18 +03 04 59.5  -6.78525  -3.35318  249.426127  49.650992    0.503   6.653   99.87782  19.19802  284.209313 -10.634063  8.65685346120268 -18.4776200  139.2427 /L    4.0106   0.1261431   243.70207   -54.46040         n.a.     n.a.
 2026-Aug-29 00:00 *   00 53 40.02 +02 52 42.1  00 55 03.93 +03 01 33.7  -6.86486  -3.51036   63.656538 -44.310307    0.491   6.647   99.89035  19.25651  151.428713 -10.557391  8.63055758987893 -18.0417282  141.7710 /L    3.7995   0.1285052   242.91696   -53.38659         n.a.     n.a.
 2026-Aug-31 12:00 Nm  00 53 10.77 +02 49 05.8  00 54 34.74 +02 57 57.9  -7.69319  -3.69259  252.782360  45.020781    0.479   6.642   99.90268  19.31240   18.650198 -10.476770  8.60558145787360 -16.4502807  144.3182 /L    3.5800   0.1422249   244.35983   -48.03529         n.a.     n.a.
 2026-Sep-03 00:00 *   00 52 39.93 +02 45 19.7  00 54 03.90 +02 54 12.3  -7.76010  -3.83001   67.430065 -39.958173    0.468   6.636   99.91464  19.36497  245.870636 -10.392391  8.58221846476854 -15.9990785  146.8663 /L    3.3532   0.1442299   243.73129   -46.91974         n.a.     n.a.
 2026-Sep-05 12:00 Nm  00 52 07.23 +02 41 24.7  00 53 31.29 +02 50 18.0  -8.51622  -3.99302  255.664058  40.284923    0.456   6.631   99.92619  19.41458  113.091994 -10.304473  8.56029206333632 -14.2765165  149.4328 /L    3.1186   0.1567644   244.87945   -41.35415         n.a.     n.a.
 2026-Sep-08 00:00 *   00 51 33.14 +02 37 21.3  00 52 57.22 +02 46 15.2  -8.56835  -4.10705   70.747887 -35.466262    0.445   6.625   99.93716  19.46053  340.311039 -10.213273  8.54007639786272 -13.8047122  151.9990 /L    2.8777   0.1583636   244.39029   -40.18150         n.a.     n.a.
 2026-Sep-10 12:00 N   00 50 57.36 +02 33 10.4  00 52 21.49 +02 42 04.9  -9.23969  -4.24560  258.194690  35.467205    0.434   6.619   99.94754  19.50315  207.529708 -10.119045  8.52141623876016 -11.9560037  154.5818 /L    2.6300   0.1694738   245.32141   -34.41050         n.a.     n.a.
 2026-Sep-13 00:00 *m  00 50 20.43 +02 28 52.6  00 51 44.55 +02 37 47.5  -9.26884  -4.33179   73.709324 -30.863674    0.424   6.613   99.95715  19.54180   74.744656 -10.022124  8.50455965356542 -11.4643164  157.1616 /L    2.3773   0.1705186   244.95097   -33.18821         n.a.     n.a.
 2026-Sep-15 12:00 N   00 49 42.05 +02 24 29.1  00 51 06.20 +02 33 24.4  -9.84042  -4.44192  260.463857  30.586104    0.413   6.606   99.96598  19.57678  301.957792  -9.922785  8.48936381714257  -9.5091317  159.7547 /L    2.1189   0.1799418   245.70582   -27.25152         n.a.     n.a.
 2026-Sep-18 00:00 *m  00 49 02.78 +02 20 00.4  00 50 26.94 +02 28 56.2  -9.84130  -4.49864   76.391750 -26.173628    0.403   6.600   99.97389  19.60756  169.165763  -9.821412  8.47603817760232  -9.0121253  162.3399 /L    1.8571   0.1803461   245.43400   -26.00418         n.a.     n.a.
 2026-Sep-20 12:00 N   00 48 22.31 +02 15 27.7  00 49 46.53 +02 24 24.1  -10.3064  -4.57914  262.538650  25.656964    0.393   6.593   99.98085  19.63441   36.370518  -9.718272  8.46444893948101  -6.9771858  164.9321 /L    1.5913   0.1879641   246.04433   -19.94526         n.a.     n.a.
 2026-Sep-23 00:00 *m  00 47 41.24 +02 10 51.7  00 49 05.46 +02 19 48.6  -10.2814  -4.60646   78.856617 -21.415290    0.383   6.586   99.98675  19.65689  263.568773  -9.613771  8.45476835253984  -6.4854134  167.5058 /L    1.3244   0.1877697   245.86581   -18.67801         n.a.     n.a.
 2026-Sep-25 12:00 N   00 46 59.23 +02 06 13.4  00 48 23.47 +02 15 10.8  -10.6383  -4.65724  264.470393  20.692614    0.373   6.577   99.99159  19.67525  130.762503  -9.508157  8.44688032693147  -4.3884836  170.0677 /L    1.0564   0.1935504   246.35704   -12.52545         n.a.     n.a.
 2026-Sep-28 00:00 *   00 46 16.89 +02 01 33.6  00 47 41.11 +02 10 31.3  -10.5902  -4.65615   81.153869 -16.604780    0.361   6.567   99.99528  19.68913  357.948487  -9.401849  8.44092554690613  -3.9024632  172.5694 /L    0.7929   0.1928101   246.26661   -11.22536         n.a.     n.a.
 2026-Sep-30 12:00 Nm  00 45 33.86 +01 56 53.2  00 46 58.10 +02 05 51.3  -10.8357  -4.67751  266.299982  15.704200    0.348   6.555   99.99781  19.69872  225.128658  -9.295072  8.43681223864751  -1.7543002  174.9454 /L    0.5412   0.1967036   246.65141   -5.003503         n.a.     n.a.
 2026-Oct-03 00:00 *   00 44 50.78 +01 52 13.1  00 46 15.04 +02 01 11.6  -10.7633  -4.64773   83.324622 -11.755907    0.334   6.542   99.99914  19.70377   92.299842  -9.188272  8.43465129318892  -1.2706190  176.8399 /L    0.3384   0.1953980   246.64465   -3.654981         n.a.     n.a.
 2026-Oct-05 12:00 Nm  00 44 07.30 +01 47 34.2  00 45 31.59 +01 56 33.2  -10.8909  -4.63717  268.061335  10.701948    0.333   6.541   99.99928  19.70442  319.463880  -9.081685  8.43437445845631   0.9153890  177.0922 /L    0.3059   0.1972835   246.93648   2.6000759         n.a.     n.a.
 2026-Oct-08 00:00 *   00 43 24.06 +01 42 57.4  00 44 48.34 +01 51 56.7  -10.7901  -4.57572   85.403870  -6.881171    0.346   6.554   99.99821  19.70049  186.617678  -8.975812  8.43605621215319   1.3929673  175.4091 /T    0.4808   0.1953375   247.01991   3.9945707         n.a.     n.a.
 2026-Oct-10 12:00 N   00 42 40.72 +01 38 23.8  00 44 04.99 +01 47 23.4  -10.7947  -4.53043  269.783452   5.695642    0.362   6.568   99.99593  19.69211   53.763001  -8.870907  8.43964632082785   3.5946728  173.0760 /T    0.7256   0.1951142   247.23268   10.231311         n.a.     n.a.
 2026-Oct-13 00:00 *m  00 41 57.93 +01 33 54.4  00 43 22.19 +01 42 54.2  -10.6639  -4.43670   87.422124  -1.992201    0.375   6.580   99.99249  19.67921  280.896900  -8.767496  8.44517736870905   4.0560082  170.5692 /T    0.9874   0.1925010   247.41036   11.656656         n.a.     n.a.
 2026-Oct-15 12:00 A   00 41 15.35 +01 29 30.2  00 42 39.61 +01 38 30.4  -10.5443  -4.35779  271.492935   0.695076    0.387   6.590   99.98790  19.66190  148.021085  -8.665811  8.45261503054338   6.2475546  167.9867 /T    1.2551   0.1901559   247.54555   17.820588         n.a.     n.a.
 2026-Oct-18 00:00 *m  00 40 33.62 +01 25 12.1  00 41 57.89 +01 34 12.6  -10.3848  -4.23444   89.406957   2.900100    0.398   6.599   99.98223  19.64021   15.132803  -8.566362  8.46194919486368   6.6815680  165.3804 /T    1.5223   0.1869159   247.81671   19.258190         n.a.     n.a.
 2026-Oct-20 12:00 A   00 39 52.40 +01 21 01.0  00 41 16.66 +01 30 01.8  -10.1444  -4.12470  273.214964  -4.290137    0.409   6.607   99.97549  19.61422  242.233716  -8.469344  8.47316149672333   8.8369562  162.7490 /T    1.7887   0.1825145   247.87336   25.296953         n.a.     n.a.
 2026-Oct-23 00:00 *m  00 39 12.32 +01 16 57.7  00 40 36.57 +01 25 58.6  -9.96179  -3.97471   91.385063   7.785254    0.420   6.615   99.96780  19.58408  109.321330  -8.375244  8.48619980862609   9.2340364  160.1169 /T    2.0511   0.1787577   248.24824   26.724420         n.a.     n.a.
 2026-Oct-25 12:00 Am  00 38 33.02 +01 13 03.1  00 39 57.24 +01 22 04.1  -9.60966  -3.83728  274.974650  -9.250619    0.432   6.622   99.95918  19.54983  336.397262  -8.284212  8.50106631681462  11.3338316  157.4710 /T    2.3103   0.1724579   248.23243   32.597034         n.a.     n.a.
 2026-Oct-28 00:00 *   00 37 55.11 +01 09 17.8  00 39 19.33 +01 18 18.9  -9.41156  -3.66394   93.383254  12.653373    0.443   6.630   99.94976  19.51171  203.459274  -8.196705  8.51767619491040  11.6963567  154.8314 /T    2.5636   0.1683267   248.72894   34.011135         n.a.     n.a.
 2026-Oct-30 12:00 Am  00 37 18.22 +01 05 42.5  00 38 42.44 +01 14 43.9  -8.95456  -3.50130  276.798826 -14.177045    0.455   6.637   99.93956  19.46969   70.508851  -8.112840  8.53606146111620  13.7340621  152.1819 /T    2.8124   0.1602457   248.64414   39.710974         n.a.     n.a.
 2026-Nov-02 00:00 *   00 36 42.97 +01 02 18.1  00 38 07.20 +01 11 19.7  -8.74025  -3.30538   95.429718  17.494901    0.467   6.643   99.92876  19.42407  297.543943  -8.033069  8.55610939658130  14.0692079  149.5417 /T    3.0539   0.1557397   249.28445   41.133247         n.a.     n.a.
 2026-Nov-04 12:00 Am  00 36 08.98 +00 59 05.1  00 37 33.18 +01 08 06.8  -8.17802  -3.11725  278.716961 -19.059713    0.479   6.650   99.91737  19.37478  164.565849  -7.957517  8.57787437467009  16.0296467  146.8938 /T    3.2897   0.1458664   249.13441   46.661766         n.a.     n.a.
 2026-Nov-07 00:00 *   00 35 36.87 +00 56 04.4  00 37 01.04 +01 05 06.1  -7.94540  -2.89878   97.555638  22.299775    0.491   6.656   99.90558  19.32223   31.572777  -7.886635  8.60120256367644  16.3265667  144.2575 /T    3.5170   0.1409613   249.95616   48.084789         n.a.     n.a.
 2026-Nov-09 12:00 A   00 35 06.26 +00 53 16.6  00 36 30.40 +01 02 18.3  -7.28480  -2.68701  280.763087 -23.887804    0.503   6.662   99.89341  19.26633  258.565931  -7.820530  8.62616044451572  18.1826014  141.6156 /T    3.7374   0.1294092   249.75343   53.418471         n.a.     n.a.
 2026-Nov-12 00:00 *m  00 34 37.74 +00 50 42.4  00 36 01.89 +00 59 44.1  -7.03970  -2.44939   99.796333  27.057473    0.515   6.667   99.88106  19.20756  125.543857  -7.759610  8.65255505167510  18.4307022  138.9877 /T    3.9484   0.1242276   250.81517   54.815939         n.a.     n.a.
 2026-Nov-14 12:00 A   00 34 10.94 +00 48 22.1  00 35 35.07 +00 57 24.0  -6.29257  -2.21881  282.978057 -28.649314    0.528   6.673   99.86855  19.14579  352.507664  -7.703930  8.68047036775057  20.1639910  136.3559 /T    4.1515   0.1112050   250.57695   59.941777         n.a.     n.a.
 2026-Nov-17 00:00 *m  00 33 46.40 +00 46 16.4  00 35 10.52 +00 55 18.3  -6.04104  -1.96703  102.194377  31.756687    0.540   6.678   99.85608  19.08157  219.456211  -7.653836  8.70968189721266  20.3606408  133.7398 /T    4.3444   0.1058870   251.96414   61.297357         n.a.     n.a.
 2026-Nov-19 12:00 A   00 33 23.75 +00 44 25.6  00 34 47.83 +00 53 27.4  -5.21842  -1.72270  285.411694 -33.330826    0.553   6.682   99.84365  19.01475   86.390476  -7.609334  8.74029280593342  21.9573748  131.1211 /T    4.5285   0.0915903   251.73100   66.216261         n.a.     n.a.
 2026-Nov-22 00:00 *m  00 33 03.50 +00 42 49.9  00 34 27.56 +00 51 51.6  -4.96652  -1.46116  104.802771  36.384660    0.565   6.687   99.83149  18.94591  313.309647  -7.570710  8.77204829251158  22.1000501  128.5193 /T    4.7018   0.0862832   253.60602   67.510722         n.a.     n.a.
 2026-Nov-24 12:00 Am  00 32 45.29 +00 41 29.8  00 34 09.30 +00 50 31.4  -4.08254  -1.20726  288.126807 -37.916429    0.577   6.691   99.81956  18.87485  180.214580  -7.537929  8.80507125806052  23.5502749  125.9157 /T    4.8658   0.0709551   253.52642   72.219783         n.a.     n.a.
 2026-Nov-27 00:00 *   00 32 29.55 +00 40 25.3  00 33 53.60 +00 49 27.0  -3.83740  -0.93891  107.688843  40.926528    0.589   6.694   99.80809  18.80222   47.104772  -7.511229  8.83908664525126  23.6469433  123.3293 /T    5.0185   0.0658432   256.25135   73.431809         n.a.     n.a.
 2026-Nov-29 12:00 Am  00 32 15.97 +00 39 36.7  00 33 39.98 +00 48 38.4  -2.90146  -0.67701  291.204155 -42.386467    0.601   6.697   99.79704  18.72773  273.980868  -7.490565  8.87424462596442  24.9526459  120.7412 /T    5.1614   0.0496567   256.86587   77.949676         n.a.     n.a.
 2026-Dec-02 00:00 *   00 32 04.94 +00 39 04.3  00 33 28.95 +00 48 05.9  -2.66095  -0.40209  110.940748  45.363641    0.613   6.700   99.78660  18.65205  140.842598  -7.476161  8.91025138509218  25.0102207  118.1705 /T    5.2927   0.0448526   261.40716   79.067483         n.a.     n.a.
 2026-Dec-04 12:00 Am  00 31 56.17 +00 38 48.2  00 33 20.11 +00 47 49.5  -1.67670  -0.13324  294.748235 -46.715368    0.624   6.703   99.77677  18.57487    7.690395  -7.467972  8.94727159286900  26.1599069  115.5986 /T    5.4138   0.0280331   265.45638   83.389008         n.a.     n.a.
 2026-Dec-07 00:00 *   00 31 50.02 +00 38 48.5  00 33 13.96 +00 47 49.7  -1.44024  0.145956  114.675091  49.671301    0.636   6.705   99.76770  18.49691  234.524292  -7.466186  8.98498182319160  26.1683378  113.0451 /T    5.5228   0.0241270   275.78668   84.281628         n.a.     n.a.
 2026-Dec-09 12:00     00 31 46.22 +00 39 05.4  00 33 10.12 +00 48 06.5  -0.41877  0.418184  298.895829 -50.868371    0.647   6.707   99.75938  18.41785  101.344602  -7.470724  9.02355374672185  27.1436317  110.4912 /T    5.6214   0.0098635   314.96022   87.730201         n.a.     n.a.
 2026-Dec-12 00:00 *m  00 31 45.07 +00 39 38.9  00 33 08.99 +00 48 39.9  -0.19328  0.697672  119.048367  53.815874    0.658   6.708   99.75194  18.33841  328.151709  -7.481714  9.06264035239143  27.0971939  107.9566 /T    5.7078   0.0120658   344.51517   87.207356         n.a.     n.a.
 2026-Dec-14 12:00     00 31 46.31 +00 40 28.9  00 33 10.18 +00 49 29.7  0.850938  0.968918  303.823907 -54.798133    0.668   6.709   99.74536  18.25826  194.945794  -7.499036  9.10242742064705  27.8923683  105.4225 /T    5.7835   0.0214922   41.290755   85.153962         n.a.     n.a.
 2026-Dec-17 00:00 *m  00 31 50.19 +00 41 35.3  00 33 14.06 +00 50 35.9  1.059701  1.244498  124.272063  57.749926    0.678   6.709   99.73974  18.17812   61.727533  -7.522757  9.14255500858607  27.7961978  102.9084 /T    5.8471   0.0272424   40.414679   83.818283         n.a.     n.a.
 2026-Dec-19 12:00     00 31 56.49 +00 42 58.0  00 33 20.28 +00 51 58.3  2.115584  1.510823  309.754938 -58.439042    0.688   6.710   99.73505  18.09761  288.496926  -7.552720  9.18322585216730  28.4129868  100.3954 /T    5.9000   0.0433278   54.467858   80.392326         n.a.     n.a.
 2026-Dec-22 00:00 *m  00 32 05.38 +00 44 36.8  00 33 29.19 +00 53 36.9  2.305036  1.779251  130.625262  61.405020    0.698   6.709   99.73138  18.01747  155.254904  -7.588944  9.22407073009909  28.2740705   97.9026 /T    5.9410   0.0485310   52.335543   79.165620         n.a.     n.a.
 2026-Dec-24 12:00  m  00 32 16.67 +00 46 31.4  00 33 40.45 +00 55 31.4  3.363226  2.038679  316.948315 -61.699658    0.707   6.709   99.72866  17.93728   22.001278  -7.631254  9.26530770013881  28.7160539   95.4109 /T    5.9713   0.0655479   58.777112   75.659603         n.a.     n.a.
 2026-Dec-27 00:00 *   00 32 30.50 +00 48 41.6  00 33 54.31 +00 57 41.5  3.532483  2.299752  138.452692  64.681599    0.716   6.708   99.72697  17.85777  248.737200  -7.679656  9.30656326618669  28.5440503   92.9390 /T    5.9900   0.0702521   56.934665   74.523995         n.a.     n.a.
 2026-Dec-29 12:00  m  00 32 46.70 +00 51 07.3  00 34 10.45 +01 00 06.9  4.588039  2.553313  325.652661 -64.456565    0.724   6.706   99.72626  17.77848  115.462264  -7.733993  9.34806958739302  28.8160017   90.4677 /T    5.9982   0.0875111   60.903408   71.059667         n.a.     n.a.
$$EOE
**********************************************************************************************************************************************************************************************************************************************************************************************
Column meaning:
 
TIME

  Times PRIOR to 1962 are UT1, a mean-solar time closely related to the
prior but now-deprecated GMT. Times AFTER 1962 are in UTC, the current
civil or "wall-clock" time-scale. UTC is kept within 0.9 seconds of UT1
using integer leap-seconds for 1972 and later years.

  Conversion from the internal Barycentric Dynamical Time (TDB) of solar
system dynamics to the non-uniform civil UT time-scale requested for output
has not been determined for UTC times after the next July or January 1st.
Therefore, the last known leap-second is used as a constant over future
intervals.

  Time tags refer to the UT time-scale conversion from TDB on Earth
regardless of observer location within the solar system, although clock
rates may differ due to the local gravity field and no analog to "UT"
may be defined for that location.

  Any 'b' symbol in the 1st-column denotes a B.C. date. First-column blank
(" ") denotes an A.D. date.
 
CALENDAR SYSTEM

  Mixed calendar mode was active such that calendar dates after AD 1582-Oct-15
(if any) are in the modern Gregorian system. Dates prior to 1582-Oct-5 (if any)
are in the Julian calendar system, which is automatically extended for dates
prior to its adoption on 45-Jan-1 BC.  The Julian calendar is useful for
matching historical dates. The Gregorian calendar more accurately corresponds
to the Earth's orbital motion and seasons. A "Gregorian-only" calendar mode is
available if such physical events are the primary interest.

  NOTE: "n.a." in output means quantity "not available" at the print-time.
 
SOLAR PRESENCE (OBSERVING SITE)
  Time tag is followed by a blank, then a solar-presence symbol:

       '*'  Daylight (refracted solar upper-limb on or above apparent horizon)
       'C'  Civil twilight/dawn
       'N'  Nautical twilight/dawn
       'A'  Astronomical twilight/dawn
       ' '  Night OR geocentric ephemeris

LUNAR PRESENCE (OBSERVING SITE)
  The solar-presence symbol is immediately followed by a lunar-presence symbol:

       'm'  Refracted upper-limb of Moon on or above apparent horizon
       ' '  Refracted upper-limb of Moon below apparent horizon OR geocentric
            ephemeris
 
 'R.A._____(ICRF)_____DEC' =
  Astrometric right ascension and declination of the target center with
respect to the observing site (coordinate origin) in the reference frame of
the planetary ephemeris (ICRF). Compensated for down-leg light-time delay
aberration.

  Units: RA  in hours-minutes-seconds of time,    HH MM SS.ff{ffff}
         DEC in degrees-minutes-seconds of arc,  sDD MN SC.f{ffff}
 
 'R.A.__(a-apparent)__DEC' =
  Airless apparent right ascension and declination of the target center
with respect to an instantaneous reference frame defined by the Earth equator
of-date (z-axis) and meridian containing the Earth equinox of-date (x-axis,
EOP-corrected IAU76/80). Compensated for down-leg light-time delay,
gravitational deflection of light, stellar aberration, precession & nutation.
Note: equinox (RA origin) is offset -53 mas from the of-date frame defined
by the IAU06/00a P & N system.

  Units: RA  in hours-minutes-seconds of time,   HH MM SS.ff{ffff}
         DEC in degrees-minutes-seconds of arc, sDD MN SC.f{ffff}
 
 'dRA*cosD d(DEC)/dt' =
  The angular rate of change in apparent RA and DEC of the target. This is
with respect to the non-inertial IAU76/80 Earth true equator and equinox
of-date reference frame.  d(RA)/dt is multiplied by the cosine of declination
to provide a linear rate in the plane-of-sky. Units: ARCSECONDS PER HOUR
 
 'Azi____(a-app)___Elev' =
  Airless apparent azimuth and elevation of target center. Compensated
for light-time, the gravitational deflection of light, stellar aberration,
precession and nutation. Azimuth is measured clockwise from north:

  North(0) -> East(90) -> South(180) -> West(270) -> North (360)

Elevation angle is with respect to a plane perpendicular to the reference
surface local zenith direction. TOPOCENTRIC ONLY.  Units: DEGREES
 
 'APmag   S-brt' =
   Saturn's approximate apparent visual magnitude and surface brightness. The
value includes the ring system when the solar phase angle of the observer is
less than 6.5 degrees (typical when observed from Earth) AND effective ring
inclination is less than 27 degrees. Otherwise, the value is that of the globe
only (no rings).  An "n.a." will be output if outside the range of phase-angles
for which the model is valid.

   For Earth-based observers, the estimated dimming due to atmospheric
absorption (extinction) is available as a separate, requestable quantity.

   Surface brightness is the average airless visual magnitude of a
square-arcsecond of the illuminated portion of the apparent disk.

 MAGNITUDES & MAGNITUDES PER SQUARE ARCSECOND
 
 'Illu%' =
   Fraction of the target objects' assumed circular disk illuminated by Sun
(phase), as seen by the observer.  Units: PERCENT
 
 'Ang-diam' =
   The equatorial angular width of the target body full disk, if it were fully
illuminated and visible to the observer. If the target body diameter is unknown
"n.a." is output.

   Units: ARCSECONDS
 
 'ObsSub-LON ObsSub-LAT' =
   Apparent planetodetic longitude and latitude of the center of the target
disc seen by the OBSERVER at print-time. This is NOT exactly the same as the
"nearest" sub-point for a non-spherical target shape (since the center of the
disc might not be the point closest to the observer), but is generally very
close if not a very irregular body shape. Down-leg light travel-time from
target to observer is taken into account. Latitude is the angle between the
equatorial plane and the line perpendicular to the reference ellipsoid of the
body, so includes body oblateness. The reference ellipsoid is an oblate
spheroid with a single flatness coefficient in which the y-axis body radius
is taken to be the same value as the x-axis radius.  For Jupiter, Saturn, and
Uranus, IAU2015 longitude is based on the "System III" prime meridian rotation
angle of the magnetic field. By contrast, pole direction (thus latitude) is
relative to the body dynamical equator.  There can be an offset between the
magnetic pole and the dynamical pole of rotation. For Neptune, rotation is
IAU2015 "System II" rotation of optically observed features in the Neptunian
atmosphere. Positive longitude is to the WEST for this target. Cartographic
system is specified in the header.  Units: DEGREES DEGREES
 
 'delta      deldot' =
   Apparent range ("delta", light-time aberrated) and range-rate ("delta-dot")
of the target center relative to the observer. A positive "deldot" means the
target center is moving away from the observer, negative indicates movement
toward the observer.  Units: AU and KM/S
 
 'S-O-T /r' =
   Sun-Observer-Target apparent SOLAR ELONGATION ANGLE seen from the observers'
location at print-time.

   The '/r' column provides a code indicating the targets' apparent position
relative to the Sun in the observers' sky, as described below:

   Case A: For an observing location on the surface of a rotating body, that
body rotational sense is considered:

    /T indicates target TRAILS Sun   (evening sky: rises and sets AFTER Sun)
    /L indicates target LEADS Sun    (morning sky: rises and sets BEFORE Sun)

   Case B: For an observing point that does not have a rotational model (such
as a spacecraft), the "leading" and "trailing" condition is defined by the
observers' heliocentric ORBITAL motion:

    * If continuing in the observers' current direction of heliocentric
       motion would encounter the targets' apparent longitude first, followed
       by the Sun's, the target LEADS the Sun as seen by the observer.

    * If the Sun's apparent longitude would be encountered first, followed
       by the targets', the target TRAILS the Sun.

   Two other codes can be output:
    /* indicates observer is Sun-centered    (undefined)
    /? Target is aligned with Sun center     (no lead or trail)

   The S-O-T solar elongation angle is numerically the minimum separation
angle of the Sun and target in the sky in any direction. It does NOT indicate
the amount of separation in the leading or trailing directions, which would
be defined along the equator of a spherical coordinate system.

   Units: DEGREES
 
 'S-T-O' =
   The Sun-Target-Observer angle; the interior vertex angle at target center
formed by a vector from the target to the apparent center of the Sun (at
reflection time on the target) and the apparent vector from target to the
observer at print-time. Slightly different from true PHASE ANGLE (requestable
separately) at the few arcsecond level in that it includes stellar aberration
on the down-leg from target to observer.  Units: DEGREES
 
 'Sky_motion  Sky_mot_PA  RelVel-ANG' =
  Total apparent angular rate of the target in the plane-of-sky. "Sky_mot_PA"
is the position angle of the target's direction of motion in the plane-of-sky,
measured counter-clockwise from the apparent of-date north pole direction.
"RelVel-ANG" is the flight path angle of the target's relative motion with
respect to the observer's line-of-sight, in the range [-90,+90], where positive
values indicate motion away from the observer, negative values are toward the
observer:

  -90 = target is moving directly toward the observer
    0 = target is moving at right angles to the observer's line-of-sight
  +90 = target is moving directly away from the observer

UNITS:  ARCSECONDS/MINUTE, DEGREES, DEGREES
 
 'Lun_Sky_Brt  sky_SNR' =
  Sky brightness due to moonlight scattered by Earth's atmosphere at the
target's position in the sky. "sky_SNR" is the visual signal-to-noise ratio
(SNR) of the target's surface brightness relative to background sky. Output
only for topocentric Earth observers when both the Moon and target are above
the local horizon and the Sun is in astronomical twilight (or further) below
the horizon, and the target is not the Moon or Sun. If all conditions are
not met, "n.a." is output. Galactic brightness, local sky light-pollution
and weather are NOT considered. Lunar opposition surge is considered. The
value returned is accurate under ideal conditions at the approximately 8-23%
level, so is a useful but not definitive value.

  If the target-body radius is also known, "sky_SNR" is output. This is the
approximate visual signal-to-noise ratio of the target's brightness divided
by lunar sky brightness. When sky_SNR < 1, the target is dimmer than the
ideal moonlight-scattering background sky, so unlikely to be detectable at
visual wavelengths. In practice, visibility requires sky_SNR > 1 and a
detector sensitive enough to reach the target's magnitude, even if it isn't
washed out by moonlight. When relating magnitudes and brightness values,
keep in mind their logarithmic relationship m2-m1 = -2.5*log_10(b2/b1).

  UNITS: VISUAL MAGNITUDES / ARCSECOND^2, and unitless ratio

Computations by ...

    Solar System Dynamics Group, Horizons On-Line Ephemeris System
    4800 Oak Grove Drive, Jet Propulsion Laboratory
    Pasadena, CA  91109   USA

    General site: https://ssd.jpl.nasa.gov/
    Mailing list: https://ssd.jpl.nasa.gov/email_list.html
    System news : https://ssd.jpl.nasa.gov/horizons/news.html
    User Guide  : https://ssd.jpl.nasa.gov/horizons/manual.html
    Connect     : browser        https://ssd.jpl.nasa.gov/horizons/app.html#/x
                  API            https://ssd-api.jpl.nasa.gov/doc/horizons.html
                  command-line   telnet ssd.jpl.nasa.gov 6775
                  e-mail/batch   https://ssd.jpl.nasa.gov/ftp/ssd/horizons_batch.txt
                  scripts        https://ssd.jpl.nasa.gov/ftp/ssd/SCRIPTS
    Author      : Jon.D.Giorgini@jpl.nasa.gov

**********************************************************************************************************************************************************************************************************************************************************************************************
