*******************************************************************************
 Revised: April 22, 2021              Neptune                               899
 
 PHYSICAL DATA (update 2021-May-03):
  Mass x10^24 (kg)      = 102.409         Density (g/cm^3)       =  1.638
  Equat. radius (1 bar) = 24766+-15 km    Volume, 10^10 km^3     = 6254     
  Vol. mean radius (km) = 24624+-21       Polar radius (km)      = 24342+-30
  Geometric Albedo      = 0.41            Flattening             =  0.0171
  Sid. rot. period (III)= 16.11+-0.01 hr  Sid. rot. rate (rad/s) =  0.000108338 
  Mean solar day, h     =~16.11 h         
  GM (km^3/s^2)         = 6835099.97      GM 1-sigma (km^3/s^2)  = +-10 
  Equ. grav, ge (m/s^2) = 11.15           Pol. grav, gp (m/s^2)  = 11.41+-0.03
  Visual magnitude V(1,0)= -6.87
  Vis. mag. (opposition)=  +7.84          Obliquity to orbit     = 28.32 deg
  Sidereal orbit period = 164.788501027 y Sidereal orbit period  = 60189 d
  Mean daily motion     = 0.006020076dg/d Mean orbit velocity    =  5.43 km/s 
  Atmos. temp. (1 bar)  =  72+-2 K        Escape speed (1 bar)  =  23.5 km/s     
  Aroche(ice)/Rp        =  2.98           Hill's sphere rad., Rp = 4700
                                 Perihelion  Aphelion    Mean
  Solar Constant (W/m^2)         1.54        1.49        1.51
  Maximum Planetary IR (W/m^2)   0.52        0.52        0.52
  Minimum Planetary IR (W/m^2)   0.52        0.52        0.52
*******************************************************************************


*******************************************************************************
Ephemeris / WWW_USER Mon Apr  6 18:14:38 2026 Pasadena, USA      / Horizons    
*******************************************************************************
Target body name: Neptune (899)                   {source: nep097_merged}
Center body name: Earth (399)                     {source: nep097_merged}
Center-site name: (user defined site below)
*******************************************************************************
Start time      : A.D. 2026-Jan-01 00:00:00.0000 UT      
Stop  time      : A.D. 2026-Dec-31 00:00:00.0000 UT      
Step-size       : 3600 minutes
*******************************************************************************
Target pole/equ : IAU_NEPTUNE                     {West-longitude positive}
Target radii    : 24764.0, 24764.0, 24341.0 km    {Equator_a, b, pole_c}       
Center geodetic : 269.5, 19.5, .010               {E-lon(deg),Lat(deg),Alt(km)}
Center cylindric: 269.5, 6014.54964, 2115.60564   {E-lon(deg),Dxy(km),Dz(km)}
Center pole/equ : ITRF93                          {East-longitude positive}
Center radii    : 6378.137, 6378.137, 6356.752 km {Equator_a, b, pole_c}       
Target primary  : Sun
Vis. interferer : MOON (R_eq= 1737.400) km        {source: DE441}
Rel. light bend : Sun                             {source: nep097_merged}
Rel. lght bnd GM: 1.3271E+11 km^3/s^2                                          
Atmos refraction: NO (AIRLESS)
RA format       : HMS
Time format     : CAL 
Calendar mode   : Mixed Julian/Gregorian
EOP file        : eop.260406.p260703                                           
EOP coverage    : DATA-BASED 1962-JAN-20 TO 2026-APR-06. PREDICTS-> 2026-JUL-02
Units conversion: 1 au= 149597870.700 km, c= 299792.458 km/s, 1 day= 86400.0 s 
Table cut-offs 1: Elevation (-90.0deg=NO ),Airmass (>38.000=NO), Daylight (NO )
Table cut-offs 2: Solar elongation (  0.0,180.0=NO ),Local Hour Angle( 0.0=NO )
Table cut-offs 3: RA/DEC angular rate (     0.0=NO )                           
**********************************************************************************************************************************************************************************************************************************************************************************************
 Date__(UT)__HR:MN     R.A._____(ICRF)_____DEC  R.A.__(a-apparent)__DEC  dRA*cosD d(DEC)/dt  Azi____(a-app)___Elev    APmag   S-brt      Illu%  Ang-diam  ObsSub-LON ObsSub-LAT             delta      deldot     S-O-T /r     S-T-O  Sky_motion  Sky_mot_PA  RelVel-ANG  Lun_Sky_Brt  sky_SNR
**********************************************************************************************************************************************************************************************************************************************************************************************
$$SOE
 2026-Jan-01 00:00 Nm  23 58 58.56 -01 33 48.3  00 00 18.64 -01 25 07.1  1.603594  0.830352  206.448911  66.857269    7.767   9.284   99.97395  2.271916  292.675213 -20.796417  30.0578781206695  29.5528149   78.9437 /T    1.8506   0.0300971   62.624552   69.694078         n.a.     n.a.
 2026-Jan-03 12:00 Nm  23 59 05.65 -01 32 56.0  00 00 25.70 -01 24 14.8  1.935829  0.910839   35.602212 -68.145199    7.770   9.284   99.97445  2.268712  205.358389 -20.786895  30.1003214003709  29.1031038   76.4254 /T    1.8332   0.0356568   64.802269   65.973285         n.a.     n.a.
 2026-Jan-06 00:00 C   23 59 13.48 -01 31 59.0  00 00 33.55 -01 23 17.9  1.983091  0.991089  216.761687  64.471971    7.773   9.284   99.97503  2.265562  118.040044 -20.776227  30.1421721041984  28.9841233   73.9200 /T    1.8122   0.0369493   63.445493   65.085658         n.a.     n.a.
 2026-Jan-08 12:00 Nm  23 59 22.08 -01 30 57.2  00 00 42.07 -01 22 16.3  2.306799  1.068746   45.260109 -65.139799    7.776   9.284   99.97571  2.262448   30.719370 -20.764337  30.1836664255955  28.3592072   71.4083 /T    1.7881   0.0423725   65.141587   61.402834         n.a.     n.a.
 2026-Jan-11 00:00 C   23 59 31.39 -01 29 50.7  00 00 51.38 -01 21 10.1  2.352637  1.146817  225.211986  61.492801    7.779   9.284   99.97645  2.259397  303.397750 -20.751344  30.2244216349773  28.2076016   68.9093 /T    1.7604   0.0436211   64.012599   60.533670         n.a.     n.a.
 2026-Jan-13 12:00 Nm  23 59 41.44 -01 28 39.7  00 01 01.37 -01 19 59.2  2.665849  1.221019   52.806734 -61.657134    7.782   9.284   99.97728  2.256392  216.074381 -20.737135  30.2646649541791  27.4055442   66.4042 /T    1.7297   0.0488695   65.391144   56.880623         n.a.     n.a.
 2026-Jan-16 00:00 C   23 59 52.18 -01 27 24.2  00 01 12.13 -01 18 43.8  2.709435  1.296149  232.070783  58.091516    7.785   9.284   99.97817  2.253462  128.750686 -20.721873  30.3040177693751  27.2154394   63.9119 /T    1.6955   0.0500584   64.434328   56.028367         n.a.     n.a.
 2026-Jan-18 12:00 N   00 00 03.64 -01 26 04.3  00 01 23.55 -01 17 23.9  3.009515  1.366074   58.755385 -57.857393    7.787   9.284   99.97913  2.250589   41.425861 -20.705413  30.3427005253514  26.2402388   61.4140 /T    1.6584   0.0550841   65.585832   52.404522         n.a.     n.a.
 2026-Jan-21 00:00 Cm  00 00 15.74 -01 24 40.2  00 01 35.66 -01 15 59.9  3.049612  1.437157  237.670049  54.393866    7.790   9.284   99.98013  2.247801  314.101356 -20.687956  30.3803456002301  26.0110474   58.9295 /T    1.6181   0.0561881   64.767418   51.574520         n.a.     n.a.
 2026-Jan-23 12:00 N   00 00 28.54 -01 23 12.0  00 01 48.39 -01 14 31.9  3.333755  1.502070   63.534288 -53.845232    7.793   9.284   99.98119  2.245080  226.776366 -20.669334  30.4171663601682  24.8716655   56.4400 /T    1.5750   0.0609420   65.745383   47.982660         n.a.     n.a.
 2026-Jan-26 00:00 Cm  00 00 41.92 -01 21 40.0  00 02 01.78 -01 13 00.1  3.369156  1.567958  242.303441  50.487236    7.795   9.284   99.98228  2.242451  139.452336 -20.649781  30.4528157574456  24.6104019   53.9644 /T    1.5289   0.0619357   65.043383   47.186436         n.a.     n.a.
 2026-Jan-28 12:00 N   00 00 55.96 -01 20 04.1  00 02 15.77 -01 11 24.2  3.635014  1.627465   67.459973 -49.688008    7.798   9.284   99.98340  2.239900   52.128454 -20.629106  30.4875016068823  23.3231193   51.4844 /T    1.4801   0.0663785   65.881022   43.632400         n.a.     n.a.
 2026-Jan-31 00:00 Cm  00 01 10.54 -01 18 24.6  00 02 30.39 -01 09 44.7  3.665819  1.687816  246.203044  46.431548    7.800   9.284   99.98454  2.237449  324.806114 -20.607575  30.5209058432452  23.0431926   49.0183 /T    1.4287   0.0672618   65.277716   42.877723         n.a.     n.a.
 2026-Feb-02 12:00 Nm  00 01 25.73 -01 16 41.7  00 02 45.54 -01 08 01.8  3.912688  1.742283   70.758054 -45.429692    7.802   9.284   99.98569  2.235082  237.484500 -20.584972  30.5532279911225  21.6241592   46.5476 /T    1.3747   0.0713845   65.997040   39.356838         n.a.     n.a.
 2026-Feb-05 00:00 C   00 01 41.41 -01 14 55.5  00 03 01.22 -01 06 15.8  3.940451  1.797619  249.543776  42.267938    7.805   9.284   99.98685  2.232820  150.164944 -20.561586  30.5841743582622  21.3301667   44.0903 /T    1.3183   0.0721853   65.477709   38.632218         n.a.     n.a.
 2026-Feb-07 12:00 Nm  00 01 57.67 -01 13 06.2  00 03 17.41 -01 04 26.6  4.167867  1.847169   73.588955 -41.099764    7.807   9.284   99.98800  2.230650   62.846663 -20.537174  30.6139258701700  19.7836857   41.6282 /T    1.2595   0.0759809   66.097419   35.127875         n.a.     n.a.
 2026-Feb-10 00:00 C   00 02 14.36 -01 11 13.8  00 03 34.12 -01 02 34.4  4.192933  1.897437  252.456500  38.025223    7.809   9.284   99.98914  2.228592  335.530960 -20.512057  30.6422060354220  19.4701169   39.1791 /T    1.1986   0.0767046   65.651716   34.419691         n.a.     n.a.
 2026-Feb-12 12:00 Nm  00 02 31.58 -01 09 18.7  00 03 51.31 -01 00 39.2  4.399149  1.941350   76.067508 -36.718220    7.811   9.284   99.99026  2.226632  248.217095 -20.485963  30.6691782525991  17.8017515   36.7251 /T    1.1355   0.0801411   66.188075   30.925729         n.a.     n.a.
 2026-Feb-15 00:00 *   00 02 49.19 -01 07 20.8  00 04 08.95 -00 58 41.3  4.420808  1.986052  255.039387  33.723886    7.812   9.284   99.99135  2.224788  160.906343 -20.459246  30.6945863723709  17.4666746   34.2843 /T    1.0704   0.0807739   65.807955   30.230633         n.a.     n.a.
 2026-Feb-17 12:00 N   00 03 07.28 -01 05 20.5  00 04 27.00 -00 56 41.1  4.603949  2.023588   78.277968 -32.299142    7.814   9.284   99.99241  2.223051   73.597996 -20.431612  30.7185802273665  15.6882331   31.8390 /T    1.0034   0.0838174   66.272928   26.747345         n.a.     n.a.
 2026-Feb-20 00:00 *m  00 03 25.70 -01 03 18.0  00 04 45.42 -00 54 38.6  4.621143  2.061980  257.366624  29.378616    7.816   9.284   99.99342  2.221435  346.293291 -20.403444  30.7409281238720  15.3340272   29.4072 /T    0.9347   0.0843385   65.953298   26.067958         n.a.     n.a.
 2026-Feb-22 12:00 N   00 03 44.54 -01 01 13.3  00 05 04.22 -00 52 34.1  4.779441  2.092619   80.283429 -27.852579    7.817   9.284   99.99438  2.219930  258.991540 -20.374431  30.7617692394090  13.4640262   26.9716 /T    0.8643   0.0869580   66.354387   22.602202         n.a.     n.a.
 2026-Feb-25 00:00 *m  00 04 03.65 -00 59 06.8  00 05 23.35 -00 50 27.5  4.791595  2.124153  259.495675  25.000202    7.819   9.284   99.99528  2.218549  171.693910 -20.344979  30.7809053432553  13.1016068   24.5501 /T    0.7926   0.0873553   66.091903   21.949564         n.a.     n.a.
 2026-Feb-27 12:00 N   00 04 23.13 -00 56 58.6  00 05 42.83 -00 48 19.2  4.924655  2.148294   82.132015 -23.385699    7.820   9.284   99.99612  2.217285   84.399718 -20.314762  30.7984655969694  11.1630472   22.1252 /T    0.7194   0.0895473   66.431607   18.508410         n.a.     n.a.
 2026-Mar-02 00:00 *m  00 04 42.81 -00 54 48.9  00 06 02.53 -00 46 09.5  4.932944  2.173299  261.471746  20.596706    7.821   9.284   99.99688  2.216146  357.110031 -20.284198  30.8142874574078  10.8022042   19.7147 /T    0.6452   0.0898412   66.223230   17.885328         n.a.     n.a.
 2026-Mar-04 12:00 Cm  00 05 02.80 -00 52 38.0  00 06 22.50 -00 43 58.5  5.041507  2.191810   83.861856 -18.904034    7.822   9.284   99.99757  2.215126  269.824202 -20.252949  30.8284796823452   8.8079072   17.3011 /T    0.5698   0.0916225   66.502868   14.460100         n.a.     n.a.
 2026-Mar-07 00:00 *   00 05 22.94 -00 50 25.9  00 06 42.64 -00 41 46.5  5.047221  2.210618  263.331105  16.174350    7.823   9.284   99.99819  2.214233  182.543210 -20.221441  30.8409086479107   8.4468562   14.9021 /T    0.4937   0.0918351   66.347197   13.854235         n.a.     n.a.
 2026-Mar-09 12:00 Cm  00 05 43.34 -00 48 12.8  00 07 03.03 -00 39 33.5  5.130980  2.223523   85.503599 -14.411793    7.824   9.284   99.99871  2.213462   95.266485 -20.189325  30.8516554119018   6.4015394   12.5013 /T    0.4166   0.0932008   66.570386   10.430256         n.a.     n.a.
 2026-Mar-12 00:00 *   00 06 03.84 -00 45 59.0  00 07 23.55 -00 37 19.6  5.134046  2.235943  265.104164  11.738155    7.824   9.284   99.99915  2.212819    7.994929 -20.157042  30.8606147165512   6.0370214   10.1179 /T    0.3392   0.0933302   66.466256   9.8317952         n.a.     n.a.
 2026-Mar-14 12:00 Cm  00 06 24.53 -00 43 44.6  00 07 44.25 -00 35 05.0  5.191859  2.242657   87.082859  -9.912314    7.825   9.284   99.99950  2.212301  280.728047 -20.124230  30.8678444049392   3.9505086    7.7393 /T    0.2613   0.0942587   66.637761   6.4032938         n.a.     n.a.
 2026-Mar-17 00:00 *   00 06 45.26 -00 41 29.9  00 08 05.00 -00 32 50.2  5.191692  2.248438  266.816739   7.292158    7.825   9.284   99.99976  2.211912  193.466657 -20.091347  30.8732694069226   3.5830584    5.3962 /T    0.1839   0.0942944   66.583346   5.8082657         n.a.     n.a.
 2026-Mar-19 12:00 C   00 07 06.13 -00 39 15.0  00 08 25.87 -00 30 35.3  5.222420  2.248293   88.622160  -5.408453    7.825   9.284   99.99992  2.211650  106.210327 -20.058024  30.8769294519427   1.4709415    3.1236 /T    0.1082   0.0947636   66.707742   2.3757916         n.a.     n.a.
 2026-Mar-22 00:00 *m  00 07 26.98 -00 37 00.1  00 08 46.72 -00 28 20.6  5.218159  2.247110  268.491663   2.839705    7.825   9.284   99.99998  2.211517   18.959785 -20.024730  30.8787823183007   1.1061458    1.3827 /T    0.0477   0.0946906   66.701713   1.7869012         n.a.     n.a.
 2026-Mar-24 12:00 C   00 07 47.90 -00 34 45.4  00 09 07.65 -00 26 05.7  5.221327  2.239923   90.141837  -0.902435    7.825   9.284   99.99995  2.211512  291.714632 -19.991092  30.8788566246668  -1.0072917    2.3362 /L    0.0740   0.0946918   66.780908   -1.638192         n.a.     n.a.
 2026-Mar-27 00:00 *m  00 08 08.73 -00 32 31.2  00 09 28.53 -00 23 51.1  5.213379  2.232104  270.150617  -1.616288    7.825   9.284   99.99983  2.211634  204.475479 -19.957585  30.8771477039218  -1.3584102    4.5092 /L    0.1459   0.0945187   66.821856   -2.210850         n.a.     n.a.
 2026-Mar-29 12:00 *   00 08 29.58 -00 30 17.7  00 09 49.41 -00 21 37.4  5.190448  2.218849   91.661016   3.603408    7.825   9.284   99.99960  2.211884  117.241953 -19.923831  30.8736694117572  -3.4524877    6.8240 /L    0.2229   0.0940804   66.853927   -5.621594         n.a.     n.a.
 2026-Apr-01 00:00 *m  00 08 50.29 -00 28 04.9  00 10 10.12 -00 19 24.6  5.180285  2.205037  271.813793  -6.072840    7.825   9.284   99.99929  2.212258   30.014555 -19.890299  30.8684482236850  -3.7891400    9.1625 /L    0.3005   0.0938343   66.942519   -6.182216         n.a.     n.a.
 2026-Apr-03 12:00 *m  00 09 10.96 -00 25 53.1  00 10 30.80 -00 17 12.7  5.132528  2.186492   93.199118   8.106776    7.824   9.284   99.99888  2.212758  302.792983 -19.856613  30.8614715497077  -5.8564457   11.5187 /L    0.3783   0.0929809   66.925665   -9.588866         n.a.     n.a.
 2026-Apr-06 00:00 *   00 09 31.42 -00 23 42.5  00 10 51.29 -00 15 01.9  5.120588  2.166682  273.502200 -10.527032    7.824   9.284   99.99838  2.213380  215.577641 -19.823235  30.8527941976344  -6.1838124   13.8710 /L    0.4554   0.0926687   67.065244   -10.14990         n.a.     n.a.
 2026-Apr-08 12:00 *m  00 09 51.80 -00 21 33.2  00 11 11.72 -00 12 52.3  5.047977  2.142857   94.775926  12.605257    7.823   9.284   99.99780  2.214128  128.368322 -19.789797  30.8423751432366  -8.2184352   16.2323 /L    0.5322   0.0913995   66.998870   -13.56504         n.a.     n.a.
 2026-Apr-11 00:00 *   00 10 11.93 -00 19 25.3  00 11 31.88 -00 10 44.2  5.033860  2.116797  275.238083 -14.975592    7.822   9.284   99.99713  2.214995   41.165329 -19.756754  30.8303008895096  -8.5377039   18.5859 /L    0.6080   0.0910137   67.192671   -14.13376         n.a.     n.a.
 2026-Apr-13 12:00 *m  00 10 31.91 -00 17 19.2  00 11 51.91 -00 08 37.8  4.935948  2.087323   96.413328  17.095973    7.821   9.284   99.99639  2.215987  313.968545 -19.723747  30.8165061535587 -10.5290263   20.9468 /L    0.6831   0.0893192   67.077383   -17.56504         n.a.     n.a.
 2026-Apr-16 00:00 *   00 10 51.59 -00 15 14.9  00 12 11.59 -00 06 33.4  4.919006  2.054874  277.045827 -19.414884    7.820   9.284   99.99558  2.217094  226.778159 -19.691224  30.8011102484522 -10.8375748   23.2989 /L    0.7568   0.0888493   67.327667   -18.14430         n.a.     n.a.
 2026-Apr-18 12:00 *   00 11 11.06 -00 13 12.6  00 12 31.11 -00 04 30.9  4.795356  2.019236   98.136315  21.575510    7.819   9.284   99.99469  2.218324  139.594134 -19.658837  30.7840302733368 -12.7685448   25.6577 /L    0.8296   0.0867191   67.164938   -21.59250         n.a.     n.a.
 2026-Apr-21 00:00 *m  00 11 30.16 -00 11 12.5  00 12 50.25 -00 02 30.5  4.775161  1.980606  278.953809 -23.840555    7.817   9.284   99.99375  2.219666   52.416532 -19.627030  30.7654210656458 -13.0568906   28.0070 /L    0.9007   0.0861603   67.472670   -22.17493         n.a.     n.a.
 2026-Apr-23 12:00 *   00 11 49.01 -00 09 14.9  00 13 09.18 -00 00 32.4  4.626923  1.939168   99.974223  26.039752    7.816   9.284   99.99275  2.221127  325.245353 -19.595460  30.7451901316945 -14.9035773   30.3625 /L    0.9707   0.0836142   67.261180   -25.62663         n.a.     n.a.
 2026-Apr-26 00:00 *m  00 12 07.43 -00 07 19.8  00 13 27.64 +00 01 23.0  4.604834  1.895478  280.995781 -28.247184    7.814   9.284   99.99171  2.222693  238.080529 -19.564557  30.7235231710028 -15.1659993   32.7082 /L    1.0387   0.0829949   67.626566   -26.20290         n.a.     n.a.
 2026-Apr-28 12:00 *   00 12 25.55 -00 05 27.4  00 13 45.81 +00 03 15.6  4.434499  1.849246  101.963242  30.483111    7.813   9.284   99.99062  2.224374  150.922110 -19.533985  30.7003096822340 -16.9169982   35.0602 /L    1.1054   0.0800772   67.363201   -29.65531         n.a.     n.a.
 2026-May-01 00:00 *m  00 12 43.21 -00 03 37.9  00 14 03.49 +00 05 05.3  4.411394  1.801057  283.213149 -32.627709    7.811   9.284   99.98950  2.226154   63.769937 -19.504154  30.6757559971459 -17.1603243   37.4028 /L    1.1698   0.0794149   67.791085   -30.23475         n.a.     n.a.
 2026-May-03 12:00 *m  00 13 00.51 -00 01 51.3  00 14 20.87 +00 06 52.3  4.220288  1.750469  104.148489  34.898298    7.809   9.284   99.98835  2.228045  336.624141 -19.474746  30.6497284505484 -18.8115648   39.7525 /L    1.2328   0.0761486   67.472556   -33.69788         n.a.     n.a.
 2026-May-06 00:00 *   00 13 17.31 -00 00 07.8  00 14 37.71 +00 08 36.2  4.195824  1.697607  285.658650 -36.972674    7.807   9.284   99.98718  2.230029  249.484474 -19.446148  30.6224556675972 -19.0411468   42.0933 /L    1.2933   0.0754373   67.972016   -34.29285         n.a.     n.a.
 2026-May-08 12:00 *m  00 13 33.70 +00 01 32.5  00 14 54.20 +00 10 16.8  3.984430  1.642741  106.588205  39.275446    7.805   9.284   99.98599  2.232119  162.351156 -19.418064  30.5937821217425 -20.5864415   44.4420 /L    1.3522   0.0718298   67.594134   -37.77774         n.a.     n.a.
 2026-May-11 00:00 *   00 13 49.56 +00 03 09.3  00 15 10.09 +00 11 54.1  3.957910  1.584926  288.400210 -41.269436    7.803   9.284   99.98481  2.234297   75.223837 -19.390857  30.5639628819715 -20.8019669   46.7824 /L    1.4084   0.0710576   68.176607   -38.39516         n.a.     n.a.
 2026-May-13 12:00 *m  00 14 04.96 +00 04 42.7  00 15 25.56 +00 13 27.7  3.726474  1.525653  109.359602  43.600854    7.801   9.284   99.98363  2.236575  348.102821 -19.364258  30.5328236691204 -22.2316544   49.1312 /L    1.4627   0.0671115   67.735350   -41.91163         n.a.     n.a.
 2026-May-16 00:00 *   00 14 19.78 +00 06 12.4  00 15 40.41 +00 14 57.8  3.697161  1.462816  291.527591 -45.500629    7.799   9.284   99.98246  2.238935  260.987646 -19.338604  30.5006483286970 -22.4272814   51.4719 /L    1.5141   0.0662672   68.413312   -42.55240         n.a.     n.a.
 2026-May-18 12:00 *   00 14 34.10 +00 07 38.3  00 15 54.84 +00 16 24.2  3.446279  1.399078  112.566470  47.855434    7.796   9.284   99.98131  2.241389  173.878678 -19.313653  30.4672516843281 -23.7243854   53.8211 /L    1.5635   0.0619907   67.904440   -46.10200         n.a.     n.a.
 2026-May-21 00:00 *m  00 14 47.80 +00 09 00.3  00 16 08.60 +00 17 46.7  3.414663  1.332091  295.161729 -49.641742    7.794   9.284   99.98019  2.243915   86.775316 -19.289713  30.4329479052208 -23.8885896   56.1620 /L    1.6098   0.0610882   68.688794   -46.75111         n.a.     n.a.
 2026-May-23 12:00 *   00 15 00.95 +00 10 18.2  00 16 21.85 +00 19 05.1  3.147123  1.264812  116.351184  52.011608    7.791   9.284   99.97910  2.246529  359.677966 -19.266563  30.3975435295027 -25.0378671   58.5112 /L    1.6538   0.0565296   68.105066   -50.32228         n.a.     n.a.
 2026-May-26 00:00 *m  00 15 13.45 +00 11 32.1  00 16 34.37 +00 20 19.3  3.114863  1.195082  299.466154 -53.657619    7.789   9.284   99.97806  2.249206  272.585920 -19.244478  30.3613684819345 -25.1730882   60.8521 /L    1.6947   0.0556042   69.009657   -50.97064         n.a.     n.a.
 2026-May-28 12:00 *   00 15 25.37 +00 12 41.7  00 16 46.39 +00 21 29.3  2.833235  1.124872  120.910757  56.028657    7.786   9.284   99.97706  2.251962  185.499650 -19.223257  30.3242136640108 -26.1732507   63.2017 /L    1.7332   0.0508062   68.345574   -54.56760         n.a.     n.a.
 2026-May-31 00:00 *   00 15 36.62 +00 13 47.1  00 16 57.68 +00 22 35.1  2.800381  1.052796  304.663174 -57.496546    7.783   9.284   99.97612  2.254772   98.418382 -19.203144  30.2864174468364 -26.2883544   65.5436 /L    1.7683   0.0498624   69.396381   -55.22489         n.a.     n.a.
 2026-Jun-02 12:00 *m  00 15 47.25 +00 14 48.1  00 17 08.43 +00 23 36.7  2.506103  0.979815  126.516343  59.845790    7.780   9.284   99.97525  2.257654   11.342655 -19.183965  30.2477580512491 -27.1374042   67.8951 /L    1.8009   0.0448472   68.645910   -58.85850         n.a.     n.a.
 2026-Jun-05 00:00 *   00 15 57.19 +00 15 44.7  00 17 18.42 +00 24 33.8  2.471896  0.905270  311.047363 -61.081958    7.778   9.284   99.97444  2.260581  284.271631 -19.165930  30.2085846119194 -27.2363174   70.2394 /L    1.8301   0.0438741   69.886022   -59.53563         n.a.     n.a.
 2026-Jun-07 12:00 *m  00 16 06.48 +00 16 36.7  00 17 27.83 +00 25 26.3  2.166057  0.829677  133.530525  63.370662    7.775   9.284   99.97371  2.263573  197.205908 -19.148900  30.1686655575983 -27.9294227   72.5942 /L    1.8566   0.0386586   69.041382   -63.21726         n.a.     n.a.
 2026-Jun-10 00:00 *   00 16 15.06 +00 17 24.2  00 17 36.43 +00 26 14.2  2.129607  0.752428  318.981850 -64.300835    7.772   9.284   99.97305  2.266600  110.144573 -19.133048  30.1283644504608 -28.0101195   74.9424 /L    1.8795   0.0376437   70.540775   -63.92120         n.a.     n.a.
 2026-Jun-12 12:00 *m  00 16 22.96 +00 18 07.1  00 17 44.44 +00 26 57.5  1.813229  0.674414  142.391783  66.464388    7.784   9.300   99.97248  2.269683   23.088275 -19.118269  30.0874431469144 -28.5389230   77.3016 /L    1.8997   0.0322431   69.597772   -67.66251         n.a.     n.a.
 2026-Jun-15 00:00 *m  00 16 30.13 +00 18 45.2  00 17 51.66 +00 27 36.2  1.774103  0.594633  328.835109 -66.991071    7.781   9.300   99.97201  2.272792  296.036005 -19.104699  30.0462839824623 -28.5916726   79.6545 /L    1.9162   0.0311851   71.470200   -68.38973         n.a.     n.a.
 2026-Jun-17 12:00 *   00 16 36.58 +00 19 18.5  00 17 58.26 +00 28 10.2  1.449367  0.514943  153.493939  68.928158    7.779   9.300   99.97162  2.275946  208.988440 -19.092269  30.0046482788606 -28.9430184   82.0183 /L    1.9298   0.0256354   70.440460   -72.19079         n.a.     n.a.
 2026-Jun-20 00:00 *m  00 16 42.30 +00 19 47.0  00 18 04.01 +00 28 39.2  1.409166  0.434036  340.780309 -68.940558    7.776   9.300   99.97133  2.279115  121.944457 -19.081068  29.9629333946892 -28.9597874   84.3754 /L    1.9398   0.0245749   72.880697   -72.91536         n.a.     n.a.
 2026-Jun-22 12:00 *   00 16 47.28 +00 20 10.6  00 18 09.10 +00 29 03.2  1.079743  0.353830  166.856306  70.512204    7.773   9.300   99.97114  2.282317   34.904772 -19.071054  29.9208940343933 -29.1331637   86.7432 /L    1.9467   0.0189373   71.856134   -76.76998         n.a.     n.a.
 2026-Jun-25 00:00 *m  00 16 51.51 +00 20 29.4  00 18 13.37 +00 29 22.5  1.039648  0.272930  354.444635 -69.923343    7.770   9.300   99.97104  2.285523  307.868202 -19.062275  29.8789259050103 -29.1218583   89.1046 /L    1.9499   0.0179146   75.290525   -77.47358         n.a.     n.a.
 2026-Jun-27 12:00 *   00 16 55.01 +00 20 43.4  00 18 16.99 +00 29 37.0  0.707750  0.192406  181.671823  70.986109    7.767   9.300   99.97105  2.288751  220.835521 -19.054719  29.8367769462297 -29.1232531   91.4770 /L    1.9501   0.0122239   74.791379   -81.39184         n.a.     n.a.
 2026-Jun-30 00:00 *   00 16 57.76 +00 20 52.5  00 18 19.79 +00 29 46.7  0.667378  0.111871    8.704446 -69.788772    7.763   9.300   99.97116  2.291973  133.805513 -19.048395  29.7948383304356 -29.0905792   93.8435 /L    1.9466   0.0112782   80.484080   -82.05123         n.a.     n.a.
 2026-Jul-02 12:00 *m  00 16 59.76 +00 20 56.8  00 18 21.92 +00 29 51.6  0.334644  0.031050  196.339726  70.260901    7.760   9.300   99.97136  2.295207   46.778984 -19.043323  29.7528585272470 -28.9212856   96.2218 /L    1.9399   0.0056014   84.698932   -86.01548         n.a.     n.a.
 2026-Jul-05 00:00 *   00 17 01.02 +00 20 56.3  00 18 23.21 +00 29 51.5  0.293177  -0.04907   22.108534 -68.549765    7.757   9.300   99.97167  2.298423  319.754694 -19.039474  29.7112245096254 -28.8692320   98.5948 /L    1.9296   0.0049543   99.502310   -86.47315         n.a.     n.a.
 2026-Jul-07 12:00 *m  00 17 01.53 +00 20 50.9  00 18 23.82 +00 29 46.5  -0.03883  -0.12998  209.350476  68.449233    7.754   9.300   99.97207  2.301641  232.733464 -19.036905  29.6696898729900 -28.5271140  100.9803 /L    1.9162   0.0022609   196.63217   -88.37187         n.a.     n.a.
 2026-Jul-10 00:00 *   00 17 01.29 +00 20 40.7  00 18 23.62 +00 29 36.8  -0.08216  -0.20971   33.666483 -66.372300    7.735   9.284   99.97257  2.304829  145.714021 -19.035545  29.6286405948473 -28.4512015  103.3611 /L    1.8992   0.0037538   201.39315   -87.29458         n.a.     n.a.
 2026-Jul-12 12:00 *m  00 17 00.30 +00 20 25.7  00 18 22.75 +00 29 22.4  -0.41145  -0.29005  220.060134  65.786958    7.732   9.284   99.97316  2.308008   58.697184 -19.035489  29.5878395289916 -27.9299926  105.7547 /L    1.8790   0.0083901   234.81819   -83.86780         n.a.     n.a.
 2026-Jul-15 00:00 *m  00 16 58.57 +00 20 05.9  00 18 21.09 +00 29 03.3  -0.45610  -0.36873   43.137114 -63.480260    7.730   9.284   99.97384  2.311145  331.681620 -19.036620  29.5476754635060 -27.8195873  108.1435 /L    1.8552   0.0097751   231.04640   -82.84684         n.a.     n.a.
 2026-Jul-17 12:00 *   00 16 56.09 +00 19 41.5  00 18 18.72 +00 28 39.3  -0.77896  -0.44698  228.584891  62.514256    7.727   9.284   99.97461  2.314259  244.668134 -19.039066  29.5079195278816 -27.1166619  110.5449 /L    1.8282   0.0149681   240.15225   -78.86169         n.a.     n.a.
 2026-Jul-20 00:00 *m  00 16 52.90 +00 19 12.3  00 18 15.55 +00 28 10.6  -0.82284  -0.52320   50.754787 -60.075080    7.724   9.284   99.97545  2.317319  157.655348 -19.042661  29.4689529993498 -26.9721409  112.9411 /L    1.7978   0.0162516   237.54993   -77.88637         n.a.     n.a.
 2026-Jul-22 12:00 *   00 16 48.96 +00 18 38.7  00 18 11.72 +00 27 37.3  -1.13593  -0.59839  235.342612  58.817846    7.721   9.284   99.97637  2.320343   70.644094 -19.047561  29.4305454881207 -26.1009682  115.3497 /L    1.7642   0.0213983   242.22040   -73.74057         n.a.     n.a.
 2026-Jul-25 00:00 *m  00 16 44.35 +00 18 00.6  00 18 07.15 +00 26 59.7  -1.17858  -0.67155   56.896742 -56.307703    7.718   9.284   99.97735  2.323302  343.632988 -19.053559  29.3930614242384 -25.9306653  117.7532 /L    1.7274   0.0226079   240.32577   -72.78879         n.a.     n.a.
 2026-Jul-27 12:00 *   00 16 39.01 +00 17 18.1  00 18 01.93 +00 26 17.8  -1.48012  -0.74367  240.763450  54.827291    7.715   9.284   99.97839  2.326213  256.622889 -19.060841  29.3562750307827 -24.9026350  120.1692 /L    1.6875   0.0276074   243.32318   -68.52590         n.a.     n.a.
 2026-Jul-30 00:00 *   00 16 33.03 +00 16 31.3  00 17 55.99 +00 25 31.5  -1.52192  -0.81342   61.915512 -52.283148    7.713   9.284   99.97948  2.329049  169.612421 -19.069165  29.3205330693766 -24.7103052  122.5806 /L    1.6444   0.0287610   241.87688   -67.58326         n.a.     n.a.
 2026-Aug-01 12:00 *m  00 16 26.34 +00 15 40.4  00 17 49.39 +00 24 41.0  -1.81039  -0.88255  245.194114  50.628798    7.710   9.284   99.98062  2.331826   82.602439 -19.078746  29.2856222401185 -23.5317408  125.0050 /L    1.5985   0.0335676   244.01103   -63.20807         n.a.     n.a.
 2026-Aug-04 00:00 *   00 16 19.04 +00 14 45.5  00 17 42.10 +00 23 46.4  -1.85198  -0.94868   66.091630 -48.072894    7.708   9.284   99.98180  2.334516  355.591587 -19.089309  29.2518706394366 -23.3171185  127.4253 /L    1.5495   0.0346804   242.87623   -62.26037         n.a.     n.a.
 2026-Aug-06 12:00 *m  00 16 11.05 +00 13 46.5  00 17 34.21 +00 22 47.8  -2.12569  -1.01459  248.892189  46.279820    7.705   9.284   99.98300  2.337136  268.580688 -19.101096  29.2190842620249 -21.9891718  129.8592 /L    1.4976   0.0392568   244.48504   -57.76741         n.a.     n.a.
 2026-Aug-09 00:00 *   00 16 02.50 +00 12 43.8  00 17 25.70 +00 21 45.6  -2.16719  -1.07669   69.635090 -43.725629    7.703   9.284   99.98423  2.339659  181.568396 -19.113801  29.1875750327736 -21.7457468  132.2893 /L    1.4430   0.0403318   243.58112   -56.80176         n.a.     n.a.
 2026-Aug-11 12:00 *m  00 15 53.28 +00 11 37.3  00 17 16.60 +00 20 39.6  -2.42325  -1.13824  252.044444  41.819385    7.701   9.284   99.98546  2.342098   94.555477 -19.127690  29.1571712654498 -20.2676120  134.7331 /L    1.3856   0.0446210   244.83975   -52.19202         n.a.     n.a.
 2026-Aug-14 00:00 *m  00 15 43.54 +00 10 27.2  00 17 06.88 +00 19 30.0  -2.46299  -1.19524   72.700817 -39.275318    7.698   9.284   99.98670  2.344430    7.540588 -19.142417  29.1281669676757 -19.9906175  137.1727 /L    1.3256   0.0456280   244.11358   -51.21447         n.a.     n.a.
 2026-Aug-16 12:00 *   00 15 33.18 +00 09 13.8  00 16 56.59 +00 18 16.8  -2.69747  -1.25078  254.785773  37.274590    7.696   9.284   99.98793  2.346667  280.524453 -19.158272  29.1004033798315 -18.3746105  139.6254 /L    1.2631   0.0495558   245.12350   -46.51036         n.a.     n.a.
 2026-Aug-19 00:00 *m  00 15 22.35 +00 07 57.2  00 16 45.78 +00 17 00.5  -2.73394  -1.30190   75.403243 -34.746313    7.694   9.284   99.98915  2.348787  193.505771 -19.174868  29.0741458807586 -18.0723246  142.0733 /L    1.1982   0.0504682   244.53631   -45.53910         n.a.     n.a.
 2026-Aug-21 12:00 *   00 15 10.96 +00 06 37.5  00 16 34.47 +00 15 41.3  -2.94481  -1.35090  257.215457  32.665137    7.693   9.284   99.99034  2.350800  106.485261 -19.192521  29.0492426486499 -16.3400966  144.5339 /L    1.1310   0.0539980   245.35712   -40.75657         n.a.     n.a.
 2026-Aug-24 00:00 *m  00 14 59.15 +00 05 15.1  00 16 22.70 +00 14 19.2  -2.97806  -1.39607   77.827675 -30.156470    7.691   9.284   99.99149  2.352688   19.461677 -19.210814  29.0259307037669 -16.0188507  146.9896 /L    1.0618   0.0548175   244.88356   -39.79267         n.a.     n.a.
 2026-Aug-26 12:00 *   00 14 46.82 +00 03 50.0  00 16 10.44 +00 12 54.5  -3.16437  -1.43866  259.407583  28.005634    7.689   9.284   99.99260  2.354461  292.435725 -19.230083  29.0040718571021 -14.1865341  149.4579 /L    0.9904   0.0579342   245.55143   -34.93556         n.a.     n.a.
 2026-Aug-29 00:00 *   00 14 34.14 +00 02 22.5  00 15 57.78 +00 11 27.2  -3.19475  -1.47772   80.039457 -25.519454    7.688   9.284   99.99366  2.356102  205.406215 -19.249890  28.9838749938137 -13.8480853  151.9214 /L    0.9173   0.0586660   245.17726   -33.97350         n.a.     n.a.
 2026-Aug-31 12:00 *m  00 14 21.00 +00 00 52.7  00 15 44.68 +00 09 57.6  -3.35578  -1.51413  261.418620  23.307221    7.686   9.284   99.99466  2.357619  118.373816 -19.270589  28.9652224795976 -11.9266351  154.3976 /L    0.8423   0.0613593   245.71511   -29.04086         n.a.     n.a.
 2026-Sep-03 00:00 *   00 14 07.56 -00 00 39.2  00 15 31.26 +00 08 25.9  -3.38365  -1.54682   82.089486 -20.845927    7.685   9.284   99.99559  2.358998   31.337398 -19.291725  28.9482952348692 -11.5679934  156.8691 /L    0.7659   0.0620075   245.43272   -28.06792         n.a.     n.a.
 2026-Sep-05 12:00 *m  00 13 53.71 -00 02 13.0  00 15 17.48 +00 06 52.5  -3.51805  -1.57680  263.293126  18.578817    7.684   9.284   99.99645  2.360244  304.297558 -19.313664  28.9330040386198  -9.5619172  159.3532 /L    0.6878   0.0642543   245.85798   -23.05432         n.a.     n.a.
 2026-Sep-08 00:00 *   00 13 39.63 -00 03 48.4  00 15 03.44 +00 05 17.5  -3.54248  -1.60227   84.018405 -16.144493    7.683   9.284   99.99723  2.361346  217.253221 -19.335934  28.9195013628830  -9.1780363  161.8318 /L    0.6085   0.0647998   245.66266   -22.06089         n.a.     n.a.
 2026-Sep-10 12:00 *m  00 13 25.20 -00 05 25.2  00 14 49.06 +00 03 40.8  -3.64738  -1.62463  265.066930  13.827741    7.682   9.284   99.99792  2.362308  130.204891 -19.358908  28.9077241713131  -7.0967096  164.3218 /L    0.5280   0.0665474   245.99068   -16.97643         n.a.     n.a.
 2026-Sep-13 00:00 *m  00 13 10.62 -00 07 03.3  00 14 34.47 +00 02 02.9  -3.66655  -1.64194   85.860053 -11.422579    7.681   9.284   99.99852  2.363121   43.151580 -19.382094  28.8977880338749  -6.6933090  166.8038 /L    0.4467   0.0669568   245.87639   -15.97494         n.a.     n.a.
 2026-Sep-15 12:00 *   00 12 55.76 -00 08 42.3  00 14 19.64 +00 00 24.0  -3.73975  -1.65577  266.769996   9.060383    7.680   9.284   99.99902  2.363787  316.093735 -19.405870  28.8896449245774  -4.5602560  169.2929 /L    0.3645   0.0681650   246.11868   -10.85038         n.a.     n.a.
 2026-Sep-18 00:00 *m  00 12 40.81 -00 10 21.9  00 14 04.72 -00 01 15.4  -3.75336  -1.66505   87.643038  -6.686662    7.680   9.284   99.99942  2.364300  229.030482 -19.429731  28.8833699815847  -4.1489053  171.7655 /L    0.2822   0.0684352   246.07717   -9.856235         n.a.     n.a.
 2026-Sep-20 12:00 *   00 12 25.67 -00 12 02.0  00 13 49.62 -00 02 55.3  -3.79470  -1.67039  268.428625   4.282584    7.680   9.284   99.99971  2.364664  141.962233 -19.454067  28.8789295879062  -1.9875405  174.2257 /L    0.1999   0.0691014   246.24133   -4.715846         n.a.     n.a.
 2026-Sep-23 00:00 Cm  00 12 10.52 -00 13 42.4  00 13 34.48 -00 04 35.5  -3.80330  -1.67214   89.393001  -1.942693    7.679   9.284   99.99990  2.364874   54.888220 -19.478363  28.8763645144047  -1.5729418  176.5999 /L    0.1199   0.0692441   246.26710   -3.729118         n.a.     n.a.
 2026-Sep-25 12:00 *   00 11 55.24 -00 15 22.7  00 13 19.21 -00 06 15.7  -3.81330  -1.66934  270.066477  -0.500359    7.679   9.284   99.99998  2.364932  327.808810 -19.503015  28.8756590200090   0.5983676  178.4709 /L    0.0540   0.0693781   246.35776   1.4097950         n.a.     n.a.
 2026-Sep-28 00:00 C   00 11 40.02 -00 17 02.7  00 13 03.99 -00 07 55.7  -3.81747  -1.66385   91.134058   2.803672    7.680   9.284   99.99995  2.364836  240.723333 -19.527509  28.8768222399388   1.0162490  177.5897 /T    0.0758   0.0694051   246.44995   2.3963645         n.a.     n.a.
 2026-Sep-30 12:00 *m  00 11 24.74 -00 18 42.3  00 12 48.73 -00 09 35.2  -3.79686  -1.65338  271.706272  -5.283341    7.680   9.284   99.99981  2.364588  153.632094 -19.552244  28.8798622007376   3.1857220  175.3064 /T    0.1511   0.0690206   246.46879   7.5262012         n.a.     n.a.
 2026-Oct-03 00:00 C   00 11 09.60 -00 20 21.1  00 12 33.62 -00 11 13.9  -3.79652  -1.64040   92.889631   7.546990    7.680   9.284   99.99957  2.364187   66.534509 -19.576708  28.8847591696998   3.6124607  172.8612 /T    0.2323   0.0689292   246.63182   8.5308800         n.a.     n.a.
 2026-Oct-05 12:00 *m  00 10 54.47 -00 21 59.0  00 12 18.51 -00 12 51.6  -3.74463  -1.62201  273.370955 -10.061223    7.681   9.284   99.99922  2.363631  339.430789 -19.601294  28.8915494787807   5.7717958  170.3645 /T    0.3148   0.0680139   246.57982   13.652481         n.a.     n.a.
 2026-Oct-08 00:00 C   00 10 39.54 -00 23 35.7  00 12 03.59 -00 14 28.3  -3.73822  -1.60060   94.684079  12.281573    7.681   9.284   99.99877  2.362925  252.320446 -19.625495  28.9001779423088   6.2059863  167.8572 /T    0.3969   0.0677745   246.82077   14.682546         n.a.     n.a.
 2026-Oct-10 12:00 *m  00 10 24.71 -00 25 11.0  00 11 48.74 -00 16 03.7  -3.65386  -1.57380  275.084486 -14.828670    7.682   9.284   99.99821  2.362065  165.203607 -19.649690  28.9107014309324   8.3357451  165.3309 /T    0.4789   0.0663065   246.69740   19.780515         n.a.     n.a.
 2026-Oct-13 00:00 Cm  00 10 10.16 -00 26 44.6  00 11 34.20 -00 17 37.3  -3.64066  -1.54378   96.543641  17.001295    7.683   9.284   99.99757  2.361059   78.079931 -19.673381  28.9230205462683   8.7642405  162.8063 /T    0.5596   0.0659075   247.02112   20.819710         n.a.     n.a.
 2026-Oct-15 12:00 *   00 09 55.79 -00 28 16.2  00 11 19.82 -00 19 08.9  -3.52439  -1.50882  276.873813 -19.579684    7.684   9.284   99.99683  2.359902  350.949483 -19.696936  28.9372077215235  10.8396528  160.2684 /T    0.6397   0.0638963   246.82384   25.868674         n.a.     n.a.
 2026-Oct-18 00:00 Nm  00 09 41.77 -00 29 45.6  00 11 05.82 -00 20 38.2  -3.50527  -1.47108   98.497766  21.699425    7.685   9.284   99.99602  2.358604  263.812077 -19.719872  28.9531234999192  11.2520283  157.7356 /T    0.7181   0.0633574   247.23337   26.901074         n.a.     n.a.
 2026-Oct-20 12:00 *   00 09 28.00 -00 31 12.6  00 10 52.03 -00 22 05.3  -3.35889  -1.42855  278.769991 -24.307590    7.687   9.284   99.99512  2.357161  176.667719 -19.742550  28.9708574893916  13.2536591  155.1912 /T    0.7955   0.0608343   246.95973   31.883032         n.a.     n.a.
 2026-Oct-23 00:00 Nm  00 09 14.65 -00 32 37.0  00 10 38.68 -00 23 29.8  -3.33498  -1.38411  100.581464  26.368164    7.688   9.284   99.99416  2.355585   89.516359 -19.764502  28.9902381994440  13.6467025  152.6534 /T    0.8708   0.0601799   247.46025   32.903564         n.a.     n.a.
 2026-Oct-25 12:00 *   00 09 01.61 -00 33 58.6  00 10 25.61 -00 24 51.5  -3.16075  -1.33470  280.810306 -29.004697    7.690   9.284   99.99313  2.353869    2.357943 -19.786081  29.0113729394948  15.5597413  150.1048 /T    0.9449   0.0571834   247.10700   37.805451         n.a.     n.a.
 2026-Oct-28 00:00 N   00 08 49.06 -00 35 17.2  00 10 13.07 -00 26 10.2  -3.13298  -1.28432  102.837278  30.998331    7.691   9.284   99.99205  2.352029  275.192532 -19.806841  29.0340650385892  15.9368005  147.5632 /T    1.0166   0.0564335   247.70951   38.818997         n.a.     n.a.
 2026-Oct-30 12:00 Cm  00 08 36.89 -00 36 32.6  00 10 00.89 -00 27 25.5  -2.93277  -1.22851  283.041522 -33.661604    7.693   9.284   99.99093  2.350056  188.019997 -19.827121  29.0584437715257  17.7539067  145.0107 /T    1.0867   0.0529947   247.27174   43.641870         n.a.     n.a.
 2026-Nov-02 00:00 N   00 08 25.26 -00 37 44.7  00 09 49.29 -00 28 37.5  -2.90043  -1.17194  105.318548  35.578638    7.695   9.284   99.98977  2.347967  100.840485 -19.846497  29.0842902851682  18.1207333  142.4653 /T    1.1543   0.0521374   247.99855   44.669116         n.a.     n.a.
 2026-Nov-04 12:00 Cm  00 08 14.07 -00 38 53.1  00 09 38.05 -00 29 46.1  -2.67456  -1.10958  285.523301 -38.266545    7.697   9.284   99.98859  2.345752   13.653786 -19.865284  29.1117517157985  19.8295323  139.9091 /T    1.2199   0.0482598   247.46814   49.420531         n.a.     n.a.
 2026-Nov-07 00:00 N   00 08 03.48 -00 39 57.8  00 09 27.46 -00 30 51.0  -2.63650  -1.04640  108.094286  40.094442    7.699   9.284   99.98739  2.343432  286.460168 -19.883084  29.1405759657408  20.1775328  137.3608 /T    1.2827   0.0472761   248.35233   50.464837         n.a.     n.a.
 2026-Nov-09 12:00 C   00 07 53.40 -00 40 58.6  00 09 17.33 -00 31 52.0  -2.38633  -0.97808  288.334285 -42.803994    7.701   9.284   99.98618  2.340994  199.259368 -19.900183  29.1709211280473  21.7566514  134.8023 /T    1.3433   0.0429833   247.71282   55.136200         n.a.     n.a.
 2026-Nov-12 00:00 Nm  00 07 43.97 -00 41 55.2  00 09 07.92 -00 32 48.7  -2.34322  -0.90893  111.254773  44.526528    7.704   9.284   99.98498  2.338463  112.051809 -19.916218  29.2024995524698  22.0730711  132.2527 /T    1.4007   0.0418889   248.79874   56.180980         n.a.     n.a.
 2026-Nov-14 12:00 C   00 07 35.11 -00 42 47.6  00 08 59.02 -00 33 41.1  -2.07154  -0.83577  291.580496 -47.252866    7.706   9.284   99.98378  2.335825   24.837172 -19.931449  29.2354824362149  23.5056390  129.6937 /T    1.4558   0.0372297   248.02817   60.762212         n.a.     n.a.
 2026-Nov-17 00:00 Nm  00 07 26.94 -00 43 35.5  00 08 50.87 -00 34 29.1  -2.02492  -0.76185  114.921191  48.848641    7.709   9.284   99.98262  2.333106  297.616029 -19.945550  29.2695534907617  23.7839620  127.1445 /T    1.5075   0.0360582   249.38179   61.790292         n.a.     n.a.
 2026-Nov-19 12:00 C   00 07 19.40 -00 44 18.9  00 08 43.26 -00 35 12.7  -1.73490  -0.68484  295.406767 -51.583913    7.711   9.284   99.98148  2.330292  210.387998 -19.958759  29.3048987476502  25.0596612  124.5866 /T    1.5565   0.0310863   248.45860   66.277702         n.a.     n.a.
 2026-Nov-22 00:00 Nm  00 07 12.58 -00 44 57.7  00 08 36.44 -00 35 51.8  -1.68631  -0.60745  119.257739  53.023952    7.714   9.284   99.98038  2.327410  123.153777 -19.970785  29.3411815108744  25.2997308  122.0389 /T    1.6021   0.0298731   250.18985   67.276346         n.a.     n.a.
 2026-Nov-24 12:00 Cm  00 07 06.42 -00 45 31.8  00 08 30.23 -00 36 25.9  -1.38120  -0.52739  300.013948 -55.754928    7.717   9.284   99.97933  2.324446   35.912919 -19.981845  29.3786025486714  26.4139353  119.4827 /T    1.6448   0.0246410   249.10138   71.670327         n.a.     n.a.
 2026-Nov-27 00:00 N   00 07 01.01 -00 46 01.0  00 08 24.86 -00 36 55.2  -1.33140  -0.44736  124.486099  56.999691    7.720   9.284   99.97834  2.321426  308.666210 -19.991684  29.4168148072235  26.6235716  116.9368 /T    1.6839   0.0234092   251.42734   72.637659         n.a.     n.a.
 2026-Nov-29 12:00 Cm  00 06 56.30 -00 46 25.4  00 08 20.11 -00 37 19.6  -1.01306  -0.36431  305.679516 -59.703366    7.723   9.284   99.97741  2.318335  221.413126 -20.000491  29.4560335608420  27.5755079  114.3821 /T    1.7201   0.0179429   250.22078   76.955646         n.a.     n.a.
 2026-Dec-02 00:00 N   00 06 52.37 -00 46 44.8  00 08 16.18 -00 37 39.2  -0.96085  -0.28145  130.899395  60.698437    7.725   9.284   99.97656  2.315202  134.154523 -20.008043  29.4958999222297  27.7565182  111.8376 /T    1.7524   0.0166870   253.67391   77.901614         n.a.     n.a.
 2026-Dec-04 12:00 Cm  00 06 49.17 -00 46 59.1  00 08 12.90 -00 37 53.8  -0.63069  -0.19558  312.773890 -63.335190    7.728   9.284   99.97578  2.312009   46.889838 -20.014497  29.5366312956681  28.5325392  109.2843 /T    1.7817   0.0110053   252.77115   82.159002         n.a.     n.a.
 2026-Dec-07 00:00 N   00 06 46.77 -00 47 08.3  00 08 10.51 -00 38 03.2  -0.57599  -0.11028  138.856715  64.006929    7.731   9.284   99.97509  2.308787  319.620031 -20.019667  29.5778493152285  28.6747259  106.7419 /T    1.8071   0.0097742   259.16122   83.051583         n.a.     n.a.
 2026-Dec-09 12:00 N   00 06 45.13 -00 47 12.2  00 08 08.82 -00 38 07.3  -0.23716  -0.02284  321.744875 -66.509164    7.735   9.284   99.97448  2.305519  232.344521 -20.023678  29.6197729818954  29.2614208  104.1914 /T    1.8294   0.0039709   264.49947   87.218303         n.a.     n.a.
 2026-Dec-12 00:00 Nm  00 06 44.31 -00 47 11.0  00 08 08.02 -00 38 06.1  -0.18128  0.063932  148.717424  66.764624    7.738   9.284   99.97397  2.302237  145.064377 -20.026390  29.6620082381475  29.3580810  101.6526 /T    1.8476   0.0032037   289.42657   87.759369         n.a.     n.a.
 2026-Dec-14 12:00 N   00 06 44.26 -00 47 04.6  00 08 07.91 -00 37 59.8  0.162589  0.151547  332.989411 -69.024211    7.741   9.284   99.97356  2.298922   57.778982 -20.027893  29.7047807818196  29.7506110   99.1065 /T    1.8626   0.0037044   47.013142   87.440049         n.a.     n.a.
 2026-Dec-17 00:00 Nm  00 06 45.03 -00 46 52.9  00 08 08.68 -00 37 48.4  0.218066  0.238681  160.642234  68.763697    7.744   9.284   99.97325  2.295606  330.489501 -20.028097  29.7476866478379  29.8006041   96.5727 /T    1.8736   0.0053883   42.415791   86.280026         n.a.     n.a.
 2026-Dec-19 12:00 N   00 06 46.59 -00 46 35.9  00 08 10.16 -00 37 31.7  0.563521  0.325396  346.507703 -70.631106    7.747   9.284   99.97304  2.292271  243.195269 -20.027060  29.7909605031070  30.0008764   94.0322 /T    1.8813   0.0108454   59.996426   82.582960         n.a.     n.a.
 2026-Dec-22 00:00 Nm  00 06 48.95 -00 46 13.8  00 08 12.54 -00 37 09.7  0.617213  0.411796  174.249919  69.786727    7.750   9.284   99.97294  2.288949  155.897525 -20.024735  29.8341960444087  30.0089744   91.5045 /T    1.8850   0.0123663   56.289360   81.547091         n.a.     n.a.
 2026-Dec-24 12:00 Nm  00 06 52.11 -00 45 46.5  00 08 15.65 -00 36 42.5  0.961477  0.497148    1.443322 -71.106245    7.753   9.284   99.97294  2.285621   68.595543 -20.021150  29.8776376513447  30.0253242   88.9701 /T    1.8855   0.0180400   62.658015   77.757029         n.a.     n.a.
 2026-Dec-27 00:00 N   00 06 56.06 -00 45 14.2  00 08 19.63 -00 36 10.1  1.013544  0.582434  188.426320  69.694846    7.756   9.284   99.97304  2.282318  341.290597 -20.016299  29.9208851628926  30.0011381   86.4482 /T    1.8820   0.0194829   60.116148   76.782142         n.a.     n.a.
 2026-Dec-29 12:00 Nm  00 07 00.80 -00 44 36.7  00 08 24.30 -00 35 32.9  1.355631  0.666865   16.148143 -70.376832    7.760   9.284   99.97324  2.279020  253.981908 -20.010175  29.9641845009304  29.8366258   83.9193 /T    1.8753   0.0251796   63.806405   73.003198         n.a.     n.a.
$$EOE
**********************************************************************************************************************************************************************************************************************************************************************************************
Column meaning:
 
TIME

  Times PRIOR to 1962 are UT1, a mean-solar time closely related to the
prior but now-deprecated GMT. Times AFTER 1962 are in UTC, the current
civil or "wall-clock" time-scale. UTC is kept within 0.9 seconds of UT1
using integer leap-seconds for 1972 and later years.

  Conversion from the internal Barycentric Dynamical Time (TDB) of solar
system dynamics to the non-uniform civil UT time-scale requested for output
has not been determined for UTC times after the next July or January 1st.
Therefore, the last known leap-second is used as a constant over future
intervals.

  Time tags refer to the UT time-scale conversion from TDB on Earth
regardless of observer location within the solar system, although clock
rates may differ due to the local gravity field and no analog to "UT"
may be defined for that location.

  Any 'b' symbol in the 1st-column denotes a B.C. date. First-column blank
(" ") denotes an A.D. date.
 
CALENDAR SYSTEM

  Mixed calendar mode was active such that calendar dates after AD 1582-Oct-15
(if any) are in the modern Gregorian system. Dates prior to 1582-Oct-5 (if any)
are in the Julian calendar system, which is automatically extended for dates
prior to its adoption on 45-Jan-1 BC.  The Julian calendar is useful for
matching historical dates. The Gregorian calendar more accurately corresponds
to the Earth's orbital motion and seasons. A "Gregorian-only" calendar mode is
available if such physical events are the primary interest.

  NOTE: "n.a." in output means quantity "not available" at the print-time.
 
SOLAR PRESENCE (OBSERVING SITE)
  Time tag is followed by a blank, then a solar-presence symbol:

       '*'  Daylight (refracted solar upper-limb on or above apparent horizon)
       'C'  Civil twilight/dawn
       'N'  Nautical twilight/dawn
       'A'  Astronomical twilight/dawn
       ' '  Night OR geocentric ephemeris

LUNAR PRESENCE (OBSERVING SITE)
  The solar-presence symbol is immediately followed by a lunar-presence symbol:

       'm'  Refracted upper-limb of Moon on or above apparent horizon
       ' '  Refracted upper-limb of Moon below apparent horizon OR geocentric
            ephemeris
 
 'R.A._____(ICRF)_____DEC' =
  Astrometric right ascension and declination of the target center with
respect to the observing site (coordinate origin) in the reference frame of
the planetary ephemeris (ICRF). Compensated for down-leg light-time delay
aberration.

  Units: RA  in hours-minutes-seconds of time,    HH MM SS.ff{ffff}
         DEC in degrees-minutes-seconds of arc,  sDD MN SC.f{ffff}
 
 'R.A.__(a-apparent)__DEC' =
  Airless apparent right ascension and declination of the target center
with respect to an instantaneous reference frame defined by the Earth equator
of-date (z-axis) and meridian containing the Earth equinox of-date (x-axis,
EOP-corrected IAU76/80). Compensated for down-leg light-time delay,
gravitational deflection of light, stellar aberration, precession & nutation.
Note: equinox (RA origin) is offset -53 mas from the of-date frame defined
by the IAU06/00a P & N system.

  Units: RA  in hours-minutes-seconds of time,   HH MM SS.ff{ffff}
         DEC in degrees-minutes-seconds of arc, sDD MN SC.f{ffff}
 
 'dRA*cosD d(DEC)/dt' =
  The angular rate of change in apparent RA and DEC of the target. This is
with respect to the non-inertial IAU76/80 Earth true equator and equinox
of-date reference frame.  d(RA)/dt is multiplied by the cosine of declination
to provide a linear rate in the plane-of-sky. Units: ARCSECONDS PER HOUR
 
 'Azi____(a-app)___Elev' =
  Airless apparent azimuth and elevation of target center. Compensated
for light-time, the gravitational deflection of light, stellar aberration,
precession and nutation. Azimuth is measured clockwise from north:

  North(0) -> East(90) -> South(180) -> West(270) -> North (360)

Elevation angle is with respect to a plane perpendicular to the reference
surface local zenith direction. TOPOCENTRIC ONLY.  Units: DEGREES
 
 'APmag   S-brt' =
  The targets' approximate apparent visual magnitude and surface brightness.
For planets and natural satellites, output is restricted to solar phase angles
covered by observational data. Outside the observed phase angle range, "n.a."
may be output to avoid extrapolation beyond the limit of model validity.

   For Earth-based observers, the estimated dimming due to atmospheric
absorption (extinction) is available as a separate, requestable quantity.

   Surface brightness is the average airless visual magnitude of a
square-arcsecond of the illuminated portion of the apparent disk. It is
computed only if the target radius is known.

   Units: MAGNITUDES & MAGNITUDES PER SQUARE ARCSECOND
 
 'Illu%' =
   Fraction of the target objects' assumed circular disk illuminated by Sun
(phase), as seen by the observer.  Units: PERCENT
 
 'Ang-diam' =
   The equatorial angular width of the target body full disk, if it were fully
illuminated and visible to the observer. If the target body diameter is unknown
"n.a." is output.

   Units: ARCSECONDS
 
 'ObsSub-LON ObsSub-LAT' =
   Apparent planetodetic longitude and latitude of the center of the target
disc seen by the OBSERVER at print-time. This is NOT exactly the same as the
"nearest" sub-point for a non-spherical target shape (since the center of the
disc might not be the point closest to the observer), but is generally very
close if not a very irregular body shape. Down-leg light travel-time from
target to observer is taken into account. Latitude is the angle between the
equatorial plane and the line perpendicular to the reference ellipsoid of the
body, so includes body oblateness. The reference ellipsoid is an oblate
spheroid with a single flatness coefficient in which the y-axis body radius
is taken to be the same value as the x-axis radius.  For Jupiter, Saturn, and
Uranus, IAU2015 longitude is based on the "System III" prime meridian rotation
angle of the magnetic field. By contrast, pole direction (thus latitude) is
relative to the body dynamical equator.  There can be an offset between the
magnetic pole and the dynamical pole of rotation. For Neptune, rotation is
IAU2015 "System II" rotation of optically observed features in the Neptunian
atmosphere. Positive longitude is to the WEST for this target. Cartographic
system is specified in the header.  Units: DEGREES DEGREES
 
 'delta      deldot' =
   Apparent range ("delta", light-time aberrated) and range-rate ("delta-dot")
of the target center relative to the observer. A positive "deldot" means the
target center is moving away from the observer, negative indicates movement
toward the observer.  Units: AU and KM/S
 
 'S-O-T /r' =
   Sun-Observer-Target apparent SOLAR ELONGATION ANGLE seen from the observers'
location at print-time.

   The '/r' column provides a code indicating the targets' apparent position
relative to the Sun in the observers' sky, as described below:

   Case A: For an observing location on the surface of a rotating body, that
body rotational sense is considered:

    /T indicates target TRAILS Sun   (evening sky: rises and sets AFTER Sun)
    /L indicates target LEADS Sun    (morning sky: rises and sets BEFORE Sun)

   Case B: For an observing point that does not have a rotational model (such
as a spacecraft), the "leading" and "trailing" condition is defined by the
observers' heliocentric ORBITAL motion:

    * If continuing in the observers' current direction of heliocentric
       motion would encounter the targets' apparent longitude first, followed
       by the Sun's, the target LEADS the Sun as seen by the observer.

    * If the Sun's apparent longitude would be encountered first, followed
       by the targets', the target TRAILS the Sun.

   Two other codes can be output:
    /* indicates observer is Sun-centered    (undefined)
    /? Target is aligned with Sun center     (no lead or trail)

   The S-O-T solar elongation angle is numerically the minimum separation
angle of the Sun and target in the sky in any direction. It does NOT indicate
the amount of separation in the leading or trailing directions, which would
be defined along the equator of a spherical coordinate system.

   Units: DEGREES
 
 'S-T-O' =
   The Sun-Target-Observer angle; the interior vertex angle at target center
formed by a vector from the target to the apparent center of the Sun (at
reflection time on the target) and the apparent vector from target to the
observer at print-time. Slightly different from true PHASE ANGLE (requestable
separately) at the few arcsecond level in that it includes stellar aberration
on the down-leg from target to observer.  Units: DEGREES
 
 'Sky_motion  Sky_mot_PA  RelVel-ANG' =
  Total apparent angular rate of the target in the plane-of-sky. "Sky_mot_PA"
is the position angle of the target's direction of motion in the plane-of-sky,
measured counter-clockwise from the apparent of-date north pole direction.
"RelVel-ANG" is the flight path angle of the target's relative motion with
respect to the observer's line-of-sight, in the range [-90,+90], where positive
values indicate motion away from the observer, negative values are toward the
observer:

  -90 = target is moving directly toward the observer
    0 = target is moving at right angles to the observer's line-of-sight
  +90 = target is moving directly away from the observer

UNITS:  ARCSECONDS/MINUTE, DEGREES, DEGREES
 
 'Lun_Sky_Brt  sky_SNR' =
  Sky brightness due to moonlight scattered by Earth's atmosphere at the
target's position in the sky. "sky_SNR" is the visual signal-to-noise ratio
(SNR) of the target's surface brightness relative to background sky. Output
only for topocentric Earth observers when both the Moon and target are above
the local horizon and the Sun is in astronomical twilight (or further) below
the horizon, and the target is not the Moon or Sun. If all conditions are
not met, "n.a." is output. Galactic brightness, local sky light-pollution
and weather are NOT considered. Lunar opposition surge is considered. The
value returned is accurate under ideal conditions at the approximately 8-23%
level, so is a useful but not definitive value.

  If the target-body radius is also known, "sky_SNR" is output. This is the
approximate visual signal-to-noise ratio of the target's brightness divided
by lunar sky brightness. When sky_SNR < 1, the target is dimmer than the
ideal moonlight-scattering background sky, so unlikely to be detectable at
visual wavelengths. In practice, visibility requires sky_SNR > 1 and a
detector sensitive enough to reach the target's magnitude, even if it isn't
washed out by moonlight. When relating magnitudes and brightness values,
keep in mind their logarithmic relationship m2-m1 = -2.5*log_10(b2/b1).

  UNITS: VISUAL MAGNITUDES / ARCSECOND^2, and unitless ratio

Computations by ...

    Solar System Dynamics Group, Horizons On-Line Ephemeris System
    4800 Oak Grove Drive, Jet Propulsion Laboratory
    Pasadena, CA  91109   USA

    General site: https://ssd.jpl.nasa.gov/
    Mailing list: https://ssd.jpl.nasa.gov/email_list.html
    System news : https://ssd.jpl.nasa.gov/horizons/news.html
    User Guide  : https://ssd.jpl.nasa.gov/horizons/manual.html
    Connect     : browser        https://ssd.jpl.nasa.gov/horizons/app.html#/x
                  API            https://ssd-api.jpl.nasa.gov/doc/horizons.html
                  command-line   telnet ssd.jpl.nasa.gov 6775
                  e-mail/batch   https://ssd.jpl.nasa.gov/ftp/ssd/horizons_batch.txt
                  scripts        https://ssd.jpl.nasa.gov/ftp/ssd/SCRIPTS
    Author      : Jon.D.Giorgini@jpl.nasa.gov

**********************************************************************************************************************************************************************************************************************************************************************************************
