*******************************************************************************
 Revised: April 22, 2021              Neptune                               899
 
 PHYSICAL DATA (update 2021-May-03):
  Mass x10^24 (kg)      = 102.409         Density (g/cm^3)       =  1.638
  Equat. radius (1 bar) = 24766+-15 km    Volume, 10^10 km^3     = 6254     
  Vol. mean radius (km) = 24624+-21       Polar radius (km)      = 24342+-30
  Geometric Albedo      = 0.41            Flattening             =  0.0171
  Sid. rot. period (III)= 16.11+-0.01 hr  Sid. rot. rate (rad/s) =  0.000108338 
  Mean solar day, h     =~16.11 h         
  GM (km^3/s^2)         = 6835099.97      GM 1-sigma (km^3/s^2)  = +-10 
  Equ. grav, ge (m/s^2) = 11.15           Pol. grav, gp (m/s^2)  = 11.41+-0.03
  Visual magnitude V(1,0)= -6.87
  Vis. mag. (opposition)=  +7.84          Obliquity to orbit     = 28.32 deg
  Sidereal orbit period = 164.788501027 y Sidereal orbit period  = 60189 d
  Mean daily motion     = 0.006020076dg/d Mean orbit velocity    =  5.43 km/s 
  Atmos. temp. (1 bar)  =  72+-2 K        Escape speed (1 bar)  =  23.5 km/s     
  Aroche(ice)/Rp        =  2.98           Hill's sphere rad., Rp = 4700
                                 Perihelion  Aphelion    Mean
  Solar Constant (W/m^2)         1.54        1.49        1.51
  Maximum Planetary IR (W/m^2)   0.52        0.52        0.52
  Minimum Planetary IR (W/m^2)   0.52        0.52        0.52
*******************************************************************************


*******************************************************************************
Ephemeris / WWW_USER Mon Apr  6 18:01:54 2026 Pasadena, USA      / Horizons    
*******************************************************************************
Target body name: Neptune (899)                   {source: nep097_merged}
Center body name: Earth (399)                     {source: nep097_merged}
Center-site name: (user defined site below)
*******************************************************************************
Start time      : A.D. 2026-Jan-01 00:00:00.0000 UT      
Stop  time      : A.D. 2026-Dec-31 00:00:00.0000 UT      
Step-size       : 3600 minutes
*******************************************************************************
Target pole/equ : IAU_NEPTUNE                     {West-longitude positive}
Target radii    : 24764.0, 24764.0, 24341.0 km    {Equator_a, b, pole_c}       
Center geodetic : 257.5, 22.5, 2.4                {E-lon(deg),Lat(deg),Alt(km)}
Center cylindric: 257.5, 5897.73814, 2426.57542   {E-lon(deg),Dxy(km),Dz(km)}
Center pole/equ : ITRF93                          {East-longitude positive}
Center radii    : 6378.137, 6378.137, 6356.752 km {Equator_a, b, pole_c}       
Target primary  : Sun
Vis. interferer : MOON (R_eq= 1737.400) km        {source: DE441}
Rel. light bend : Sun                             {source: nep097_merged}
Rel. lght bnd GM: 1.3271E+11 km^3/s^2                                          
Atmos refraction: NO (AIRLESS)
RA format       : HMS
Time format     : CAL 
Calendar mode   : Mixed Julian/Gregorian
EOP file        : eop.260406.p260703                                           
EOP coverage    : DATA-BASED 1962-JAN-20 TO 2026-APR-06. PREDICTS-> 2026-JUL-02
Units conversion: 1 au= 149597870.700 km, c= 299792.458 km/s, 1 day= 86400.0 s 
Table cut-offs 1: Elevation (-90.0deg=NO ),Airmass (>38.000=NO), Daylight (NO )
Table cut-offs 2: Solar elongation (  0.0,180.0=NO ),Local Hour Angle( 0.0=NO )
Table cut-offs 3: RA/DEC angular rate (     0.0=NO )                           
**********************************************************************************************************************************************************************************************************************************************************************************************
 Date__(UT)__HR:MN     R.A._____(ICRF)_____DEC  R.A.__(a-apparent)__DEC  dRA*cosD d(DEC)/dt  Azi____(a-app)___Elev    APmag   S-brt      Illu%  Ang-diam  ObsSub-LON ObsSub-LAT             delta      deldot     S-O-T /r     S-T-O  Sky_motion  Sky_mot_PA  RelVel-ANG  Lun_Sky_Brt  sky_SNR
**********************************************************************************************************************************************************************************************************************************************************************************************
$$SOE
 2026-Jan-01 00:00 *m  23 58 58.57 -01 33 48.3  00 00 18.65 -01 25 07.1  1.603920  0.829980  175.286732  66.008551    7.767   9.284   99.97395  2.271916  292.675203 -20.796403  30.0578783538675  29.4616730   78.9436 /T    1.8505   0.0300990   62.639800   69.635187         n.a.     n.a.
 2026-Jan-03 12:00  m  23 59 05.65 -01 32 56.0  00 00 25.69 -01 24 14.8  1.936143  0.911207    1.443233 -68.898077    7.770   9.284   99.97445  2.268712  205.358404 -20.786903  30.1003216245959  29.1942470   76.4255 /T    1.8332   0.0356641   64.796909   66.035461         n.a.     n.a.
 2026-Jan-06 00:00 *   23 59 13.49 -01 31 59.0  00 00 33.56 -01 23 17.9  1.982141  0.990727  187.252371  65.938983    7.773   9.284   99.97503  2.265562  118.040036 -20.776213  30.1421716269167  28.8931410   73.9199 /T    1.8122   0.0369325   63.442905   65.026777         n.a.     n.a.
 2026-Jan-08 12:00  m  23 59 22.07 -01 30 57.2  00 00 42.07 -01 22 16.3  2.308381  1.069103   14.641054 -68.233687    7.776   9.284   99.97570  2.262447   30.719382 -20.764345  30.1836673558264  28.4498632   71.4084 /T    1.7881   0.0423989   65.149265   61.464630         n.a.     n.a.
 2026-Jan-11 00:00 *   23 59 31.39 -01 29 50.7  00 00 51.38 -01 21 10.1  2.350428  1.146468  198.711095  64.962486    7.779   9.284   99.97645  2.259397  303.397745 -20.751330  30.2244204526057  28.1174317   68.9092 /T    1.7604   0.0435855   63.998276   60.475123         n.a.     n.a.
 2026-Jan-13 12:00  m  23 59 41.44 -01 28 39.7  00 01 01.37 -01 19 59.2  2.668678  1.221361   26.565952 -66.614687    7.782   9.284   99.97728  2.256392  216.074390 -20.737143  30.2646665821683  27.4950650   66.4043 /T    1.7297   0.0489148   65.408072   56.941839         n.a.     n.a.
 2026-Jan-16 00:00 *   23 59 52.18 -01 27 24.2  00 01 12.14 -01 18 43.8  2.705993  1.295816  209.025911  63.184607    7.785   9.284   99.97817  2.253462  128.750683 -20.721859  30.3040158922407  27.1267240   63.9119 /T    1.6955   0.0500043   64.411691   55.970382         n.a.     n.a.
 2026-Jan-18 12:00     00 00 03.64 -01 26 04.3  00 01 23.54 -01 17 23.9  3.013561  1.366397   36.695304 -64.226806    7.787   9.284   99.97913  2.250589   41.425868 -20.705420  30.3427028379856  26.3279893   61.4142 /T    1.6584   0.0551478   65.609694   52.464987         n.a.     n.a.
 2026-Jan-21 00:00 *m  00 00 15.75 -01 24 40.2  00 01 35.67 -01 16 00.0  3.044970  1.436845  217.924531  60.756963    7.790   9.284   99.98013  2.247801  314.101356 -20.687943  30.3803430434646  25.9244137   58.9295 /T    1.6181   0.0561159   64.738556   51.517306         n.a.     n.a.
 2026-Jan-23 12:00     00 00 28.53 -01 23 12.1  00 01 48.38 -01 14 32.0  3.338982  1.502373   45.030459 -61.266976    7.793   9.284   99.98119  2.245079  226.776371 -20.669341  30.4171693396394  24.9570274   56.4402 /T    1.5750   0.0610235   65.774672   48.042193         n.a.     n.a.
 2026-Jan-26 00:00 *m  00 00 41.93 -01 21 40.0  00 02 01.78 -01 13 00.1  3.363355  1.567668  225.434211  57.831395    7.795   9.284   99.98228  2.242452  139.452337 -20.649767  30.4528125408113  24.5264583   53.9644 /T    1.5289   0.0618460   65.009652   47.130230         n.a.     n.a.
 2026-Jan-28 12:00     00 00 55.96 -01 20 04.1  00 02 15.76 -01 11 24.2  3.641377  1.627744   51.832819 -57.897918    7.798   9.284   99.98340  2.239900   52.128456 -20.629113  30.4875052308780  23.4054951   51.4845 /T    1.4802   0.0664772   65.914719   43.690771         n.a.     n.a.
 2026-Jan-31 00:00 *m  00 01 10.55 -01 18 24.6  00 02 30.39 -01 09 44.7  3.658907  1.687550  231.734030  54.535454    7.800   9.284   99.98454  2.237449  324.806119 -20.607563  30.5209019909212  22.9625250   49.0182 /T    1.4286   0.0671553   65.240040   42.822808         n.a.     n.a.
 2026-Feb-02 12:00  m  00 01 25.73 -01 16 41.7  00 02 45.53 -01 08 01.8  3.920136  1.742536   57.418257 -54.239303    7.802   9.284   99.98569  2.235081  237.484500 -20.584978  30.5532322330297  21.7029755   46.5477 /T    1.3747   0.0714996   66.034413   39.413782         n.a.     n.a.
 2026-Feb-05 00:00 *   00 01 41.42 -01 14 55.5  00 03 01.23 -01 06 15.8  3.932481  1.797379  237.041675  50.966629    7.805   9.284   99.98685  2.232821  150.164951 -20.561574  30.5841698986582  21.2533351   44.0903 /T    1.3183   0.0720628   65.436769   38.578855         n.a.     n.a.
 2026-Feb-07 12:00  m  00 01 57.66 -01 13 06.2  00 03 17.41 -01 04 26.6  4.176343  1.847396   62.066872 -50.375027    7.807   9.284   99.98800  2.230650   62.846660 -20.537181  30.6139306992906  19.8583969   41.6283 /T    1.2596   0.0761116   66.137901   35.183183         n.a.     n.a.
 2026-Feb-10 00:00 *   00 02 14.36 -01 11 13.9  00 03 34.12 -01 02 34.4  4.183967  1.897224  241.559265  47.196578    7.809   9.284   99.98914  2.228592  335.530969 -20.512045  30.6422010009444  19.3976517   39.1790 /T    1.1985   0.0765670   65.608035   34.368058         n.a.     n.a.
 2026-Feb-12 12:00  m  00 02 31.58 -01 09 18.7  00 03 51.30 -01 00 39.2  4.408589  1.941550   66.000437 -46.362766    7.811   9.284   99.99026  2.226631  248.217090 -20.485968  30.6691836343784  17.8718429   36.7252 /T    1.1355   0.0802864   66.231229   30.979254         n.a.     n.a.
 2026-Feb-15 00:00 *   00 02 49.20 -01 07 20.9  00 04 08.95 -00 58 41.3  4.410911  1.985866  245.455364  43.277068    7.812   9.284   99.99135  2.224789  160.906355 -20.459234  30.6945807991719  17.3990739   34.2842 /T    1.0704   0.0806222   65.761929   30.180867         n.a.     n.a.
 2026-Feb-17 12:00     00 03 07.28 -01 05 20.5  00 04 27.00 -00 56 41.1  4.614285  2.023761   69.387837 -42.242601    7.814   9.284   99.99241  2.223050   73.597989 -20.431617  30.7185861236576  15.7532239   31.8391 /T    1.0034   0.0839762   66.318419   26.798963         n.a.     n.a.
 2026-Feb-20 00:00 *m  00 03 25.70 -01 03 18.0  00 04 45.43 -00 54 38.6  4.610386  2.061821  248.863877  39.245299    7.816   9.284   99.99342  2.221435  346.293305 -20.403433  30.7409220515964  15.2717540   29.4071 /T    0.9347   0.0841737   65.905225   26.020186         n.a.     n.a.
 2026-Feb-22 12:00     00 03 44.54 -01 01 13.3  00 05 04.22 -00 52 34.1  4.790599  2.092766   72.356082 -38.042636    7.817   9.284   99.99438  2.219929  258.991531 -20.374436  30.7617756087525  13.5234722   26.9717 /T    0.8644   0.0871294   66.401964   22.651779         n.a.     n.a.
 2026-Feb-25 00:00 *m  00 04 03.66 -00 59 06.8  00 05 23.36 -00 50 27.5  4.780055  2.124020  251.889862  35.128316    7.819   9.284   99.99528  2.218550  171.693926 -20.344969  30.7808988147457  13.0450861   24.5500 /T    0.7926   0.0871786   66.042009   21.903947         n.a.     n.a.
 2026-Feb-27 12:00 A   00 04 23.13 -00 56 58.6  00 05 42.82 -00 48 19.2  4.936557  2.148415   75.000707 -33.782717    7.820   9.284   99.99612  2.217284   84.399706 -20.314765  30.7984723948750  11.2165430   22.1254 /T    0.7195   0.0897300   66.481075   18.555770         n.a.     n.a.
 2026-Mar-02 00:00 *m  00 04 42.81 -00 54 49.0  00 06 02.54 -00 46 09.5  4.920701  2.173191  254.615337  30.945978    7.821   9.284   99.99688  2.216147  357.110049 -20.284189  30.8142805184217  10.7518210   19.7146 /T    0.6452   0.0896537   66.171708   17.842061         n.a.     n.a.
 2026-Mar-04 12:00 Am  00 05 02.80 -00 52 38.0  00 06 22.49 -00 43 58.6  5.054072  2.191906   77.394841 -29.477458    7.822   9.284   99.99757  2.215125  269.824188 -20.252952  30.8284868615851   8.8550886   17.3012 /T    0.5698   0.0918152   66.554046   14.505068         n.a.     n.a.
 2026-Mar-07 00:00 *   00 05 22.94 -00 50 25.9  00 06 42.64 -00 41 46.6  5.034357  2.210533  257.104632  26.713131    7.823   9.284   99.99819  2.214234  182.543230 -20.221433  30.8409013468391   8.4029534   14.9020 /T    0.4936   0.0916382   66.294231   13.813470         n.a.     n.a.
 2026-Mar-09 12:00 Am  00 05 43.34 -00 48 12.8  00 07 03.02 -00 39 33.5  5.144121  2.223597   79.594948 -25.137630    7.824   9.284   99.99871  2.213461   95.266470 -20.189327  30.8516629228023   6.4420855   12.5014 /T    0.4166   0.0934023   66.623108   10.472723         n.a.     n.a.
 2026-Mar-12 00:00 *   00 06 03.84 -00 45 59.0  00 07 23.55 -00 37 19.6  5.120649  2.235879  259.409399  22.441210    7.824   9.284   99.99915  2.212820    7.994951 -20.157034  30.8606071040945   5.9998975   10.1178 /T    0.3391   0.0931251   66.412008   9.7936060         n.a.     n.a.
 2026-Mar-14 12:00 Am  00 06 24.53 -00 43 44.7  00 07 44.25 -00 35 05.0  5.205489  2.242711   81.645682 -20.771381    7.825   9.284   99.99950  2.212300  280.728030 -20.124232  30.8678521956936   3.9841436    7.7395 /T    0.2613   0.0944676   66.691887   6.4432107         n.a.     n.a.
 2026-Mar-17 00:00 *   00 06 45.26 -00 41 29.9  00 08 05.01 -00 32 50.2  5.177853  2.248392  261.571363  18.139017    7.825   9.284   99.99976  2.211913  193.466681 -20.091341  30.8732615357824   3.5529661    5.3961 /T    0.1838   0.0940824   66.527945   5.7726828         n.a.     n.a.
 2026-Mar-19 12:00 A   00 07 06.13 -00 39 15.0  00 08 25.86 -00 30 35.3  5.236447  2.248330   83.583531 -16.385153    7.825   9.284   99.99992  2.211649  106.210308 -20.058025  30.8769374689445   1.4974363    3.1237 /T    0.1082   0.0949786   66.763162   2.4131387         n.a.     n.a.
 2026-Mar-22 00:00 *m  00 07 26.98 -00 37 00.1  00 08 46.73 -00 28 20.6  5.203969  2.247080  263.625096  13.813459    7.825   9.284   99.99998  2.211518   18.959810 -20.024725  30.8787742428522   1.0832907    1.3825 /T    0.0477   0.0944732   66.645258   1.7539389         n.a.     n.a.
 2026-Mar-24 12:00 A   00 07 47.90 -00 34 45.4  00 09 07.65 -00 26 05.7  5.235657  2.239946   85.438884 -11.983824    7.825   9.284   99.99995  2.211511  291.714612 -19.991092  30.8788648128358  -0.9881188    2.3360 /L    0.0740   0.0949114   66.837540   -1.603447         n.a.     n.a.
 2026-Mar-27 00:00 *m  00 08 08.73 -00 32 31.2  00 09 28.53 -00 23 51.2  5.198933  2.232087  265.600663   9.470141    7.825   9.284   99.99983  2.211635  204.475505 -19.957580  30.8771394798709  -1.3738710    4.5092 /L    0.1459   0.0942973   66.764431   -2.241139         n.a.     n.a.
 2026-Mar-29 12:00 N   00 08 29.58 -00 30 17.7  00 09 49.40 -00 21 37.4  5.204987  2.218860   87.237762  -7.571670    7.825   9.284   99.99960  2.211883  117.241931 -19.923829  30.8736777148731  -3.4407692    6.8239 /L    0.2229   0.0943033   66.911691   -5.589521         n.a.     n.a.
 2026-Apr-01 00:00 *m  00 08 50.29 -00 28 04.9  00 10 10.12 -00 19 24.6  5.165679  2.205030  267.523771   5.113967    7.825   9.284   99.99929  2.212258   30.014583 -19.890295  30.8684399077487  -3.7970986    9.1625 /L    0.3005   0.0936103   66.884224   -6.209769         n.a.     n.a.
 2026-Apr-03 12:00 Nm  00 09 10.96 -00 25 53.1  00 10 30.80 -00 17 12.7  5.147178  2.186495   89.003834  -3.152394    7.824   9.284   99.99888  2.212757  302.792960 -19.856611  30.8614799107523  -5.8522646   11.5185 /L    0.3783   0.0932056   66.984467   -9.559503         n.a.     n.a.
 2026-Apr-06 00:00 *   00 09 31.42 -00 23 42.5  00 10 51.29 -00 15 01.9  5.105918  2.166683  269.418441   0.749220    7.824   9.284   99.99838  2.213381  215.577670 -19.823232  30.8527858471853  -6.1842112   13.8710 /L    0.4554   0.0924435   67.006191   -10.17472         n.a.     n.a.
 2026-Apr-08 12:00 Nm  00 09 51.80 -00 21 33.2  00 11 11.72 -00 12 52.3  5.062642  2.142854   90.758711   1.270693    7.823   9.284   99.99780  2.214127  128.368299 -19.789794  30.8423835047301  -8.2218238   16.2321 /L    0.5322   0.0916245   67.058617   -13.53835         n.a.     n.a.
 2026-Apr-11 00:00 *   00 10 11.93 -00 19 25.4  00 11 31.88 -00 10 44.2  5.019225  2.116802  271.307485  -3.619989    7.822   9.284   99.99713  2.214996   41.165359 -19.756752  30.8302925622241  -8.5305358   18.5859 /L    0.6080   0.0907889   67.132963   -14.15591         n.a.     n.a.
 2026-Apr-13 12:00 Nm  00 10 31.91 -00 17 19.2  00 11 51.90 -00 08 37.8  4.950529  2.087317   92.523705   5.694241    7.821   9.284   99.99639  2.215986  313.968520 -19.723742  30.8165144579209 -10.5399662   20.9466 /L    0.6831   0.0895430   67.137997   -17.54093         n.a.     n.a.
 2026-Apr-16 00:00 *   00 10 51.59 -00 15 14.9  00 12 11.59 -00 06 33.4  4.904504  2.054879  273.213319  -7.989712    7.820   9.284   99.99558  2.217095  226.778189 -19.691223  30.8011020019649 -10.8228835   23.2990 /L    0.7568   0.0886264   67.267387   -18.16389         n.a.     n.a.
 2026-Apr-18 12:00 N   00 11 11.06 -00 13 12.6  00 12 31.10 -00 04 30.9  4.809755  2.019231   94.320604  10.114816    7.819   9.284   99.99469  2.218324  139.594109 -19.658832  30.7840384632437 -12.7869668   25.6576 /L    0.8296   0.0869403   67.226361   -21.57085         n.a.     n.a.
 2026-Apr-21 00:00 *m  00 11 30.16 -00 11 12.6  00 12 50.26 -00 02 30.5  4.760890  1.980609  275.159429 -12.355814    7.817   9.284   99.99375  2.219667   52.416563 -19.627030  30.7654129571874 -13.0347708   28.0071 /L    0.9007   0.0859407   67.411883   -22.19208         n.a.     n.a.
 2026-Apr-23 12:00 N   00 11 49.01 -00 09 14.9  00 13 09.18 -00 00 32.5  4.641043  1.939167   96.172438  14.528812    7.816   9.284   99.99275  2.221126  325.245327 -19.595454  30.7451981504211 -14.9293618   30.3624 /L    0.9707   0.0838313   67.323364   -25.60733         n.a.     n.a.
 2026-Apr-26 00:00 *m  00 12 07.43 -00 07 19.8  00 13 27.64 +00 01 22.9  4.590889  1.895476  277.171104 -16.713750    7.814   9.284   99.99171  2.222694  238.080560 -19.564557  30.7235152570489 -15.1365957   32.7083 /L    1.0387   0.0827800   67.565355   -26.21769         n.a.     n.a.
 2026-Apr-28 12:00 C   00 12 25.55 -00 05 27.5  00 13 45.81 +00 03 15.5  4.448243  1.849251   98.105083  18.931798    7.813   9.284   99.99062  2.224373  150.922084 -19.533978  30.7003174740262 -16.9499752   35.0601 /L    1.1054   0.0802887   67.426071   -29.63831         n.a.     n.a.
 2026-May-01 00:00 *   00 12 43.21 -00 03 37.9  00 14 03.49 +00 05 05.3  4.397873  1.801049  279.276630 -21.058175    7.811   9.284   99.98950  2.226155   63.769969 -19.504156  30.6757483330579 -17.1238316   37.4029 /L    1.1698   0.0792062   67.729564   -30.24725         n.a.     n.a.
 2026-May-03 12:00 Cm  00 13 00.51 -00 01 51.3  00 14 20.86 +00 06 52.2  4.233562  1.750482  100.148016  23.318533    7.809   9.284   99.98834  2.228044  336.624115 -19.474739  30.6497359609715 -18.8515149   39.7523 /L    1.2328   0.0763530   67.536018   -33.68307         n.a.     n.a.
 2026-May-06 00:00 *   00 13 17.31 -00 00 07.8  00 14 37.71 +00 08 36.1  4.182820  1.697590  281.509241 -25.382502    7.807   9.284   99.98718  2.230029  249.484506 -19.446150  30.6224483072501 -18.9978091   42.0934 /L    1.2933   0.0752363   67.910318   -34.30322         n.a.     n.a.
 2026-May-08 12:00 Cm  00 13 33.71 +00 01 32.4  00 14 54.20 +00 10 16.8  3.997141  1.642763  102.336346  27.682478    7.805   9.284   99.98599  2.232118  162.351130 -19.418056  30.5937892980404 -20.6330965   44.4418 /L    1.3521   0.0720258   67.658098   -37.76493         n.a.     n.a.
 2026-May-11 00:00 *   00 13 49.56 +00 03 09.3  00 15 10.09 +00 11 54.1  3.945515  1.584898  283.908475 -29.678650    7.803   9.284   99.98481  2.234297   75.223868 -19.390860  30.5639558774050 -20.7520761   46.7825 /L    1.4084   0.0708657   68.114865   -38.40361         n.a.     n.a.
 2026-May-13 12:00 Cm  00 14 04.96 +00 04 42.7  00 15 25.56 +00 13 27.7  3.738531  1.525686  104.713335  32.015169    7.801   9.284   99.98363  2.236575  348.102796 -19.364249  30.5328304605786 -22.2846990   49.1310 /L    1.4626   0.0672977   67.799736   -41.90058         n.a.     n.a.
 2026-May-16 00:00 *m  00 14 19.78 +00 06 12.4  00 15 40.41 +00 14 57.7  3.685464  1.462776  286.522974 -33.936350    7.799   9.284   99.98246  2.238935  260.987676 -19.338608  30.5006417297664 -22.3711758   51.4720 /L    1.5141   0.0660857   68.351659   -42.55919         n.a.     n.a.
 2026-May-18 12:00 C   00 14 34.10 +00 07 38.3  00 15 54.84 +00 16 24.2  3.457596  1.399123  107.333042  36.305737    7.796   9.284   99.98131  2.241389  173.878653 -19.313642  30.4672580426057 -23.7834585   53.8210 /L    1.5635   0.0621658   67.969183   -46.09246         n.a.     n.a.
 2026-May-21 00:00 *m  00 14 47.79 +00 09 00.3  00 16 08.60 +00 17 46.7  3.403748  1.332039  289.414162 -38.142121    7.794   9.284   99.98019  2.243916   86.775346 -19.289718  30.4329417592512 -23.8266524   56.1621 /L    1.6098   0.0609185   68.627375   -46.75645         n.a.     n.a.
 2026-May-23 12:00 *   00 15 00.95 +00 10 18.2  00 16 21.85 +00 19 05.1  3.157616  1.264870  110.264818  40.539558    7.791   9.284   99.97910  2.246529  359.677942 -19.266552  30.3975494089775 -25.1025640   58.5110 /L    1.6538   0.0566922   68.170066   -50.31403         n.a.     n.a.
 2026-May-26 00:00 *m  00 15 13.45 +00 11 32.0  00 16 34.37 +00 20 19.3  3.104812  1.195016  292.660048 -42.278030    7.789   9.284   99.97806  2.249206  272.585949 -19.244484  30.3613628333852 -25.1057454   60.8522 /L    1.6947   0.0554475   68.948698   -50.97469         n.a.     n.a.
 2026-May-28 12:00 *   00 15 25.37 +00 12 41.7  00 16 46.39 +00 21 29.3  2.842825  1.124943  113.598913  44.696560    7.786   9.284   99.97706  2.251961  185.499627 -19.223245  30.3242190221258 -26.2431249   63.2016 /L    1.7332   0.0509552   68.410657   -54.56048         n.a.     n.a.
 2026-May-31 00:00 *   00 15 36.61 +00 13 47.0  00 16 57.68 +00 22 35.1  2.791271  1.052718  296.361977 -46.319451    7.783   9.284   99.97612  2.254772   98.418410 -19.203150  30.2864123369534 -26.2160723   65.5437 /L    1.7683   0.0497198   69.336206   -55.22784         n.a.     n.a.
 2026-Jun-02 12:00 *m  00 15 47.25 +00 14 48.1  00 17 08.43 +00 23 36.7  2.514716  0.979899  117.453641  48.749115    7.780   9.284   99.97525  2.257653   11.342633 -19.183953  30.2477628488256 -27.2119699   67.8949 /L    1.8009   0.0449815   68.710843   -58.85229         n.a.     n.a.
 2026-Jun-05 00:00 *   00 15 57.19 +00 15 44.6  00 17 18.42 +00 24 33.8  2.463797  0.905179  300.651608 -50.232391    7.778   9.284   99.97444  2.260582  284.271658 -19.165937  30.2085800784155 -27.1596004   70.2395 /L    1.8301   0.0437469   69.827074   -59.53773         n.a.     n.a.
 2026-Jun-07 12:00 *m  00 16 06.49 +00 16 36.7  00 17 27.83 +00 25 26.3  2.173626  0.829772  121.985517  52.658120    7.775   9.284   99.97371  2.263572  197.205887 -19.148887  30.1686697591585 -28.0081577   72.5940 /L    1.8566   0.0387770   69.105858   -63.21166         n.a.     n.a.
 2026-Jun-10 00:00 *   00 16 15.06 +00 17 24.2  00 17 36.43 +00 26 14.2  2.122584  0.752327  305.698580 -53.969465    7.772   9.284   99.97306  2.266601  110.144598 -19.133055  30.1283605272208 -27.9295069   74.9425 /L    1.8795   0.0375328   70.483690   -63.92275         n.a.     n.a.
 2026-Jun-12 12:00 *m  00 16 22.97 +00 18 07.1  00 17 44.44 +00 26 57.5  1.819690  0.674520  127.398793  56.367873    7.784   9.300   99.97248  2.269683   23.088256 -19.118256  30.0874467209682 -28.6212719   77.3015 /L    1.8997   0.0323447   69.661341   -67.65719         n.a.     n.a.
 2026-Jun-15 00:00 *m  00 16 30.12 +00 18 45.2  00 17 51.66 +00 27 36.2  1.768216  0.594521  311.716055 -57.463849    7.781   9.300   99.97201  2.272793  296.036029 -19.104707  30.0462806992596 -28.5077351   79.6546 /L    1.9162   0.0310915   71.415988   -68.39103         n.a.     n.a.
 2026-Jun-17 12:00 *   00 16 36.59 +00 19 18.5  00 17 58.26 +00 28 10.1  1.454667  0.515059  133.949474  59.798760    7.779   9.300   99.97162  2.275946  208.988423 -19.092255  30.0046511981618 -29.0283960   82.0181 /L    1.9299   0.0257193   70.502301   -72.18542         n.a.     n.a.
 2026-Jun-20 00:00 *m  00 16 42.29 +00 19 46.9  00 18 04.01 +00 28 39.1  1.404466  0.433916  318.952245 -60.622069    7.776   9.300   99.97133  2.279115  121.944479 -19.081076  29.9629307769239 -28.8731238   84.3755 /L    1.9398   0.0244995   72.831238   -72.91661         n.a.     n.a.
 2026-Jun-22 12:00 *   00 16 47.28 +00 20 10.6  00 18 09.10 +00 29 03.2  1.083833  0.353952  141.928264  62.837656    7.773   9.300   99.97114  2.282317   34.904756 -19.071040  29.9208962762201 -29.2209586   86.7431 /L    1.9467   0.0190027   71.914273   -76.76436         n.a.     n.a.
 2026-Jun-25 00:00 *m  00 16 51.51 +00 20 29.4  00 18 13.36 +00 29 22.4  1.036179  0.272804  327.648288 -63.317072    7.770   9.300   99.97104  2.285523  307.868223 -19.062284  29.8789239734521 -29.0330917   89.1047 /L    1.9499   0.0178582   75.249953   -77.47484         n.a.     n.a.
 2026-Jun-27 12:00 C   00 16 55.01 +00 20 43.4  00 18 16.99 +00 29 36.9  0.710590  0.192534  151.586196  65.331615    7.767   9.300   99.97105  2.288751  220.835508 -19.054705  29.8367784926068 -29.2128316   91.4769 /L    1.9501   0.0122702   74.839747   -81.38586         n.a.     n.a.
 2026-Jun-30 00:00 *   00 16 57.76 +00 20 52.5  00 18 19.79 +00 29 46.7  0.665175  0.111741  337.931029 -65.387994    7.763   9.300   99.97116  2.291973  133.805532 -19.048403  29.7948371009934 -29.0003526   93.8436 /L    1.9465   0.0112416   80.464079   -82.05233         n.a.     n.a.
 2026-Jul-02 12:00 Cm  00 16 59.77 +00 20 56.8  00 18 21.92 +00 29 51.5  0.336204  0.031181  162.965339  67.093722    7.760   9.300   99.97136  2.295207   46.778972 -19.043308  29.7528593651523 -29.0119962   96.2217 /L    1.9399   0.0056274   84.701226   -86.00947         n.a.     n.a.
 2026-Jul-05 00:00 *   00 17 01.02 +00 20 56.3  00 18 23.21 +00 29 51.5  0.292267  -0.04921  349.632313 -66.659938    7.757   9.300   99.97167  2.298423  319.754711 -19.039483  29.7112239931655 -28.7782043   98.5949 /L    1.9296   0.0049397   99.556592   -86.47242         n.a.     n.a.
 2026-Jul-07 12:00 Cm  00 17 01.53 +00 20 50.9  00 18 23.82 +00 29 46.5  -0.03857  -0.12985  175.664023  67.939347    7.754   9.300   99.97207  2.301641  232.733455 -19.036890  29.6696899945298 -28.6182917  100.9802 /L    1.9162   0.0022576   196.54427   -88.37944         n.a.     n.a.
 2026-Jul-10 00:00 *   00 17 01.29 +00 20 40.7  00 18 23.61 +00 29 36.8  -0.08176  -0.20984    2.143620 -66.991975    7.735   9.284   99.97257  2.304829  145.714035 -19.035554  29.6286407970487 -28.3600425  103.3612 /L    1.8992   0.0037535   201.28602   -87.28617         n.a.     n.a.
 2026-Jul-12 12:00 Cm  00 17 00.30 +00 20 25.7  00 18 22.76 +00 29 22.4  -0.41251  -0.28992  188.760808  67.755753    7.732   9.284   99.97316  2.308008   58.697177 -19.035474  29.5878389315131 -28.0209641  105.7546 /L    1.8790   0.0084033   234.89963   -83.87803         n.a.     n.a.
 2026-Jul-15 00:00 *m  00 16 58.57 +00 20 05.9  00 18 21.09 +00 29 03.3  -0.45438  -0.36886   14.522970 -66.336826    7.730   9.284   99.97384  2.311145  331.681632 -19.036629  29.5476763847396 -27.7289727  108.1436 /L    1.8551   0.0097542   230.93081   -82.83889         n.a.     n.a.
 2026-Jul-17 12:00 C   00 16 56.09 +00 19 41.5  00 18 18.73 +00 28 39.3  -0.78134  -0.44685  201.145567  66.559704    7.727   9.284   99.97461  2.314259  244.668130 -19.039052  29.5079182140804 -27.2067502  110.5448 /L    1.8282   0.0150015   240.23452   -78.87354         n.a.     n.a.
 2026-Jul-20 00:00 *m  00 16 52.89 +00 19 12.3  00 18 15.55 +00 28 10.5  -0.81981  -0.52333   25.887476 -64.764763    7.724   9.284   99.97545  2.317319  157.655358 -19.042669  29.4689546345993 -26.8827476  112.9413 /L    1.7977   0.0162101   237.44788   -77.87742         n.a.     n.a.
 2026-Jul-22 12:00 C   00 16 48.97 +00 18 38.7  00 18 11.72 +00 27 37.3  -1.13961  -0.59827  212.036598  64.486757    7.721   9.284   99.97636  2.320343   70.644091 -19.047546  29.4305434661153 -26.1894979  115.3496 /L    1.7643   0.0214518   242.30161   -73.75428         n.a.     n.a.
 2026-Jul-25 00:00 *m  00 16 44.35 +00 18 00.5  00 18 07.14 +00 26 59.7  -1.17424  -0.67166   35.750517 -62.426398    7.718   9.284   99.97735  2.323302  343.632995 -19.053567  29.3930637630340 -25.8431659  117.7533 /L    1.7274   0.0225461   240.23056   -72.77838         n.a.     n.a.
 2026-Jul-27 12:00 C   00 16 39.02 +00 17 18.1  00 18 01.93 +00 26 17.7  -1.48510  -0.74356  221.186112  61.724031    7.715   9.284   99.97839  2.326214  256.622889 -19.060827  29.3562723141243 -24.9889376  120.1691 /L    1.6875   0.0276808   243.40374   -68.54163         n.a.     n.a.
 2026-Jul-30 00:00 *   00 16 33.03 +00 16 31.3  00 17 55.98 +00 25 31.5  -1.51630  -0.81353   44.042526 -59.492793    7.713   9.284   99.97948  2.329049  169.612426 -19.069173  29.3205360958051 -24.6253627  122.5807 /L    1.6444   0.0286793   241.78560   -67.57114         n.a.     n.a.
 2026-Aug-01 12:00 Cm  00 16 26.34 +00 15 40.4  00 17 49.39 +00 24 41.0  -1.81663  -0.88245  228.722560  58.447908    7.710   9.284   99.98062  2.331826   82.602441 -19.078732  29.2856188477653 -23.6151601  125.0049 /L    1.5985   0.0336604   244.09121   -63.22599         n.a.     n.a.
 2026-Aug-04 00:00 *   00 16 19.04 +00 14 45.4  00 17 42.10 +00 23 46.4  -1.84512  -0.94877   50.936556 -56.114656    7.708   9.284   99.98180  2.334516  355.591589 -19.089316  29.2518743322073 -23.2353809  127.4255 /L    1.5494   0.0345794   242.78750   -62.24631         n.a.     n.a.
 2026-Aug-06 12:00 Cm  00 16 11.06 +00 13 46.5  00 17 34.22 +00 22 47.8  -2.13316  -1.01450  234.921903  54.798097    7.705   9.284   99.98300  2.337136  268.580692 -19.101083  29.2190802182537 -22.0690694  129.8591 /L    1.4977   0.0393685   244.56502   -57.78772         n.a.     n.a.
 2026-Aug-09 00:00 *   00 16 02.49 +00 12 43.7  00 17 25.70 +00 21 45.6  -2.15913  -1.07678   56.683137 -52.408792    7.703   9.284   99.98423  2.339658  181.568396 -19.113808  29.1875793653156 -21.6678417  132.2895 /L    1.4430   0.0402122   243.49417   -56.78552         n.a.     n.a.
 2026-Aug-11 12:00 Nm  00 15 53.29 +00 11 37.3  00 17 16.60 +00 20 39.6  -2.43189  -1.13816  240.069068  50.876617    7.701   9.284   99.98546  2.342099   94.555484 -19.127677  29.1571665997199 -20.3433726  134.7330 /L    1.3856   0.0447508   244.91962   -52.21493         n.a.     n.a.
 2026-Aug-14 00:00 *m  00 15 43.54 +00 10 27.2  00 17 06.88 +00 19 30.0  -2.45378  -1.19531   61.523511 -48.460889    7.698   9.284   99.98670  2.344430    7.540586 -19.142423  29.1281719082919 -19.9171465  137.1728 /L    1.3256   0.0454906   244.02788   -51.19586         n.a.     n.a.
 2026-Aug-16 12:00 N   00 15 33.19 +00 09 13.8  00 16 56.60 +00 18 16.8  -2.70722  -1.25072  244.405077  46.755509    7.696   9.284   99.98793  2.346668  280.524463 -19.158260  29.1003981266271 -18.4456472  139.6253 /L    1.2631   0.0497028   245.20344   -46.53598         n.a.     n.a.
 2026-Aug-19 00:00 *m  00 15 22.35 +00 07 57.2  00 16 45.78 +00 17 00.5  -2.72365  -1.30195   65.659365 -44.332578    7.694   9.284   99.98915  2.348786  193.505766 -19.174874  29.0741513928140 -18.0038585  142.0735 /L    1.1982   0.0503139   244.45141   -45.51806         n.a.     n.a.
 2026-Aug-21 12:00 N   00 15 10.96 +00 06 37.5  00 16 34.47 +00 15 41.2  -2.95560  -1.35085  248.119537  42.485887    7.693   9.284   99.99034  2.350801  106.485273 -19.192510  29.0492368472483 -16.4058563  144.5339 /L    1.1311   0.0541612   245.43729   -40.78486         n.a.     n.a.
 2026-Aug-24 00:00 *m  00 14 59.14 +00 05 15.1  00 16 22.69 +00 14 19.2  -2.96677  -1.39611   69.249582 -40.068105    7.691   9.284   99.99149  2.352688   19.461670 -19.210819  29.0259367459268 -15.9559238  146.9898 /L    1.0618   0.0546476   244.79914   -39.76924         n.a.     n.a.
 2026-Aug-26 12:00 N   00 14 46.82 +00 03 50.0  00 16 10.45 +00 12 54.5  -3.17612  -1.43862  251.357059  38.104231    7.689   9.284   99.99260  2.354462  292.435740 -19.230072  29.0040655512959 -14.2465024  149.4579 /L    0.9905   0.0581124   245.63196   -34.96644         n.a.     n.a.
 2026-Aug-29 00:00 *   00 14 34.14 +00 02 22.5  00 15 57.77 +00 11 27.2  -3.18255  -1.47775   72.417327 -35.699864    7.688   9.284   99.99366  2.356101  205.406205 -19.249895  28.9838815203625 -13.7911907  151.9215 /L    0.9173   0.0584816   245.09312   -33.94774         n.a.     n.a.
 2026-Aug-31 12:00 Nm  00 14 21.00 +00 00 52.7  00 15 44.68 +00 09 57.6  -3.36841  -1.51410  254.227254  33.637027    7.686   9.284   99.99466  2.357620  118.373833 -19.270579  28.9652157173668 -11.9803414  154.3976 /L    0.8423   0.0615510   245.79606   -29.07426         n.a.     n.a.
 2026-Sep-03 00:00 *   00 14 07.56 -00 00 39.2  00 15 31.25 +00 08 25.9  -3.37062  -1.54684   75.257516 -31.251884    7.685   9.284   99.99559  2.358997   31.337387 -19.291729  28.9483021960619 -11.5175786  156.8692 /L    0.7658   0.0618102   245.34873   -28.03983         n.a.     n.a.
 2026-Sep-05 12:00 Nm  00 13 53.71 -00 02 13.0  00 15 17.49 +00 06 52.5  -3.53146  -1.57678  256.814182  29.104139    7.684   9.284   99.99645  2.360245  304.297577 -19.313655  28.9329968717443  -9.6089383  159.3531 /L    0.6878   0.0644581   245.93941   -23.09024         n.a.     n.a.
 2026-Sep-08 00:00 *   00 13 39.63 -00 03 48.4  00 15 03.44 +00 05 17.5  -3.52873  -1.60228   77.843808 -26.742395    7.683   9.284   99.99723  2.361346  217.253207 -19.335937  28.9195087053354  -9.1344989  161.8320 /L    0.6085   0.0645911   245.57872   -22.03040         n.a.     n.a.
 2026-Sep-10 12:00 Nm  00 13 25.21 -00 05 25.3  00 14 49.06 +00 03 40.8  -3.66145  -1.62462  259.182834  24.520758    7.682   9.284   99.99792  2.362309  130.204912 -19.358900  28.9077166549663  -7.1366742  164.3218 /L    0.5280   0.0667617   246.07268   -17.01488         n.a.     n.a.
 2026-Sep-13 00:00 *m  00 13 10.62 -00 07 03.3  00 14 34.47 +00 02 02.9  -3.65218  -1.64194   80.234594 -22.185860    7.681   9.284   99.99852  2.363120   43.151564 -19.382095  28.8977957010043  -6.6569930  166.8039 /L    0.4467   0.0667383   245.79232   -15.94203         n.a.     n.a.
 2026-Sep-15 12:00 N   00 12 55.76 -00 08 42.3  00 14 19.64 +00 00 24.0  -3.75438  -1.65577  261.384598  19.899015    7.680   9.284   99.99902  2.363787  316.093758 -19.405863  28.8896371168753  -4.5928484  169.2928 /L    0.3645   0.0683881   246.20141   -10.89127         n.a.     n.a.
 2026-Sep-18 00:00 *m  00 12 40.81 -00 10 22.0  00 14 04.72 -00 01 15.5  -3.73849  -1.66505   82.476530 -17.593892    7.680   9.284   99.99942  2.364300  229.030464 -19.429732  28.8833779140652  -4.1200977  171.7656 /L    0.2822   0.0682087   245.99278   -9.821002         n.a.     n.a.
 2026-Sep-20 12:00 N   00 12 25.67 -00 12 02.1  00 13 49.62 -00 02 55.3  -3.80978  -1.67040  263.461356  15.248987    7.680   9.284   99.99971  2.364665  141.962258 -19.454061  28.8789215494057  -2.0125034  174.2256 /L    0.1999   0.0693314   246.32494   -4.758996         n.a.     n.a.
 2026-Sep-23 00:00 *m  00 12 10.52 -00 13 42.4  00 13 34.48 -00 04 35.5  -3.78804  -1.67213   84.608287 -12.976234    7.679   9.284   99.99990  2.364873   54.888201 -19.478362  28.8763726506827  -1.5518696  176.6000 /L    0.1199   0.0690115   246.18222   -3.691709         n.a.     n.a.
 2026-Sep-25 12:00 N   00 11 55.24 -00 15 22.7  00 13 19.22 -00 06 15.7  -3.82870  -1.66934  265.447817  10.579071    7.679   9.284   99.99998  2.364932  327.808836 -19.503010  28.8756508131944   0.5812305  178.4708 /L    0.0540   0.0696133   246.44239   1.3646130         n.a.     n.a.
 2026-Sep-28 00:00 *   00 11 40.02 -00 17 02.7  00 13 03.99 -00 07 55.8  -3.80196  -1.66384   86.662981  -8.341315    7.680   9.284   99.99995  2.364836  240.723312 -19.527508  28.8768305167747   1.0294207  177.5895 /T    0.0758   0.0691681   246.36446   2.4358012         n.a.     n.a.
 2026-Sep-30 12:00 Nm  00 11 24.74 -00 18 42.3  00 12 48.73 -00 09 35.2  -3.81246  -1.65339  267.374084   5.896628    7.680   9.284   99.99981  2.364588  153.632122 -19.552239  28.8798538894706   3.1765445  175.3064 /T    0.1511   0.0692590   246.55458   7.4791770         n.a.     n.a.
 2026-Oct-03 00:00 *   00 11 09.60 -00 20 21.1  00 12 33.61 -00 11 13.9  -3.78087  -1.64039   88.669639  -3.696525    7.680   9.284   99.99957  2.364186   66.534487 -19.576706  28.8847675227107   3.6176298  172.8610 /T    0.2323   0.0686898   246.54558   8.5722724         n.a.     n.a.
 2026-Oct-05 12:00 Nm  00 10 54.47 -00 21 59.0  00 12 18.51 -00 12 51.6  -3.76030  -1.62202  269.267324   1.208376    7.681   9.284   99.99922  2.363632  339.430818 -19.601290  28.8915411277397   5.7706477  170.3646 /T    0.3148   0.0682536   246.66693   13.603683         n.a.     n.a.
 2026-Oct-08 00:00 *   00 10 39.54 -00 23 35.7  00 12 03.59 -00 14 28.3  -3.72256  -1.60060   90.655153   0.951170    7.681   9.284   99.99877  2.362925  252.320422 -19.625492  28.9001863065381   6.2031152  167.8570 /T    0.3969   0.0675347   246.73361   14.725921         n.a.     n.a.
 2026-Oct-10 12:00 N   00 10 24.71 -00 25 11.0  00 11 48.74 -00 16 03.7  -3.66948  -1.57379  271.152769  -3.479375    7.682   9.284   99.99821  2.362066  165.203638 -19.649688  28.9106931050581   8.3426318  165.3310 /T    0.4788   0.0665455   246.78610   19.729953         n.a.     n.a.
 2026-Oct-13 00:00 *m  00 10 10.16 -00 26 44.6  00 11 34.19 -00 17 37.3  -3.62512  -1.54379   92.645272   5.594993    7.683   9.284   99.99757  2.361058   78.079906 -19.673377  28.9230288567514   8.7533560  162.8061 /T    0.5596   0.0656691   246.93278   20.865067         n.a.     n.a.
 2026-Oct-15 12:00 N   00 09 55.79 -00 28 16.2  00 11 19.82 -00 19 08.9  -3.53983  -1.50881  273.055594  -8.160199    7.684   9.284   99.99683  2.359902  350.949514 -19.696935  28.9371994854348  10.8545153  160.2684 /T    0.6396   0.0641328   246.91448   25.816419         n.a.     n.a.
 2026-Oct-18 00:00 *m  00 09 41.77 -00 29 45.6  00 11 05.82 -00 20 38.2  -3.48997  -1.47110   94.665707  10.228202    7.685   9.284   99.99602  2.358604  263.812051 -19.719867  28.9531316922468  11.2332214  157.7354 /T    0.7181   0.0631225   247.14354   26.948326         n.a.     n.a.
 2026-Oct-20 12:00 N   00 09 28.00 -00 31 12.6  00 10 52.04 -00 22 05.3  -3.37403  -1.42853  275.001650 -12.827596    7.687   9.284   99.99512  2.357161  176.667751 -19.742550  28.9708494068260  13.2763747  155.1913 /T    0.7954   0.0610664   247.05271   31.829224         n.a.     n.a.
 2026-Oct-23 00:00 *m  00 09 14.65 -00 32 37.1  00 10 38.68 -00 23 29.8  -3.32004  -1.38414   96.743873  14.843688    7.688   9.284   99.99416  2.355584   89.516333 -19.764495  28.9902462103319  13.6201272  152.6533 /T    0.8709   0.0599502   247.36859   32.952579         n.a.     n.a.
 2026-Oct-25 12:00 Am  00 09 01.61 -00 33 58.6  00 10 25.61 -00 24 51.5  -3.17547  -1.33466  277.018793 -17.474761    7.690   9.284   99.99313  2.353869    2.357974 -19.786081  29.0113650727659  15.5901251  150.1049 /T    0.9449   0.0574091   247.20278   37.750261         n.a.     n.a.
 2026-Oct-28 00:00 *   00 08 49.06 -00 35 17.2  00 10 13.07 -00 26 10.2  -3.11852  -1.28437   98.909849  19.433856    7.691   9.284   99.99205  2.352028  275.192506 -19.806833  29.0340728064123  15.9026721  147.5630 /T    1.0166   0.0562108   247.61565   38.869636         n.a.     n.a.
 2026-Oct-30 12:00 Am  00 08 36.89 -00 36 32.6  00 10 00.89 -00 27 25.5  -2.94695  -1.22845  279.138744 -22.094103    7.693   9.284   99.99093  2.350056  188.020029 -19.827122  29.0584361809894  17.7917137  145.0108 /T    1.0867   0.0532124   247.37089   43.585434         n.a.     n.a.
 2026-Nov-02 00:00 *   00 08 25.26 -00 37 44.7  00 09 49.28 -00 28 37.5  -2.88656  -1.17199  101.197991  23.990204    7.695   9.284   99.98977  2.347967  100.840459 -19.846489  29.0842977504714  18.0793258  142.4651 /T    1.1543   0.0519236   247.90200   44.721336         n.a.     n.a.
 2026-Nov-04 12:00 Am  00 08 14.07 -00 38 53.2  00 09 38.05 -00 29 46.2  -2.68809  -1.10951  281.398389 -26.676981    7.697   9.284   99.98859  2.345753   13.653818 -19.865286  29.1117444593627  19.8744600  139.9092 /T    1.2199   0.0484678   247.57152   49.362850         n.a.     n.a.
 2026-Nov-07 00:00 *   00 08 03.48 -00 39 57.9  00 09 27.46 -00 30 51.1  -2.62333  -1.04648  103.649230  28.502603    7.699   9.284   99.98739  2.343432  286.460142 -19.883075  29.1405830717395  20.1291763  137.3606 /T    1.2827   0.0470726   248.25237   50.518687         n.a.     n.a.
 2026-Nov-09 12:00 A   00 07 53.40 -00 40 58.6  00 09 17.33 -00 31 52.0  -2.39912  -0.97800  283.842469 -31.212935    7.701   9.284   99.98618  2.340995  199.259400 -19.900186  29.1709142606929  21.8083428  134.8024 /T    1.3433   0.0431800   247.82172   55.077233         n.a.     n.a.
 2026-Nov-12 00:00 *m  00 07 43.97 -00 41 55.2  00 09 07.92 -00 32 48.7  -2.33084  -0.90902  106.312948  32.958931    7.704   9.284   99.98498  2.338462  112.051783 -19.916208  29.2025062454950  22.0181485  132.2525 /T    1.4007   0.0416972   248.69435   56.236473         n.a.     n.a.
 2026-Nov-14 12:00 A   00 07 35.11 -00 42 47.6  00 08 59.02 -00 33 41.1  -2.08348  -0.83567  286.526799 -35.688965    7.706   9.284   99.98378  2.335825   24.837203 -19.931453  29.2354760095542  23.5636862  129.6938 /T    1.4558   0.0374137   248.14450   60.701972         n.a.     n.a.
 2026-Nov-17 00:00 *m  00 07 26.95 -00 43 35.5  00 08 50.87 -00 34 29.1  -2.01343  -0.76195  109.250959  37.343993    7.709   9.284   99.98262  2.333105  297.616004 -19.945539  29.2695597206823  23.7229053  127.1444 /T    1.5075   0.0358797   249.27154   61.847370         n.a.     n.a.
 2026-Nov-19 12:00 A   00 07 19.39 -00 44 18.9  00 08 43.26 -00 35 12.7  -1.74591  -0.68473  289.522032 -40.088707    7.711   9.284   99.98148  2.330292  210.388028 -19.958764  29.3048928095503  25.1236094  124.5867 /T    1.5565   0.0312564   248.58530   66.216250         n.a.     n.a.
 2026-Nov-22 00:00 *m  00 07 12.58 -00 44 57.7  00 08 36.44 -00 35 51.8  -1.67580  -0.60756  112.541930  41.638261    7.714   9.284   99.98038  2.327410  123.153753 -19.970774  29.3411872314668  25.2330166  122.0388 /T    1.6021   0.0297089   250.07172   67.334908         n.a.     n.a.
 2026-Nov-24 12:00 Am  00 07 06.42 -00 45 31.8  00 08 30.23 -00 36 26.0  -1.39120  -0.52727  292.919847 -44.390638    7.717   9.284   99.97933  2.324446   35.912949 -19.981851  29.3785971429104  26.4832872  119.4828 /T    1.6448   0.0247961   249.24330   71.607747         n.a.     n.a.
 2026-Nov-27 00:00 *   00 07 01.02 -00 46 01.0  00 08 24.86 -00 36 55.2  -1.32193  -0.44749  116.286739  45.816139    7.720   9.284   99.97834  2.321426  308.666187 -19.991672  29.4168199764820  26.5517168  116.9367 /T    1.6839   0.0232603   251.29839   72.697628         n.a.     n.a.
 2026-Nov-29 12:00 Am  00 06 56.30 -00 46 25.4  00 08 20.11 -00 37 19.6  -1.02199  -0.36417  296.840401 -48.565671    7.723   9.284   99.97741  2.318336  221.413155 -20.000497  29.4560287268119  27.6497282  114.3822 /T    1.7201   0.0180822   250.38710   76.891909         n.a.     n.a.
 2026-Dec-02 00:00 *   00 06 52.38 -00 46 44.8  00 08 16.18 -00 37 39.2  -0.95248  -0.28159  120.616069  49.842831    7.725   9.284   99.97656  2.315201  134.154501 -20.008031  29.4959045026563  27.6800749  111.8374 /T    1.7524   0.0165539   253.53044   77.963133         n.a.     n.a.
 2026-Dec-04 12:00 Am  00 06 49.17 -00 46 59.1  00 08 12.90 -00 37 53.8  -0.63848  -0.19543  301.441040 -52.573700    7.728   9.284   99.97578  2.312009   46.889864 -20.014503  29.5366270681262  28.6110598  109.2844 /T    1.7817   0.0111287   252.98115   82.093672         n.a.     n.a.
 2026-Dec-07 00:00 *   00 06 46.78 -00 47 08.3  00 08 10.51 -00 38 03.2  -0.56878  -0.11043  125.697043  53.670526    7.731   9.284   99.97509  2.308787  319.620010 -20.019654  29.5778532740685  28.5942772  106.7418 /T    1.8071   0.0096568   259.01274   83.115145         n.a.     n.a.
 2026-Dec-09 12:00 A   00 06 45.13 -00 47 12.3  00 08 08.82 -00 38 07.3  -0.24377  -0.02268  306.926250 -56.358015    7.735   9.284   99.97448  2.305520  232.344547 -20.023685  29.6197693907369  29.3436453  104.1915 /T    1.8294   0.0040803   264.68338   87.149795         n.a.     n.a.
 2026-Dec-12 00:00 *m  00 06 44.31 -00 47 11.0  00 08 08.02 -00 38 06.1  -0.17528  0.063777  131.737019  57.232996    7.738   9.284   99.97397  2.302236  145.064358 -20.026376  29.6620115475713  29.2742355  101.6525 /T    1.8476   0.0031087   289.99455   87.819527         n.a.     n.a.
 2026-Dec-14 12:00     00 06 44.26 -00 47 04.6  00 08 07.91 -00 37 59.8  0.157206  0.151705  313.549665 -59.838578    7.741   9.284   99.97356  2.298922   57.779006 -20.027901  29.7047778519323  29.8359199   99.1066 /T    1.8626   0.0036411   46.020316   87.490908         n.a.     n.a.
 2026-Dec-17 00:00 *m  00 06 45.03 -00 46 52.9  00 08 08.68 -00 37 48.4  0.222825  0.238522  138.974828  60.438645    7.744   9.284   99.97325  2.295606  330.489484 -20.028083  29.7476892850820  29.7139907   96.5726 /T    1.8736   0.0054402   43.051228   86.233398         n.a.     n.a.
 2026-Dec-19 12:00     00 06 46.58 -00 46 35.9  00 08 10.15 -00 37 31.7  0.559393  0.325556  321.593986 -62.903585    7.747   9.284   99.97304  2.292271  243.195291 -20.027067  29.7909582542726  30.0886323   94.0323 /T    1.8813   0.0107872   59.801422   82.643595         n.a.     n.a.
 2026-Dec-22 00:00 *m  00 06 48.95 -00 46 13.8  00 08 12.54 -00 37 09.7  0.620706  0.411636  147.637416  63.164946    7.750   9.284   99.97294  2.288949  155.897510 -20.024721  29.8341979918520  29.9202376   91.5044 /T    1.8850   0.0124133   56.448686   81.490634         n.a.     n.a.
 2026-Dec-24 12:00  m  00 06 52.10 -00 45 46.5  00 08 15.65 -00 36 42.5  0.958623  0.497307  331.294653 -65.403543    7.753   9.284   99.97293  2.285621   68.595563 -20.021158  29.8776360981720  30.1148770   88.9702 /T    1.8855   0.0179990   62.580962   77.819270         n.a.     n.a.
 2026-Dec-27 00:00 *   00 06 56.06 -00 45 14.2  00 08 19.64 -00 36 10.2  1.015757  0.582277  157.835219  65.259534    7.756   9.284   99.97304  2.282317  341.290584 -20.016285  29.9208864080984  29.9109326   86.4481 /T    1.8820   0.0195136   60.176768   76.723547         n.a.     n.a.
 2026-Dec-29 12:00  m  00 07 00.79 -00 44 36.7  00 08 24.29 -00 35 32.9  1.354061  0.667021  342.669119 -67.159619    7.760   9.284   99.97324  2.279020  253.981926 -20.010183  29.9641836528396  29.9273174   83.9194 /T    1.8753   0.0251573   63.774795   73.065919         n.a.     n.a.
$$EOE
**********************************************************************************************************************************************************************************************************************************************************************************************
Column meaning:
 
TIME

  Times PRIOR to 1962 are UT1, a mean-solar time closely related to the
prior but now-deprecated GMT. Times AFTER 1962 are in UTC, the current
civil or "wall-clock" time-scale. UTC is kept within 0.9 seconds of UT1
using integer leap-seconds for 1972 and later years.

  Conversion from the internal Barycentric Dynamical Time (TDB) of solar
system dynamics to the non-uniform civil UT time-scale requested for output
has not been determined for UTC times after the next July or January 1st.
Therefore, the last known leap-second is used as a constant over future
intervals.

  Time tags refer to the UT time-scale conversion from TDB on Earth
regardless of observer location within the solar system, although clock
rates may differ due to the local gravity field and no analog to "UT"
may be defined for that location.

  Any 'b' symbol in the 1st-column denotes a B.C. date. First-column blank
(" ") denotes an A.D. date.
 
CALENDAR SYSTEM

  Mixed calendar mode was active such that calendar dates after AD 1582-Oct-15
(if any) are in the modern Gregorian system. Dates prior to 1582-Oct-5 (if any)
are in the Julian calendar system, which is automatically extended for dates
prior to its adoption on 45-Jan-1 BC.  The Julian calendar is useful for
matching historical dates. The Gregorian calendar more accurately corresponds
to the Earth's orbital motion and seasons. A "Gregorian-only" calendar mode is
available if such physical events are the primary interest.

  NOTE: "n.a." in output means quantity "not available" at the print-time.
 
SOLAR PRESENCE (OBSERVING SITE)
  Time tag is followed by a blank, then a solar-presence symbol:

       '*'  Daylight (refracted solar upper-limb on or above apparent horizon)
       'C'  Civil twilight/dawn
       'N'  Nautical twilight/dawn
       'A'  Astronomical twilight/dawn
       ' '  Night OR geocentric ephemeris

LUNAR PRESENCE (OBSERVING SITE)
  The solar-presence symbol is immediately followed by a lunar-presence symbol:

       'm'  Refracted upper-limb of Moon on or above apparent horizon
       ' '  Refracted upper-limb of Moon below apparent horizon OR geocentric
            ephemeris
 
 'R.A._____(ICRF)_____DEC' =
  Astrometric right ascension and declination of the target center with
respect to the observing site (coordinate origin) in the reference frame of
the planetary ephemeris (ICRF). Compensated for down-leg light-time delay
aberration.

  Units: RA  in hours-minutes-seconds of time,    HH MM SS.ff{ffff}
         DEC in degrees-minutes-seconds of arc,  sDD MN SC.f{ffff}
 
 'R.A.__(a-apparent)__DEC' =
  Airless apparent right ascension and declination of the target center
with respect to an instantaneous reference frame defined by the Earth equator
of-date (z-axis) and meridian containing the Earth equinox of-date (x-axis,
EOP-corrected IAU76/80). Compensated for down-leg light-time delay,
gravitational deflection of light, stellar aberration, precession & nutation.
Note: equinox (RA origin) is offset -53 mas from the of-date frame defined
by the IAU06/00a P & N system.

  Units: RA  in hours-minutes-seconds of time,   HH MM SS.ff{ffff}
         DEC in degrees-minutes-seconds of arc, sDD MN SC.f{ffff}
 
 'dRA*cosD d(DEC)/dt' =
  The angular rate of change in apparent RA and DEC of the target. This is
with respect to the non-inertial IAU76/80 Earth true equator and equinox
of-date reference frame.  d(RA)/dt is multiplied by the cosine of declination
to provide a linear rate in the plane-of-sky. Units: ARCSECONDS PER HOUR
 
 'Azi____(a-app)___Elev' =
  Airless apparent azimuth and elevation of target center. Compensated
for light-time, the gravitational deflection of light, stellar aberration,
precession and nutation. Azimuth is measured clockwise from north:

  North(0) -> East(90) -> South(180) -> West(270) -> North (360)

Elevation angle is with respect to a plane perpendicular to the reference
surface local zenith direction. TOPOCENTRIC ONLY.  Units: DEGREES
 
 'APmag   S-brt' =
  The targets' approximate apparent visual magnitude and surface brightness.
For planets and natural satellites, output is restricted to solar phase angles
covered by observational data. Outside the observed phase angle range, "n.a."
may be output to avoid extrapolation beyond the limit of model validity.

   For Earth-based observers, the estimated dimming due to atmospheric
absorption (extinction) is available as a separate, requestable quantity.

   Surface brightness is the average airless visual magnitude of a
square-arcsecond of the illuminated portion of the apparent disk. It is
computed only if the target radius is known.

   Units: MAGNITUDES & MAGNITUDES PER SQUARE ARCSECOND
 
 'Illu%' =
   Fraction of the target objects' assumed circular disk illuminated by Sun
(phase), as seen by the observer.  Units: PERCENT
 
 'Ang-diam' =
   The equatorial angular width of the target body full disk, if it were fully
illuminated and visible to the observer. If the target body diameter is unknown
"n.a." is output.

   Units: ARCSECONDS
 
 'ObsSub-LON ObsSub-LAT' =
   Apparent planetodetic longitude and latitude of the center of the target
disc seen by the OBSERVER at print-time. This is NOT exactly the same as the
"nearest" sub-point for a non-spherical target shape (since the center of the
disc might not be the point closest to the observer), but is generally very
close if not a very irregular body shape. Down-leg light travel-time from
target to observer is taken into account. Latitude is the angle between the
equatorial plane and the line perpendicular to the reference ellipsoid of the
body, so includes body oblateness. The reference ellipsoid is an oblate
spheroid with a single flatness coefficient in which the y-axis body radius
is taken to be the same value as the x-axis radius.  For Jupiter, Saturn, and
Uranus, IAU2015 longitude is based on the "System III" prime meridian rotation
angle of the magnetic field. By contrast, pole direction (thus latitude) is
relative to the body dynamical equator.  There can be an offset between the
magnetic pole and the dynamical pole of rotation. For Neptune, rotation is
IAU2015 "System II" rotation of optically observed features in the Neptunian
atmosphere. Positive longitude is to the WEST for this target. Cartographic
system is specified in the header.  Units: DEGREES DEGREES
 
 'delta      deldot' =
   Apparent range ("delta", light-time aberrated) and range-rate ("delta-dot")
of the target center relative to the observer. A positive "deldot" means the
target center is moving away from the observer, negative indicates movement
toward the observer.  Units: AU and KM/S
 
 'S-O-T /r' =
   Sun-Observer-Target apparent SOLAR ELONGATION ANGLE seen from the observers'
location at print-time.

   The '/r' column provides a code indicating the targets' apparent position
relative to the Sun in the observers' sky, as described below:

   Case A: For an observing location on the surface of a rotating body, that
body rotational sense is considered:

    /T indicates target TRAILS Sun   (evening sky: rises and sets AFTER Sun)
    /L indicates target LEADS Sun    (morning sky: rises and sets BEFORE Sun)

   Case B: For an observing point that does not have a rotational model (such
as a spacecraft), the "leading" and "trailing" condition is defined by the
observers' heliocentric ORBITAL motion:

    * If continuing in the observers' current direction of heliocentric
       motion would encounter the targets' apparent longitude first, followed
       by the Sun's, the target LEADS the Sun as seen by the observer.

    * If the Sun's apparent longitude would be encountered first, followed
       by the targets', the target TRAILS the Sun.

   Two other codes can be output:
    /* indicates observer is Sun-centered    (undefined)
    /? Target is aligned with Sun center     (no lead or trail)

   The S-O-T solar elongation angle is numerically the minimum separation
angle of the Sun and target in the sky in any direction. It does NOT indicate
the amount of separation in the leading or trailing directions, which would
be defined along the equator of a spherical coordinate system.

   Units: DEGREES
 
 'S-T-O' =
   The Sun-Target-Observer angle; the interior vertex angle at target center
formed by a vector from the target to the apparent center of the Sun (at
reflection time on the target) and the apparent vector from target to the
observer at print-time. Slightly different from true PHASE ANGLE (requestable
separately) at the few arcsecond level in that it includes stellar aberration
on the down-leg from target to observer.  Units: DEGREES
 
 'Sky_motion  Sky_mot_PA  RelVel-ANG' =
  Total apparent angular rate of the target in the plane-of-sky. "Sky_mot_PA"
is the position angle of the target's direction of motion in the plane-of-sky,
measured counter-clockwise from the apparent of-date north pole direction.
"RelVel-ANG" is the flight path angle of the target's relative motion with
respect to the observer's line-of-sight, in the range [-90,+90], where positive
values indicate motion away from the observer, negative values are toward the
observer:

  -90 = target is moving directly toward the observer
    0 = target is moving at right angles to the observer's line-of-sight
  +90 = target is moving directly away from the observer

UNITS:  ARCSECONDS/MINUTE, DEGREES, DEGREES
 
 'Lun_Sky_Brt  sky_SNR' =
  Sky brightness due to moonlight scattered by Earth's atmosphere at the
target's position in the sky. "sky_SNR" is the visual signal-to-noise ratio
(SNR) of the target's surface brightness relative to background sky. Output
only for topocentric Earth observers when both the Moon and target are above
the local horizon and the Sun is in astronomical twilight (or further) below
the horizon, and the target is not the Moon or Sun. If all conditions are
not met, "n.a." is output. Galactic brightness, local sky light-pollution
and weather are NOT considered. Lunar opposition surge is considered. The
value returned is accurate under ideal conditions at the approximately 8-23%
level, so is a useful but not definitive value.

  If the target-body radius is also known, "sky_SNR" is output. This is the
approximate visual signal-to-noise ratio of the target's brightness divided
by lunar sky brightness. When sky_SNR < 1, the target is dimmer than the
ideal moonlight-scattering background sky, so unlikely to be detectable at
visual wavelengths. In practice, visibility requires sky_SNR > 1 and a
detector sensitive enough to reach the target's magnitude, even if it isn't
washed out by moonlight. When relating magnitudes and brightness values,
keep in mind their logarithmic relationship m2-m1 = -2.5*log_10(b2/b1).

  UNITS: VISUAL MAGNITUDES / ARCSECOND^2, and unitless ratio

Computations by ...

    Solar System Dynamics Group, Horizons On-Line Ephemeris System
    4800 Oak Grove Drive, Jet Propulsion Laboratory
    Pasadena, CA  91109   USA

    General site: https://ssd.jpl.nasa.gov/
    Mailing list: https://ssd.jpl.nasa.gov/email_list.html
    System news : https://ssd.jpl.nasa.gov/horizons/news.html
    User Guide  : https://ssd.jpl.nasa.gov/horizons/manual.html
    Connect     : browser        https://ssd.jpl.nasa.gov/horizons/app.html#/x
                  API            https://ssd-api.jpl.nasa.gov/doc/horizons.html
                  command-line   telnet ssd.jpl.nasa.gov 6775
                  e-mail/batch   https://ssd.jpl.nasa.gov/ftp/ssd/horizons_batch.txt
                  scripts        https://ssd.jpl.nasa.gov/ftp/ssd/SCRIPTS
    Author      : Jon.D.Giorgini@jpl.nasa.gov

**********************************************************************************************************************************************************************************************************************************************************************************************
