*******************************************************************************
 Revised: April 22, 2021              Neptune                               899
 
 PHYSICAL DATA (update 2021-May-03):
  Mass x10^24 (kg)      = 102.409         Density (g/cm^3)       =  1.638
  Equat. radius (1 bar) = 24766+-15 km    Volume, 10^10 km^3     = 6254     
  Vol. mean radius (km) = 24624+-21       Polar radius (km)      = 24342+-30
  Geometric Albedo      = 0.41            Flattening             =  0.0171
  Sid. rot. period (III)= 16.11+-0.01 hr  Sid. rot. rate (rad/s) =  0.000108338 
  Mean solar day, h     =~16.11 h         
  GM (km^3/s^2)         = 6835099.97      GM 1-sigma (km^3/s^2)  = +-10 
  Equ. grav, ge (m/s^2) = 11.15           Pol. grav, gp (m/s^2)  = 11.41+-0.03
  Visual magnitude V(1,0)= -6.87
  Vis. mag. (opposition)=  +7.84          Obliquity to orbit     = 28.32 deg
  Sidereal orbit period = 164.788501027 y Sidereal orbit period  = 60189 d
  Mean daily motion     = 0.006020076dg/d Mean orbit velocity    =  5.43 km/s 
  Atmos. temp. (1 bar)  =  72+-2 K        Escape speed (1 bar)  =  23.5 km/s     
  Aroche(ice)/Rp        =  2.98           Hill's sphere rad., Rp = 4700
                                 Perihelion  Aphelion    Mean
  Solar Constant (W/m^2)         1.54        1.49        1.51
  Maximum Planetary IR (W/m^2)   0.52        0.52        0.52
  Minimum Planetary IR (W/m^2)   0.52        0.52        0.52
*******************************************************************************


*******************************************************************************
Ephemeris / WWW_USER Mon Apr  6 18:04:38 2026 Pasadena, USA      / Horizons    
*******************************************************************************
Target body name: Neptune (899)                   {source: nep097_merged}
Center body name: Earth (399)                     {source: nep097_merged}
Center-site name: (user defined site below)
*******************************************************************************
Start time      : A.D. 2026-Jan-01 00:00:00.0000 UT      
Stop  time      : A.D. 2026-Dec-31 00:00:00.0000 UT      
Step-size       : 3600 minutes
*******************************************************************************
Target pole/equ : IAU_NEPTUNE                     {West-longitude positive}
Target radii    : 24764.0, 24764.0, 24341.0 km    {Equator_a, b, pole_c}       
Center geodetic : 259.5, 20.5, 1.8                {E-lon(deg),Lat(deg),Alt(km)}
Center cylindric: 259.5, 5978.36359, 2220.25937   {E-lon(deg),Dxy(km),Dz(km)}
Center pole/equ : ITRF93                          {East-longitude positive}
Center radii    : 6378.137, 6378.137, 6356.752 km {Equator_a, b, pole_c}       
Target primary  : Sun
Vis. interferer : MOON (R_eq= 1737.400) km        {source: DE441}
Rel. light bend : Sun                             {source: nep097_merged}
Rel. lght bnd GM: 1.3271E+11 km^3/s^2                                          
Atmos refraction: NO (AIRLESS)
RA format       : HMS
Time format     : CAL 
Calendar mode   : Mixed Julian/Gregorian
EOP file        : eop.260406.p260703                                           
EOP coverage    : DATA-BASED 1962-JAN-20 TO 2026-APR-06. PREDICTS-> 2026-JUL-02
Units conversion: 1 au= 149597870.700 km, c= 299792.458 km/s, 1 day= 86400.0 s 
Table cut-offs 1: Elevation (-90.0deg=NO ),Airmass (>38.000=NO), Daylight (NO )
Table cut-offs 2: Solar elongation (  0.0,180.0=NO ),Local Hour Angle( 0.0=NO )
Table cut-offs 3: RA/DEC angular rate (     0.0=NO )                           
**********************************************************************************************************************************************************************************************************************************************************************************************
 Date__(UT)__HR:MN     R.A._____(ICRF)_____DEC  R.A.__(a-apparent)__DEC  dRA*cosD d(DEC)/dt  Azi____(a-app)___Elev    APmag   S-brt      Illu%  Ang-diam  ObsSub-LON ObsSub-LAT             delta      deldot     S-O-T /r     S-T-O  Sky_motion  Sky_mot_PA  RelVel-ANG  Lun_Sky_Brt  sky_SNR
**********************************************************************************************************************************************************************************************************************************************************************************************
$$SOE
 2026-Jan-01 00:00 *m  23 58 58.57 -01 33 48.3  00 00 18.65 -01 25 07.1  1.602909  0.830041  180.227113  68.081202    7.767   9.284   99.97395  2.271916  292.675204 -20.796407  30.0578777589589  29.4766864   78.9437 /T    1.8505   0.0300845   62.623336   69.653702         n.a.     n.a.
 2026-Jan-03 12:00  m  23 59 05.65 -01 32 56.0  00 00 25.69 -01 24 14.8  1.937046  0.911145    7.659242 -70.746191    7.770   9.284   99.97445  2.268712  205.358398 -20.786903  30.1003220926315  29.1789878   76.4254 /T    1.8332   0.0356773   64.808698   66.016482         n.a.     n.a.
 2026-Jan-06 00:00 *   23 59 13.49 -01 31 59.0  00 00 33.56 -01 23 17.9  1.981347  0.990788  193.075428  67.580817    7.773   9.284   99.97503  2.265562  118.040038 -20.776217  30.1421711514994  28.9086193   73.9199 /T    1.8122   0.0369211   63.432299   65.045274         n.a.     n.a.
 2026-Jan-08 12:00  m  23 59 22.08 -01 30 57.2  00 00 42.07 -01 22 16.3  2.309065  1.069041   21.571637 -69.558230    7.776   9.284   99.97570  2.262447   30.719377 -20.764345  30.1836677043559  28.4341951   71.4083 /T    1.7881   0.0424088   65.157006   61.445756         n.a.     n.a.
 2026-Jan-11 00:00 *   23 59 31.39 -01 29 50.7  00 00 51.38 -01 21 10.1  2.349855  1.146529  204.879743  66.129863    7.779   9.284   99.97645  2.259397  303.397746 -20.751334  30.2244200996773  28.1332626   68.9093 /T    1.7604   0.0435773   63.991558   60.493543         n.a.     n.a.
 2026-Jan-13 12:00  m  23 59 41.44 -01 28 39.7  00 01 01.37 -01 19 59.2  2.669141  1.221300   33.460695 -67.416780    7.782   9.284   99.97728  2.256392  216.074386 -20.737143  30.2646668088823  27.4791011   66.4042 /T    1.7297   0.0489214   65.412917   56.923093         n.a.     n.a.
 2026-Jan-16 00:00 *   23 59 52.18 -01 27 24.2  00 01 12.14 -01 18 43.8  2.705642  1.295876  215.062865  63.893224    7.785   9.284   99.97817  2.253462  128.750684 -20.721863  30.3040156639166  27.1427936   63.9119 /T    1.6955   0.0499994   64.407757   55.988695         n.a.     n.a.
 2026-Jan-18 12:00     00 00 03.64 -01 26 04.3  00 01 23.54 -01 17 23.9  3.013801  1.366337   43.088133 -64.568155    7.787   9.284   99.97913  2.250589   41.425864 -20.705420  30.3427029414554  26.3118442   61.4141 /T    1.6584   0.0551510   65.612349   52.446385         n.a.     n.a.
 2026-Jan-21 00:00 *m  00 00 15.75 -01 24 40.2  00 01 35.67 -01 15 59.9  3.044842  1.436903  223.539641  61.058375    7.790   9.284   99.98013  2.247801  314.101356 -20.687946  30.3803429409708  25.9406072   58.9295 /T    1.6181   0.0561144   64.736728   51.535488         n.a.     n.a.
 2026-Jan-23 12:00     00 00 28.53 -01 23 12.0  00 01 48.38 -01 14 32.0  3.338999  1.502315   50.744273 -61.227484    7.793   9.284   99.98119  2.245079  226.776367 -20.669341  30.4171693193065  24.9408159   56.4401 /T    1.5750   0.0610234   65.775600   48.023747         n.a.     n.a.
 2026-Jan-26 00:00 *m  00 00 41.93 -01 21 40.0  00 02 01.78 -01 13 00.1  3.363449  1.567724  230.508188  57.787912    7.795   9.284   99.98228  2.242452  139.452338 -20.649771  30.4528125644878  24.5426609   53.9644 /T    1.5289   0.0618478   65.009486   47.148257         n.a.     n.a.
 2026-Jan-28 12:00     00 00 55.96 -01 20 04.1  00 02 15.76 -01 11 24.2  3.641172  1.627689   56.858105 -57.551194    7.798   9.284   99.98340  2.239900   52.128453 -20.629113  30.4875050870479  23.3893318   51.4844 /T    1.4801   0.0664737   65.914237   43.672504         n.a.     n.a.
 2026-Jan-31 00:00 *m  00 01 10.55 -01 18 24.6  00 02 30.39 -01 09 44.7  3.659222  1.687603  236.252189  54.205466    7.800   9.284   99.98454  2.237449  324.806118 -20.607567  30.5209021402404  22.9786224   49.0182 /T    1.4286   0.0671605   65.241232   42.840643         n.a.     n.a.
 2026-Feb-02 12:00  m  00 01 25.73 -01 16 41.7  00 02 45.53 -01 08 01.8  3.919712  1.742485   61.814892 -53.645011    7.802   9.284   99.98569  2.235081  237.484496 -20.584978  30.5532319668581  21.6869741   46.5476 /T    1.3747   0.0714928   66.032743   39.395728         n.a.     n.a.
 2026-Feb-05 00:00 *   00 01 41.42 -01 14 55.5  00 03 01.23 -01 06 15.8  3.933013  1.797428  241.038724  50.399265    7.805   9.284   99.98685  2.232820  150.164950 -20.561578  30.5841701722292  21.2692145   44.0903 /T    1.3183   0.0720712   65.439101   38.596461         n.a.     n.a.
 2026-Feb-07 12:00  m  00 01 57.66 -01 13 06.2  00 03 17.41 -01 04 26.6  4.175704  1.847348   65.912907 -49.579122    7.807   9.284   99.98800  2.230650   62.846657 -20.537181  30.6139303127637  19.8426691   41.6282 /T    1.2596   0.0761015   66.135210   35.165370         n.a.     n.a.
 2026-Feb-10 00:00 *   00 02 14.36 -01 11 13.8  00 03 34.12 -01 02 34.4  4.184711  1.897270  245.087171  46.431201    7.809   9.284   99.98914  2.228592  335.530968 -20.512049  30.6422013965356  19.4132025   39.1790 /T    1.1985   0.0765786   65.611347   34.385410         n.a.     n.a.
 2026-Feb-12 12:00 Am  00 02 31.58 -01 09 18.7  00 03 51.31 -01 00 39.2  4.407741  1.941506   69.370836 -45.400083    7.811   9.284   99.99026  2.226631  248.217087 -20.485968  30.6691831303001  17.8564982   36.7252 /T    1.1355   0.0802732   66.227644   30.961701         n.a.     n.a.
 2026-Feb-15 00:00 *   00 02 49.20 -01 07 20.8  00 04 08.95 -00 58 41.3  4.411861  1.985908  248.567827  42.344581    7.812   9.284   99.99135  2.224789  160.906353 -20.459238  30.6945813137367  17.4141883   34.2843 /T    1.0704   0.0806370   65.766096   30.197948         n.a.     n.a.
 2026-Feb-17 12:00 A   00 03 07.28 -01 05 20.5  00 04 27.00 -00 56 41.1  4.613235  2.023721   72.347616 -41.139518    7.814   9.284   99.99241  2.223050   73.597987 -20.431617  30.7185855056182  15.7383684   31.8390 /T    1.0034   0.0839600   66.314036   26.781684         n.a.     n.a.
 2026-Feb-20 00:00 *m  00 03 25.70 -01 03 18.0  00 04 45.42 -00 54 38.6  4.611535  2.061858  251.609966  38.169839    7.816   9.284   99.99342  2.221435  346.293303 -20.403437  30.7409226812926  15.2863274   29.4072 /T    0.9347   0.0841914   65.910155   26.036981         n.a.     n.a.
 2026-Feb-22 12:00 A   00 03 44.54 -01 01 13.3  00 05 04.22 -00 52 34.1  4.789355  2.092730   74.959297 -36.819245    7.817   9.284   99.99438  2.219929  258.991529 -20.374436  30.7617748810960  13.5092083   26.9717 /T    0.8644   0.0871101   66.396858   22.634788         n.a.     n.a.
 2026-Feb-25 00:00 *m  00 04 03.66 -00 59 06.8  00 05 23.36 -00 50 27.5  4.781393  2.124052  254.312072  33.928746    7.819   9.284   99.99528  2.218550  171.693923 -20.344972  30.7808995549743  13.0590183   24.5500 /T    0.7926   0.0871992   66.047630   21.920437         n.a.     n.a.
 2026-Feb-27 12:00 A   00 04 23.13 -00 56 58.6  00 05 42.83 -00 48 19.2  4.935127  2.148384   77.291524 -32.454461    7.820   9.284   99.99612  2.217284   84.399705 -20.314766  30.7984715626702  11.2029688   22.1253 /T    0.7195   0.0897079   66.475303   18.539090         n.a.     n.a.
 2026-Mar-02 00:00 *m  00 04 42.81 -00 54 48.9  00 06 02.54 -00 46 09.5  4.922219  2.173219  256.749548  29.637105    7.821   9.284   99.99688  2.216147  357.110046 -20.284192  30.8142813638588  10.7650163   19.7146 /T    0.6452   0.0896771   66.177963   17.858216         n.a.     n.a.
 2026-Mar-04 12:00 Am  00 05 02.80 -00 52 38.0  00 06 22.49 -00 43 58.6  5.052467  2.191880   79.409150 -28.056296    7.822   9.284   99.99757  2.215125  269.824187 -20.252952  30.8284859305848   8.8422973   17.3011 /T    0.5698   0.0917905   66.547656   14.488728         n.a.     n.a.
 2026-Mar-07 00:00 *   00 05 22.94 -00 50 25.9  00 06 42.64 -00 41 46.5  5.036045  2.210557  258.980794  25.306640    7.823   9.284   99.99819  2.214234  182.543227 -20.221436  30.8409022914666   8.4153212   14.9021 /T    0.4936   0.0916641   66.301071   13.829263         n.a.     n.a.
 2026-Mar-09 12:00 Am  00 05 43.34 -00 48 12.8  00 07 03.02 -00 39 33.5  5.142353  2.223575   81.361909 -23.632892    7.824   9.284   99.99871  2.213461   95.266470 -20.189328  30.8516618994110   6.4301648   12.5013 /T    0.4166   0.0933751   66.616139   10.456743         n.a.     n.a.
 2026-Mar-12 00:00 *   00 06 03.84 -00 45 59.0  00 07 23.55 -00 37 19.6  5.122495  2.235898  261.052403  20.946345    7.824   9.284   99.99915  2.212820    7.994948 -20.157037  30.8606081412496   6.0113531   10.1179 /T    0.3391   0.0931534   66.419394   9.8090221         n.a.     n.a.
 2026-Mar-14 12:00 Am  00 06 24.53 -00 43 44.7  00 07 44.25 -00 35 05.0  5.203568  2.242694   83.189049 -19.190381    7.825   9.284   99.99950  2.212300  280.728030 -20.124232  30.8678510869273   3.9731752    7.7394 /T    0.2613   0.0944381   66.684370   6.4276008         n.a.     n.a.
 2026-Mar-17 00:00 *   00 06 45.26 -00 41 29.9  00 08 05.01 -00 32 50.2  5.179844  2.248408  263.001887  16.563110    7.825   9.284   99.99976  2.211913  193.466677 -20.091344  30.8732626581941   3.5634311    5.3961 /T    0.1838   0.0941130   66.535846   5.7877158         n.a.     n.a.
 2026-Mar-19 12:00 N   00 07 06.13 -00 39 15.0  00 08 25.87 -00 30 35.3  5.234387  2.248316   84.922732 -14.733613    7.825   9.284   99.99992  2.211650  106.210309 -20.058025  30.8769362823789   1.4874952    3.1236 /T    0.1082   0.0949470   66.755121   2.3979015         n.a.     n.a.
 2026-Mar-22 00:00 *m  00 07 26.98 -00 37 00.1  00 08 46.73 -00 28 20.6  5.206093  2.247092  264.860348  12.162316    7.825   9.284   99.99998  2.211518   18.959805 -20.024728  30.8787754426871   1.0926931    1.3826 /T    0.0477   0.0945058   66.653651   1.7685879         n.a.     n.a.
 2026-Mar-24 12:00 N   00 07 47.90 -00 34 45.4  00 09 07.65 -00 26 05.7  5.233472  2.239935   86.589873 -10.266196    7.825   9.284   99.99995  2.211512  291.714612 -19.991093  30.8788635565630  -0.9969641    2.3361 /L    0.0740   0.0948779   66.828990   -1.618309         n.a.     n.a.
 2026-Mar-27 00:00 *m  00 08 08.73 -00 32 31.2  00 09 28.53 -00 23 51.1  5.201175  2.232096  266.655011   7.748310    7.825   9.284   99.99983  2.211635  204.475501 -19.957583  30.8771407487885  -1.3655957    4.5093 /L    0.1459   0.0943317   66.773299   -2.226880         n.a.     n.a.
 2026-Mar-29 12:00 N   00 08 29.58 -00 30 17.7  00 09 49.40 -00 21 37.4  5.202691  2.218852   88.213717  -5.791378    7.825   9.284   99.99960  2.211883  117.241933 -19.923830  30.8736763974510  -3.4484578    6.8240 /L    0.2229   0.0942681   66.902644   -5.603995         n.a.     n.a.
 2026-Apr-01 00:00 *m  00 08 50.29 -00 28 04.9  00 10 10.12 -00 19 24.6  5.168024  2.205036  268.409300   3.324979    7.825   9.284   99.99929  2.212258   30.014578 -19.890298  30.8684412369417  -3.7900077    9.1625 /L    0.3005   0.0936463   66.893552   -6.195914         n.a.     n.a.
 2026-Apr-03 12:00 Nm  00 09 10.96 -00 25 53.1  00 10 30.80 -00 17 12.7  5.144788  2.186490   89.815717  -1.311984    7.824   9.284   99.99888  2.212757  302.792961 -19.856612  30.8614785411518  -5.8587431   11.5186 /L    0.3783   0.0931689   66.974934   -9.573580         n.a.     n.a.
 2026-Apr-06 00:00 *   00 09 31.42 -00 23 42.5  00 10 51.29 -00 15 01.9  5.108351  2.166687  270.145405  -1.104267    7.824   9.284   99.99838  2.213381  215.577665 -19.823235  30.8527872274398  -6.1783539   13.8710 /L    0.4554   0.0924809   67.015965   -10.16127         n.a.     n.a.
 2026-Apr-08 12:00 Nm  00 09 51.80 -00 21 33.2  00 11 11.72 -00 12 52.3  5.060171  2.142851   91.415730   3.169407    7.823   9.284   99.99780  2.214127  128.368300 -19.789795  30.8423820922886  -8.2270472   16.2322 /L    0.5322   0.0915865   67.048605   -13.55203         n.a.     n.a.
 2026-Apr-11 00:00 *   00 10 11.93 -00 19 25.3  00 11 31.88 -00 10 44.2  5.021729  2.116804  271.884725  -5.536078    7.822   9.284   99.99713  2.214995   41.165353 -19.756755  30.8302939839756  -8.5259532   18.5859 /L    0.6080   0.0908274   67.143172   -14.14286         n.a.     n.a.
 2026-Apr-13 12:00 Nm  00 10 31.91 -00 17 19.2  00 11 51.91 -00 08 37.8  4.947995  2.087316   93.033731   7.650102    7.821   9.284   99.99639  2.215986  313.968522 -19.723744  30.8165130122803 -10.5438975   20.9467 /L    0.6831   0.0895041   67.127508   -17.55422         n.a.     n.a.
 2026-Apr-16 00:00 *   00 10 51.58 -00 15 14.9  00 12 11.59 -00 06 33.4  4.907063  2.054880  273.648645  -9.967164    7.820   9.284   99.99558  2.217095  226.778183 -19.691225  30.8011034553499 -10.8196083   23.2989 /L    0.7568   0.0886657   67.278028   -18.15123         n.a.     n.a.
 2026-Apr-18 12:00 C   00 11 11.06 -00 13 12.6  00 12 31.10 -00 04 30.9  4.807174  2.019231   94.690557  12.127263    7.819   9.284   99.99469  2.218324  139.594111 -19.658834  30.7840369942903 -12.7895777   25.6576 /L    0.8296   0.0869007   67.215389   -21.58378         n.a.     n.a.
 2026-Apr-21 00:00 *m  00 11 30.16 -00 11 12.6  00 12 50.26 -00 02 30.5  4.763487  1.980609  275.460026 -14.393997    7.817   9.284   99.99375  2.219667   52.416557 -19.627032  30.7654144321092 -13.0328268   28.0071 /L    0.9007   0.0859807   67.422961   -22.17978         n.a.     n.a.
 2026-Apr-23 12:00 C   00 11 49.01 -00 09 14.9  00 13 09.18 -00 00 32.4  4.638433  1.939167   96.408692  16.597830    7.816   9.284   99.99275  2.221126  325.245330 -19.595456  30.7451966682317 -14.9306329   30.3624 /L    0.9707   0.0837911   67.311896   -25.61992         n.a.     n.a.
 2026-Apr-26 00:00 *m  00 12 07.43 -00 07 19.8  00 13 27.64 +00 01 23.0  4.593507  1.895476  277.343982 -18.812584    7.814   9.284   99.99171  2.222694  238.080554 -19.564559  30.7235167432358 -15.1359980   32.7082 /L    1.0387   0.0828203   67.576874   -26.20574         n.a.     n.a.
 2026-Apr-28 12:00 C   00 12 25.55 -00 05 27.4  00 13 45.81 +00 03 15.6  4.445622  1.849251   98.213951  21.057897    7.813   9.284   99.99062  2.224373  150.922087 -19.533980  30.7003159887987 -16.9498960   35.0601 /L    1.1054   0.0802484   67.414094   -29.65057         n.a.     n.a.
 2026-May-01 00:00 *   00 12 43.21 -00 03 37.9  00 14 03.49 +00 05 05.3  4.400494  1.801049  279.329189 -23.218086    7.811   9.284   99.98950  2.226155   63.769962 -19.504158  30.6757498201237 -17.1245860   37.4029 /L    1.1698   0.0792467   67.741530   -30.23563         n.a.     n.a.
 2026-May-03 12:00 Cm  00 13 00.51 -00 01 51.3  00 14 20.86 +00 06 52.3  4.230946  1.750481  100.136360  25.502713    7.809   9.284   99.98834  2.228044  336.624118 -19.474741  30.6497344829692 -18.8500841   39.7524 /L    1.2328   0.0763128   67.523514   -33.69501         n.a.     n.a.
 2026-May-06 00:00 *   00 13 17.31 -00 00 07.8  00 14 37.71 +00 08 36.2  4.185426  1.697591  281.450040 -27.604389    7.807   9.284   99.98718  2.230029  249.484499 -19.446152  30.6224497847673 -18.9999124   42.0934 /L    1.2933   0.0752765   67.922740   -34.29191         n.a.     n.a.
 2026-May-08 12:00 Cm  00 13 33.71 +00 01 32.5  00 14 54.20 +00 10 16.8  3.994549  1.642762  102.212433  29.926200    7.805   9.284   99.98599  2.232119  162.351133 -19.418058  30.5937878375267 -20.6303220   44.4419 /L    1.3521   0.0719859   67.645041   -37.77659         n.a.     n.a.
 2026-May-11 00:00 *   00 13 49.56 +00 03 09.3  00 15 10.09 +00 11 54.1  3.948089  1.584900  283.748317 -31.963812    7.803   9.284   99.98481  2.234297   75.223861 -19.390862  30.5639573349645 -20.7555157   46.7824 /L    1.4084   0.0709055   68.127759   -38.39257         n.a.     n.a.
 2026-May-13 12:00 *m  00 14 04.96 +00 04 42.7  00 15 25.56 +00 13 27.7  3.735980  1.525684  104.488109  34.320307    7.801   9.284   99.98363  2.236575  348.102799 -19.364251  30.5328290277453 -22.2805979   49.1311 /L    1.4626   0.0672583   67.786086   -41.91201         n.a.     n.a.
 2026-May-16 00:00 *m  00 14 19.78 +00 06 12.4  00 15 40.41 +00 14 57.8  3.687986  1.462780  286.276520 -36.286375    7.799   9.284   99.98246  2.238935  260.987670 -19.338609  30.5006431570447 -22.3759300   51.4720 /L    1.5141   0.0661248   68.365053   -42.54837         n.a.     n.a.
 2026-May-18 12:00 *   00 14 34.10 +00 07 38.3  00 15 54.84 +00 16 24.2  3.455105  1.399119  107.022056  38.674462    7.796   9.284   99.98131  2.241389  173.878657 -19.313645  30.4672566475120 -23.7780573   53.8210 /L    1.5635   0.0621273   67.954878   -46.10369         n.a.     n.a.
 2026-May-21 00:00 *m  00 14 47.79 +00 09 00.3  00 16 08.60 +00 17 46.7  3.406202  1.332044  289.102425 -40.558690    7.794   9.284   99.98019  2.243916   86.775339 -19.289719  30.4329431460825 -23.8326902   56.1621 /L    1.6098   0.0609566   68.641312   -46.74580         n.a.     n.a.
 2026-May-23 12:00 *   00 15 00.95 +00 10 18.2  00 16 21.85 +00 19 05.1  3.155202  1.264865  109.891300  42.974117    7.791   9.284   99.97910  2.246529  359.677945 -19.266555  30.3975480614805 -25.0958981   58.5111 /L    1.6538   0.0566549   68.155028   -50.32513         n.a.     n.a.
 2026-May-26 00:00 *m  00 15 13.45 +00 11 32.1  00 16 34.37 +00 20 19.3  3.107181  1.195024  292.314250 -44.762518    7.789   9.284   99.97806  2.249206  272.585942 -19.244485  30.3613641698222 -25.1130267   60.8521 /L    1.6947   0.0554844   68.963226   -50.96418         n.a.     n.a.
 2026-May-28 12:00 *   00 15 25.37 +00 12 41.7  00 16 46.39 +00 21 29.3  2.840506  1.124935  113.198674  47.198814    7.786   9.284   99.97706  2.251961  185.499630 -19.223248  30.3242177318103 -26.2352389   63.2016 /L    1.7332   0.0509192   68.394790   -54.57147         n.a.     n.a.
 2026-May-31 00:00 *   00 15 36.61 +00 13 47.1  00 16 57.68 +00 22 35.1  2.793536  1.052727  296.029637 -48.872194    7.783   9.284   99.97612  2.254772   98.418403 -19.203151  30.2864136133448 -26.2245482   65.5437 /L    1.7683   0.0497552   69.351383   -55.21742         n.a.     n.a.
 2026-Jun-02 12:00 *m  00 15 47.25 +00 14 48.1  00 17 08.43 +00 23 36.7  2.512508  0.979889  117.082929  51.319625    7.780   9.284   99.97525  2.257653   11.342636 -19.183956  30.2477616249434 -27.2029173   67.8950 /L    1.8009   0.0449471   68.694010   -58.86322         n.a.     n.a.
 2026-Jun-05 00:00 *   00 15 57.19 +00 15 44.7  00 17 18.42 +00 24 33.8  2.465943  0.905191  300.405970 -52.851307    7.778   9.284   99.97444  2.260582  284.271651 -19.165938  30.2085812854745 -27.1692131   70.2395 /L    1.8301   0.0437805   69.842980   -59.52735         n.a.     n.a.
 2026-Jun-07 12:00 *m  00 16 06.49 +00 16 36.7  00 17 27.83 +00 25 26.3  2.171546  0.829760  121.733534  55.294379    7.775   9.284   99.97371  2.263572  197.205890 -19.148891  30.1686686105541 -27.9980005   72.5941 /L    1.8566   0.0387446   69.087855   -63.22260         n.a.     n.a.
 2026-Jun-10 00:00 *   00 16 15.06 +00 17 24.2  00 17 36.43 +00 26 14.2  2.124594  0.752340  305.652651 -56.647496    7.772   9.284   99.97305  2.266601  110.144591 -19.133055  30.1283616560878 -27.9401901   74.9425 /L    1.8795   0.0375644   70.500432   -63.91233         n.a.     n.a.
 2026-Jun-12 12:00 *m  00 16 22.96 +00 18 07.1  00 17 44.44 +00 26 57.5  1.817754  0.674506  127.406538  59.060927    7.784   9.300   99.97248  2.269683   23.088259 -19.118259  30.0874456560131 -28.6100804   77.3015 /L    1.8997   0.0323144   69.641851   -67.66821         n.a.     n.a.
 2026-Jun-15 00:00 *m  00 16 30.12 +00 18 45.2  00 17 51.66 +00 27 36.2  1.770075  0.594537  312.041445 -60.184403    7.781   9.300   99.97201  2.272792  296.036022 -19.104707  30.0462817415734 -28.5194146   79.6546 /L    1.9162   0.0311209   71.433705   -68.38050         n.a.     n.a.
 2026-Jun-17 12:00 *   00 16 36.59 +00 19 18.5  00 17 58.26 +00 28 10.2  1.452890  0.515043  134.434361  62.527043    7.779   9.300   99.97162  2.275946  208.988425 -19.092259  30.0046502246966 -29.0162484   82.0182 /L    1.9299   0.0256913   70.480822   -72.19662         n.a.     n.a.
 2026-Jun-20 00:00 *m  00 16 42.29 +00 19 47.0  00 18 04.01 +00 28 39.2  1.406158  0.433933  319.897342 -63.351441    7.776   9.300   99.97133  2.279115  121.944473 -19.081076  29.9629317248838 -28.8857175   84.3755 /L    1.9398   0.0245265   72.850033   -72.90588         n.a.     n.a.
 2026-Jun-22 12:00 *   00 16 47.28 +00 20 10.6  00 18 09.10 +00 29 03.2  1.082228  0.353934  143.203676  65.556786    7.773   9.300   99.97114  2.282317   34.904758 -19.071044  29.9208954014805 -29.2079406   86.7432 /L    1.9467   0.0189772   71.890076   -76.77582         n.a.     n.a.
 2026-Jun-25 00:00 *m  00 16 51.51 +00 20 29.4  00 18 13.36 +00 29 22.5  1.037692  0.272823  329.534639 -65.993781    7.770   9.300   99.97104  2.285523  307.868217 -19.062284  29.8789248198823 -29.0465104   89.1046 /L    1.9499   0.0178826   75.269524   -77.46384         n.a.     n.a.
 2026-Jun-27 12:00 *   00 16 55.01 +00 20 43.4  00 18 16.99 +00 29 37.0  0.709172  0.192514  154.037253  67.961061    7.767   9.300   99.97105  2.288751  220.835510 -19.054708  29.8367777231707 -29.1990358   91.4770 /L    1.9501   0.0122473   74.812303   -81.39769         n.a.     n.a.
 2026-Jun-30 00:00 *   00 16 57.76 +00 20 52.5  00 18 19.79 +00 29 46.7  0.666496  0.111762  341.080932 -67.913363    7.763   9.300   99.97116  2.291973  133.805526 -19.048404  29.7948378394113 -29.0145004   93.8436 /L    1.9465   0.0112634   80.480900   -82.04098         n.a.     n.a.
 2026-Jul-02 12:00 *m  00 16 59.77 +00 20 56.8  00 18 21.92 +00 29 51.5  0.334984  0.031161  166.909503  69.509454    7.760   9.300   99.97136  2.295207   46.778974 -19.043312  29.7528587068799 -28.9975216   96.2218 /L    1.9399   0.0056072   84.685557   -86.02182         n.a.     n.a.
 2026-Jul-05 00:00 *   00 17 01.02 +00 20 56.3  00 18 23.21 +00 29 51.5  0.293384  -0.04918  354.188489 -68.903077    7.757   9.300   99.97167  2.298423  319.754705 -19.039483  29.7112246178338 -28.7929792   98.5949 /L    1.9296   0.0049580   99.516767   -86.46120         n.a.     n.a.
 2026-Jul-07 12:00 Cm  00 17 01.53 +00 20 50.9  00 18 23.82 +00 29 46.5  -0.03958  -0.12987  181.089466  69.992936    7.754   9.300   99.97207  2.301641  232.733457 -19.036894  29.6696894525044 -28.6032433  100.9802 /L    1.9162   0.0022628   196.95075   -88.37485         n.a.     n.a.
 2026-Jul-10 00:00 *   00 17 01.29 +00 20 40.7  00 18 23.61 +00 29 36.8  -0.08085  -0.20982    7.876757 -68.823529    7.735   9.284   99.97257  2.304829  145.714030 -19.035554  29.6286413030275 -28.3753370  103.3611 /L    1.8992   0.0037477   201.07363   -87.29181         n.a.     n.a.
 2026-Jul-12 12:00 Cm  00 17 00.30 +00 20 25.7  00 18 22.76 +00 29 22.4  -0.41330  -0.28994  195.184207  69.328141    7.732   9.284   99.97316  2.308008   58.697178 -19.035478  29.5878385099999 -28.0054517  105.7546 /L    1.8790   0.0084143   234.94934   -83.86668         n.a.     n.a.
 2026-Jul-15 00:00 *m  00 16 58.57 +00 20 05.9  00 18 21.09 +00 29 03.3  -0.45370  -0.36884   20.870174 -67.678103    7.730   9.284   99.97384  2.311145  331.681627 -19.036629  29.5476767679388 -27.7446747  108.1436 /L    1.8551   0.0097451   230.89045   -82.84947         n.a.     n.a.
 2026-Jul-17 12:00 C   00 16 56.09 +00 19 41.5  00 18 18.73 +00 28 39.3  -0.78190  -0.44687  207.849983  67.609412    7.727   9.284   99.97461  2.314259  244.668130 -19.039056  29.5079179164774 -27.1908880  110.5449 /L    1.8282   0.0150099   240.25123   -78.86114         n.a.     n.a.
 2026-Jul-20 00:00 *m  00 16 52.90 +00 19 12.3  00 18 15.55 +00 28 10.6  -0.81936  -0.52330   32.243451 -65.609813    7.724   9.284   99.97545  2.317319  157.655353 -19.042669  29.4689548918160 -26.8987410  112.9412 /L    1.7977   0.0162035   237.43465   -77.88917         n.a.     n.a.
 2026-Jul-22 12:00 C   00 16 48.97 +00 18 38.7  00 18 11.72 +00 27 37.3  -1.13995  -0.59829  218.446762  65.047020    7.721   9.284   99.97636  2.320343   70.644092 -19.047550  29.4305432949111 -26.1734036  115.3496 /L    1.7643   0.0214569   242.30771   -73.74115         n.a.     n.a.
 2026-Jul-25 00:00 *m  00 16 44.35 +00 18 00.5  00 18 07.14 +00 26 59.7  -1.17402  -0.67164   41.706317 -62.822706    7.718   9.284   99.97735  2.323302  343.632991 -19.053567  29.3930638920011 -25.8593317  117.7532 /L    1.7274   0.0225427   240.22677   -72.79090         n.a.     n.a.
 2026-Jul-27 12:00 C   00 16 39.01 +00 17 18.1  00 18 01.93 +00 26 17.7  -1.48520  -0.74358  227.008590  61.865382    7.715   9.284   99.97839  2.326214  256.622889 -19.060831  29.3562722708712 -24.9727314  120.1692 /L    1.6875   0.0276824   243.40463   -68.52781         n.a.     n.a.
 2026-Jul-30 00:00 *   00 16 33.03 +00 16 31.3  00 17 55.98 +00 25 31.5  -1.51632  -0.81351   49.415394 -59.508588    7.713   9.284   99.97948  2.329049  169.612421 -19.069173  29.3205360952202 -24.6415796  122.5806 /L    1.6444   0.0286794   241.78651   -67.58435         n.a.     n.a.
 2026-Aug-01 12:00 Cm  00 16 26.34 +00 15 40.4  00 17 49.39 +00 24 41.0  -1.81649  -0.88247  233.876647  58.245769    7.710   9.284   99.98062  2.331826   82.602441 -19.078736  29.2856189330478 -23.5989640  125.0050 /L    1.5985   0.0336584   244.08899   -63.21151         n.a.     n.a.
 2026-Aug-04 00:00 *   00 16 19.04 +00 14 45.5  00 17 42.10 +00 23 46.4  -1.84538  -0.94875   55.691929 -55.816822    7.708   9.284   99.98180  2.334516  355.591585 -19.089316  29.2518742017502 -23.2515264  127.4254 /L    1.5494   0.0345831   242.79124   -62.26019         n.a.     n.a.
 2026-Aug-06 12:00 Cm  00 16 11.06 +00 13 46.5  00 17 34.21 +00 22 47.8  -2.13278  -1.01451  239.434704  54.317836    7.705   9.284   99.98300  2.337136  268.580692 -19.101087  29.2190804316731 -22.0530062  129.8592 /L    1.4977   0.0393630   244.56068   -57.77256         n.a.     n.a.
 2026-Aug-09 00:00 *   00 16 02.49 +00 12 43.7  00 17 25.70 +00 21 45.6  -2.15962  -1.07676   60.857349 -51.854008    7.703   9.284   99.98423  2.339658  181.568393 -19.113808  29.1875791056688 -21.6837930  132.2894 /L    1.4430   0.0402195   243.49981   -56.80008         n.a.     n.a.
 2026-Aug-11 12:00 Cm  00 15 53.29 +00 11 37.3  00 17 16.60 +00 20 39.6  -2.43127  -1.13818  244.007169  50.170204    7.701   9.284   99.98546  2.342099   94.555483 -19.127681  29.1571669398893 -20.3275648  134.7330 /L    1.3856   0.0447416   244.91374   -52.19906         n.a.     n.a.
 2026-Aug-14 00:00 *m  00 15 43.54 +00 10 27.2  00 17 06.88 +00 19 30.0  -2.45452  -1.19530   65.177545 -47.694242    7.698   9.284   99.98670  2.344430    7.540583 -19.142423  29.1281715211439 -19.9327816  137.1728 /L    1.3256   0.0455015   244.03491   -51.21112         n.a.     n.a.
 2026-Aug-16 12:00 C   00 15 33.19 +00 09 13.8  00 16 56.60 +00 18 16.8  -2.70637  -1.25073  247.841681  45.862896    7.696   9.284   99.98793  2.346668  280.524462 -19.158264  29.1003985911613 -18.4302161  139.6253 /L    1.2631   0.0496901   245.19634   -46.51939         n.a.     n.a.
 2026-Aug-19 00:00 *m  00 15 22.35 +00 07 57.2  00 16 45.78 +00 17 00.5  -2.72462  -1.30194   68.856930 -43.389035    7.694   9.284   99.98915  2.348786  193.505764 -19.174874  29.0741508808596 -18.0190572  142.0734 /L    1.1982   0.0503284   244.45953   -45.53401         n.a.     n.a.
 2026-Aug-21 12:00 N   00 15 10.96 +00 06 37.5  00 16 34.47 +00 15 41.3  -2.95452  -1.35087  251.121651  41.437464    7.693   9.284   99.99034  2.350801  106.485271 -19.192514  29.0492374327786 -16.3909208  144.5339 /L    1.1311   0.0541450   245.42919   -40.76757         n.a.     n.a.
 2026-Aug-24 00:00 *m  00 14 59.15 +00 05 15.1  00 16 22.69 +00 14 19.2  -2.96797  -1.39610   72.048497 -38.974599    7.691   9.284   99.99149  2.352688   19.461668 -19.210819  29.0259361128631 -15.9705686  146.9897 /L    1.0618   0.0546654   244.80816   -39.78587         n.a.     n.a.
 2026-Aug-26 12:00 N   00 14 46.82 +00 03 50.0  00 16 10.45 +00 12 54.5  -3.17482  -1.43863  253.981809  36.923150    7.689   9.284   99.99260  2.354462  292.435737 -19.230076  29.0040662534856 -14.2321784  149.4579 /L    0.9905   0.0580927   245.62300   -34.94849         n.a.     n.a.
 2026-Aug-29 00:00 *   00 14 34.14 +00 02 22.5  00 15 57.77 +00 11 27.2  -3.18396  -1.47775   74.867083 -34.477159    7.688   9.284   99.99366  2.356101  205.406204 -19.249895  28.9838807708594 -13.8051679  151.9215 /L    0.9173   0.0585029   245.10292   -33.96499         n.a.     n.a.
 2026-Aug-31 12:00 Nm  00 14 21.00 +00 00 52.7  00 15 44.68 +00 09 57.6  -3.36690  -1.51411  256.521867  32.341035    7.686   9.284   99.99466  2.357620  118.373830 -19.270583  28.9652165309359 -11.9667400  154.3976 /L    0.8423   0.0615281   245.78634   -29.05570         n.a.     n.a.
 2026-Sep-03 00:00 *   00 14 07.56 -00 00 39.2  00 15 31.25 +00 08 25.9  -3.37224  -1.54684   77.399374 -29.916059    7.685   9.284   99.99559  2.358997   31.337385 -19.291729  28.9483013357321 -11.5307793  156.8691 /L    0.7658   0.0618347   245.35922   -28.05767         n.a.     n.a.
 2026-Sep-05 12:00 Nm  00 13 53.71 -00 02 13.0  00 15 17.49 +00 06 52.5  -3.52974  -1.57679  258.817213  27.706921    7.684   9.284   99.99645  2.360245  304.297574 -19.313659  28.9329977905136  -9.5961657  159.3531 /L    0.6878   0.0644320   245.92900   -23.07111         n.a.     n.a.
 2026-Sep-08 00:00 *   00 13 39.63 -00 03 48.4  00 15 03.44 +00 05 17.5  -3.53054  -1.60228   79.711780 -25.305977    7.683   9.284   99.99723  2.361346  217.253206 -19.335937  28.9195077406962  -9.1468201  161.8319 /L    0.6085   0.0646185   245.58982   -22.04880         n.a.     n.a.
 2026-Sep-10 12:00 Nm  00 13 25.21 -00 05 25.2  00 14 49.06 +00 03 40.8  -3.65955  -1.62462  260.925631  23.032939    7.682   9.284   99.99792  2.362309  130.204909 -19.358903  28.9077176718988  -7.1248303  164.3218 /L    0.5280   0.0667327   246.06162   -16.99522         n.a.     n.a.
 2026-Sep-13 00:00 *m  00 13 10.62 -00 07 03.3  00 14 34.47 +00 02 02.9  -3.65417  -1.64194   81.856629 -20.658639    7.681   9.284   99.99852  2.363120   43.151563 -19.382096  28.8977946394220  -6.6683383  166.8039 /L    0.4467   0.0667685   245.80401   -15.96094         n.a.     n.a.
 2026-Sep-15 12:00 N   00 12 55.76 -00 08 42.3  00 14 19.64 +00 00 24.0  -3.75231  -1.65577  262.892662  18.328868    7.680   9.284   99.99902  2.363787  316.093754 -19.405866  28.8896382241302  -4.5820258  169.2928 /L    0.3645   0.0683565   246.18971   -10.87114         n.a.     n.a.
 2026-Sep-18 00:00 *m  00 12 40.81 -00 10 21.9  00 14 04.72 -00 01 15.4  -3.74065  -1.66505   83.875612 -15.983542    7.680   9.284   99.99942  2.364300  229.030464 -19.429733  28.8833767637061  -4.1303782  171.7656 /L    0.2822   0.0682415   246.00504   -9.840378         n.a.     n.a.
 2026-Sep-20 12:00 N   00 12 25.67 -00 12 02.1  00 13 49.62 -00 02 55.3  -3.80755  -1.67040  264.755492  13.602944    7.680   9.284   99.99971  2.364664  141.962254 -19.454064  28.8789227384094  -2.0027869  174.2256 /L    0.1999   0.0692974   246.31261   -4.738464         n.a.     n.a.
 2026-Sep-23 00:00 *m  00 12 10.52 -00 13 42.4  00 13 34.48 -00 04 35.5  -3.79035  -1.67213   85.803385 -11.288750    7.679   9.284   99.99990  2.364873   54.888201 -19.478363  28.8763714204414  -1.5610051  176.6000 /L    0.1199   0.0690466   246.19506   -3.711468         n.a.     n.a.
 2026-Sep-25 12:00 N   00 11 55.24 -00 15 22.7  00 13 19.22 -00 06 15.7  -3.82633  -1.66934  266.545061   8.862104    7.679   9.284   99.99998  2.364932  327.808832 -19.503013  28.8756520747058   0.5897652  178.4709 /L    0.0540   0.0695771   246.42942   1.3854525         n.a.     n.a.
 2026-Sep-28 00:00 *   00 11 40.02 -00 17 02.7  00 13 03.99 -00 07 55.7  -3.80439  -1.66385   87.669840  -6.581331    7.680   9.284   99.99995  2.364836  240.723313 -19.527509  28.8768292161929   1.0215016  177.5896 /T    0.0758   0.0692053   246.37787   2.4157399         n.a.     n.a.
 2026-Sep-30 12:00 Nm  00 11 24.74 -00 18 42.3  00 12 48.73 -00 09 35.2  -3.80997  -1.65338  268.288463   4.112517    7.680   9.284   99.99981  2.364588  153.632117 -19.552242  28.8798552136647   3.1838308  175.3064 /T    0.1511   0.0692209   246.54095   7.5002346         n.a.     n.a.
 2026-Oct-03 00:00 *   00 11 09.60 -00 20 21.1  00 12 33.61 -00 11 13.9  -3.78341  -1.64040   89.501442  -1.867567    7.680   9.284   99.99957  2.364186   66.534488 -19.576707  28.8847661619007   3.6109885  172.8611 /T    0.2323   0.0687287   246.55959   8.5519814         n.a.     n.a.
 2026-Oct-05 12:00 Nm  00 10 54.47 -00 21 59.0  00 12 18.51 -00 12 51.6  -3.75771  -1.62201  270.010485  -0.640098    7.681   9.284   99.99922  2.363632  339.430812 -19.601293  28.8915425042959   5.7766292  170.3646 /T    0.3148   0.0682140   246.65262   13.624891         n.a.     n.a.
 2026-Oct-08 00:00 *   00 10 39.54 -00 23 35.7  00 12 03.59 -00 14 28.3  -3.72519  -1.60060   91.323093   2.846519    7.681   9.284   99.99877  2.362925  252.320424 -19.625493  28.9001848960886   6.1978030  167.8571 /T    0.3969   0.0675751   246.74825   14.705449         n.a.     n.a.
 2026-Oct-10 12:00 N   00 10 24.71 -00 25 11.0  00 11 48.74 -00 16 03.7  -3.66681  -1.57379  271.734512  -5.390277    7.682   9.284   99.99821  2.362066  165.203632 -19.649690  28.9106945232433   8.3472626  165.3309 /T    0.4788   0.0665046   246.77105   19.751266         n.a.     n.a.
 2026-Oct-13 00:00 *m  00 10 10.16 -00 26 44.6  00 11 34.19 -00 17 37.3  -3.62782  -1.54380   93.159065   7.554959    7.683   9.284   99.99757  2.361059   78.079908 -19.673378  28.9230274076375   8.7494135  162.8062 /T    0.5596   0.0657106   246.94810   20.844453         n.a.     n.a.
 2026-Oct-15 12:00 N   00 09 55.79 -00 28 16.2  00 11 19.82 -00 19 08.9  -3.53710  -1.50880  273.484364 -10.132348    7.684   9.284   99.99683  2.359902  350.949508 -19.696938  28.9372009342067  10.8577604  160.2684 /T    0.6396   0.0640910   246.89860   25.837792         n.a.     n.a.
 2026-Oct-18 00:00 *m  00 09 41.77 -00 29 45.6  00 11 05.82 -00 20 38.2  -3.49272  -1.47110   95.034086  12.251714    7.685   9.284   99.99602  2.358604  263.812054 -19.719869  28.9531302157373  11.2306780  157.7355 /T    0.7181   0.0631647   247.15962   26.927619         n.a.     n.a.
 2026-Oct-20 12:00 N   00 09 28.00 -00 31 12.6  00 10 52.04 -00 22 05.3  -3.37127  -1.42853  275.285021 -14.860489    7.687   9.284   99.99512  2.357161  176.667744 -19.742552  28.9708508749279  13.2782102  155.1913 /T    0.7954   0.0610240   247.03589   31.850606         n.a.     n.a.
 2026-Oct-23 00:00 *m  00 09 14.65 -00 32 37.0  00 10 38.68 -00 23 29.8  -3.32281  -1.38414   96.975122  16.930315    7.688   9.284   99.99416  2.355584   89.516336 -19.764497  28.9902447178823  13.6190011  152.6534 /T    0.8709   0.0599929   247.38554   32.931828         n.a.     n.a.
 2026-Oct-25 12:00 Nm  00 09 01.61 -00 33 58.6  00 10 25.61 -00 24 51.5  -3.17269  -1.33466  277.163995 -19.568518    7.690   9.284   99.99313  2.353869    2.357968 -19.786083  29.0113665488222  15.5905385  150.1049 /T    0.9449   0.0573665   247.18489   37.771601         n.a.     n.a.
 2026-Oct-28 00:00 *   00 08 49.06 -00 35 17.2  00 10 13.07 -00 26 10.2  -3.12129  -1.28437   99.012421  21.583744    7.691   9.284   99.99205  2.352028  275.192509 -19.806835  29.0340713095673  15.9029702  147.5631 /T    1.0166   0.0562536   247.63357   38.848890         n.a.     n.a.
 2026-Oct-30 12:00 Nm  00 08 36.89 -00 36 32.6  00 10 00.89 -00 27 25.5  -2.94419  -1.22846  279.153334 -24.249432    7.693   9.284   99.99093  2.350056  188.020022 -19.827124  29.0584376536112  17.7907038  145.0107 /T    1.0867   0.0531699   247.35175   43.606687         n.a.     n.a.
 2026-Nov-02 00:00 *   00 08 25.26 -00 37 44.7  00 09 49.28 -00 28 37.5  -2.88931  -1.17199  101.181322  26.204012    7.695   9.284   99.98977  2.347967  100.840462 -19.846491  29.0842962607671  18.0810436  142.4652 /T    1.1543   0.0519661   247.92107   44.700622         n.a.     n.a.
 2026-Nov-04 12:00 Nm  00 08 14.07 -00 38 53.1  00 09 38.05 -00 29 46.1  -2.68536  -1.10952  281.291142 -28.895128    7.697   9.284   99.98859  2.345753   13.653811 -19.865288  29.1117459172381  19.8720368  139.9092 /T    1.2199   0.0484257   247.55088   49.384003         n.a.     n.a.
 2026-Nov-07 00:00 *   00 08 03.48 -00 39 57.8  00 09 27.46 -00 30 51.1  -2.62604  -1.04647  103.524880  30.781433    7.699   9.284   99.98739  2.343432  286.460145 -19.883077  29.1405816005991  20.1322983  137.3607 /T    1.2827   0.0471146   248.27282   50.498003         n.a.     n.a.
 2026-Nov-09 12:00 N   00 07 53.40 -00 40 58.6  00 09 17.33 -00 31 52.0  -2.39644  -0.97801  283.624696 -33.495626    7.701   9.284   99.98618  2.340995  199.259393 -19.900188  29.1709156926863  21.8045274  134.8023 /T    1.3433   0.0431387   247.79918   55.098295         n.a.     n.a.
 2026-Nov-12 00:00 *m  00 07 43.97 -00 41 55.2  00 09 07.92 -00 32 48.7  -2.33349  -0.90902  106.096251  35.304193    7.704   9.284   99.98498  2.338462  112.051786 -19.916210  29.2025048041418  22.0226481  132.2526 /T    1.4007   0.0417383   248.71652   56.215808         n.a.     n.a.
 2026-Nov-14 12:00 A   00 07 35.11 -00 42 47.6  00 08 59.02 -00 33 41.1  -2.08087  -0.83568  286.214351 -38.038293    7.706   9.284   99.98378  2.335825   24.837196 -19.931454  29.2354774048024  23.5585106  129.6938 /T    1.4558   0.0373734   248.11947   60.722955         n.a.     n.a.
 2026-Nov-17 00:00 *m  00 07 26.95 -00 43 35.5  00 08 50.87 -00 34 29.1  -2.01600  -0.76194  108.963556  39.757191    7.709   9.284   99.98262  2.333105  297.616007 -19.945542  29.2695583200432  23.7287454  127.1444 /T    1.5075   0.0359197   249.29593   61.826712         n.a.     n.a.
 2026-Nov-19 12:00 A   00 07 19.39 -00 44 18.9  00 08 43.26 -00 35 12.7  -1.74339  -0.68474  289.138419 -42.506888    7.711   9.284   99.98148  2.330292  210.388021 -19.958765  29.3048941575428  25.1171158  124.5866 /T    1.5565   0.0312174   248.55686   66.237166         n.a.     n.a.
 2026-Nov-22 00:00 *m  00 07 12.58 -00 44 57.7  00 08 36.44 -00 35 51.8  -1.67826  -0.60755  112.215679  44.120593    7.714   9.284   99.98038  2.327410  123.153756 -19.970777  29.3411858820832  25.2401500  122.0389 /T    1.6021   0.0297474   250.09906   67.314246         n.a.     n.a.
 2026-Nov-24 12:00 Am  00 07 06.42 -00 45 31.8  00 08 30.23 -00 36 25.9  -1.38880  -0.52728  292.501267 -46.879550    7.717   9.284   99.97933  2.324446   35.912942 -19.981852  29.3785984335737  26.4755276  119.4828 /T    1.6448   0.0247587   249.20990   71.628613         n.a.     n.a.
 2026-Nov-27 00:00 *   00 07 01.02 -00 46 01.0  00 08 24.86 -00 36 55.2  -1.32427  -0.44747  115.969794  48.367731    7.720   9.284   99.97834  2.321426  308.666190 -19.991675  29.4168186884356  26.5600864  116.9368 /T    1.6839   0.0232972   251.32978   72.676936         n.a.     n.a.
 2026-Nov-29 12:00 Am  00 06 56.30 -00 46 25.4  00 08 20.11 -00 37 19.6  -1.01971  -0.36419  296.443813 -51.125926    7.723   9.284   99.97741  2.318336  221.413148 -20.000498  29.4560299505863  27.6407643  114.3821 /T    1.7201   0.0180465   250.34582   76.912771         n.a.     n.a.
 2026-Dec-02 00:00 *   00 06 52.37 -00 46 44.8  00 08 16.18 -00 37 39.2  -0.95469  -0.28157  120.382299  52.461345    7.725   9.284   99.97656  2.315202  134.154504 -20.008034  29.4959032854878  27.6896151  111.8375 /T    1.7524   0.0165891   253.56742   77.942325         n.a.     n.a.
 2026-Dec-04 12:00 Am  00 06 49.17 -00 46 59.1  00 08 12.90 -00 37 53.8  -0.63635  -0.19545  301.156927 -55.202832    7.728   9.284   99.97578  2.312009   46.889858 -20.014504  29.5366282160287  28.6009617  109.2844 /T    1.7817   0.0110948   252.92587   82.114697         n.a.     n.a.
 2026-Dec-07 00:00 *   00 06 46.77 -00 47 08.3  00 08 10.51 -00 38 03.2  -0.57084  -0.11041  125.659918  56.348585    7.731   9.284   99.97509  2.308787  319.620013 -20.019658  29.5778521367122  28.6049135  106.7418 /T    1.8071   0.0096903   259.05322   83.093998         n.a.     n.a.
 2026-Dec-09 12:00 A   00 06 45.13 -00 47 12.3  00 08 08.82 -00 38 07.3  -0.24179  -0.02271  306.897876 -59.047050    7.735   9.284   99.97448  2.305520  232.344540 -20.023685  29.6197704544342  29.3324912  104.1915 /T    1.8294   0.0040476   264.63533   87.171528         n.a.     n.a.
 2026-Dec-12 00:00 *m  00 06 44.31 -00 47 11.0  00 08 08.02 -00 38 06.1  -0.17716  0.063798  132.067931  59.953655    7.738   9.284   99.97397  2.302236  145.064361 -20.026380  29.6620104982977  29.2858860  101.6525 /T    1.8476   0.0031384   289.80427   87.799587         n.a.     n.a.
 2026-Dec-14 12:00 A   00 06 44.26 -00 47 04.6  00 08 07.91 -00 37 59.8  0.159006  0.151682  313.997937 -62.565790    7.741   9.284   99.97356  2.298922   57.778999 -20.027901  29.7047788237896  29.8237953   99.1065 /T    1.8626   0.0036625   46.350366   87.475169         n.a.     n.a.
 2026-Dec-17 00:00 *m  00 06 45.03 -00 46 52.9  00 08 08.68 -00 37 48.4  0.221116  0.238545  139.920316  63.167977    7.744   9.284   99.97325  2.295606  330.489487 -20.028087  29.7476883314377  29.7265665   96.5727 /T    1.8736   0.0054211   42.828577   86.248180         n.a.     n.a.
 2026-Dec-19 12:00 A   00 06 46.58 -00 46 35.9  00 08 10.15 -00 37 31.7  0.561008  0.325532  322.836470 -65.624259    7.747   9.284   99.97304  2.292271  243.195284 -20.027068  29.7909591273976  30.0756293   94.0323 /T    1.8813   0.0108102   59.874979   82.624887         n.a.     n.a.
 2026-Dec-22 00:00 *m  00 06 48.95 -00 46 13.8  00 08 12.54 -00 37 09.7  0.619188  0.411660  149.514371  65.841806    7.750   9.284   99.97294  2.288949  155.897512 -20.024724  29.8341971406195  29.9336438   91.5044 /T    1.8850   0.0123924   56.382506   81.508471         n.a.     n.a.
 2026-Dec-24 12:00 Am  00 06 52.10 -00 45 46.5  00 08 15.65 -00 36 42.5  0.960042  0.497283  333.719280 -68.036881    7.753   9.284   99.97293  2.285621   68.595557 -20.021159  29.8776368664591  30.1010932   88.9702 /T    1.8855   0.0180198   62.616753   77.800193         n.a.     n.a.
 2026-Dec-27 00:00 *   00 06 56.06 -00 45 14.2  00 08 19.64 -00 36 10.1  1.014439  0.582301  160.959385  67.786871    7.756   9.284   99.97304  2.282318  341.290586 -20.016288  29.9208856652600  29.9250688   86.4481 /T    1.8820   0.0194947   60.143620   76.741964         n.a.     n.a.
 2026-Dec-29 12:00 Am  00 07 00.79 -00 44 36.7  00 08 24.30 -00 35 32.9  1.355276  0.666996  346.591940 -69.582140    7.760   9.284   99.97324  2.279020  253.981920 -20.010184  29.9641843109954  29.9128556   83.9194 /T    1.8753   0.0251753   63.796012   73.046785         n.a.     n.a.
$$EOE
**********************************************************************************************************************************************************************************************************************************************************************************************
Column meaning:
 
TIME

  Times PRIOR to 1962 are UT1, a mean-solar time closely related to the
prior but now-deprecated GMT. Times AFTER 1962 are in UTC, the current
civil or "wall-clock" time-scale. UTC is kept within 0.9 seconds of UT1
using integer leap-seconds for 1972 and later years.

  Conversion from the internal Barycentric Dynamical Time (TDB) of solar
system dynamics to the non-uniform civil UT time-scale requested for output
has not been determined for UTC times after the next July or January 1st.
Therefore, the last known leap-second is used as a constant over future
intervals.

  Time tags refer to the UT time-scale conversion from TDB on Earth
regardless of observer location within the solar system, although clock
rates may differ due to the local gravity field and no analog to "UT"
may be defined for that location.

  Any 'b' symbol in the 1st-column denotes a B.C. date. First-column blank
(" ") denotes an A.D. date.
 
CALENDAR SYSTEM

  Mixed calendar mode was active such that calendar dates after AD 1582-Oct-15
(if any) are in the modern Gregorian system. Dates prior to 1582-Oct-5 (if any)
are in the Julian calendar system, which is automatically extended for dates
prior to its adoption on 45-Jan-1 BC.  The Julian calendar is useful for
matching historical dates. The Gregorian calendar more accurately corresponds
to the Earth's orbital motion and seasons. A "Gregorian-only" calendar mode is
available if such physical events are the primary interest.

  NOTE: "n.a." in output means quantity "not available" at the print-time.
 
SOLAR PRESENCE (OBSERVING SITE)
  Time tag is followed by a blank, then a solar-presence symbol:

       '*'  Daylight (refracted solar upper-limb on or above apparent horizon)
       'C'  Civil twilight/dawn
       'N'  Nautical twilight/dawn
       'A'  Astronomical twilight/dawn
       ' '  Night OR geocentric ephemeris

LUNAR PRESENCE (OBSERVING SITE)
  The solar-presence symbol is immediately followed by a lunar-presence symbol:

       'm'  Refracted upper-limb of Moon on or above apparent horizon
       ' '  Refracted upper-limb of Moon below apparent horizon OR geocentric
            ephemeris
 
 'R.A._____(ICRF)_____DEC' =
  Astrometric right ascension and declination of the target center with
respect to the observing site (coordinate origin) in the reference frame of
the planetary ephemeris (ICRF). Compensated for down-leg light-time delay
aberration.

  Units: RA  in hours-minutes-seconds of time,    HH MM SS.ff{ffff}
         DEC in degrees-minutes-seconds of arc,  sDD MN SC.f{ffff}
 
 'R.A.__(a-apparent)__DEC' =
  Airless apparent right ascension and declination of the target center
with respect to an instantaneous reference frame defined by the Earth equator
of-date (z-axis) and meridian containing the Earth equinox of-date (x-axis,
EOP-corrected IAU76/80). Compensated for down-leg light-time delay,
gravitational deflection of light, stellar aberration, precession & nutation.
Note: equinox (RA origin) is offset -53 mas from the of-date frame defined
by the IAU06/00a P & N system.

  Units: RA  in hours-minutes-seconds of time,   HH MM SS.ff{ffff}
         DEC in degrees-minutes-seconds of arc, sDD MN SC.f{ffff}
 
 'dRA*cosD d(DEC)/dt' =
  The angular rate of change in apparent RA and DEC of the target. This is
with respect to the non-inertial IAU76/80 Earth true equator and equinox
of-date reference frame.  d(RA)/dt is multiplied by the cosine of declination
to provide a linear rate in the plane-of-sky. Units: ARCSECONDS PER HOUR
 
 'Azi____(a-app)___Elev' =
  Airless apparent azimuth and elevation of target center. Compensated
for light-time, the gravitational deflection of light, stellar aberration,
precession and nutation. Azimuth is measured clockwise from north:

  North(0) -> East(90) -> South(180) -> West(270) -> North (360)

Elevation angle is with respect to a plane perpendicular to the reference
surface local zenith direction. TOPOCENTRIC ONLY.  Units: DEGREES
 
 'APmag   S-brt' =
  The targets' approximate apparent visual magnitude and surface brightness.
For planets and natural satellites, output is restricted to solar phase angles
covered by observational data. Outside the observed phase angle range, "n.a."
may be output to avoid extrapolation beyond the limit of model validity.

   For Earth-based observers, the estimated dimming due to atmospheric
absorption (extinction) is available as a separate, requestable quantity.

   Surface brightness is the average airless visual magnitude of a
square-arcsecond of the illuminated portion of the apparent disk. It is
computed only if the target radius is known.

   Units: MAGNITUDES & MAGNITUDES PER SQUARE ARCSECOND
 
 'Illu%' =
   Fraction of the target objects' assumed circular disk illuminated by Sun
(phase), as seen by the observer.  Units: PERCENT
 
 'Ang-diam' =
   The equatorial angular width of the target body full disk, if it were fully
illuminated and visible to the observer. If the target body diameter is unknown
"n.a." is output.

   Units: ARCSECONDS
 
 'ObsSub-LON ObsSub-LAT' =
   Apparent planetodetic longitude and latitude of the center of the target
disc seen by the OBSERVER at print-time. This is NOT exactly the same as the
"nearest" sub-point for a non-spherical target shape (since the center of the
disc might not be the point closest to the observer), but is generally very
close if not a very irregular body shape. Down-leg light travel-time from
target to observer is taken into account. Latitude is the angle between the
equatorial plane and the line perpendicular to the reference ellipsoid of the
body, so includes body oblateness. The reference ellipsoid is an oblate
spheroid with a single flatness coefficient in which the y-axis body radius
is taken to be the same value as the x-axis radius.  For Jupiter, Saturn, and
Uranus, IAU2015 longitude is based on the "System III" prime meridian rotation
angle of the magnetic field. By contrast, pole direction (thus latitude) is
relative to the body dynamical equator.  There can be an offset between the
magnetic pole and the dynamical pole of rotation. For Neptune, rotation is
IAU2015 "System II" rotation of optically observed features in the Neptunian
atmosphere. Positive longitude is to the WEST for this target. Cartographic
system is specified in the header.  Units: DEGREES DEGREES
 
 'delta      deldot' =
   Apparent range ("delta", light-time aberrated) and range-rate ("delta-dot")
of the target center relative to the observer. A positive "deldot" means the
target center is moving away from the observer, negative indicates movement
toward the observer.  Units: AU and KM/S
 
 'S-O-T /r' =
   Sun-Observer-Target apparent SOLAR ELONGATION ANGLE seen from the observers'
location at print-time.

   The '/r' column provides a code indicating the targets' apparent position
relative to the Sun in the observers' sky, as described below:

   Case A: For an observing location on the surface of a rotating body, that
body rotational sense is considered:

    /T indicates target TRAILS Sun   (evening sky: rises and sets AFTER Sun)
    /L indicates target LEADS Sun    (morning sky: rises and sets BEFORE Sun)

   Case B: For an observing point that does not have a rotational model (such
as a spacecraft), the "leading" and "trailing" condition is defined by the
observers' heliocentric ORBITAL motion:

    * If continuing in the observers' current direction of heliocentric
       motion would encounter the targets' apparent longitude first, followed
       by the Sun's, the target LEADS the Sun as seen by the observer.

    * If the Sun's apparent longitude would be encountered first, followed
       by the targets', the target TRAILS the Sun.

   Two other codes can be output:
    /* indicates observer is Sun-centered    (undefined)
    /? Target is aligned with Sun center     (no lead or trail)

   The S-O-T solar elongation angle is numerically the minimum separation
angle of the Sun and target in the sky in any direction. It does NOT indicate
the amount of separation in the leading or trailing directions, which would
be defined along the equator of a spherical coordinate system.

   Units: DEGREES
 
 'S-T-O' =
   The Sun-Target-Observer angle; the interior vertex angle at target center
formed by a vector from the target to the apparent center of the Sun (at
reflection time on the target) and the apparent vector from target to the
observer at print-time. Slightly different from true PHASE ANGLE (requestable
separately) at the few arcsecond level in that it includes stellar aberration
on the down-leg from target to observer.  Units: DEGREES
 
 'Sky_motion  Sky_mot_PA  RelVel-ANG' =
  Total apparent angular rate of the target in the plane-of-sky. "Sky_mot_PA"
is the position angle of the target's direction of motion in the plane-of-sky,
measured counter-clockwise from the apparent of-date north pole direction.
"RelVel-ANG" is the flight path angle of the target's relative motion with
respect to the observer's line-of-sight, in the range [-90,+90], where positive
values indicate motion away from the observer, negative values are toward the
observer:

  -90 = target is moving directly toward the observer
    0 = target is moving at right angles to the observer's line-of-sight
  +90 = target is moving directly away from the observer

UNITS:  ARCSECONDS/MINUTE, DEGREES, DEGREES
 
 'Lun_Sky_Brt  sky_SNR' =
  Sky brightness due to moonlight scattered by Earth's atmosphere at the
target's position in the sky. "sky_SNR" is the visual signal-to-noise ratio
(SNR) of the target's surface brightness relative to background sky. Output
only for topocentric Earth observers when both the Moon and target are above
the local horizon and the Sun is in astronomical twilight (or further) below
the horizon, and the target is not the Moon or Sun. If all conditions are
not met, "n.a." is output. Galactic brightness, local sky light-pollution
and weather are NOT considered. Lunar opposition surge is considered. The
value returned is accurate under ideal conditions at the approximately 8-23%
level, so is a useful but not definitive value.

  If the target-body radius is also known, "sky_SNR" is output. This is the
approximate visual signal-to-noise ratio of the target's brightness divided
by lunar sky brightness. When sky_SNR < 1, the target is dimmer than the
ideal moonlight-scattering background sky, so unlikely to be detectable at
visual wavelengths. In practice, visibility requires sky_SNR > 1 and a
detector sensitive enough to reach the target's magnitude, even if it isn't
washed out by moonlight. When relating magnitudes and brightness values,
keep in mind their logarithmic relationship m2-m1 = -2.5*log_10(b2/b1).

  UNITS: VISUAL MAGNITUDES / ARCSECOND^2, and unitless ratio

Computations by ...

    Solar System Dynamics Group, Horizons On-Line Ephemeris System
    4800 Oak Grove Drive, Jet Propulsion Laboratory
    Pasadena, CA  91109   USA

    General site: https://ssd.jpl.nasa.gov/
    Mailing list: https://ssd.jpl.nasa.gov/email_list.html
    System news : https://ssd.jpl.nasa.gov/horizons/news.html
    User Guide  : https://ssd.jpl.nasa.gov/horizons/manual.html
    Connect     : browser        https://ssd.jpl.nasa.gov/horizons/app.html#/x
                  API            https://ssd-api.jpl.nasa.gov/doc/horizons.html
                  command-line   telnet ssd.jpl.nasa.gov 6775
                  e-mail/batch   https://ssd.jpl.nasa.gov/ftp/ssd/horizons_batch.txt
                  scripts        https://ssd.jpl.nasa.gov/ftp/ssd/SCRIPTS
    Author      : Jon.D.Giorgini@jpl.nasa.gov

**********************************************************************************************************************************************************************************************************************************************************************************************
