*******************************************************************************
 Revised: April 22, 2021              Neptune                               899
 
 PHYSICAL DATA (update 2021-May-03):
  Mass x10^24 (kg)      = 102.409         Density (g/cm^3)       =  1.638
  Equat. radius (1 bar) = 24766+-15 km    Volume, 10^10 km^3     = 6254     
  Vol. mean radius (km) = 24624+-21       Polar radius (km)      = 24342+-30
  Geometric Albedo      = 0.41            Flattening             =  0.0171
  Sid. rot. period (III)= 16.11+-0.01 hr  Sid. rot. rate (rad/s) =  0.000108338 
  Mean solar day, h     =~16.11 h         
  GM (km^3/s^2)         = 6835099.97      GM 1-sigma (km^3/s^2)  = +-10 
  Equ. grav, ge (m/s^2) = 11.15           Pol. grav, gp (m/s^2)  = 11.41+-0.03
  Visual magnitude V(1,0)= -6.87
  Vis. mag. (opposition)=  +7.84          Obliquity to orbit     = 28.32 deg
  Sidereal orbit period = 164.788501027 y Sidereal orbit period  = 60189 d
  Mean daily motion     = 0.006020076dg/d Mean orbit velocity    =  5.43 km/s 
  Atmos. temp. (1 bar)  =  72+-2 K        Escape speed (1 bar)  =  23.5 km/s     
  Aroche(ice)/Rp        =  2.98           Hill's sphere rad., Rp = 4700
                                 Perihelion  Aphelion    Mean
  Solar Constant (W/m^2)         1.54        1.49        1.51
  Maximum Planetary IR (W/m^2)   0.52        0.52        0.52
  Minimum Planetary IR (W/m^2)   0.52        0.52        0.52
*******************************************************************************


*******************************************************************************
Ephemeris / WWW_USER Mon Apr  6 18:14:06 2026 Pasadena, USA      / Horizons    
*******************************************************************************
Target body name: Neptune (899)                   {source: nep097_merged}
Center body name: Earth (399)                     {source: nep097_merged}
Center-site name: (user defined site below)
*******************************************************************************
Start time      : A.D. 2026-Jan-01 00:00:00.0000 UT      
Stop  time      : A.D. 2026-Dec-31 00:00:00.0000 UT      
Step-size       : 3600 minutes
*******************************************************************************
Target pole/equ : IAU_NEPTUNE                     {West-longitude positive}
Target radii    : 24764.0, 24764.0, 24341.0 km    {Equator_a, b, pole_c}       
Center geodetic : 267.0, 16.5, .500               {E-lon(deg),Lat(deg),Alt(km)}
Center cylindric: 267.0, 6117.61489, 1799.99002   {E-lon(deg),Dxy(km),Dz(km)}
Center pole/equ : ITRF93                          {East-longitude positive}
Center radii    : 6378.137, 6378.137, 6356.752 km {Equator_a, b, pole_c}       
Target primary  : Sun
Vis. interferer : MOON (R_eq= 1737.400) km        {source: DE441}
Rel. light bend : Sun                             {source: nep097_merged}
Rel. lght bnd GM: 1.3271E+11 km^3/s^2                                          
Atmos refraction: NO (AIRLESS)
RA format       : HMS
Time format     : CAL 
Calendar mode   : Mixed Julian/Gregorian
EOP file        : eop.260406.p260703                                           
EOP coverage    : DATA-BASED 1962-JAN-20 TO 2026-APR-06. PREDICTS-> 2026-JUL-02
Units conversion: 1 au= 149597870.700 km, c= 299792.458 km/s, 1 day= 86400.0 s 
Table cut-offs 1: Elevation (-90.0deg=NO ),Airmass (>38.000=NO), Daylight (NO )
Table cut-offs 2: Solar elongation (  0.0,180.0=NO ),Local Hour Angle( 0.0=NO )
Table cut-offs 3: RA/DEC angular rate (     0.0=NO )                           
**********************************************************************************************************************************************************************************************************************************************************************************************
 Date__(UT)__HR:MN     R.A._____(ICRF)_____DEC  R.A.__(a-apparent)__DEC  dRA*cosD d(DEC)/dt  Azi____(a-app)___Elev    APmag   S-brt      Illu%  Ang-diam  ObsSub-LON ObsSub-LAT             delta      deldot     S-O-T /r     S-T-O  Sky_motion  Sky_mot_PA  RelVel-ANG  Lun_Sky_Brt  sky_SNR
**********************************************************************************************************************************************************************************************************************************************************************************************
$$SOE
 2026-Jan-01 00:00 Cm  23 58 58.56 -01 33 48.3  00 00 18.64 -01 25 07.1  1.601878  0.830279  203.382499  70.580198    7.767   9.284   99.97395  2.271916  292.675211 -20.796418  30.0578771164407  29.5349047   78.9438 /T    1.8506   0.0300711   62.601570   69.698864         n.a.     n.a.
 2026-Jan-03 12:00 Nm  23 59 05.65 -01 32 56.0  00 00 25.69 -01 24 14.8  1.937667  0.910909   34.182580 -71.965777    7.770   9.284   99.97445  2.268712  205.358386 -20.786900  30.1003223696049  29.1205575   76.4253 /T    1.8332   0.0356850   64.821504   65.969207         n.a.     n.a.
 2026-Jan-06 00:00 C   23 59 13.48 -01 31 59.0  00 00 33.55 -01 23 17.9  1.981136  0.991021  215.652731  68.296891    7.773   9.284   99.97503  2.265562  118.040043 -20.776228  30.1421709652393  28.9671585   73.9200 /T    1.8122   0.0369197   63.424458   65.090418         n.a.     n.a.
 2026-Jan-08 12:00 Nm  23 59 22.08 -01 30 57.2  00 00 42.07 -01 22 16.3  2.308868  1.068810   45.591796 -68.939010    7.776   9.284   99.97571  2.262447   30.719365 -20.764342  30.1836675279364  28.3756549   71.4082 /T    1.7881   0.0424042   65.159859   61.398762         n.a.     n.a.
 2026-Jan-11 00:00 C   23 59 31.39 -01 29 50.7  00 00 51.38 -01 21 10.1  2.350458  1.146755  225.354400  65.293123    7.779   9.284   99.97645  2.259397  303.397749 -20.751345  30.2244203696296  28.1917016   68.9093 /T    1.7604   0.0435880   63.992903   60.538457         n.a.     n.a.
 2026-Jan-13 12:00 Nm  23 59 41.44 -01 28 39.7  00 01 01.37 -01 19 59.2  2.668133  1.221077   54.023345 -65.354909    7.782   9.284   99.97728  2.256392  216.074376 -20.737140  30.2646661812339  27.4208706   66.4041 /T    1.7297   0.0489046   65.408685   56.876499         n.a.     n.a.
 2026-Jan-16 00:00 *   23 59 52.18 -01 27 24.2  00 01 12.13 -01 18 43.7  2.707050  1.296093  232.908411  61.804631    7.785   9.284   99.97817  2.253462  128.750686 -20.721874  30.3040163868226  27.2007152   63.9120 /T    1.6955   0.0500222   64.415635   56.033238         n.a.     n.a.
 2026-Jan-18 12:00 N   00 00 03.64 -01 26 04.3  00 01 23.55 -01 17 23.9  3.011996  1.366125   60.340691 -61.428384    7.787   9.284   99.97913  2.250589   41.425856 -20.705418  30.3427018679172  26.2543375   61.4140 /T    1.6584   0.0551221   65.602788   52.400288         n.a.     n.a.
 2026-Jan-21 00:00 *m  00 00 15.74 -01 24 40.2  00 01 35.67 -01 15 59.9  3.047039  1.437109  238.838901  57.994870    7.790   9.284   99.98013  2.247801  314.101357 -20.687957  30.3803441104151  25.9976009   58.9296 /T    1.6181   0.0561489   64.749512   51.579536         n.a.     n.a.
 2026-Jan-23 12:00 N   00 00 28.54 -01 23 12.0  00 01 48.39 -01 14 31.9  3.336416  1.502115   65.206872 -57.287620    7.793   9.284   99.98119  2.245080  226.776360 -20.669338  30.4171678082960  24.8844392   56.4400 /T    1.5750   0.0609827   65.761855   47.978249         n.a.     n.a.
 2026-Jan-26 00:00 *m  00 00 41.93 -01 21 39.9  00 02 01.78 -01 13 00.0  3.366414  1.567916  243.582784  53.970068    7.795   9.284   99.98228  2.242452  139.452336 -20.649782  30.4528141709874  24.5983254   53.9645 /T    1.5289   0.0618940   65.026119   47.191671         n.a.     n.a.
 2026-Jan-28 12:00 N   00 00 55.96 -01 20 04.1  00 02 15.77 -01 11 24.2  3.637833  1.627503   69.070947 -53.008610    7.798   9.284   99.98340  2.239900   52.128448 -20.629111  30.4875031499617  23.3344808   51.4843 /T    1.4801   0.0664216   65.897085   43.627738         n.a.     n.a.
 2026-Jan-31 00:00 *m  00 01 10.54 -01 18 24.6  00 02 30.39 -01 09 44.7  3.662928  1.687781  247.462862  49.798557    7.800   9.284   99.98454  2.237449  324.806115 -20.607577  30.5209041713688  23.0325682   49.0183 /T    1.4286   0.0672178   65.260993   42.883252         n.a.     n.a.
 2026-Feb-02 12:00 Nm  00 01 25.73 -01 16 41.7  00 02 45.54 -01 08 01.8  3.915645  1.742314   72.229615 -48.637651    7.802   9.284   99.98569  2.235082  237.484493 -20.584976  30.5532296179590  21.6340314   46.5475 /T    1.3747   0.0714297   66.012742   39.351854         n.a.     n.a.
 2026-Feb-05 00:00 *   00 01 41.42 -01 14 55.5  00 03 01.22 -01 06 15.8  3.937432  1.797590  250.708079  45.524709    7.805   9.284   99.98685  2.232820  150.164946 -20.561588  30.5841726127084  21.3210664   44.0903 /T    1.3183   0.0721393   65.461465   38.638102         n.a.     n.a.
 2026-Feb-07 12:00 Nm  00 01 57.67 -01 13 06.2  00 03 17.41 -01 04 26.6  4.170943  1.847194   74.881015 -44.204048    7.807   9.284   99.98800  2.230650   62.846655 -20.537178  30.6139275690541  19.7920021   41.6281 /T    1.2595   0.0760279   66.112783   35.122518         n.a.     n.a.
 2026-Feb-10 00:00 *   00 02 14.36 -01 11 13.8  00 03 34.12 -01 02 34.4  4.189807  1.897415  253.480842  41.178143    7.809   9.284   99.98914  2.228592  335.530962 -20.512059  30.6422042283754  19.4626015   39.1791 /T    1.1986   0.0766570   65.635913   34.425972         n.a.     n.a.
 2026-Feb-12 12:00 Nm  00 02 31.58 -01 09 18.6  00 03 51.31 -01 00 39.2  4.402320  1.941368   77.159899 -39.726761    7.811   9.284   99.99026  2.226631  248.217087 -20.485967  30.6691800114014  17.8084567   36.7251 /T    1.1355   0.0801896   66.203117   30.919960         n.a.     n.a.
 2026-Feb-15 00:00 *   00 02 49.19 -01 07 20.8  00 04 08.95 -00 58 41.3  4.417597  1.986036  255.897580  36.779052    7.812   9.284   99.99135  2.224789  160.906345 -20.459248  30.6945845163804  17.4607940   34.2843 /T    1.0704   0.0807250   65.792564   30.237348         n.a.     n.a.
 2026-Feb-17 12:00 N   00 03 07.28 -01 05 20.5  00 04 27.00 -00 56 41.1  4.607195  2.023601   79.160958 -35.218593    7.814   9.284   99.99241  2.223051   73.597988 -20.431616  30.7185820336093  15.6932829   31.8389 /T    1.0034   0.0838670   66.287660   26.741126         n.a.     n.a.
 2026-Feb-20 00:00 *m  00 03 25.70 -01 03 17.9  00 04 45.42 -00 54 38.6  4.617868  2.061969  258.042921  32.341395    7.816   9.284   99.99342  2.221435  346.293294 -20.403446  30.7409262317582  15.3298200   29.4072 /T    0.9347   0.0842886   65.938295   26.075145         n.a.     n.a.
 2026-Feb-22 12:00 N   00 03 44.54 -01 01 13.3  00 05 04.22 -00 52 34.1  4.782739  2.092627   80.952534 -30.688328    7.817   9.284   99.99438  2.219929  258.991532 -20.374435  30.7617710803456  13.4673878   26.9715 /T    0.8643   0.0870084   66.368821   22.595493         n.a.     n.a.
 2026-Feb-25 00:00 *m  00 04 03.65 -00 59 06.8  00 05 23.36 -00 50 27.5  4.788280  2.124147  259.980180  27.875066    7.819   9.284   99.99528  2.218550  171.693912 -20.344981  30.7809034280348  13.0991000   24.5501 /T    0.7926   0.0873047   66.077268   21.957268         n.a.     n.a.
 2026-Feb-27 12:00 N   00 04 23.13 -00 56 58.6  00 05 42.83 -00 48 19.2  4.927982  2.148298   82.585093 -26.141977    7.820   9.284   99.99612  2.217284   84.399709 -20.314765  30.7984674596747  11.1646990   22.1252 /T    0.7194   0.0895982   66.445752   18.501165         n.a.     n.a.
 2026-Mar-02 00:00 *m  00 04 42.81 -00 54 48.9  00 06 02.53 -00 46 09.4  4.929611  2.173297  261.757630  23.387207    7.821   9.284   99.99688  2.216146  357.110034 -20.284201  30.8142855322109  10.8014134   19.7147 /T    0.6452   0.0897903   66.208953   17.893591         n.a.     n.a.
 2026-Mar-04 12:00 Nm  00 05 02.80 -00 52 38.0  00 06 22.50 -00 43 58.5  5.044842  2.191809   84.097463 -21.584013    7.822   9.284   99.99757  2.215126  269.824193 -20.252952  30.8284815537831   8.8078396   17.3010 /T    0.5698   0.0916734   66.516720   14.452285         n.a.     n.a.
 2026-Mar-07 00:00 *   00 05 22.94 -00 50 25.9  00 06 42.64 -00 41 46.5  5.043891  2.210620  263.412888  18.883146    7.823   9.284   99.99819  2.214233  182.543214 -20.221444  30.8409067258949   8.4477855   14.9021 /T    0.4936   0.0917843   66.333281   13.863084         n.a.     n.a.
 2026-Mar-09 12:00 Nm  00 05 43.34 -00 48 12.8  00 07 03.03 -00 39 33.5  5.134300  2.223519   85.519988 -17.017696    7.824   9.284   99.99871  2.213462   95.266477 -20.189328  30.8516572790153   6.3997540   12.5012 /T    0.4166   0.0932516   66.583935   10.421853         n.a.     n.a.
 2026-Mar-12 00:00 *   00 06 03.84 -00 45 59.0  00 07 23.55 -00 37 19.5  5.130742  2.235947  264.976618  14.367027    7.824   9.284   99.99915  2.212819    7.994933 -20.157045  30.8606128108335   6.0396633   10.1179 /T    0.3392   0.0932797   66.452708   9.8412387         n.a.     n.a.
 2026-Mar-14 12:00 Cm  00 06 24.53 -00 43 44.6  00 07 44.25 -00 35 05.0  5.195142  2.242651   86.877340 -12.445485    7.825   9.284   99.99950  2.212301  280.728038 -20.124233  30.8678462547327   3.9470187    7.7393 /T    0.2613   0.0943089   66.650995   6.3942961         n.a.     n.a.
 2026-Mar-17 00:00 *   00 06 45.26 -00 41 29.9  00 08 05.00 -00 32 50.2  5.188437  2.248445  266.474119   9.842044    7.825   9.284   99.99976  2.211912  193.466661 -20.091351  30.8732675304900   3.5873940    5.3962 /T    0.1839   0.0942446   66.570173   5.8183077         n.a.     n.a.
 2026-Mar-19 12:00 C   00 07 06.13 -00 39 14.9  00 08 25.87 -00 30 35.3  5.225644  2.248285   88.190653  -7.869387    7.825   9.284   99.99992  2.211650  106.210318 -20.058027  30.8769312715511   1.4657717    3.1235 /T    0.1082   0.0948129   66.720650   2.3661950         n.a.     n.a.
 2026-Mar-22 00:00 *m  00 07 26.98 -00 37 00.0  00 08 46.72 -00 28 20.6  5.214973  2.247118  267.927129   5.310708    7.825   9.284   99.99998  2.211517   18.959788 -20.024734  30.8787804839305   1.1121448    1.3828 /T    0.0477   0.0946418   66.688924   1.7975473         n.a.     n.a.
 2026-Mar-24 12:00 C   00 07 47.90 -00 34 45.4  00 09 07.65 -00 26 05.7  5.224470  2.239915   89.478477  -3.290795    7.825   9.284   99.99995  2.211512  291.714623 -19.991095  30.8788584014409  -1.0141057    2.3363 /L    0.0740   0.0947399   66.793477   -1.648399         n.a.     n.a.
 2026-Mar-27 00:00 *m  00 08 08.73 -00 32 31.2  00 09 28.53 -00 23 51.1  5.210284  2.232112  269.355749   0.775052    7.825   9.284   99.99983  2.211635  204.475483 -19.957589  30.8771459241137  -1.3507891    4.5093 /L    0.1459   0.0944713   66.809462   -2.199586         n.a.     n.a.
 2026-Mar-29 12:00 C   00 08 29.58 -00 30 17.6  00 09 49.41 -00 21 37.4  5.193490  2.218840   90.757796   1.288808    7.825   9.284   99.99960  2.211883  117.241944 -19.923833  30.8736711333364  -3.4608990    6.8241 /L    0.2229   0.0941270   66.866138   -5.632424         n.a.     n.a.
 2026-Apr-01 00:00 *m  00 08 50.29 -00 28 04.9  00 10 10.12 -00 19 24.5  5.177301  2.205045  270.778130  -3.762838    7.825   9.284   99.99929  2.212258   30.014559 -19.890303  30.8684465105731  -3.7799489    9.1625 /L    0.3005   0.0937886   66.930541   -6.170326         n.a.     n.a.
 2026-Apr-03 12:00 Cm  00 09 10.96 -00 25 53.1  00 10 30.80 -00 17 12.7  5.135449  2.186484   92.045482   5.868046    7.824   9.284   99.99888  2.212758  302.792973 -19.856615  30.8614732040927  -5.8663970   11.5188 /L    0.3783   0.0930256   66.937492   -9.600319         n.a.     n.a.
 2026-Apr-06 00:00 *   00 09 31.42 -00 23 42.5  00 10 51.29 -00 15 01.9  5.117735  2.166690  272.212736  -8.301051    7.824   9.284   99.99838  2.213380  215.577645 -19.823240  30.8527925629222  -6.1731141   13.8710 /L    0.4554   0.0926249   67.053711   -10.13739         n.a.     n.a.
 2026-Apr-08 12:00 *m  00 09 51.80 -00 21 33.2  00 11 11.72 -00 12 52.3  5.050757  2.142850   93.358272  10.445510    7.823   9.284   99.99780  2.214128  128.368313 -19.789799  30.8423767188763  -8.2298586   16.2324 /L    0.5322   0.0914421   67.010279   -13.57710         n.a.     n.a.
 2026-Apr-11 00:00 *   00 10 11.93 -00 19 25.3  00 11 31.88 -00 10 44.2  5.031158  2.116804  273.678686 -12.837459    7.822   9.284   99.99713  2.214995   41.165332 -19.756759  30.8302993443982  -8.5255712   18.5859 /L    0.6080   0.0909722   67.181617   -14.12066         n.a.     n.a.
 2026-Apr-13 12:00 *m  00 10 31.91 -00 17 19.2  00 11 51.91 -00 08 37.8  4.938568  2.087317   94.714394  15.019488    7.821   9.284   99.99639  2.215986  313.968535 -19.723748  30.8165076394127 -10.5418440   20.9468 /L    0.6831   0.0893594   67.088337   -17.57768         n.a.     n.a.
 2026-Apr-16 00:00 *   00 10 51.59 -00 15 14.8  00 12 11.59 -00 06 33.3  4.916473  2.054879  275.196519 -17.369753    7.820   9.284   99.99558  2.217094  226.778162 -19.691229  30.8011088035601 -10.8240904   23.2989 /L    0.7568   0.0888104   67.317126   -18.13062         n.a.     n.a.
 2026-Apr-18 12:00 *   00 11 11.06 -00 13 12.6  00 12 31.11 -00 04 30.9  4.797797  2.019233   96.134375  19.587958    7.819   9.284   99.99469  2.218324  139.594125 -19.658839  30.7840316589442 -12.7826693   25.6578 /L    0.8296   0.0867566   67.175397   -21.60571         n.a.     n.a.
 2026-Apr-21 00:00 *m  00 11 30.16 -00 11 12.5  00 12 50.25 -00 02 30.5  4.772815  1.980608  276.789853 -21.895191    7.817   9.284   99.99375  2.219666   52.416535 -19.627035  30.7654197309508 -13.0421466   28.0070 /L    0.9007   0.0861242   67.462683   -22.16070         n.a.     n.a.
 2026-Apr-23 12:00 *   00 11 49.01 -00 09 14.9  00 13 09.18 -00 00 32.4  4.629170  1.939168   97.642026  24.148497    7.816   9.284   99.99275  2.221127  325.245344 -19.595461  30.7451914072474 -14.9189122   30.3626 /L    0.9707   0.0836487   67.271097   -25.64038         n.a.     n.a.
 2026-Apr-26 00:00 *m  00 12 07.43 -00 07 19.8  00 13 27.64 +00 01 23.0  4.602691  1.895477  278.486523 -26.410344    7.814   9.284   99.99171  2.222693  238.080532 -19.564561  30.7235219557734 -15.1500965   32.7082 /L    1.0387   0.0829618   67.617185   -26.18813         n.a.     n.a.
 2026-Apr-28 12:00 *   00 12 25.55 -00 05 27.4  00 13 45.81 +00 03 15.6  4.436535  1.849249   99.266637  28.697670    7.813   9.284   99.99062  2.224374  150.922102 -19.533986  30.7003108386325 -16.9334386   35.0603 /L    1.1054   0.0801085   67.372512   -29.66960         n.a.     n.a.
 2026-May-01 00:00 *m  00 12 43.21 -00 03 37.9  00 14 03.49 +00 05 05.4  4.409469  1.801053  280.320521 -30.910668    7.811   9.284   99.98950  2.226154   63.769940 -19.504159  30.6757549098725 -17.1433715   37.4028 /L    1.1698   0.0793852   67.782377   -30.21944         n.a.     n.a.
 2026-May-03 12:00 *m  00 13 00.51 -00 01 51.3  00 14 20.87 +00 06 52.3  4.222098  1.750475  101.044601  33.230938    7.809   9.284   99.98834  2.228045  336.624132 -19.474747  30.6497294794756 -18.8289978   39.7525 /L    1.2328   0.0761765   67.481181   -33.71269         n.a.     n.a.
 2026-May-06 00:00 *   00 13 17.31 -00 00 07.8  00 14 37.71 +00 08 36.2  4.194132  1.697600  282.335260 -35.389994    7.807   9.284   99.98718  2.230029  249.484477 -19.446153  30.6224547159439 -19.0232607   42.0933 /L    1.2933   0.0754111   67.964063   -34.27705         n.a.     n.a.
 2026-May-08 12:00 *m  00 13 33.71 +00 01 32.5  00 14 54.20 +00 10 16.9  3.986001  1.642750  103.023051  37.742064    7.805   9.284   99.98599  2.232119  162.351148 -19.418065  30.5937830157238 -20.6047470   44.4420 /L    1.3522   0.0718541   67.601980   -37.79302         n.a.     n.a.
 2026-May-11 00:00 *   00 13 49.56 +00 03 09.3  00 15 10.09 +00 11 54.1  3.956464  1.584916  284.586946 -39.840011    7.803   9.284   99.98481  2.234297   75.223839 -19.390862  30.5639620727100 -20.7832711   46.7824 /L    1.4084   0.0710351   68.169506   -38.37890         n.a.     n.a.
 2026-May-13 12:00 *m  00 14 04.96 +00 04 42.7  00 15 25.56 +00 13 27.7  3.727793  1.525665  105.265045  42.222254    7.801   9.284   99.98363  2.236575  348.102814 -19.364259  30.5328244215700 -22.2507056   49.1312 /L    1.4627   0.0671319   67.742299   -41.92736         n.a.     n.a.
 2026-May-16 00:00 *   00 14 19.78 +00 06 12.4  00 15 40.41 +00 14 57.8  3.695971  1.462803  287.150791 -44.249189    7.799   9.284   99.98246  2.238935  260.987647 -19.338609  30.5006476676554 -22.4079054   51.4719 /L    1.5141   0.0662487   68.407183   -42.53571         n.a.     n.a.
 2026-May-18 12:00 *   00 14 34.10 +00 07 38.3  00 15 54.84 +00 16 24.2  3.447337  1.399093  107.856540  46.659143    7.796   9.284   99.98131  2.241389  173.878671 -19.313653  30.4672522896059 -23.7440498   53.8212 /L    1.5635   0.0620072   67.910345   -46.11813         n.a.     n.a.
 2026-May-21 00:00 *m  00 14 47.80 +00 09 00.3  00 16 08.60 +00 17 46.7  3.413739  1.332074  290.130328 -48.601023    7.794   9.284   99.98019  2.243915   86.775317 -19.289719  30.4329473972468 -23.8686687   56.1620 /L    1.6098   0.0610738   68.683788   -46.73402         n.a.     n.a.
 2026-May-23 12:00 *   00 15 00.95 +00 10 18.2  00 16 21.85 +00 19 05.1  3.147910  1.264831  110.918334  51.034540    7.791   9.284   99.97910  2.246529  359.677959 -19.266563  30.3975439829570 -25.0580072   58.5113 /L    1.6539   0.0565419   68.109731   -50.33880         n.a.     n.a.
 2026-May-26 00:00 *m  00 15 13.45 +00 11 32.1  00 16 34.37 +00 20 19.3  3.114215  1.195062  293.670212 -52.871354    7.789   9.284   99.97806  2.249206  272.585920 -19.244484  30.3613681308357 -25.1527621   60.8521 /L    1.6947   0.0555940   69.005977   -50.95314         n.a.     n.a.
 2026-May-28 12:00 *   00 15 25.37 +00 12 41.7  00 16 46.39 +00 21 29.3  2.833744  1.124893  114.624096  55.320933    7.786   9.284   99.97706  2.251961  185.499643 -19.223257  30.3242139620209 -26.1937249   63.2018 /L    1.7332   0.0508142   68.348730   -54.58449         n.a.     n.a.
 2026-May-31 00:00 *   00 15 36.62 +00 13 47.1  00 16 57.68 +00 22 35.1  2.800014  1.052774  297.977765 -57.023587    7.783   9.284   99.97612  2.254772   98.418382 -19.203150  30.2864172553543 -26.2677664   65.5436 /L    1.7683   0.0498565   69.394297   -55.20701         n.a.     n.a.
 2026-Jun-02 12:00 *m  00 15 47.25 +00 14 48.1  00 17 08.43 +00 23 36.7  2.506327  0.979839  119.227880  59.475928    7.780   9.284   99.97525  2.257654   11.342649 -19.183965  30.2477581912746 -27.1580676   67.8951 /L    1.8009   0.0448509   68.647185   -58.87575         n.a.     n.a.
 2026-Jun-05 00:00 *   00 15 57.19 +00 15 44.7  00 17 18.42 +00 24 33.8  2.471815  0.905246  303.351998 -61.001192    7.778   9.284   99.97444  2.260581  284.271631 -19.165936  30.2085845816950 -27.2156138   70.2394 /L    1.8301   0.0438727   69.885903   -59.51740         n.a.     n.a.
 2026-Jun-07 12:00 *m  00 16 06.48 +00 16 36.8  00 17 27.83 +00 25 26.3  2.165994  0.829702  125.105868  63.431754    7.775   9.284   99.97371  2.263573  197.205902 -19.148901  30.1686655381995 -27.9501279   72.5942 /L    1.8566   0.0386578   69.040239   -63.23483         n.a.     n.a.
 2026-Jun-10 00:00 *   00 16 15.06 +00 17 24.2  00 17 36.43 +00 26 14.2  2.129814  0.752403  310.218549 -64.714994    7.772   9.284   99.97305  2.266600  110.144572 -19.133053  30.1283645820014 -27.9894484   74.9424 /L    1.8795   0.0376468   70.543140   -63.90262         n.a.     n.a.
 2026-Jun-12 12:00 *m  00 16 22.96 +00 18 07.1  00 17 44.44 +00 26 57.5  1.812877  0.674441  132.803089  67.077835    7.784   9.300   99.97248  2.269683   23.088270 -19.118270  30.0874429677755 -28.5595216   77.3016 /L    1.8997   0.0322378   69.593388   -67.68037         n.a.     n.a.
 2026-Jun-15 00:00 *m  00 16 30.13 +00 18 45.2  00 17 51.66 +00 27 36.2  1.774600  0.594606  319.145647 -68.022885    7.781   9.300   99.97201  2.272792  296.036004 -19.104705  30.0462842751338 -28.5711827   79.6545 /L    1.9162   0.0311928   71.475811   -68.37081         n.a.     n.a.
 2026-Jun-17 12:00 *   00 16 36.58 +00 19 18.5  00 17 58.26 +00 28 10.2  1.448726  0.514971  143.035421  70.233522    7.779   9.300   99.97162  2.275946  208.988435 -19.092269  30.0046479408125 -28.9633614   82.0183 /L    1.9299   0.0256255   70.431484   -72.20895         n.a.     n.a.
 2026-Jun-20 00:00 *m  00 16 42.29 +00 19 47.0  00 18 04.01 +00 28 39.2  1.409951  0.434008  330.742301 -70.705695    7.776   9.300   99.97133  2.279115  121.944455 -19.081073  29.9629338466993 -28.9396274   84.3754 /L    1.9398   0.0245873   72.890689   -72.89606         n.a.     n.a.
 2026-Jun-22 12:00 *   00 16 47.28 +00 20 10.6  00 18 09.10 +00 29 03.2  1.078815  0.353858  156.465504  72.619147    7.773   9.300   99.97114  2.282317   34.904768 -19.071055  29.9208935394140 -29.1531031   86.7433 /L    1.9467   0.0189228   71.840199   -76.78851         n.a.     n.a.
 2026-Jun-25 00:00 *m  00 16 51.51 +00 20 29.4  00 18 13.36 +00 29 22.5  1.040718  0.272903  345.234306 -72.463735    7.770   9.300   99.97104  2.285523  307.868200 -19.062281  29.8789265133979 -29.1021756   89.1045 /L    1.9499   0.0179317   75.306409   -77.45378         n.a.     n.a.
 2026-Jun-27 12:00 *   00 16 55.01 +00 20 43.4  00 18 16.99 +00 29 37.0  0.706540  0.192434  172.942048  73.878004    7.767   9.300   99.97105  2.288751  220.835518 -19.054720  29.8367762974617 -29.1426425   91.4771 /L    1.9501   0.0122046   74.764419   -81.41088         n.a.     n.a.
 2026-Jun-30 00:00 *   00 16 57.76 +00 20 52.5  00 18 19.79 +00 29 46.7  0.668727  0.111844    1.700282 -72.996621    7.763   9.300   99.97116  2.291973  133.805510 -19.048400  29.7948390910868 -29.0715187   93.8435 /L    1.9465   0.0113003   80.505187   -82.03070         n.a.     n.a.
 2026-Jul-02 12:00 *m  00 16 59.76 +00 20 56.8  00 18 21.92 +00 29 51.6  0.333159  0.031078  190.596914  73.735241    7.760   9.300   99.97136  2.295207   46.778981 -19.043323  29.7528577289894 -28.9399816   96.2218 /L    1.9399   0.0055768   84.670751   -86.03549         n.a.     n.a.
 2026-Jul-05 00:00 *   00 17 01.02 +00 20 56.3  00 18 23.21 +00 29 51.5  0.294797  -0.04910   17.951247 -72.184004    7.757   9.300   99.97167  2.298423  319.754690 -19.039480  29.7112254172750 -28.8509354   98.5948 /L    1.9296   0.0049810   99.455980   -86.45194         n.a.     n.a.
 2026-Jul-07 12:00 *m  00 17 01.53 +00 20 50.9  00 18 23.82 +00 29 46.5  -0.04058  -0.12995  206.641695  72.214529    7.754   9.300   99.97207  2.301641  232.733462 -19.036906  29.6696889306747 -28.5449771  100.9803 /L    1.9162   0.0022690   197.34210   -88.36705         n.a.     n.a.
 2026-Jul-10 00:00 *   00 17 01.29 +00 20 40.7  00 18 23.62 +00 29 36.8  -0.08027  -0.20974   31.956605 -70.181914    7.735   9.284   99.97257  2.304829  145.714017 -19.035551  29.6286416431044 -28.4338057  103.3610 /L    1.8992   0.0037429   200.94373   -87.30081         n.a.     n.a.
 2026-Jul-12 12:00 *m  00 17 00.30 +00 20 25.7  00 18 22.76 +00 29 22.4  -0.41346  -0.29002  219.512072  69.613575    7.732   9.284   99.97316  2.308008   58.697182 -19.035490  29.5878384491658 -27.9468887  105.7547 /L    1.8790   0.0084172   234.95177   -83.85180         n.a.     n.a.
 2026-Jul-15 00:00 *m  00 16 58.57 +00 20 06.0  00 18 21.09 +00 29 03.3  -0.45397  -0.36875   43.047084 -67.295248    7.730   9.284   99.97384  2.311145  331.681615 -19.036625  29.5476766448935 -27.8032235  108.1435 /L    1.8552   0.0097477   230.91335   -82.86250         n.a.     n.a.
 2026-Jul-17 12:00 *   00 16 56.09 +00 19 41.5  00 18 18.72 +00 28 39.3  -0.78121  -0.44695  229.271202  66.277963    7.727   9.284   99.97461  2.314259  244.668133 -19.039067  29.5079183181699 -27.1324629  110.5449 /L    1.8282   0.0150005   240.22483   -78.84454         n.a.     n.a.
 2026-Jul-20 00:00 *m  00 16 52.90 +00 19 12.4  00 18 15.55 +00 28 10.6  -0.82048  -0.52322   51.568063 -63.808748    7.724   9.284   99.97545  2.317319  157.655343 -19.042666  29.4689543053296 -26.9569338  112.9411 /L    1.7978   0.0162185   237.47411   -77.90369         n.a.     n.a.
 2026-Jul-22 12:00 *   00 16 48.96 +00 18 38.7  00 18 11.72 +00 27 37.3  -1.13841  -0.59837  236.625699  62.467546    7.721   9.284   99.97637  2.320343   70.644093 -19.047562  29.4305441571834 -26.1155532  115.3497 /L    1.7643   0.0214347   242.27267   -73.72299         n.a.     n.a.
 2026-Jul-25 00:00 *m  00 16 44.35 +00 18 00.6  00 18 07.15 +00 26 59.7  -1.17599  -0.67156   58.139400 -59.925130    7.718   9.284   99.97735  2.323302  343.632982 -19.053563  29.3930628452739 -25.9167316  117.7531 /L    1.7274   0.0225706   240.27092   -72.80681         n.a.     n.a.
 2026-Jul-27 12:00 *   00 16 39.01 +00 17 18.1  00 18 01.93 +00 26 17.8  -1.48281  -0.74366  242.268969  58.348742    7.715   9.284   99.97839  2.326214  256.622889 -19.060842  29.3562735882746 -24.9158916  120.1692 /L    1.6875   0.0276473   243.36543   -68.50806         n.a.     n.a.
 2026-Jul-30 00:00 *   00 16 33.03 +00 16 31.3  00 17 55.98 +00 25 31.5  -1.51913  -0.81343   63.305864 -55.775188    7.713   9.284   99.97948  2.329049  169.612415 -19.069170  29.3205345949904 -24.6977527  122.5805 /L    1.6444   0.0287201   241.83273   -67.60170         n.a.     n.a.
 2026-Aug-01 12:00 *m  00 16 26.34 +00 15 40.4  00 17 49.39 +00 24 41.0  -1.81327  -0.88254  246.714879  54.023481    7.710   9.284   99.98062  2.331826   82.602439 -19.078747  29.2856206966144 -23.5435660  125.0050 /L    1.5985   0.0336106   244.04727   -63.19009         n.a.     n.a.
 2026-Aug-04 00:00 *   00 16 19.04 +00 14 45.5  00 17 42.10 +00 23 46.4  -1.84901  -0.94869   67.468922 -51.441624    7.708   9.284   99.98180  2.334516  355.591580 -19.089313  29.2518722582751 -23.3060453  127.4253 /L    1.5495   0.0346365   242.83860   -62.27908         n.a.     n.a.
 2026-Aug-06 12:00 *m  00 16 11.06 +00 13 46.5  00 17 34.21 +00 22 47.8  -2.12875  -1.01457  250.315908  49.554913    7.705   9.284   99.98300  2.337136  268.580688 -19.101098  29.2190826289476 -21.9994728  129.8592 /L    1.4977   0.0393027   244.51724   -57.74936         n.a.     n.a.
 2026-Aug-09 00:00 *   00 16 02.50 +00 12 43.8  00 17 25.70 +00 21 45.6  -2.16406  -1.07670   70.908759 -46.977302    7.703   9.284   99.98423  2.339659  181.568389 -19.113805  29.1875767326965 -21.7362401  132.2893 /L    1.4430   0.0402852   243.54791   -56.82063         n.a.     n.a.
 2026-Aug-11 12:00 *m  00 15 53.28 +00 11 37.3  00 17 16.60 +00 20 39.7  -2.42645  -1.13823  253.310798  44.983402    7.701   9.284   99.98546  2.342098   94.555478 -19.127692  29.1571695549947 -20.2763073  134.7331 /L    1.3856   0.0446692   244.86901   -52.17396         n.a.     n.a.
 2026-Aug-14 00:00 *m  00 15 43.54 +00 10 27.2  00 17 06.88 +00 19 30.0  -2.45972  -1.19525   73.819975 -42.417172    7.698   9.284   99.98670  2.344430    7.540581 -19.142421  29.1281687358386 -19.9827529  137.1726 /L    1.3256   0.0455791   244.08358   -51.23345         n.a.     n.a.
 2026-Aug-16 12:00 *   00 15 33.18 +00 09 13.8  00 16 56.59 +00 18 16.8  -2.70079  -1.25077  255.862571  40.335642    7.696   9.284   99.98793  2.346667  280.524455 -19.158274  29.1004016048646 -18.3816305  139.6254 /L    1.2631   0.0496060   245.15052   -46.49232         n.a.     n.a.
 2026-Aug-19 00:00 *m  00 15 22.35 +00 07 57.2  00 16 45.78 +00 17 00.5  -2.73056  -1.30190   76.339199 -37.785207    7.694   9.284   99.98915  2.348786  193.505763 -19.174872  29.0741477037079 -18.0661655  142.0732 /L    1.1982   0.0504175   244.50874   -45.55815         n.a.     n.a.
 2026-Aug-21 12:00 *   00 15 10.96 +00 06 37.6  00 16 34.47 +00 15 41.3  -2.94823  -1.35090  258.085649  35.630274    7.693   9.284   99.99034  2.350800  106.485263 -19.192524  29.0492408226238 -16.3453844  144.5339 /L    1.1310   0.0540498   245.38239   -40.73857         n.a.     n.a.
 2026-Aug-24 00:00 *m  00 14 59.15 +00 05 15.1  00 16 22.70 +00 14 19.2  -2.97460  -1.39607   78.564000 -33.098373    7.691   9.284   99.99149  2.352688   19.461669 -19.210817  29.0259325675564 -16.0144472  146.9896 /L    1.0618   0.0547653   244.85790   -39.81176         n.a.     n.a.
 2026-Aug-26 12:00 *   00 14 46.82 +00 03 50.0  00 16 10.45 +00 12 54.5  -3.16786  -1.43865  260.062054  30.880684    7.689   9.284   99.99260  2.354461  292.435727 -19.230086  29.0040699939441 -14.1900464  149.4579 /L    0.9904   0.0579872   245.57528   -34.91764         n.a.     n.a.
 2026-Aug-29 00:00 *   00 14 34.14 +00 02 22.5  00 15 57.78 +00 11 27.2  -3.19123  -1.47772   80.566327 -28.369256    7.688   9.284   99.99366  2.356102  205.406206 -19.249894  28.9838768841068 -13.8454740  151.9213 /L    0.9173   0.0586127   245.15317   -33.99258         n.a.     n.a.
 2026-Aug-31 12:00 *m  00 14 21.00 +00 00 52.7  00 15 44.68 +00 09 57.6  -3.35932  -1.51413  261.852124  26.096809    7.686   9.284   99.99466  2.357619  118.373819 -19.270592  28.9652205935890 -11.9283422  154.3976 /L    0.8423   0.0614130   245.73774   -29.02306         n.a.     n.a.
 2026-Sep-03 00:00 *   00 14 07.56 -00 00 39.2  00 15 31.26 +00 08 26.0  -3.38010  -1.54682   82.400359 -23.607430    7.685   9.284   99.99559  2.358998   31.337389 -19.291729  28.9482971370603 -11.5671968  156.8690 /L    0.7659   0.0619537   245.40998   -28.08692         n.a.     n.a.
 2026-Sep-05 12:00 *m  00 13 53.71 -00 02 12.9  00 15 17.48 +00 06 52.6  -3.52161  -1.57680  263.501961  21.286428    7.684   9.284   99.99645  2.360245  304.297561 -19.313667  28.9330021442860  -9.5618037  159.3532 /L    0.6878   0.0643083   245.87956   -23.03673         n.a.     n.a.
 2026-Sep-08 00:00 *   00 13 39.63 -00 03 48.4  00 15 03.44 +00 05 17.5  -3.53893  -1.60227   84.108013 -18.820454    7.683   9.284   99.99723  2.361346  217.253211 -19.335937  28.9195032622257  -9.1790626  161.8318 /L    0.6085   0.0647459   245.64109   -22.07972         n.a.     n.a.
 2026-Sep-10 12:00 *m  00 13 25.20 -00 05 25.2  00 14 49.06 +00 03 40.9  -3.65092  -1.62463  265.047516  16.455809    7.682   9.284   99.99792  2.362309  130.204894 -19.358911  28.9077222832943  -7.0947746  164.3218 /L    0.5280   0.0666013   246.01133   -16.95912         n.a.     n.a.
 2026-Sep-13 00:00 *m  00 13 10.62 -00 07 03.3  00 14 34.47 +00 02 02.9  -3.66302  -1.64194   85.723155 -14.014734    7.681   9.284   99.99852  2.363121   43.151570 -19.382096  28.8977899155962  -6.6961519  166.8037 /L    0.4467   0.0669031   245.85584   -15.99351         n.a.     n.a.
 2026-Sep-15 12:00 *   00 12 55.76 -00 08 42.2  00 14 19.64 +00 00 24.0  -3.74325  -1.65577  266.517968  11.610347    7.680   9.284   99.99902  2.363787  316.093738 -19.405874  28.8896430575035  -4.5565130  169.2928 /L    0.3645   0.0682184   246.13851   -10.83342         n.a.     n.a.
 2026-Sep-18 00:00 *m  00 12 40.81 -00 10 21.9  00 14 04.72 -00 01 15.4  -3.74990  -1.66505   87.273561  -9.195776    7.680   9.284   99.99942  2.364300  229.030473 -19.429734  28.8833718310275  -4.1535440  171.7654 /L    0.2822   0.0683823   246.05752   -9.874499         n.a.     n.a.
 2026-Sep-20 12:00 *   00 12 25.67 -00 12 02.0  00 13 49.62 -00 02 55.3  -3.79813  -1.67039  267.938197   6.754913    7.680   9.284   99.99971  2.364664  141.962237 -19.454071  28.8789277562777  -1.9820178  174.2257 /L    0.1999   0.0691537   246.26043   -4.699282         n.a.     n.a.
 2026-Sep-23 00:00 *m  00 12 10.52 -00 13 42.4  00 13 34.48 -00 04 35.4  -3.79991  -1.67214   88.783402  -4.368555    7.679   9.284   99.99990  2.364874   54.888211 -19.478365  28.8763663171520  -1.5793408  176.5999 /L    0.1199   0.0691925   246.24827   -3.747002         n.a.     n.a.
 2026-Sep-25 12:00 *   00 11 55.24 -00 15 22.6  00 13 19.21 -00 06 15.7  -3.81663  -1.66934  269.329901   1.893847    7.679   9.284   99.99998  2.364932  327.808814 -19.503019  28.8756572380590   0.6056277  178.4711 /L    0.0540   0.0694290   246.37618   1.4259088         n.a.     n.a.
 2026-Sep-28 00:00 *   00 11 40.02 -00 17 02.7  00 13 03.99 -00 07 55.7  -3.81419  -1.66385   90.274767   0.462293    7.680   9.284   99.99995  2.364836  240.723323 -19.527511  28.8768239819341   1.0081392  177.5898 /T    0.0758   0.0693551   246.43189   2.3789381         n.a.     n.a.
 2026-Sep-30 12:00 *m  00 11 24.74 -00 18 42.2  00 12 48.73 -00 09 35.2  -3.80007  -1.65338  270.713325  -2.968754    7.680   9.284   99.99981  2.364588  153.632098 -19.552248  28.8798604823107   3.1946631  175.3065 /T    0.1511   0.0690696   246.48657   7.5417927         n.a.     n.a.
 2026-Oct-03 00:00 *   00 11 09.60 -00 20 21.1  00 12 33.62 -00 11 13.9  -3.79338  -1.64040   91.768494   5.292402    7.680   9.284   99.99957  2.364187   66.534500 -19.576710  28.8847608373795   3.6027032  172.8613 /T    0.2323   0.0688812   246.61448   8.5140086         n.a.     n.a.
 2026-Oct-05 12:00 *m  00 10 54.47 -00 21 59.0  00 12 18.51 -00 12 51.6  -3.74770  -1.62201  272.108382  -7.828848    7.681   9.284   99.99922  2.363631  339.430793 -19.601298  28.8915478372168   5.7823479  170.3646 /T    0.3148   0.0680607   246.59698   13.667458         n.a.     n.a.
 2026-Oct-08 00:00 C   00 10 39.54 -00 23 35.7  00 12 03.59 -00 14 28.3  -3.73524  -1.60061   93.285753  10.117299    7.681   9.284   99.99877  2.362925  252.320436 -19.625497  28.9001795227120   6.1946575  167.8573 /T    0.3969   0.0677290   246.80413   14.666332         n.a.     n.a.
 2026-Oct-10 12:00 Cm  00 10 24.71 -00 25 11.0  00 11 48.74 -00 16 03.7  -3.65675  -1.57379  273.535330 -12.682319    7.682   9.284   99.99821  2.362065  165.203611 -19.649695  28.9106998789388   8.3478255  165.3309 /T    0.4788   0.0663506   246.71397   19.794798         n.a.     n.a.
 2026-Oct-13 00:00 Cm  00 10 10.16 -00 26 44.6  00 11 34.20 -00 17 37.3  -3.63786  -1.54380   94.848865  14.932250    7.683   9.284   99.99757  2.361059   78.079921 -19.673383  28.9230220271539   8.7514294  162.8064 /T    0.5596   0.0658647   247.00516   20.804228         n.a.     n.a.
 2026-Oct-15 12:00 C   00 09 55.79 -00 28 16.2  00 11 19.82 -00 19 08.9  -3.52708  -1.50881  275.016580 -17.524623    7.684   9.284   99.99683  2.359902  350.949486 -19.696941  28.9372062710782  10.8531668  160.2684 /T    0.6397   0.0639375   246.83984   25.882215         n.a.     n.a.
 2026-Oct-18 00:00 Cm  00 09 41.77 -00 29 45.6  00 11 05.82 -00 20 38.2  -3.50268  -1.47109   96.482449  19.732170    7.685   9.284   99.99602  2.358604  263.812067 -19.719874  28.9531248698797  11.2378355  157.7356 /T    0.7181   0.0633178   247.21807   26.886369         n.a.     n.a.
 2026-Oct-20 12:00 C   00 09 28.00 -00 31 12.6  00 10 52.03 -00 22 05.2  -3.36137  -1.42854  276.577556 -22.350835    7.687   9.284   99.99512  2.357161  176.667722 -19.742555  28.9708561516352  13.2685006  155.1912 /T    0.7955   0.0608722   246.97516   31.895806         n.a.     n.a.
 2026-Oct-23 00:00 Cm  00 09 14.65 -00 32 37.0  00 10 38.68 -00 23 29.8  -3.33262  -1.38412   98.215520  24.511303    7.688   9.284   99.99416  2.355585   89.516350 -19.764503  28.9902394479887  13.6312392  152.6535 /T    0.8708   0.0601437   247.44562   32.889662         n.a.     n.a.
 2026-Oct-25 12:00 C   00 09 01.61 -00 33 58.6  00 10 25.61 -00 24 51.5  -3.16299  -1.33468  278.248469 -27.155442    7.690   9.284   99.99313  2.353869    2.357946 -19.786086  29.0113717246345  15.5757939  150.1048 /T    0.9449   0.0572176   247.12184   37.817448         n.a.     n.a.
 2026-Oct-28 00:00 C   00 08 49.06 -00 35 17.2  00 10 13.07 -00 26 10.2  -3.13087  -1.28434  100.083119  29.263038    7.691   9.284   99.99205  2.352029  275.192523 -19.806842  29.0340661562329  15.9201879  147.5633 /T    1.0166   0.0564010   247.69559   38.805919         n.a.     n.a.
 2026-Oct-30 12:00 Cm  00 08 36.89 -00 36 32.6  00 10 00.89 -00 27 25.5  -2.93476  -1.22848  280.067113 -31.931858    7.693   9.284   99.99093  2.350056  188.019999 -19.827126  29.0584426887652  17.7710449  145.0107 /T    1.0867   0.0530251   247.28594   43.653076         n.a.     n.a.
 2026-Nov-02 00:00 C   00 08 25.26 -00 37 44.7  00 09 49.29 -00 28 37.5  -2.89857  -1.17196  102.129160  33.979397    7.695   9.284   99.98977  2.347967  100.840476 -19.846498  29.0842912635068  18.1031009  142.4654 /T    1.1543   0.0521089   247.98539   44.656891         n.a.     n.a.
 2026-Nov-04 12:00 Cm  00 08 14.07 -00 38 53.1  00 09 38.05 -00 29 46.1  -2.67628  -1.10955  282.081672 -36.672002    7.697   9.284   99.98859  2.345752   13.653788 -19.865289  29.1117507732567  19.8476226  139.9091 /T    1.2199   0.0482861   247.48165   49.430922         n.a.     n.a.
 2026-Nov-07 00:00 C   00 08 03.48 -00 39 57.8  00 09 27.46 -00 30 51.0  -2.63492  -1.04643  104.410828  38.650126    7.699   9.284   99.98739  2.343432  286.460160 -19.883085  29.1405767975055  20.1590177  137.3608 /T    1.2827   0.0472518   248.34000   50.453485         n.a.     n.a.
 2026-Nov-09 12:00 C   00 07 53.40 -00 40 58.6  00 09 17.33 -00 31 51.9  -2.38777  -0.97805  284.356106 -41.365316    7.701   9.284   99.98618  2.340994  199.259370 -19.900188  29.1709203327028  21.7755536  134.8023 /T    1.3433   0.0430053   247.72555   55.145772         n.a.     n.a.
 2026-Nov-12 00:00 Cm  00 07 43.97 -00 41 55.2  00 09 07.92 -00 32 48.6  -2.34192  -0.90897  107.003752  43.261875    7.704   9.284   99.98498  2.338463  112.051801 -19.916218  29.2025002315933  22.0538165  132.2527 /T    1.4007   0.0418689   248.78738   56.170486         n.a.     n.a.
 2026-Nov-14 12:00 C   00 07 35.11 -00 42 47.6  00 08 59.02 -00 33 41.0  -2.07269  -0.83574  286.977836 -45.997554    7.706   9.284   99.98378  2.335825   24.837173 -19.931454  29.2354817938642  23.5252072  129.6937 /T    1.4558   0.0372473   248.03998   60.770993         n.a.     n.a.
 2026-Nov-17 00:00 Nm  00 07 26.94 -00 43 35.5  00 08 50.87 -00 34 29.1  -2.02391  -0.76189  110.011609  47.796409    7.709   9.284   99.98262  2.333106  297.616021 -19.945550  29.2695540124081  23.7641162  127.1446 /T    1.5075   0.0360428   249.37157   61.780607         n.a.     n.a.
 2026-Nov-19 12:00 C   00 07 19.40 -00 44 18.9  00 08 43.26 -00 35 12.7  -1.73575  -0.68481  290.068953 -50.549000    7.711   9.284   99.98148  2.330292  210.387999 -19.958764  29.3048982628640  25.0797453  124.5866 /T    1.5565   0.0310993   248.46924   66.285746         n.a.     n.a.
 2026-Nov-22 00:00 Nm  00 07 12.58 -00 44 57.7  00 08 36.44 -00 35 51.7  -1.68561  -0.60748  113.579627  52.227938    7.714   9.284   99.98038  2.327410  123.153770 -19.970786  29.3411818714580  25.2794455  122.0390 /T    1.6021   0.0298622   250.18112   67.267398         n.a.     n.a.
 2026-Nov-24 12:00 Cm  00 07 06.42 -00 45 31.7  00 08 30.23 -00 36 25.9  -1.38175  -0.52735  293.805212 -54.990903    7.717   9.284   99.97933  2.324446   35.912920 -19.981851  29.3786022247799  26.4343822  119.4827 /T    1.6448   0.0246494   249.11037   71.677706         n.a.     n.a.
 2026-Nov-27 00:00 C   00 07 01.01 -00 46 01.0  00 08 24.86 -00 36 55.2  -1.33100  -0.44740  117.914385  56.518774    7.720   9.284   99.97834  2.321426  308.666204 -19.991684  29.4168150044287  26.6030010  116.9369 /T    1.6839   0.0234030   251.42063   72.629362         n.a.     n.a.
 2026-Nov-29 12:00 Nm  00 06 56.30 -00 46 25.4  00 08 20.11 -00 37 19.6  -1.01331  -0.36427  298.444606 -59.279584    7.723   9.284   99.97741  2.318335  221.413127 -20.000497  29.4560333999282  27.5961626  114.3821 /T    1.7201   0.0179466   250.22722   76.962434         n.a.     n.a.
 2026-Dec-02 00:00 C   00 06 52.37 -00 46 44.7  00 08 16.18 -00 37 39.2  -0.96075  -0.28149  123.313323  60.611430    7.725   9.284   99.97656  2.315202  134.154517 -20.008044  29.4958999550024  27.7358174  111.8376 /T    1.7524   0.0166855   253.67015   77.893877         n.a.     n.a.
 2026-Dec-04 12:00 Nm  00 06 49.17 -00 46 59.1  00 08 12.90 -00 37 53.8  -0.63064  -0.19554  304.368485 -63.346250    7.728   9.284   99.97578  2.312009   46.889837 -20.014502  29.5366312985563  28.5532467  109.2843 /T    1.7817   0.0110043   252.77306   82.165289         n.a.     n.a.
 2026-Dec-07 00:00 C   00 06 46.77 -00 47 08.2  00 08 10.51 -00 38 03.1  -0.57619  -0.11032  130.197714  64.416201    7.731   9.284   99.97509  2.308787  319.620025 -20.019668  29.5778491837742  28.6540500  106.7419 /T    1.8071   0.0097776   259.16114   83.044248         n.a.     n.a.
 2026-Dec-09 12:00 N   00 06 45.13 -00 47 12.2  00 08 08.82 -00 38 07.2  -0.23681  -0.02280  312.130556 -67.078928    7.735   9.284   99.97448  2.305519  232.344521 -20.023683  29.6197731481768  29.2820265  104.1914 /T    1.8294   0.0039651   264.50056   87.224324         n.a.     n.a.
 2026-Dec-12 00:00 Cm  00 06 44.31 -00 47 11.0  00 08 08.02 -00 38 06.1  -0.18177  0.063894  139.124898  67.791903    7.738   9.284   99.97397  2.302237  145.064372 -20.026390  29.6620079439162  29.3375836  101.6527 /T    1.8476   0.0032112   289.36688   87.752516         n.a.     n.a.
 2026-Dec-14 12:00 N   00 06 44.26 -00 47 04.5  00 08 07.91 -00 37 59.8  0.163230  0.151584  322.456996 -70.295431    7.741   9.284   99.97356  2.298922   57.778981 -20.027899  29.7047811098668  29.7709625   99.1065 /T    1.8626   0.0037127   47.118528   87.436112         n.a.     n.a.
 2026-Dec-17 00:00 Cm  00 06 45.03 -00 46 52.8  00 08 08.68 -00 37 48.3  0.217281  0.238643  150.685354  70.522929    7.744   9.284   99.97325  2.295606  330.489497 -20.028098  29.7476861934805  29.7804361   96.5728 /T    1.8736   0.0053790   42.317355   86.283906         n.a.     n.a.
 2026-Dec-19 12:00 N   00 06 46.59 -00 46 35.9  00 08 10.15 -00 37 31.7  0.564449  0.325432  336.011879 -72.715666    7.747   9.284   99.97304  2.292271  243.195267 -20.027065  29.7909609901050  30.0208243   94.0322 /T    1.8813   0.0108591   60.034474   82.578583         n.a.     n.a.
 2026-Dec-22 00:00 Cm  00 06 48.95 -00 46 13.8  00 08 12.54 -00 37 09.7  0.616146  0.411760  165.085042  72.318404    7.750   9.284   99.97294  2.288949  155.897521 -20.024735  29.8341954337416  29.9892834   91.5045 /T    1.8850   0.0123511   56.245858   81.551818         n.a.     n.a.
 2026-Dec-24 12:00 Nm  00 06 52.11 -00 45 46.5  00 08 15.65 -00 36 42.4  0.962682  0.497182  352.613458 -73.986016    7.753   9.284   99.97294  2.285621   68.595541 -20.021156  29.8776382933416  30.0447232   88.9701 /T    1.8855   0.0180581   62.685677   77.752790         n.a.     n.a.
 2026-Dec-27 00:00 C   00 06 56.06 -00 45 14.1  00 08 19.63 -00 36 10.1  1.012205  0.582400  181.410767  72.892288    7.756   9.284   99.97304  2.282318  341.290594 -20.016299  29.9208844008508  29.9820668   86.4482 /T    1.8820   0.0194633   60.084836   76.786889         n.a.     n.a.
 2026-Dec-29 12:00 Nm  00 07 00.80 -00 44 36.6  00 08 24.30 -00 35 32.9  1.357102  0.666897   10.328703 -73.844757    7.760   9.284   99.97324  2.279019  253.981905 -20.010180  29.9641852928732  29.8553360   83.9193 /T    1.8753   0.0252018   63.829931   72.999100         n.a.     n.a.
$$EOE
**********************************************************************************************************************************************************************************************************************************************************************************************
Column meaning:
 
TIME

  Times PRIOR to 1962 are UT1, a mean-solar time closely related to the
prior but now-deprecated GMT. Times AFTER 1962 are in UTC, the current
civil or "wall-clock" time-scale. UTC is kept within 0.9 seconds of UT1
using integer leap-seconds for 1972 and later years.

  Conversion from the internal Barycentric Dynamical Time (TDB) of solar
system dynamics to the non-uniform civil UT time-scale requested for output
has not been determined for UTC times after the next July or January 1st.
Therefore, the last known leap-second is used as a constant over future
intervals.

  Time tags refer to the UT time-scale conversion from TDB on Earth
regardless of observer location within the solar system, although clock
rates may differ due to the local gravity field and no analog to "UT"
may be defined for that location.

  Any 'b' symbol in the 1st-column denotes a B.C. date. First-column blank
(" ") denotes an A.D. date.
 
CALENDAR SYSTEM

  Mixed calendar mode was active such that calendar dates after AD 1582-Oct-15
(if any) are in the modern Gregorian system. Dates prior to 1582-Oct-5 (if any)
are in the Julian calendar system, which is automatically extended for dates
prior to its adoption on 45-Jan-1 BC.  The Julian calendar is useful for
matching historical dates. The Gregorian calendar more accurately corresponds
to the Earth's orbital motion and seasons. A "Gregorian-only" calendar mode is
available if such physical events are the primary interest.

  NOTE: "n.a." in output means quantity "not available" at the print-time.
 
SOLAR PRESENCE (OBSERVING SITE)
  Time tag is followed by a blank, then a solar-presence symbol:

       '*'  Daylight (refracted solar upper-limb on or above apparent horizon)
       'C'  Civil twilight/dawn
       'N'  Nautical twilight/dawn
       'A'  Astronomical twilight/dawn
       ' '  Night OR geocentric ephemeris

LUNAR PRESENCE (OBSERVING SITE)
  The solar-presence symbol is immediately followed by a lunar-presence symbol:

       'm'  Refracted upper-limb of Moon on or above apparent horizon
       ' '  Refracted upper-limb of Moon below apparent horizon OR geocentric
            ephemeris
 
 'R.A._____(ICRF)_____DEC' =
  Astrometric right ascension and declination of the target center with
respect to the observing site (coordinate origin) in the reference frame of
the planetary ephemeris (ICRF). Compensated for down-leg light-time delay
aberration.

  Units: RA  in hours-minutes-seconds of time,    HH MM SS.ff{ffff}
         DEC in degrees-minutes-seconds of arc,  sDD MN SC.f{ffff}
 
 'R.A.__(a-apparent)__DEC' =
  Airless apparent right ascension and declination of the target center
with respect to an instantaneous reference frame defined by the Earth equator
of-date (z-axis) and meridian containing the Earth equinox of-date (x-axis,
EOP-corrected IAU76/80). Compensated for down-leg light-time delay,
gravitational deflection of light, stellar aberration, precession & nutation.
Note: equinox (RA origin) is offset -53 mas from the of-date frame defined
by the IAU06/00a P & N system.

  Units: RA  in hours-minutes-seconds of time,   HH MM SS.ff{ffff}
         DEC in degrees-minutes-seconds of arc, sDD MN SC.f{ffff}
 
 'dRA*cosD d(DEC)/dt' =
  The angular rate of change in apparent RA and DEC of the target. This is
with respect to the non-inertial IAU76/80 Earth true equator and equinox
of-date reference frame.  d(RA)/dt is multiplied by the cosine of declination
to provide a linear rate in the plane-of-sky. Units: ARCSECONDS PER HOUR
 
 'Azi____(a-app)___Elev' =
  Airless apparent azimuth and elevation of target center. Compensated
for light-time, the gravitational deflection of light, stellar aberration,
precession and nutation. Azimuth is measured clockwise from north:

  North(0) -> East(90) -> South(180) -> West(270) -> North (360)

Elevation angle is with respect to a plane perpendicular to the reference
surface local zenith direction. TOPOCENTRIC ONLY.  Units: DEGREES
 
 'APmag   S-brt' =
  The targets' approximate apparent visual magnitude and surface brightness.
For planets and natural satellites, output is restricted to solar phase angles
covered by observational data. Outside the observed phase angle range, "n.a."
may be output to avoid extrapolation beyond the limit of model validity.

   For Earth-based observers, the estimated dimming due to atmospheric
absorption (extinction) is available as a separate, requestable quantity.

   Surface brightness is the average airless visual magnitude of a
square-arcsecond of the illuminated portion of the apparent disk. It is
computed only if the target radius is known.

   Units: MAGNITUDES & MAGNITUDES PER SQUARE ARCSECOND
 
 'Illu%' =
   Fraction of the target objects' assumed circular disk illuminated by Sun
(phase), as seen by the observer.  Units: PERCENT
 
 'Ang-diam' =
   The equatorial angular width of the target body full disk, if it were fully
illuminated and visible to the observer. If the target body diameter is unknown
"n.a." is output.

   Units: ARCSECONDS
 
 'ObsSub-LON ObsSub-LAT' =
   Apparent planetodetic longitude and latitude of the center of the target
disc seen by the OBSERVER at print-time. This is NOT exactly the same as the
"nearest" sub-point for a non-spherical target shape (since the center of the
disc might not be the point closest to the observer), but is generally very
close if not a very irregular body shape. Down-leg light travel-time from
target to observer is taken into account. Latitude is the angle between the
equatorial plane and the line perpendicular to the reference ellipsoid of the
body, so includes body oblateness. The reference ellipsoid is an oblate
spheroid with a single flatness coefficient in which the y-axis body radius
is taken to be the same value as the x-axis radius.  For Jupiter, Saturn, and
Uranus, IAU2015 longitude is based on the "System III" prime meridian rotation
angle of the magnetic field. By contrast, pole direction (thus latitude) is
relative to the body dynamical equator.  There can be an offset between the
magnetic pole and the dynamical pole of rotation. For Neptune, rotation is
IAU2015 "System II" rotation of optically observed features in the Neptunian
atmosphere. Positive longitude is to the WEST for this target. Cartographic
system is specified in the header.  Units: DEGREES DEGREES
 
 'delta      deldot' =
   Apparent range ("delta", light-time aberrated) and range-rate ("delta-dot")
of the target center relative to the observer. A positive "deldot" means the
target center is moving away from the observer, negative indicates movement
toward the observer.  Units: AU and KM/S
 
 'S-O-T /r' =
   Sun-Observer-Target apparent SOLAR ELONGATION ANGLE seen from the observers'
location at print-time.

   The '/r' column provides a code indicating the targets' apparent position
relative to the Sun in the observers' sky, as described below:

   Case A: For an observing location on the surface of a rotating body, that
body rotational sense is considered:

    /T indicates target TRAILS Sun   (evening sky: rises and sets AFTER Sun)
    /L indicates target LEADS Sun    (morning sky: rises and sets BEFORE Sun)

   Case B: For an observing point that does not have a rotational model (such
as a spacecraft), the "leading" and "trailing" condition is defined by the
observers' heliocentric ORBITAL motion:

    * If continuing in the observers' current direction of heliocentric
       motion would encounter the targets' apparent longitude first, followed
       by the Sun's, the target LEADS the Sun as seen by the observer.

    * If the Sun's apparent longitude would be encountered first, followed
       by the targets', the target TRAILS the Sun.

   Two other codes can be output:
    /* indicates observer is Sun-centered    (undefined)
    /? Target is aligned with Sun center     (no lead or trail)

   The S-O-T solar elongation angle is numerically the minimum separation
angle of the Sun and target in the sky in any direction. It does NOT indicate
the amount of separation in the leading or trailing directions, which would
be defined along the equator of a spherical coordinate system.

   Units: DEGREES
 
 'S-T-O' =
   The Sun-Target-Observer angle; the interior vertex angle at target center
formed by a vector from the target to the apparent center of the Sun (at
reflection time on the target) and the apparent vector from target to the
observer at print-time. Slightly different from true PHASE ANGLE (requestable
separately) at the few arcsecond level in that it includes stellar aberration
on the down-leg from target to observer.  Units: DEGREES
 
 'Sky_motion  Sky_mot_PA  RelVel-ANG' =
  Total apparent angular rate of the target in the plane-of-sky. "Sky_mot_PA"
is the position angle of the target's direction of motion in the plane-of-sky,
measured counter-clockwise from the apparent of-date north pole direction.
"RelVel-ANG" is the flight path angle of the target's relative motion with
respect to the observer's line-of-sight, in the range [-90,+90], where positive
values indicate motion away from the observer, negative values are toward the
observer:

  -90 = target is moving directly toward the observer
    0 = target is moving at right angles to the observer's line-of-sight
  +90 = target is moving directly away from the observer

UNITS:  ARCSECONDS/MINUTE, DEGREES, DEGREES
 
 'Lun_Sky_Brt  sky_SNR' =
  Sky brightness due to moonlight scattered by Earth's atmosphere at the
target's position in the sky. "sky_SNR" is the visual signal-to-noise ratio
(SNR) of the target's surface brightness relative to background sky. Output
only for topocentric Earth observers when both the Moon and target are above
the local horizon and the Sun is in astronomical twilight (or further) below
the horizon, and the target is not the Moon or Sun. If all conditions are
not met, "n.a." is output. Galactic brightness, local sky light-pollution
and weather are NOT considered. Lunar opposition surge is considered. The
value returned is accurate under ideal conditions at the approximately 8-23%
level, so is a useful but not definitive value.

  If the target-body radius is also known, "sky_SNR" is output. This is the
approximate visual signal-to-noise ratio of the target's brightness divided
by lunar sky brightness. When sky_SNR < 1, the target is dimmer than the
ideal moonlight-scattering background sky, so unlikely to be detectable at
visual wavelengths. In practice, visibility requires sky_SNR > 1 and a
detector sensitive enough to reach the target's magnitude, even if it isn't
washed out by moonlight. When relating magnitudes and brightness values,
keep in mind their logarithmic relationship m2-m1 = -2.5*log_10(b2/b1).

  UNITS: VISUAL MAGNITUDES / ARCSECOND^2, and unitless ratio

Computations by ...

    Solar System Dynamics Group, Horizons On-Line Ephemeris System
    4800 Oak Grove Drive, Jet Propulsion Laboratory
    Pasadena, CA  91109   USA

    General site: https://ssd.jpl.nasa.gov/
    Mailing list: https://ssd.jpl.nasa.gov/email_list.html
    System news : https://ssd.jpl.nasa.gov/horizons/news.html
    User Guide  : https://ssd.jpl.nasa.gov/horizons/manual.html
    Connect     : browser        https://ssd.jpl.nasa.gov/horizons/app.html#/x
                  API            https://ssd-api.jpl.nasa.gov/doc/horizons.html
                  command-line   telnet ssd.jpl.nasa.gov 6775
                  e-mail/batch   https://ssd.jpl.nasa.gov/ftp/ssd/horizons_batch.txt
                  scripts        https://ssd.jpl.nasa.gov/ftp/ssd/SCRIPTS
    Author      : Jon.D.Giorgini@jpl.nasa.gov

**********************************************************************************************************************************************************************************************************************************************************************************************
