*******************************************************************************
 Revised: April 22, 2021              Neptune                               899
 
 PHYSICAL DATA (update 2021-May-03):
  Mass x10^24 (kg)      = 102.409         Density (g/cm^3)       =  1.638
  Equat. radius (1 bar) = 24766+-15 km    Volume, 10^10 km^3     = 6254     
  Vol. mean radius (km) = 24624+-21       Polar radius (km)      = 24342+-30
  Geometric Albedo      = 0.41            Flattening             =  0.0171
  Sid. rot. period (III)= 16.11+-0.01 hr  Sid. rot. rate (rad/s) =  0.000108338 
  Mean solar day, h     =~16.11 h         
  GM (km^3/s^2)         = 6835099.97      GM 1-sigma (km^3/s^2)  = +-10 
  Equ. grav, ge (m/s^2) = 11.15           Pol. grav, gp (m/s^2)  = 11.41+-0.03
  Visual magnitude V(1,0)= -6.87
  Vis. mag. (opposition)=  +7.84          Obliquity to orbit     = 28.32 deg
  Sidereal orbit period = 164.788501027 y Sidereal orbit period  = 60189 d
  Mean daily motion     = 0.006020076dg/d Mean orbit velocity    =  5.43 km/s 
  Atmos. temp. (1 bar)  =  72+-2 K        Escape speed (1 bar)  =  23.5 km/s     
  Aroche(ice)/Rp        =  2.98           Hill's sphere rad., Rp = 4700
                                 Perihelion  Aphelion    Mean
  Solar Constant (W/m^2)         1.54        1.49        1.51
  Maximum Planetary IR (W/m^2)   0.52        0.52        0.52
  Minimum Planetary IR (W/m^2)   0.52        0.52        0.52
*******************************************************************************


*******************************************************************************
Ephemeris / WWW_USER Mon Apr  6 17:59:11 2026 Pasadena, USA      / Horizons    
*******************************************************************************
Target body name: Neptune (899)                   {source: nep097_merged}
Center body name: Earth (399)                     {source: nep097_merged}
Center-site name: (user defined site below)
*******************************************************************************
Start time      : A.D. 2026-Jan-01 00:00:00.0000 UT      
Stop  time      : A.D. 2026-Dec-31 00:00:00.0000 UT      
Step-size       : 3600 minutes
*******************************************************************************
Target pole/equ : IAU_NEPTUNE                     {West-longitude positive}
Target radii    : 24764.0, 24764.0, 24341.0 km    {Equator_a, b, pole_c}       
Center geodetic : 260.5, 27.5, .150               {E-lon(deg),Lat(deg),Alt(km)}
Center cylindric: 260.5, 5661.65151, 2927.53955   {E-lon(deg),Dxy(km),Dz(km)}
Center pole/equ : ITRF93                          {East-longitude positive}
Center radii    : 6378.137, 6378.137, 6356.752 km {Equator_a, b, pole_c}       
Target primary  : Sun
Vis. interferer : MOON (R_eq= 1737.400) km        {source: DE441}
Rel. light bend : Sun                             {source: nep097_merged}
Rel. lght bnd GM: 1.3271E+11 km^3/s^2                                          
Atmos refraction: NO (AIRLESS)
RA format       : HMS
Time format     : CAL 
Calendar mode   : Mixed Julian/Gregorian
EOP file        : eop.260406.p260703                                           
EOP coverage    : DATA-BASED 1962-JAN-20 TO 2026-APR-06. PREDICTS-> 2026-JUL-02
Units conversion: 1 au= 149597870.700 km, c= 299792.458 km/s, 1 day= 86400.0 s 
Table cut-offs 1: Elevation (-90.0deg=NO ),Airmass (>38.000=NO), Daylight (NO )
Table cut-offs 2: Solar elongation (  0.0,180.0=NO ),Local Hour Angle( 0.0=NO )
Table cut-offs 3: RA/DEC angular rate (     0.0=NO )                           
**********************************************************************************************************************************************************************************************************************************************************************************************
 Date__(UT)__HR:MN     R.A._____(ICRF)_____DEC  R.A.__(a-apparent)__DEC  dRA*cosD d(DEC)/dt  Azi____(a-app)___Elev    APmag   S-brt      Illu%  Ang-diam  ObsSub-LON ObsSub-LAT             delta      deldot     S-O-T /r     S-T-O  Sky_motion  Sky_mot_PA  RelVel-ANG  Lun_Sky_Brt  sky_SNR
**********************************************************************************************************************************************************************************************************************************************************************************************
$$SOE
 2026-Jan-01 00:00 Cm  23 58 58.57 -01 33 48.3  00 00 18.65 -01 25 07.1  1.606736  0.830071  182.241756  61.062525    7.767   9.284   99.97395  2.271915  292.675205 -20.796401  30.0578799991395  29.4838545   78.9436 /T    1.8506   0.0301414   62.678236   69.622944         n.a.     n.a.
 2026-Jan-03 12:00  m  23 59 05.65 -01 32 56.1  00 00 25.69 -01 24 14.9  1.933178  0.911121    7.958451 -63.687102    7.770   9.284   99.97445  2.268712  205.358410 -20.786895  30.1003200592400  29.1728083   76.4255 /T    1.8332   0.0356188   64.765148   66.046877         n.a.     n.a.
 2026-Jan-06 00:00 C   23 59 13.49 -01 31 59.0  00 00 33.55 -01 23 17.9  1.985249  0.990810  192.170060  60.549891    7.773   9.284   99.97503  2.265562  118.040038 -20.776211  30.1421734372827  28.9137969   73.9198 /T    1.8122   0.0369794   63.476873   65.014580         n.a.     n.a.
 2026-Jan-08 12:00  m  23 59 22.08 -01 30 57.2  00 00 42.07 -01 22 16.3  2.305136  1.069026   18.498601 -62.665286    7.776   9.284   99.97570  2.262448   30.719389 -20.764337  30.1836656279444  28.4300237   71.4085 /T    1.7881   0.0423493   65.120102   61.476009         n.a.     n.a.
 2026-Jan-11 00:00 *   23 59 31.39 -01 29 50.8  00 00 51.38 -01 21 10.1  2.353804  1.146542  201.557837  59.332380    7.779   9.284   99.97645  2.259397  303.397746 -20.751327  30.2244224149298  28.1364176   68.9092 /T    1.7604   0.0436366   64.029203   60.462909         n.a.     n.a.
 2026-Jan-13 12:00  m  23 59 41.44 -01 28 39.7  00 01 01.37 -01 19 59.2  2.665178  1.221293   28.082479 -60.925247    7.782   9.284   99.97728  2.256392  216.074398 -20.737136  30.2646647048046  27.4769627   66.4044 /T    1.7297   0.0488613   65.380827   56.953258         n.a.     n.a.
 2026-Jan-16 00:00 *   23 59 52.18 -01 27 24.2  00 01 12.13 -01 18 43.8  2.709611  1.295881  210.116898  57.494759    7.785   9.284   99.97817  2.253462  128.750683 -20.721856  30.3040179923940  27.1439083   63.9118 /T    1.6955   0.0500591   64.440376   55.958076         n.a.     n.a.
 2026-Jan-18 12:00     00 00 03.64 -01 26 04.4  00 01 23.54 -01 17 23.9  3.009833  1.366338   36.501408 -58.591586    7.787   9.284   99.97913  2.250589   41.425877 -20.705414  30.3427008251307  26.3117490   61.4143 /T    1.6584   0.0550908   65.583945   52.476530         n.a.     n.a.
 2026-Jan-21 00:00 *m  00 00 15.75 -01 24 40.3  00 01 35.67 -01 16 00.0  3.048802  1.436900  217.727509  55.140059    7.790   9.284   99.98013  2.247801  314.101355 -20.687940  30.3803452664496  25.9396786   58.9294 /T    1.6181   0.0561740   64.765500   51.504822         n.a.     n.a.
 2026-Jan-23 12:00     00 00 28.53 -01 23 12.1  00 01 48.38 -01 14 32.0  3.335054  1.502323   43.759059 -55.790796    7.793   9.284   99.98119  2.245080  226.776380 -20.669334  30.4171672061377  24.9427601   56.4403 /T    1.5750   0.0609635   65.750136   48.053950         n.a.     n.a.
 2026-Jan-26 00:00 *m  00 00 41.93 -01 21 40.0  00 02 01.78 -01 13 00.1  3.367373  1.567714  224.402511  52.369848    7.795   9.284   99.98228  2.242452  139.452336 -20.649764  30.4528148708807  24.5397000   53.9644 /T    1.5289   0.0619070   65.035191   47.117468         n.a.     n.a.
 2026-Jan-28 12:00     00 00 55.96 -01 20 04.1  00 02 15.77 -01 11 24.3  3.637276  1.627703   49.977340 -52.632309    7.798   9.284   99.98340  2.239900   52.128466 -20.629107  30.4875029923048  23.3932971   51.4846 /T    1.4801   0.0664145   65.891193   43.702846         n.a.     n.a.
 2026-Jan-31 00:00 *m  00 01 10.55 -01 18 24.7  00 02 30.39 -01 09 44.8  3.663082  1.687587  230.230847  49.273167    7.800   9.284   99.98454  2.237449  324.806117 -20.607559  30.5209044116787  22.9736543   49.0182 /T    1.4286   0.0672188   65.264407   42.809664         n.a.     n.a.
 2026-Feb-02 12:00  m  00 01 25.73 -01 16 41.8  00 02 45.53 -01 08 01.9  3.915892  1.742505   55.318989 -49.203195    7.802   9.284   99.98569  2.235082  237.484510 -20.584972  30.5532299055815  21.6929287   46.5478 /T    1.3747   0.0714348   66.011761   39.426270         n.a.     n.a.
 2026-Feb-05 00:00 *   00 01 41.42 -01 14 55.6  00 03 01.22 -01 06 15.8  3.936785  1.797407  235.330375  45.922543    7.805   9.284   99.98685  2.232820  150.164949 -20.561571  30.5841723931890  21.2622781   44.0903 /T    1.3183   0.0721283   65.460113   38.565250         n.a.     n.a.
 2026-Feb-07 12:00  m  00 01 57.66 -01 13 06.2  00 03 17.41 -01 04 26.7  4.171987  1.847373   59.944429 -45.569926    7.807   9.284   99.98800  2.230650   62.846671 -20.537175  30.6139282996874  19.8505675   41.6284 /T    1.2596   0.0760451   66.116040   35.196152         n.a.     n.a.
 2026-Feb-10 00:00 *   00 02 14.36 -01 11 13.9  00 03 34.12 -01 02 34.4  4.188368  1.897244  239.820852  42.375170    7.809   9.284   99.98914  2.228592  335.530966 -20.512041  30.6422035519151  19.4043496   39.1790 /T    1.1986   0.0766340   65.630458   34.353936         n.a.     n.a.
 2026-Feb-12 12:00 Am  00 02 31.58 -01 09 18.7  00 03 51.31 -01 00 39.2  4.404150  1.941534   63.993573 -41.781924    7.811   9.284   99.99026  2.226631  248.217101 -20.485963  30.6691811797287  17.8662820   36.7254 /T    1.1355   0.0802186   66.210101   30.992756         n.a.     n.a.
 2026-Feb-15 00:00 *   00 02 49.20 -01 07 20.9  00 04 08.95 -00 58 41.4  4.415380  1.985878  243.810879  38.675231    7.812   9.284   99.99135  2.224789  160.906352 -20.459230  30.6945833889414  17.4034837   34.2842 /T    1.0704   0.0806902   65.783506   30.166179         n.a.     n.a.
 2026-Feb-17 12:00 A   00 03 07.28 -01 05 20.6  00 04 27.00 -00 56 41.1  4.609794  2.023752   67.582544 -37.876083    7.814   9.284   99.99241  2.223050   73.598001 -20.431612  30.7185836313606  15.7499667   31.8392 /T    1.0034   0.0839076   66.297977   26.813047         n.a.     n.a.
 2026-Feb-20 00:00 *m  00 03 25.70 -01 03 18.0  00 04 45.42 -00 54 38.7  4.614892  2.061826  247.393379  34.856447    7.816   9.284   99.99342  2.221435  346.293302 -20.403429  30.7409246623458  15.2738482   29.4071 /T    0.9347   0.0842423   65.926019   26.004879         n.a.     n.a.
 2026-Feb-22 12:00 A   00 03 44.54 -01 01 13.3  00 05 04.22 -00 52 34.1  4.786086  2.092764   70.805390 -33.879949    7.817   9.284   99.99438  2.219929  258.991543 -20.374431  30.7617730963902  13.5225382   26.9718 /T    0.8644   0.0870605   66.382169   22.666502         n.a.     n.a.
 2026-Feb-25 00:00 *m  00 04 03.66 -00 59 06.8  00 05 23.36 -00 50 27.6  4.784567  2.124019  250.646311  30.944750    7.819   9.284   99.99528  2.218550  171.693922 -20.344964  30.7809014285796  13.0448531   24.5500 /T    0.7926   0.0872473   66.062068   21.887961         n.a.     n.a.
 2026-Feb-27 12:00 A   00 04 23.13 -00 56 58.6  00 05 42.83 -00 48 19.2  4.932053  2.148419   73.737499 -29.814073    7.820   9.284   99.99612  2.217284   84.399719 -20.314761  30.7984698800873  11.2179360   22.1255 /T    0.7195   0.0896612   66.461897   18.571191         n.a.     n.a.
 2026-Mar-02 00:00 *m  00 04 42.81 -00 54 49.0  00 06 02.54 -00 46 09.5  4.925189  2.173185  253.634201  26.960158    7.821   9.284   99.99688  2.216146  357.110045 -20.284184  30.8142831174803  10.7492648   19.7146 /T    0.6452   0.0897221   66.191061   17.825340         n.a.     n.a.
 2026-Mar-04 12:00 Am  00 05 02.80 -00 52 38.0  00 06 22.49 -00 43 58.6  5.049606  2.191914   76.439891 -25.694381    7.822   9.284   99.99757  2.215126  269.824201 -20.252947  30.8284843619812   8.8587970   17.3013 /T    0.5698   0.0917470   66.535478   14.521231         n.a.     n.a.
 2026-Mar-07 00:00 *   00 05 22.94 -00 50 25.9  00 06 42.64 -00 41 46.6  5.038792  2.210523  256.410346  22.918344    7.823   9.284   99.99819  2.214233  182.543226 -20.221428  30.8409039134167   8.3980935   14.9020 /T    0.4936   0.0917058   66.312888   13.795983         n.a.     n.a.
 2026-Mar-09 12:00 Am  00 05 43.34 -00 48 12.9  00 07 03.02 -00 39 33.5  5.139724  2.223609   78.962053 -21.533170    7.824   9.284   99.99871  2.213461   95.266483 -20.189323  30.8516604558370   6.4480820   12.5015 /T    0.4166   0.0933351   66.605151   10.489648         n.a.     n.a.
 2026-Mar-12 00:00 *   00 06 03.84 -00 45 59.1  00 07 23.55 -00 37 19.6  5.125001  2.235866  259.019649  18.831939    7.824   9.284   99.99915  2.212820    7.994947 -20.157029  30.8606096207268   5.9927690   10.1178 /T    0.3391   0.0931915   66.429971   9.7753448         n.a.     n.a.
 2026-Mar-14 12:00 Nm  00 06 24.53 -00 43 44.7  00 07 44.25 -00 35 05.1  5.201189  2.242725   81.344912 -17.340179    7.825   9.284   99.99950  2.212301  280.728043 -20.124228  30.8678497785584   3.9923856    7.7396 /T    0.2613   0.0944019   66.674550   6.4609043         n.a.     n.a.
 2026-Mar-17 00:00 *   00 06 45.26 -00 41 29.9  00 08 05.01 -00 32 50.2  5.182093  2.248378  261.500000  14.711092    7.825   9.284   99.99976  2.211913  193.466676 -20.091335  30.8732639853666   3.5436190    5.3961 /T    0.1838   0.0941472   66.545209   5.7536427         n.a.     n.a.
 2026-Mar-19 12:00 N   00 07 06.13 -00 39 15.0  00 08 25.87 -00 30 35.3  5.232273  2.248345   83.623330 -13.123464    7.825   9.284   99.99992  2.211650  106.210321 -20.058021  30.8769351184786   1.5078662    3.1237 /T    0.1082   0.0949148   66.746456   2.4316064         n.a.     n.a.
 2026-Mar-22 00:00 *m  00 07 26.98 -00 37 00.1  00 08 46.73 -00 28 20.6  5.208069  2.247064  263.884119  10.564140    7.825   9.284   99.99998  2.211518   18.959805 -20.024719  30.8787766087527   1.0717898    1.3823 /T    0.0477   0.0945358   66.661819   1.7341120         n.a.     n.a.
 2026-Mar-24 12:00 N   00 07 47.90 -00 34 45.5  00 09 07.65 -00 26 05.7  5.231637  2.239961   85.827523  -8.889501    7.825   9.284   99.99995  2.211512  291.714625 -19.991089  30.8788625454137  -0.9755730    2.3358 /L    0.0740   0.0948500   66.821478   -1.584190         n.a.     n.a.
 2026-Mar-27 00:00 *m  00 08 08.73 -00 32 31.3  00 09 28.53 -00 23 51.2  5.202866  2.232072  266.201606   6.398223    7.825   9.284   99.99983  2.211635  204.475501 -19.957574  30.8771417460034  -1.3874464    4.5092 /L    0.1459   0.0943574   66.780276   -2.261771         n.a.     n.a.
 2026-Mar-29 12:00 N   00 08 29.58 -00 30 17.7  00 09 49.40 -00 21 37.4  5.201147  2.218875   87.984320  -4.644146    7.825   9.284   99.99960  2.211883  117.241945 -19.923826  30.8736755463104  -3.4261936    6.8237 /L    0.2229   0.0942446   66.896296   -5.569457         n.a.     n.a.
 2026-Apr-01 00:00 *m  00 08 50.29 -00 28 04.9  00 10 10.12 -00 19 24.6  5.169418  2.205016  268.478728   2.219769    7.825   9.284   99.99929  2.212258   30.014579 -19.890288  30.8684420586986  -3.8126556    9.1625 /L    0.3005   0.0936675   66.899326   -6.231215         n.a.     n.a.
 2026-Apr-03 12:00 Nm  00 09 10.96 -00 25 53.2  00 10 30.80 -00 17 12.7  5.143545  2.186508   90.118964  -0.392746    7.824   9.284   99.99888  2.212757  302.792973 -19.856608  30.8614778562141  -5.8357590   11.5184 /L    0.3783   0.0931499   66.969778   -9.538636         n.a.     n.a.
 2026-Apr-06 00:00 *   00 09 31.42 -00 23 42.5  00 10 51.29 -00 15 01.9  5.109439  2.166670  270.740868  -1.965284    7.824   9.284   99.99838  2.213381  215.577666 -19.823226  30.8527878682865  -6.2016432   13.8710 /L    0.4554   0.0924975   67.020510   -10.19696         n.a.     n.a.
 2026-Apr-08 12:00 Cm  00 09 51.80 -00 21 33.2  00 11 11.72 -00 12 52.3  5.059239  2.142865   92.255279   3.859708    7.823   9.284   99.99780  2.214127  128.368311 -19.789792  30.8423815786170  -8.2035010   16.2320 /L    0.5322   0.0915723   67.044680   -13.51670         n.a.     n.a.
 2026-Apr-11 00:00 *   00 10 11.93 -00 19 25.4  00 11 31.88 -00 10 44.2  5.022504  2.116792  273.012870  -6.151056    7.822   9.284   99.99713  2.214995   41.165355 -19.756745  30.8302944396500  -8.5497238   18.5859 /L    0.6080   0.0908392   67.146452   -14.17892         n.a.     n.a.
 2026-Apr-13 12:00 Cm  00 10 31.91 -00 17 19.2  00 11 51.90 -00 08 37.8  4.947380  2.087326   94.417360   8.108040    7.821   9.284   99.99639  2.215986  313.968533 -19.723740  30.8165126737922 -10.5199515   20.9465 /L    0.6831   0.0894947   67.124864   -17.51853         n.a.     n.a.
 2026-Apr-16 00:00 *   00 10 51.59 -00 15 14.9  00 12 11.59 -00 06 33.4  4.907517  2.054873  275.319806 -10.331676    7.820   9.284   99.99558  2.217095  226.778186 -19.691216  30.8011037228312 -10.8436964   23.2989 /L    0.7568   0.0886727   67.279995   -18.18764         n.a.     n.a.
 2026-Apr-18 12:00 C   00 11 11.06 -00 13 12.6  00 12 31.10 -00 04 30.9  4.806881  2.019236   96.630353  12.346796    7.819   9.284   99.99469  2.218324  139.594121 -19.658830  30.7840368337343 -12.7653970   25.6574 /L    0.8296   0.0868962   67.214094   -21.54773         n.a.     n.a.
 2026-Apr-21 00:00 *m  00 11 30.16 -00 11 12.6  00 12 50.26 -00 02 30.5  4.763617  1.980606  277.688425 -14.500829    7.817   9.284   99.99375  2.219667   52.416560 -19.627023  30.7654145096195 -13.0570660   28.0071 /L    0.9007   0.0859826   67.423550   -22.21656         n.a.     n.a.
 2026-Apr-23 12:00 C   00 11 49.01 -00 09 14.9  00 13 09.18 -00 00 32.5  4.638466  1.939167   98.921269  16.570090    7.816   9.284   99.99275  2.221126  325.245340 -19.595452  30.7451966871483 -14.9063846   30.3623 /L    0.9707   0.0837916   67.312036   -25.58351         n.a.     n.a.
 2026-Apr-26 00:00 *m  00 12 07.43 -00 07 19.9  00 13 27.65 +00 01 22.9  4.593312  1.895478  280.147880 -18.651477    7.814   9.284   99.99171  2.222694  238.080558 -19.564550  30.7235166302668 -15.1602205   32.7082 /L    1.0387   0.0828173   67.576001   -26.24287         n.a.     n.a.
 2026-Apr-28 12:00 *   00 12 25.55 -00 05 27.5  00 13 45.81 +00 03 15.5  4.445981  1.849247  101.320593  20.770816    7.813   9.284   99.99062  2.224373  150.922096 -19.533976  30.7003161875274 -16.9257485   35.0599 /L    1.1054   0.0802539   67.415779   -29.61379         n.a.     n.a.
 2026-May-01 00:00 *   00 12 43.21 -00 03 37.9  00 14 03.49 +00 05 05.3  4.399972  1.801054  282.730924 -22.775364    7.811   9.284   99.98950  2.226155   63.769967 -19.504148  30.6757495174605 -17.1486235   37.4029 /L    1.1698   0.0792387   67.739090   -30.27312         n.a.     n.a.
 2026-May-03 12:00 *m  00 13 00.51 -00 01 51.3  00 14 20.86 +00 06 52.2  4.231630  1.750473  103.863099  24.940591    7.809   9.284   99.98835  2.228044  336.624126 -19.474737  30.6497348606101 -18.8262054   39.7522 /L    1.2328   0.0763232   67.526881   -33.65787         n.a.     n.a.
 2026-May-06 00:00 *   00 13 17.31 -00 00 07.8  00 14 37.71 +00 08 36.1  4.184581  1.697600  285.475816 -26.862407    7.807   9.284   99.98718  2.230029  249.484504 -19.446143  30.6224492944662 -19.0235971   42.0934 /L    1.2933   0.0752635   67.918599   -34.32975         n.a.     n.a.
 2026-May-08 12:00 *m  00 13 33.71 +00 01 32.4  00 14 54.20 +00 10 16.8  3.995555  1.642750  106.589869  29.069082    7.805   9.284   99.98599  2.232119  162.351141 -19.418054  30.5937883919367 -20.6068793   44.4417 /L    1.3521   0.0720013   67.650264   -37.73911         n.a.     n.a.
 2026-May-11 00:00 *   00 13 49.56 +00 03 09.3  00 15 10.09 +00 11 54.0  3.946923  1.584913  288.427556 -30.900330    7.803   9.284   99.98481  2.234297   75.223867 -19.390852  30.5639566603736 -20.7786815   46.7825 /L    1.4084   0.0708875   68.121752   -38.43075         n.a.     n.a.
 2026-May-13 12:00 *m  00 14 04.96 +00 04 42.7  00 15 25.56 +00 13 27.7  3.737304  1.525669  109.550646  33.143151    7.801   9.284   99.98363  2.236575  348.102807 -19.364247  30.5328297555610 -22.2577560   49.1309 /L    1.4626   0.0672787   67.793387   -41.87419         n.a.     n.a.
 2026-May-16 00:00 *m  00 14 19.78 +00 06 12.4  00 15 40.41 +00 14 57.7  3.686507  1.462795  291.640323 -34.873746    7.799   9.284   99.98246  2.238935  260.987676 -19.338600  30.5006423027931 -22.3984134   51.4720 /L    1.5141   0.0661020   68.356965   -42.58689         n.a.     n.a.
 2026-May-18 12:00 *   00 14 34.10 +00 07 38.3  00 15 54.84 +00 16 24.1  3.456738  1.399101  112.806083  37.146176    7.796   9.284   99.98131  2.241389  173.878663 -19.313641  30.4672575441447 -23.7559778   53.8209 /L    1.5635   0.0621524   67.964552   -46.06552         n.a.     n.a.
 2026-May-21 00:00 *m  00 14 47.80 +00 09 00.2  00 16 08.60 +00 17 46.7  3.404417  1.332061  295.180338 -38.762882    7.794   9.284   99.98019  2.243916   86.775346 -19.289710  30.4329421180428 -23.8543317   56.1621 /L    1.6098   0.0609290   68.630864   -46.78470         n.a.     n.a.
 2026-May-23 12:00 *   00 15 00.95 +00 10 18.2  00 16 21.85 +00 19 05.1  3.157136  1.264845  116.431173  41.056391    7.791   9.284   99.97910  2.246529  359.677951 -19.266551  30.3975491211420 -25.0747383   58.5110 /L    1.6538   0.0566847   68.167463   -50.28657         n.a.     n.a.
 2026-May-26 00:00 *m  00 15 13.45 +00 11 32.0  00 16 34.38 +00 20 19.3  3.105100  1.195043  299.128006 -42.542196    7.789   9.284   99.97806  2.249206  272.585949 -19.244476  30.3613629751199 -25.1336715   60.8522 /L    1.6947   0.0554521   68.950055   -51.00349         n.a.     n.a.
 2026-May-28 12:00 *   00 15 25.37 +00 12 41.7  00 16 46.39 +00 21 29.2  2.842730  1.124914  120.518620  44.844933    7.786   9.284   99.97706  2.251961  185.499635 -19.223244  30.3242189475396 -26.2151507   63.2015 /L    1.7331   0.0509535   68.410503   -54.53250         n.a.     n.a.
 2026-May-31 00:00 *   00 15 36.62 +00 13 47.0  00 16 57.68 +00 22 35.1  2.791173  1.052748  303.581344 -46.177931    7.783   9.284   99.97612  2.254772   98.418412 -19.203142  30.2864122602979 -26.2440477   65.5437 /L    1.7683   0.0497184   69.335013   -55.25719         n.a.     n.a.
 2026-Jun-02 12:00 *m  00 15 47.25 +00 14 48.0  00 17 08.43 +00 23 36.6  2.515007  0.979867  125.181601  48.473648    7.780   9.284   99.97525  2.257653   11.342641 -19.183951  30.2477629886136 -27.1840459   67.8948 /L    1.8009   0.0449858   68.713720   -58.82380         n.a.     n.a.
 2026-Jun-05 00:00 *   00 15 57.19 +00 15 44.6  00 17 18.42 +00 24 33.8  2.463312  0.905211  308.656868 -49.625687    7.778   9.284   99.97444  2.260582  284.271660 -19.165929  30.2085797835565 -27.1874256   70.2396 /L    1.8301   0.0437395   69.822761   -59.56760         n.a.     n.a.
 2026-Jun-07 12:00 *m  00 16 06.49 +00 16 36.7  00 17 27.82 +00 25 26.3  2.174305  0.829738  130.555334  51.891432    7.775   9.284   99.97371  2.263572  197.205894 -19.148886  30.1686701129358 -27.9804836   72.5939 /L    1.8566   0.0387874   69.112608   -63.18270         n.a.     n.a.
 2026-Jun-10 00:00 *   00 16 15.06 +00 17 24.2  00 17 36.43 +00 26 14.2  2.121712  0.752361  314.486612 -52.827389    7.772   9.284   99.97305  2.266601  110.144601 -19.133047  30.1283600158962 -27.9569822   74.9426 /L    1.8795   0.0375193   70.475454   -63.95313         n.a.     n.a.
 2026-Jun-12 12:00 *m  00 16 22.96 +00 18 07.0  00 17 44.44 +00 26 57.4  1.820756  0.674484  136.791610  55.030612    7.784   9.300   99.97248  2.269683   23.088262 -19.118255  30.0874472868251 -28.5940469   77.3014 /L    1.8997   0.0323612   69.673256   -67.62777         n.a.     n.a.
 2026-Jun-15 00:00 *m  00 16 30.13 +00 18 45.1  00 17 51.66 +00 27 36.1  1.766959  0.594556  321.206876 -55.707837    7.781   9.300   99.97201  2.272793  296.036033 -19.104699  30.0462799747498 -28.5346620   79.6547 /L    1.9162   0.0310718   71.402653   -68.42195         n.a.     n.a.
 2026-Jun-17 12:00 *   00 16 36.59 +00 19 18.4  00 17 58.26 +00 28 10.1  1.456113  0.515022  144.039774  57.803607    7.779   9.300   99.97162  2.275946  208.988428 -19.092254  30.0046519726473 -29.0018176   82.0181 /L    1.9298   0.0257418   70.521493   -72.15550         n.a.     n.a.
 2026-Jun-20 00:00 *m  00 16 42.29 +00 19 46.9  00 18 04.01 +00 28 39.1  1.402831  0.433951  328.929239 -58.173220    7.776   9.300   99.97133  2.279115  121.944484 -19.081068  29.9629298440592 -28.8993062   84.3756 /L    1.9398   0.0244736   72.811079   -72.94816         n.a.     n.a.
 2026-Jun-22 12:00 *   00 16 47.28 +00 20 10.6  00 18 09.10 +00 29 03.2  1.085653  0.353916  152.404140  60.101561    7.773   9.300   99.97114  2.282317   34.904761 -19.071039  29.9208972543611 -29.1952212   86.7431 /L    1.9467   0.0190314   71.944384   -76.73383         n.a.     n.a.
 2026-Jun-25 00:00 *m  00 16 51.51 +00 20 29.4  00 18 13.36 +00 29 22.4  1.034175  0.272839  337.688703 -60.113912    7.770   9.300   99.97104  2.285523  307.868228 -19.062276  29.8789228386100 -29.0583374   89.1047 /L    1.9499   0.0178260   75.220789   -77.50720         n.a.     n.a.
 2026-Jun-27 12:00 *   00 16 55.01 +00 20 43.4  00 18 16.99 +00 29 36.9  0.712775  0.192498  161.870631  61.801379    7.767   9.300   99.97105  2.288751  220.835512 -19.054703  29.8367796678980 -29.1881249   91.4769 /L    1.9501   0.0123052   74.886780   -81.35446         n.a.     n.a.
 2026-Jun-30 00:00 *   00 16 57.76 +00 20 52.5  00 18 19.79 +00 29 46.6  0.662814  0.111775  347.375047 -61.415734    7.763   9.300   99.97116  2.291973  133.805537 -19.048396  29.7948357720563 -29.0244748   93.8437 /L    1.9465   0.0112029   80.427845   -82.08586         n.a.     n.a.
 2026-Jul-02 12:00 *m  00 16 59.77 +00 20 56.8  00 18 21.92 +00 29 51.5  0.338739  0.031147  172.224600  62.783939    7.760   9.300   99.97136  2.295207   46.778976 -19.043307  29.7528607295855 -28.9885037   96.2217 /L    1.9399   0.0056695   84.746465   -85.97651         n.a.     n.a.
 2026-Jul-05 00:00 *   00 17 01.02 +00 20 56.2  00 18 23.21 +00 29 51.5  0.289562  -0.04917  357.681681 -61.982834    7.757   9.300   99.97167  2.298423  319.754717 -19.039475  29.7112224795039 -28.8010231   98.5950 /L    1.9296   0.0048951   99.637938   -86.50691         n.a.     n.a.
 2026-Jul-07 12:00 *m  00 17 01.53 +00 20 50.9  00 18 23.82 +00 29 46.5  -0.03570  -0.12988  183.020996  62.964142    7.754   9.300   99.97207  2.301640  232.733458 -19.036888  29.6696915386444 -28.5961894  100.9802 /L    1.9162   0.0022449   195.36983   -88.38725         n.a.     n.a.
 2026-Jul-10 00:00 *   00 17 01.29 +00 20 40.7  00 18 23.61 +00 29 36.7  -0.08479  -0.20981    8.132840 -61.764634    7.735   9.284   99.97257  2.304830  145.714043 -19.035546  29.6286391094679 -28.3813860  103.3613 /L    1.8992   0.0037716   202.00387   -87.27510         n.a.     n.a.
 2026-Jul-12 12:00 *m  00 17 00.30 +00 20 25.7  00 18 22.76 +00 29 22.4  -0.40932  -0.28995  193.675562  62.320246    7.732   9.284   99.97316  2.308008   58.697179 -19.035472  29.5878406444351 -28.0004192  105.7545 /L    1.8790   0.0083602   234.68754   -83.90476         n.a.     n.a.
 2026-Jul-15 00:00 *m  00 16 58.57 +00 20 05.9  00 18 21.09 +00 29 03.2  -0.45772  -0.36883   18.209066 -60.772840    7.730   9.284   99.97384  2.311145  331.681640 -19.036622  29.5476745354083 -27.7486790  108.1437 /L    1.8551   0.0097971   231.13786   -82.81274         n.a.     n.a.
 2026-Jul-17 12:00 *   00 16 56.09 +00 19 41.4  00 18 18.72 +00 28 39.3  -0.77785  -0.44688  203.651376  60.901344    7.727   9.284   99.97461  2.314259  244.668131 -19.039049  29.5079200835909 -27.1879193  110.5448 /L    1.8282   0.0149514   240.12265   -78.90230         n.a.     n.a.
 2026-Jul-20 00:00 *m  00 16 52.90 +00 19 12.3  00 18 15.55 +00 28 10.5  -0.82343  -0.52330   27.502319 -59.076989    7.724   9.284   99.97545  2.317319  157.655366 -19.042662  29.4689526370004 -26.9006656  112.9414 /L    1.7977   0.0162607   237.56345   -77.84852         n.a.     n.a.
 2026-Jul-22 12:00 *   00 16 48.97 +00 18 38.6  00 18 11.72 +00 27 37.3  -1.13586  -0.59829  212.611173  58.808231    7.721   9.284   99.97637  2.320343   70.644092 -19.047544  29.4305454787249 -26.1725260  115.3496 /L    1.7643   0.0213966   242.22286   -73.78391         n.a.     n.a.
 2026-Jul-25 00:00 *m  00 16 44.35 +00 18 00.5  00 18 07.14 +00 26 59.6  -1.17812  -0.67164   35.798750 -56.780463    7.718   9.284   99.97735  2.323302  343.633004 -19.053560  29.3930616318599 -25.8591571  117.7534 /L    1.7274   0.0226020   240.31266   -72.74822         n.a.     n.a.
 2026-Jul-27 12:00 *   00 16 39.01 +00 17 18.0  00 18 01.93 +00 26 17.7  -1.48111  -0.74358  220.446013  56.162144    7.715   9.284   99.97839  2.326214  256.622889 -19.060824  29.3562744551413 -24.9739565  120.1691 /L    1.6875   0.0276214   243.34128   -68.57180         n.a.     n.a.
 2026-Jul-30 00:00 *   00 16 33.03 +00 16 31.3  00 17 55.98 +00 25 31.5  -1.52041  -0.81351   43.063392 -53.994699    7.713   9.284   99.97948  2.329049  169.612436 -19.069166  29.3205338468643 -24.6393023  122.5808 /L    1.6444   0.0287395   241.85062   -67.54019         n.a.     n.a.
 2026-Aug-01 12:00 *m  00 16 26.34 +00 15 40.4  00 17 49.39 +00 24 41.0  -1.81242  -0.88247  227.209480  53.078739    7.710   9.284   99.98062  2.331826   82.602441 -19.078729  29.2856211014149 -23.6022875  125.0049 /L    1.5985   0.0335974   244.03851   -63.25658         n.a.     n.a.
 2026-Aug-04 00:00 *   00 16 19.04 +00 14 45.4  00 17 42.10 +00 23 46.3  -1.84943  -0.94876   49.374703 -50.821567    7.708   9.284   99.98180  2.334516  355.591600 -19.089310  29.2518719823238 -23.2471588  127.4256 /L    1.5494   0.0346432   242.84211   -62.21478         n.a.     n.a.
 2026-Aug-06 12:00 Cm  00 16 11.06 +00 13 46.5  00 17 34.21 +00 22 47.8  -2.12877  -1.01451  233.034959  49.655943    7.705   9.284   99.98300  2.337136  268.580691 -19.101080  29.2190825677881 -22.0584074  129.8591 /L    1.4977   0.0393025   244.51889   -57.81861         n.a.     n.a.
 2026-Aug-09 00:00 *   00 16 02.49 +00 12 43.7  00 17 25.70 +00 21 45.5  -2.16360  -1.07677   54.860637 -47.345665    7.703   9.284   99.98423  2.339658  181.568407 -19.113802  29.1875769321918 -21.6773637  132.2896 /L    1.4430   0.0402789   243.54172   -56.75355         n.a.     n.a.
 2026-Aug-11 12:00 Cm  00 15 53.29 +00 11 37.2  00 17 16.60 +00 20 39.6  -2.42734  -1.13817  238.077109  45.971459    7.701   9.284   99.98546  2.342099   94.555482 -19.127673  29.1571690275313 -20.3350069  134.7330 /L    1.3856   0.0446823   244.87827   -52.24604         n.a.     n.a.
 2026-Aug-14 00:00 *m  00 15 43.54 +00 10 27.2  00 17 06.88 +00 19 29.9  -2.45839  -1.19530   59.658286 -43.634130    7.698   9.284   99.98670  2.344430    7.540598 -19.142417  29.1281694103858 -19.9243356  137.1730 /L    1.3256   0.0455596   244.07030   -51.16354         n.a.     n.a.
 2026-Aug-16 12:00 C   00 15 33.19 +00 09 13.8  00 16 56.60 +00 18 16.8  -2.70256  -1.25072  242.481176  42.084791    7.696   9.284   99.98793  2.346667  280.524461 -19.158256  29.1004006144006 -18.4396463  139.6253 /L    1.2631   0.0496324   245.16572   -46.56726         n.a.     n.a.
 2026-Aug-19 00:00 *m  00 15 22.35 +00 07 57.1  00 16 45.78 +00 17 00.5  -2.72836  -1.30195   63.893830 -39.739039    7.694   9.284   99.98915  2.348786  193.505778 -19.174869  29.0741488491988 -18.0086553  142.0736 /L    1.1982   0.0503847   244.48994   -45.48544         n.a.     n.a.
 2026-Aug-21 12:00 C   00 15 10.96 +00 06 37.5  00 16 34.47 +00 15 41.2  -2.95086  -1.35086  246.372641  38.041465    7.693   9.284   99.99034  2.350800  106.485271 -19.192505  29.0492393760829 -16.4022704  144.5339 /L    1.1311   0.0540894   245.40244   -40.81627         n.a.     n.a.
 2026-Aug-24 00:00 *m  00 14 59.14 +00 05 15.1  00 16 22.69 +00 14 19.2  -2.97154  -1.39611   67.675413 -35.700372    7.691   9.284   99.99149  2.352688   19.461682 -19.210814  29.0259341761209 -15.9582874  146.9899 /L    1.0618   0.0547195   244.83459   -39.73638         n.a.     n.a.
 2026-Aug-26 12:00 C   00 14 46.82 +00 03 50.0  00 16 10.45 +00 12 54.5  -3.17134  -1.43862  249.855219  33.876139    7.689   9.284   99.99260  2.354462  292.435737 -19.230068  29.0040681018643 -14.2453630  149.4579 /L    0.9905   0.0580397   245.59947   -34.99794         n.a.     n.a.
 2026-Aug-29 00:00 *   00 14 34.14 +00 02 22.4  00 15 57.77 +00 11 27.2  -3.18734  -1.47775   71.093384 -31.549227    7.688   9.284   99.99366  2.356102  205.406218 -19.249890  28.9838789441869 -13.7910992  151.9217 /L    0.9173   0.0585541   245.12602   -33.91472         n.a.     n.a.
 2026-Aug-31 12:00 Cm  00 14 21.00 +00 00 52.6  00 15 44.68 +00 09 57.5  -3.36362  -1.51410  253.013172  29.615415    7.686   9.284   99.99466  2.357619  118.373830 -19.270574  28.9652182700870 -11.9816606  154.3976 /L    0.8423   0.0614782   245.76557   -29.10574         n.a.     n.a.
 2026-Sep-03 00:00 *   00 14 07.56 -00 00 39.2  00 15 31.25 +00 08 25.9  -3.37540  -1.54684   74.222019 -27.309890    7.685   9.284   99.99559  2.358997   31.337400 -19.291724  28.9482996334689 -11.5150295  156.8693 /L    0.7658   0.0618826   245.37947   -28.00676         n.a.     n.a.
 2026-Sep-05 12:00 Cm  00 13 53.71 -00 02 13.0  00 15 17.49 +00 06 52.5  -3.52670  -1.57678  255.915192  25.280238    7.684   9.284   99.99645  2.360245  304.297573 -19.313650  28.9329994069288  -9.6127090  159.3531 /L    0.6878   0.0643857   245.91066   -23.12158         n.a.     n.a.
 2026-Sep-08 00:00 *   00 13 39.63 -00 03 48.4  00 15 03.44 +00 05 17.5  -3.53345  -1.60228   77.122334 -23.001638    7.683   9.284   99.99723  2.361346  217.253220 -19.335933  28.9195061762317  -9.1295092  161.8321 /L    0.6085   0.0646628   245.60755   -21.99743         n.a.     n.a.
 2026-Sep-10 12:00 Cm  00 13 25.21 -00 05 25.3  00 14 49.06 +00 03 40.8  -3.65677  -1.62462  258.617299  20.887305    7.682   9.284   99.99792  2.362309  130.204908 -19.358894  28.9077191530016  -7.1428697  164.3218 /L    0.5280   0.0666903   246.04549   -17.04595         n.a.     n.a.
 2026-Sep-13 00:00 *m  00 13 10.61 -00 07 03.3  00 14 34.47 +00 02 02.8  -3.65682  -1.64194   79.845255 -18.640382    7.681   9.284   99.99852  2.363120   43.151577 -19.382091  28.8977932250971  -6.6495992  166.8040 /L    0.4467   0.0668088   245.81948   -15.90928         n.a.     n.a.
 2026-Sep-15 12:00 N   00 12 55.76 -00 08 42.3  00 14 19.64 +00 00 24.0  -3.74981  -1.65577  261.165989  16.450423    7.680   9.284   99.99902  2.363787  316.093754 -19.405857  28.8896395583911  -4.6014224  169.2928 /L    0.3645   0.0683183   246.17559   -10.92197         n.a.     n.a.
 2026-Sep-18 00:00 *m  00 12 40.81 -00 10 22.0  00 14 04.72 -00 01 15.5  -3.74300  -1.66505   82.433405 -14.239337    7.680   9.284   99.99942  2.364300  229.030478 -19.429728  28.8833755106665  -4.1103556  171.7657 /L    0.2822   0.0682773   246.01844   -9.788594         n.a.     n.a.
 2026-Sep-20 12:00 N   00 12 25.67 -00 12 02.1  00 13 49.62 -00 02 55.3  -3.80535  -1.67040  263.600895  11.981435    7.680   9.284   99.99971  2.364664  141.962254 -19.454055  28.8789239154310  -2.0233906  174.2256 /L    0.1999   0.0692638   246.30039   -4.789231         n.a.     n.a.
 2026-Sep-23 00:00 *m  00 12 10.51 -00 13 42.4  00 13 34.48 -00 04 35.5  -3.79239  -1.67213   84.923692  -9.809943    7.679   9.284   99.99990  2.364873   54.888214 -19.478359  28.8763703385467  -1.5398541  176.6001 /L    0.1199   0.0690777   246.20651   -3.659754         n.a.     n.a.
 2026-Sep-25 12:00 N   00 11 55.24 -00 15 22.7  00 13 19.22 -00 06 15.7  -3.82445  -1.66935  265.956287   7.490508    7.679   9.284   99.99998  2.364932  327.808832 -19.503003  28.8756530853423   0.5681143  178.4706 /L    0.0540   0.0695484   246.41902   1.3349551         n.a.     n.a.
 2026-Sep-28 00:00 *   00 11 40.02 -00 17 02.7  00 13 03.99 -00 07 55.8  -3.80610  -1.66384   87.349037  -5.362399    7.680   9.284   99.99995  2.364836  240.723325 -19.527505  28.8768283139421   1.0436165  177.5893 /T    0.0758   0.0692314   246.38745   2.4671645         n.a.     n.a.
 2026-Sep-30 12:00 Nm  00 11 24.74 -00 18 42.3  00 12 48.73 -00 09 35.3  -3.80842  -1.65339  268.263091   2.986816    7.680   9.284   99.99981  2.364588  153.632118 -19.552232  28.8798560500931   3.1613011  175.3063 /T    0.1511   0.0691974   246.53234   7.4502265         n.a.     n.a.
 2026-Oct-03 00:00 *   00 11 09.60 -00 20 21.1  00 12 33.61 -00 11 13.9  -3.78478  -1.64038   89.739437  -0.905921    7.680   9.284   99.99957  2.364186   66.534500 -19.576703  28.8847654463365   3.6338953  172.8609 /T    0.2323   0.0687496   246.56733   8.6028798         n.a.     n.a.
 2026-Oct-05 12:00 Nm  00 10 54.47 -00 21 59.1  00 12 18.51 -00 12 51.7  -3.75652  -1.62203  270.550254  -1.521035    7.681   9.284   99.99922  2.363632  339.430814 -19.601283  28.8915431600749   5.7533961  170.3645 /T    0.3148   0.0681958   246.64580   13.575594         n.a.     n.a.
 2026-Oct-08 00:00 *   00 10 39.54 -00 23 35.8  00 12 03.59 -00 14 28.4  -3.72621  -1.60059   92.123633   3.550581    7.681   9.284   99.99877  2.362925  252.320436 -19.625489  28.9001843727545   6.2213233  167.8568 /T    0.3970   0.0675906   246.75415   14.755607         n.a.     n.a.
 2026-Oct-10 12:00 N   00 10 24.71 -00 25 11.0  00 11 48.74 -00 16 03.7  -3.66597  -1.57381  272.845591  -6.024757    7.682   9.284   99.99821  2.362066  165.203634 -19.649680  28.9106949933942   8.3235070  165.3309 /T    0.4788   0.0664919   246.76605   19.702856         n.a.     n.a.
 2026-Oct-13 00:00 *m  00 10 10.16 -00 26 44.6  00 11 34.19 -00 17 37.3  -3.62848  -1.54378   94.529967   7.998247    7.683   9.284   99.99757  2.361059   78.079919 -19.673375  28.9230270805217   8.7733641  162.8060 /T    0.5596   0.0657205   246.95213   20.893711         n.a.     n.a.
 2026-Oct-15 12:00 N   00 09 55.79 -00 28 16.2  00 11 19.82 -00 19 08.9  -3.53662  -1.50883  275.177558 -10.515739    7.684   9.284   99.99683  2.359902  350.949510 -19.696928  28.9372012152250  10.8336671  160.2684 /T    0.6396   0.0640838   246.89550   25.790397         n.a.     n.a.
 2026-Oct-18 00:00 *m  00 09 41.77 -00 29 45.7  00 11 05.82 -00 20 38.3  -3.49301  -1.47107   96.987430  12.428043    7.685   9.284   99.99602  2.358604  263.812064 -19.719865  28.9531300872236  11.2548729  157.7352 /T    0.7181   0.0631691   247.16170   26.975848         n.a.     n.a.
 2026-Oct-20 12:00 N   00 09 28.00 -00 31 12.7  00 10 52.04 -00 22 05.3  -3.37116  -1.42855  277.576010 -14.985049    7.687   9.284   99.99512  2.357161  176.667747 -19.742542  28.9708509648205  13.2539663  155.1913 /T    0.7954   0.0610224   247.03483   31.804328         n.a.     n.a.
 2026-Oct-23 00:00 *m  00 09 14.65 -00 32 37.1  00 10 38.68 -00 23 29.8  -3.32274  -1.38411   99.527365  16.830239    7.688   9.284   99.99416  2.355584   89.516346 -19.764493  28.9902447887637  13.6432527  152.6531 /T    0.8709   0.0599916   247.38552   32.978924         n.a.     n.a.
 2026-Oct-25 12:00 Nm  00 09 01.61 -00 33 58.7  00 10 25.61 -00 24 51.6  -3.17295  -1.33469  280.073547 -19.423092    7.690   9.284   99.99313  2.353869    2.357972 -19.786073  29.0113664471259  15.5663314  150.1049 /T    0.9449   0.0573706   247.18608   37.726521         n.a.     n.a.
 2026-Oct-28 00:00 C   00 08 49.06 -00 35 17.3  00 10 13.07 -00 26 10.2  -3.12086  -1.28433  102.184419  21.194213    7.691   9.284   99.99205  2.352028  275.192518 -19.806831  29.0340715790409  15.9270911  147.5629 /T    1.0166   0.0562467   247.63126   38.894762         n.a.     n.a.
 2026-Oct-30 12:00 Nm  00 08 36.89 -00 36 32.7  00 10 00.89 -00 27 25.6  -2.94480  -1.22849  282.707388 -23.818972    7.693   9.284   99.99093  2.350056  188.020026 -19.827114  29.0584373613622  17.7667203  145.0107 /T    1.0867   0.0531796   247.35547   43.562882         n.a.     n.a.
 2026-Nov-02 00:00 C   00 08 25.26 -00 37 44.7  00 09 49.28 -00 28 37.6  -2.88852  -1.17196  104.998113  25.507890    7.695   9.284   99.98977  2.347967  100.840470 -19.846487  29.0842967264475  18.1048484  142.4650 /T    1.1543   0.0519536   247.91617   44.745190         n.a.     n.a.
 2026-Nov-04 12:00 Nm  00 08 14.07 -00 38 53.2  00 09 38.06 -00 29 46.2  -2.68633  -1.10955  285.520654 -28.160102    7.697   9.284   99.98859  2.345753   13.653816 -19.865278  29.1117454369738  19.8484609  139.9092 /T    1.2199   0.0484409   247.55755   49.341525         n.a.     n.a.
 2026-Nov-07 00:00 C   00 08 03.48 -00 39 57.9  00 09 27.46 -00 30 51.1  -2.62490  -1.04644  108.014946  29.756838    7.699   9.284   99.98739  2.343432  286.460153 -19.883073  29.1405822585722  20.1556047  137.3605 /T    1.2827   0.0470966   248.26491   50.541241         n.a.     n.a.
 2026-Nov-09 12:00 A   00 07 53.40 -00 40 58.6  00 09 17.33 -00 31 52.0  -2.39775  -0.97804  288.564892 -32.431212    7.701   9.284   99.98618  2.340995  199.259398 -19.900178  29.1709150284019  21.7815390  134.8024 /T    1.3433   0.0431592   247.80944   55.057138         n.a.     n.a.
 2026-Nov-12 00:00 Cm  00 07 43.97 -00 41 55.3  00 09 07.92 -00 32 48.7  -2.33201  -0.90898  111.289927  33.923763    7.704   9.284   99.98498  2.338462  112.051793 -19.916206  29.2025056489790  22.0452789  132.2524 /T    1.4008   0.0417150   248.70500   56.257751         n.a.     n.a.
 2026-Nov-14 12:00 A   00 07 35.11 -00 42 47.6  00 08 59.02 -00 33 41.1  -2.08252  -0.83572  291.902828 -36.613366    7.706   9.284   99.98378  2.335825   24.837202 -19.931445  29.2354765618883  23.5362838  129.6938 /T    1.4558   0.0373991   248.13429   60.683061         n.a.     n.a.
 2026-Nov-17 00:00 Cm  00 07 26.94 -00 43 35.6  00 08 50.87 -00 34 29.1  -2.01419  -0.76191  114.889698  37.987160    7.709   9.284   99.98262  2.333105  297.616014 -19.945538  29.2695593448802  23.7505296  127.1442 /T    1.5075   0.0358912   249.27986   61.867447         n.a.     n.a.
 2026-Nov-19 12:00 A   00 07 19.40 -00 44 19.0  00 08 43.26 -00 35 12.8  -1.74536  -0.68478  295.611095 -40.682897    7.711   9.284   99.98148  2.330292  210.388028 -19.958755  29.3048931427460  25.0958180  124.5867 /T    1.5565   0.0312481   248.57778   66.198441         n.a.     n.a.
 2026-Nov-22 00:00 Cm  00 07 12.58 -00 44 57.8  00 08 36.44 -00 35 51.8  -1.67614  -0.60752  118.895241  41.919851    7.714   9.284   99.98038  2.327410  123.153762 -19.970772  29.3411870787070  25.2609243  122.0387 /T    1.6021   0.0297140   250.07702   67.353894         n.a.     n.a.
 2026-Nov-24 12:00 Am  00 07 06.42 -00 45 31.8  00 08 30.23 -00 36 26.0  -1.39106  -0.52731  299.784105 -44.609311    7.717   9.284   99.97933  2.324446   35.912949 -19.981842  29.3785972549111  26.4553178  119.4829 /T    1.6448   0.0247942   249.23960   71.590929         n.a.     n.a.
 2026-Nov-27 00:00 C   00 07 01.01 -00 46 01.1  00 08 24.86 -00 36 55.2  -1.32186  -0.44744  123.403942  45.687195    7.720   9.284   99.97834  2.321426  308.666195 -19.991671  29.4168200473496  26.5796965  116.9366 /T    1.6839   0.0232590   251.29954   72.715657         n.a.     n.a.
 2026-Nov-29 12:00 Am  00 06 56.30 -00 46 25.4  00 08 20.11 -00 37 19.6  -1.02226  -0.36422  304.536850 -48.352773    7.723   9.284   99.97741  2.318336  221.413156 -20.000489  29.4560286172567  27.6217919  114.3822 /T    1.7201   0.0180867   250.38935   76.875957         n.a.     n.a.
 2026-Dec-02 00:00 C   00 06 52.37 -00 46 44.8  00 08 16.18 -00 37 39.2  -0.95201  -0.28154  128.530962  49.244147    7.725   9.284   99.97656  2.315201  134.154508 -20.008029  29.4959047960291  27.7079165  111.8373 /T    1.7524   0.0165461   253.52560   77.980364         n.a.     n.a.
 2026-Dec-04 12:00 Am  00 06 49.17 -00 46 59.1  00 08 12.90 -00 37 53.8  -0.63915  -0.19548  310.004837 -51.861084    7.728   9.284   99.97578  2.312010   46.889866 -20.014495  29.5366267383480  28.5833658  109.2844 /T    1.7817   0.0111396   252.99387   82.078408         n.a.     n.a.
 2026-Dec-07 00:00 C   00 06 46.77 -00 47 08.3  00 08 10.51 -00 38 03.2  -0.56791  -0.11038  134.405257  52.532546    7.731   9.284   99.97509  2.308787  319.620017 -20.019653  29.5778537871375  28.6217729  106.7417 /T    1.8071   0.0096423   259.00131   83.131873         n.a.     n.a.
 2026-Dec-09 12:00 A   00 06 45.13 -00 47 12.3  00 08 08.82 -00 38 07.3  -0.24483  -0.02273  316.338451 -55.065619    7.735   9.284   99.97448  2.305520  232.344549 -20.023677  29.6197688437051  29.3163992  104.1916 /T    1.8294   0.0040981   264.69482   87.134720         n.a.     n.a.
 2026-Dec-12 00:00 Cm  00 06 44.31 -00 47 11.1  00 08 08.02 -00 38 06.2  -0.17401  0.063827  141.157011  55.478429    7.738   9.284   99.97397  2.302236  145.064364 -20.026375  29.6620122758804  29.3011818  101.6524 /T    1.8476   0.0030892   290.14265   87.835162         n.a.     n.a.
 2026-Dec-14 12:00 A   00 06 44.26 -00 47 04.6  00 08 07.91 -00 37 59.8  0.155753  0.151656  323.681634 -57.878809    7.741   9.284   99.97356  2.298922   57.779009 -20.027893  29.7047770922163  29.8093227   99.1066 /T    1.8626   0.0036232   45.763613   87.501037         n.a.     n.a.
 2026-Dec-17 00:00 Cm  00 06 45.03 -00 46 52.9  00 08 08.68 -00 37 48.4  0.224465  0.238571  148.889234  57.990678    7.744   9.284   99.97325  2.295606  330.489490 -20.028082  29.7476902226073  29.7401899   96.5725 /T    1.8736   0.0054595   43.255050   86.223403         n.a.     n.a.
 2026-Dec-19 12:00 A   00 06 46.58 -00 46 36.0  00 08 10.15 -00 37 31.7  0.557570  0.325510  332.127131 -60.194165    7.747   9.284   99.97304  2.292271  243.195295 -20.027059  29.7909572879842  30.0628783   94.0324 /T    1.8813   0.0107605   59.723578   82.655349         n.a.     n.a.
 2026-Dec-22 00:00 Cm  00 06 48.95 -00 46 13.8  00 08 12.54 -00 37 09.8  0.622709  0.411682  157.626559  59.964901    7.750   9.284   99.97294  2.288949  155.897514 -20.024719  29.8341991310665  29.9454991   91.5043 /T    1.8850   0.0124415   56.530696   81.478640         n.a.     n.a.
 2026-Dec-24 12:00  m  00 06 52.11 -00 45 46.6  00 08 15.65 -00 36 42.5  0.956446  0.497264  341.643745 -61.893492    7.753   9.284   99.97293  2.285621   68.595568 -20.021150  29.8776349328781  30.0901526   88.9703 /T    1.8855   0.0179665   62.529712   77.830941         n.a.     n.a.
 2026-Dec-27 00:00 C   00 06 56.06 -00 45 14.2  00 08 19.63 -00 36 10.2  1.018104  0.582319  167.250212  61.295230    7.756   9.284   99.97304  2.282317  341.290587 -20.016283  29.9208877400507  29.9350741   86.4480 /T    1.8820   0.0195479   60.231989   76.711379         n.a.     n.a.
 2026-Dec-29 12:00  m  00 07 00.80 -00 44 36.7  00 08 24.30 -00 35 32.9  1.351549  0.666981  351.997647 -62.866771    7.760   9.284   99.97324  2.279020  253.981932 -20.010176  29.9641822975016  29.9038004   83.9195 /T    1.8753   0.0251194   63.733941   73.077405         n.a.     n.a.
$$EOE
**********************************************************************************************************************************************************************************************************************************************************************************************
Column meaning:
 
TIME

  Times PRIOR to 1962 are UT1, a mean-solar time closely related to the
prior but now-deprecated GMT. Times AFTER 1962 are in UTC, the current
civil or "wall-clock" time-scale. UTC is kept within 0.9 seconds of UT1
using integer leap-seconds for 1972 and later years.

  Conversion from the internal Barycentric Dynamical Time (TDB) of solar
system dynamics to the non-uniform civil UT time-scale requested for output
has not been determined for UTC times after the next July or January 1st.
Therefore, the last known leap-second is used as a constant over future
intervals.

  Time tags refer to the UT time-scale conversion from TDB on Earth
regardless of observer location within the solar system, although clock
rates may differ due to the local gravity field and no analog to "UT"
may be defined for that location.

  Any 'b' symbol in the 1st-column denotes a B.C. date. First-column blank
(" ") denotes an A.D. date.
 
CALENDAR SYSTEM

  Mixed calendar mode was active such that calendar dates after AD 1582-Oct-15
(if any) are in the modern Gregorian system. Dates prior to 1582-Oct-5 (if any)
are in the Julian calendar system, which is automatically extended for dates
prior to its adoption on 45-Jan-1 BC.  The Julian calendar is useful for
matching historical dates. The Gregorian calendar more accurately corresponds
to the Earth's orbital motion and seasons. A "Gregorian-only" calendar mode is
available if such physical events are the primary interest.

  NOTE: "n.a." in output means quantity "not available" at the print-time.
 
SOLAR PRESENCE (OBSERVING SITE)
  Time tag is followed by a blank, then a solar-presence symbol:

       '*'  Daylight (refracted solar upper-limb on or above apparent horizon)
       'C'  Civil twilight/dawn
       'N'  Nautical twilight/dawn
       'A'  Astronomical twilight/dawn
       ' '  Night OR geocentric ephemeris

LUNAR PRESENCE (OBSERVING SITE)
  The solar-presence symbol is immediately followed by a lunar-presence symbol:

       'm'  Refracted upper-limb of Moon on or above apparent horizon
       ' '  Refracted upper-limb of Moon below apparent horizon OR geocentric
            ephemeris
 
 'R.A._____(ICRF)_____DEC' =
  Astrometric right ascension and declination of the target center with
respect to the observing site (coordinate origin) in the reference frame of
the planetary ephemeris (ICRF). Compensated for down-leg light-time delay
aberration.

  Units: RA  in hours-minutes-seconds of time,    HH MM SS.ff{ffff}
         DEC in degrees-minutes-seconds of arc,  sDD MN SC.f{ffff}
 
 'R.A.__(a-apparent)__DEC' =
  Airless apparent right ascension and declination of the target center
with respect to an instantaneous reference frame defined by the Earth equator
of-date (z-axis) and meridian containing the Earth equinox of-date (x-axis,
EOP-corrected IAU76/80). Compensated for down-leg light-time delay,
gravitational deflection of light, stellar aberration, precession & nutation.
Note: equinox (RA origin) is offset -53 mas from the of-date frame defined
by the IAU06/00a P & N system.

  Units: RA  in hours-minutes-seconds of time,   HH MM SS.ff{ffff}
         DEC in degrees-minutes-seconds of arc, sDD MN SC.f{ffff}
 
 'dRA*cosD d(DEC)/dt' =
  The angular rate of change in apparent RA and DEC of the target. This is
with respect to the non-inertial IAU76/80 Earth true equator and equinox
of-date reference frame.  d(RA)/dt is multiplied by the cosine of declination
to provide a linear rate in the plane-of-sky. Units: ARCSECONDS PER HOUR
 
 'Azi____(a-app)___Elev' =
  Airless apparent azimuth and elevation of target center. Compensated
for light-time, the gravitational deflection of light, stellar aberration,
precession and nutation. Azimuth is measured clockwise from north:

  North(0) -> East(90) -> South(180) -> West(270) -> North (360)

Elevation angle is with respect to a plane perpendicular to the reference
surface local zenith direction. TOPOCENTRIC ONLY.  Units: DEGREES
 
 'APmag   S-brt' =
  The targets' approximate apparent visual magnitude and surface brightness.
For planets and natural satellites, output is restricted to solar phase angles
covered by observational data. Outside the observed phase angle range, "n.a."
may be output to avoid extrapolation beyond the limit of model validity.

   For Earth-based observers, the estimated dimming due to atmospheric
absorption (extinction) is available as a separate, requestable quantity.

   Surface brightness is the average airless visual magnitude of a
square-arcsecond of the illuminated portion of the apparent disk. It is
computed only if the target radius is known.

   Units: MAGNITUDES & MAGNITUDES PER SQUARE ARCSECOND
 
 'Illu%' =
   Fraction of the target objects' assumed circular disk illuminated by Sun
(phase), as seen by the observer.  Units: PERCENT
 
 'Ang-diam' =
   The equatorial angular width of the target body full disk, if it were fully
illuminated and visible to the observer. If the target body diameter is unknown
"n.a." is output.

   Units: ARCSECONDS
 
 'ObsSub-LON ObsSub-LAT' =
   Apparent planetodetic longitude and latitude of the center of the target
disc seen by the OBSERVER at print-time. This is NOT exactly the same as the
"nearest" sub-point for a non-spherical target shape (since the center of the
disc might not be the point closest to the observer), but is generally very
close if not a very irregular body shape. Down-leg light travel-time from
target to observer is taken into account. Latitude is the angle between the
equatorial plane and the line perpendicular to the reference ellipsoid of the
body, so includes body oblateness. The reference ellipsoid is an oblate
spheroid with a single flatness coefficient in which the y-axis body radius
is taken to be the same value as the x-axis radius.  For Jupiter, Saturn, and
Uranus, IAU2015 longitude is based on the "System III" prime meridian rotation
angle of the magnetic field. By contrast, pole direction (thus latitude) is
relative to the body dynamical equator.  There can be an offset between the
magnetic pole and the dynamical pole of rotation. For Neptune, rotation is
IAU2015 "System II" rotation of optically observed features in the Neptunian
atmosphere. Positive longitude is to the WEST for this target. Cartographic
system is specified in the header.  Units: DEGREES DEGREES
 
 'delta      deldot' =
   Apparent range ("delta", light-time aberrated) and range-rate ("delta-dot")
of the target center relative to the observer. A positive "deldot" means the
target center is moving away from the observer, negative indicates movement
toward the observer.  Units: AU and KM/S
 
 'S-O-T /r' =
   Sun-Observer-Target apparent SOLAR ELONGATION ANGLE seen from the observers'
location at print-time.

   The '/r' column provides a code indicating the targets' apparent position
relative to the Sun in the observers' sky, as described below:

   Case A: For an observing location on the surface of a rotating body, that
body rotational sense is considered:

    /T indicates target TRAILS Sun   (evening sky: rises and sets AFTER Sun)
    /L indicates target LEADS Sun    (morning sky: rises and sets BEFORE Sun)

   Case B: For an observing point that does not have a rotational model (such
as a spacecraft), the "leading" and "trailing" condition is defined by the
observers' heliocentric ORBITAL motion:

    * If continuing in the observers' current direction of heliocentric
       motion would encounter the targets' apparent longitude first, followed
       by the Sun's, the target LEADS the Sun as seen by the observer.

    * If the Sun's apparent longitude would be encountered first, followed
       by the targets', the target TRAILS the Sun.

   Two other codes can be output:
    /* indicates observer is Sun-centered    (undefined)
    /? Target is aligned with Sun center     (no lead or trail)

   The S-O-T solar elongation angle is numerically the minimum separation
angle of the Sun and target in the sky in any direction. It does NOT indicate
the amount of separation in the leading or trailing directions, which would
be defined along the equator of a spherical coordinate system.

   Units: DEGREES
 
 'S-T-O' =
   The Sun-Target-Observer angle; the interior vertex angle at target center
formed by a vector from the target to the apparent center of the Sun (at
reflection time on the target) and the apparent vector from target to the
observer at print-time. Slightly different from true PHASE ANGLE (requestable
separately) at the few arcsecond level in that it includes stellar aberration
on the down-leg from target to observer.  Units: DEGREES
 
 'Sky_motion  Sky_mot_PA  RelVel-ANG' =
  Total apparent angular rate of the target in the plane-of-sky. "Sky_mot_PA"
is the position angle of the target's direction of motion in the plane-of-sky,
measured counter-clockwise from the apparent of-date north pole direction.
"RelVel-ANG" is the flight path angle of the target's relative motion with
respect to the observer's line-of-sight, in the range [-90,+90], where positive
values indicate motion away from the observer, negative values are toward the
observer:

  -90 = target is moving directly toward the observer
    0 = target is moving at right angles to the observer's line-of-sight
  +90 = target is moving directly away from the observer

UNITS:  ARCSECONDS/MINUTE, DEGREES, DEGREES
 
 'Lun_Sky_Brt  sky_SNR' =
  Sky brightness due to moonlight scattered by Earth's atmosphere at the
target's position in the sky. "sky_SNR" is the visual signal-to-noise ratio
(SNR) of the target's surface brightness relative to background sky. Output
only for topocentric Earth observers when both the Moon and target are above
the local horizon and the Sun is in astronomical twilight (or further) below
the horizon, and the target is not the Moon or Sun. If all conditions are
not met, "n.a." is output. Galactic brightness, local sky light-pollution
and weather are NOT considered. Lunar opposition surge is considered. The
value returned is accurate under ideal conditions at the approximately 8-23%
level, so is a useful but not definitive value.

  If the target-body radius is also known, "sky_SNR" is output. This is the
approximate visual signal-to-noise ratio of the target's brightness divided
by lunar sky brightness. When sky_SNR < 1, the target is dimmer than the
ideal moonlight-scattering background sky, so unlikely to be detectable at
visual wavelengths. In practice, visibility requires sky_SNR > 1 and a
detector sensitive enough to reach the target's magnitude, even if it isn't
washed out by moonlight. When relating magnitudes and brightness values,
keep in mind their logarithmic relationship m2-m1 = -2.5*log_10(b2/b1).

  UNITS: VISUAL MAGNITUDES / ARCSECOND^2, and unitless ratio

Computations by ...

    Solar System Dynamics Group, Horizons On-Line Ephemeris System
    4800 Oak Grove Drive, Jet Propulsion Laboratory
    Pasadena, CA  91109   USA

    General site: https://ssd.jpl.nasa.gov/
    Mailing list: https://ssd.jpl.nasa.gov/email_list.html
    System news : https://ssd.jpl.nasa.gov/horizons/news.html
    User Guide  : https://ssd.jpl.nasa.gov/horizons/manual.html
    Connect     : browser        https://ssd.jpl.nasa.gov/horizons/app.html#/x
                  API            https://ssd-api.jpl.nasa.gov/doc/horizons.html
                  command-line   telnet ssd.jpl.nasa.gov 6775
                  e-mail/batch   https://ssd.jpl.nasa.gov/ftp/ssd/horizons_batch.txt
                  scripts        https://ssd.jpl.nasa.gov/ftp/ssd/SCRIPTS
    Author      : Jon.D.Giorgini@jpl.nasa.gov

**********************************************************************************************************************************************************************************************************************************************************************************************
