*******************************************************************************
 Revised: April 22, 2021              Neptune                               899
 
 PHYSICAL DATA (update 2021-May-03):
  Mass x10^24 (kg)      = 102.409         Density (g/cm^3)       =  1.638
  Equat. radius (1 bar) = 24766+-15 km    Volume, 10^10 km^3     = 6254     
  Vol. mean radius (km) = 24624+-21       Polar radius (km)      = 24342+-30
  Geometric Albedo      = 0.41            Flattening             =  0.0171
  Sid. rot. period (III)= 16.11+-0.01 hr  Sid. rot. rate (rad/s) =  0.000108338 
  Mean solar day, h     =~16.11 h         
  GM (km^3/s^2)         = 6835099.97      GM 1-sigma (km^3/s^2)  = +-10 
  Equ. grav, ge (m/s^2) = 11.15           Pol. grav, gp (m/s^2)  = 11.41+-0.03
  Visual magnitude V(1,0)= -6.87
  Vis. mag. (opposition)=  +7.84          Obliquity to orbit     = 28.32 deg
  Sidereal orbit period = 164.788501027 y Sidereal orbit period  = 60189 d
  Mean daily motion     = 0.006020076dg/d Mean orbit velocity    =  5.43 km/s 
  Atmos. temp. (1 bar)  =  72+-2 K        Escape speed (1 bar)  =  23.5 km/s     
  Aroche(ice)/Rp        =  2.98           Hill's sphere rad., Rp = 4700
                                 Perihelion  Aphelion    Mean
  Solar Constant (W/m^2)         1.54        1.49        1.51
  Maximum Planetary IR (W/m^2)   0.52        0.52        0.52
  Minimum Planetary IR (W/m^2)   0.52        0.52        0.52
*******************************************************************************


*******************************************************************************
Ephemeris / WWW_USER Mon Apr  6 17:59:35 2026 Pasadena, USA      / Horizons    
*******************************************************************************
Target body name: Neptune (899)                   {source: nep097_merged}
Center body name: Earth (399)                     {source: nep097_merged}
Center-site name: (user defined site below)
*******************************************************************************
Start time      : A.D. 2026-Jan-01 00:00:00.0000 UT      
Stop  time      : A.D. 2026-Dec-31 00:00:00.0000 UT      
Step-size       : 3600 minutes
*******************************************************************************
Target pole/equ : IAU_NEPTUNE                     {West-longitude positive}
Target radii    : 24764.0, 24764.0, 24341.0 km    {Equator_a, b, pole_c}       
Center geodetic : 252.5, 24.5, .050               {E-lon(deg),Lat(deg),Alt(km)}
Center cylindric: 252.5, 5807.24684, 2628.79822   {E-lon(deg),Dxy(km),Dz(km)}
Center pole/equ : ITRF93                          {East-longitude positive}
Center radii    : 6378.137, 6378.137, 6356.752 km {Equator_a, b, pole_c}       
Target primary  : Sun
Vis. interferer : MOON (R_eq= 1737.400) km        {source: DE441}
Rel. light bend : Sun                             {source: nep097_merged}
Rel. lght bnd GM: 1.3271E+11 km^3/s^2                                          
Atmos refraction: NO (AIRLESS)
RA format       : HMS
Time format     : CAL 
Calendar mode   : Mixed Julian/Gregorian
EOP file        : eop.260406.p260703                                           
EOP coverage    : DATA-BASED 1962-JAN-20 TO 2026-APR-06. PREDICTS-> 2026-JUL-02
Units conversion: 1 au= 149597870.700 km, c= 299792.458 km/s, 1 day= 86400.0 s 
Table cut-offs 1: Elevation (-90.0deg=NO ),Airmass (>38.000=NO), Daylight (NO )
Table cut-offs 2: Solar elongation (  0.0,180.0=NO ),Local Hour Angle( 0.0=NO )
Table cut-offs 3: RA/DEC angular rate (     0.0=NO )                           
**********************************************************************************************************************************************************************************************************************************************************************************************
 Date__(UT)__HR:MN     R.A._____(ICRF)_____DEC  R.A.__(a-apparent)__DEC  dRA*cosD d(DEC)/dt  Azi____(a-app)___Elev    APmag   S-brt      Illu%  Ang-diam  ObsSub-LON ObsSub-LAT             delta      deldot     S-O-T /r     S-T-O  Sky_motion  Sky_mot_PA  RelVel-ANG  Lun_Sky_Brt  sky_SNR
**********************************************************************************************************************************************************************************************************************************************************************************************
$$SOE
 2026-Jan-01 00:00 *m  23 58 58.57 -01 33 48.3  00 00 18.65 -01 25 07.1  1.605478  0.829830  164.502112  63.226979    7.767   9.284   99.97395  2.271916  292.675197 -20.796397  30.0578792523751  29.4250722   78.9436 /T    1.8505   0.0301210   62.666715   69.598311         n.a.     n.a.
 2026-Jan-03 12:00  m  23 59 05.65 -01 32 56.1  00 00 25.69 -01 24 14.9  1.934845  0.911357  348.705308 -66.501425    7.770   9.284   99.97445  2.268712  205.358413 -20.786905  30.1003209359486  29.2312151   76.4256 /T    1.8332   0.0356456   64.778472   66.073392         n.a.     n.a.
 2026-Jan-06 00:00 *   23 59 13.49 -01 31 59.0  00 00 33.56 -01 23 17.9  1.983178  0.990578  175.317391  64.035485    7.773   9.284   99.97503  2.265562  118.040031 -20.776207  30.1421722369912  28.8558715   73.9198 /T    1.8122   0.0369468   63.458321   64.989933         n.a.     n.a.
 2026-Jan-08 12:00  m  23 59 22.07 -01 30 57.2  00 00 42.07 -01 22 16.3  2.307606  1.069251    0.966475 -66.868280    7.776   9.284   99.97570  2.262448   30.719390 -20.764347  30.1836669560812  28.4873656   71.4085 /T    1.7881   0.0423882   65.138909   61.502348         n.a.     n.a.
 2026-Jan-11 00:00 *   23 59 31.39 -01 29 50.8  00 00 51.39 -01 21 10.1  2.350941  1.146322  186.408750  64.004350    7.779   9.284   99.97645  2.259397  303.397740 -20.751323  30.2244207707066  28.0797626   68.9092 /T    1.7604   0.0435921   64.006068   60.438447         n.a.     n.a.
 2026-Jan-13 12:00  m  23 59 41.44 -01 28 39.7  00 01 01.36 -01 19 59.2  2.668428  1.221506   13.091527 -66.288094    7.782   9.284   99.97728  2.256392  216.074398 -20.737145  30.2646664735784  27.5328318   66.4044 /T    1.7297   0.0489120   65.403480   56.979277         n.a.     n.a.
 2026-Jan-16 00:00 *   23 59 52.19 -01 27 24.2  00 01 12.14 -01 18 43.8  2.705982  1.295674  197.125860  63.142924    7.785   9.284   99.97817  2.253462  128.750680 -20.721852  30.3040159169128  27.0889253   63.9118 /T    1.6955   0.0500031   64.414032   55.933956         n.a.     n.a.
 2026-Jan-18 12:00     00 00 03.64 -01 26 04.3  00 01 23.54 -01 17 23.9  3.013834  1.366536   24.254857 -64.832680    7.787   9.284   99.97913  2.250589   41.425875 -20.705423  30.3427030207306  26.3657509   61.4142 /T    1.6584   0.0551529   65.609447   52.502097         n.a.     n.a.
 2026-Jan-21 00:00 *m  00 00 15.75 -01 24 40.3  00 01 35.67 -01 16 00.0  3.044438  1.436709  206.945671  61.532284    7.790   9.284   99.98013  2.247801  314.101353 -20.687936  30.3803427753234  25.8867546   58.9294 /T    1.6181   0.0561069   64.736783   51.481197         n.a.     n.a.
 2026-Jan-23 12:00     00 00 28.53 -01 23 12.1  00 01 48.38 -01 14 32.0  3.339772  1.502505   33.991809 -62.647435    7.793   9.284   99.98119  2.245079  226.776377 -20.669344  30.4171698118611  24.9945159   56.4402 /T    1.5750   0.0610364   65.777845   48.078925         n.a.     n.a.
 2026-Jan-26 00:00 *m  00 00 41.93 -01 21 40.0  00 02 01.78 -01 13 00.1  3.362310  1.567540  215.601404  59.295305    7.795   9.284   99.98228  2.242452  139.452336 -20.649761  30.4528119825082  24.4892049   53.9643 /T    1.5289   0.0618293   65.004638   47.094511         n.a.     n.a.
 2026-Jan-28 12:00     00 00 55.96 -01 20 04.1  00 02 15.76 -01 11 24.2  3.642674  1.627869   42.222722 -59.896032    7.798   9.284   99.98340  2.239900   52.128461 -20.629116  30.4875059887231  23.4424463   51.4846 /T    1.4802   0.0664978   65.920682   43.727055         n.a.     n.a.
 2026-Jan-31 00:00 *m  00 01 10.55 -01 18 24.7  00 02 30.39 -01 09 44.7  3.657360  1.687430  223.062140  56.562225    7.800   9.284   99.98454  2.237449  324.806118 -20.607556  30.5209011470872  22.9259389   49.0181 /T    1.4286   0.0671311   65.232382   42.787576         n.a.     n.a.
 2026-Feb-02 12:00  m  00 01 25.73 -01 16 41.7  00 02 45.53 -01 08 01.8  3.921928  1.742653   49.099031 -56.723088    7.802   9.284   99.98569  2.235081  237.484503 -20.584981  30.5532332707007  21.7391307   46.5478 /T    1.3747   0.0715277   66.042715   39.449528         n.a.     n.a.
 2026-Feb-05 00:00 *   00 01 41.42 -01 14 55.5  00 03 01.23 -01 06 15.8  3.930446  1.797267  229.437238  53.448159    7.805   9.284   99.98685  2.232821  150.164952 -20.561568  30.5841687758628  21.2176718   44.0902 /T    1.3183   0.0720312   65.426897   38.544209         n.a.     n.a.
 2026-Feb-07 12:00  m  00 01 57.66 -01 13 06.2  00 03 17.40 -01 04 26.6  4.178616  1.847503   54.852446 -53.241665    7.807   9.284   99.98800  2.230650   62.846663 -20.537183  30.6139320091049  19.8935042   41.6284 /T    1.2596   0.0761470   66.148208   35.218316         n.a.     n.a.
 2026-Feb-10 00:00 *   00 02 14.37 -01 11 13.9  00 03 34.13 -01 02 34.4  4.181460  1.897123  234.890384  50.045787    7.809   9.284   99.98914  2.228592  335.530970 -20.512039  30.6421996076276  19.3631590   39.1790 /T    1.1985   0.0765283   65.596271   34.334063         n.a.     n.a.
 2026-Feb-12 12:00  m  00 02 31.58 -01 09 18.7  00 03 51.30 -01 00 39.2  4.411324  1.941646   59.710733 -49.534626    7.811   9.284   99.99026  2.226631  248.217091 -20.485971  30.6691852068297  17.9056591   36.7253 /T    1.1355   0.0803288   66.243284   31.013723         n.a.     n.a.
 2026-Feb-15 00:00 *   00 02 49.20 -01 07 20.9  00 04 08.95 -00 58 41.4  4.407952  1.985775  239.588283  46.425912    7.812   9.284   99.99135  2.224789  160.906357 -20.459229  30.6945791455704  17.3659904   34.2842 /T    1.0704   0.0805766   65.748518   30.147570         n.a.     n.a.
 2026-Feb-17 12:00     00 03 07.28 -01 05 20.6  00 04 26.99 -00 56 41.1  4.617462  2.023847   63.867552 -45.661570    7.814   9.284   99.99241  2.223050   73.597989 -20.431619  30.7185879474989  15.7855156   31.8392 /T    1.0034   0.0840253   66.332024   26.832728         n.a.     n.a.
 2026-Feb-20 00:00 *m  00 03 25.71 -01 03 18.0  00 04 45.43 -00 54 38.7  4.606998  2.061741  243.678210  42.641176    7.816   9.284   99.99342  2.221435  346.293309 -20.403428  30.7409201496671  15.2403075   29.4071 /T    0.9347   0.0841216   65.890354   25.987627         n.a.     n.a.
 2026-Feb-22 12:00     00 03 44.54 -01 01 13.3  00 05 04.21 -00 52 34.1  4.794194  2.092841   67.477554 -41.665070    7.817   9.284   99.99438  2.219929  258.991530 -20.374437  30.7617776710871  13.5540173   26.9718 /T    0.8644   0.0871848   66.416970   22.684798         n.a.     n.a.
 2026-Feb-25 00:00 *m  00 04 03.66 -00 59 06.8  00 05 23.36 -00 50 27.5  4.776261  2.123950  247.282873  38.730593    7.819   9.284   99.99528  2.218550  171.693930 -20.344963  30.7808966780674  13.0154926   24.5499 /T    0.7926   0.0871203   66.025820   21.872181         n.a.     n.a.
 2026-Feb-27 12:00     00 04 23.12 -00 56 58.6  00 05 42.82 -00 48 19.2  4.940544  2.148480   70.660959 -37.575518    7.820   9.284   99.99612  2.217284   84.399704 -20.314767  30.7984746812474  11.2451318   22.1255 /T    0.7195   0.0897913   66.497365   18.587981         n.a.     n.a.
 2026-Mar-02 00:00 *m  00 04 42.81 -00 54 49.0  00 06 02.54 -00 46 09.5  4.916528  2.173131  250.501415  34.723092    7.821   9.284   99.99688  2.216147  357.110054 -20.284184  30.8142781621014  10.7242834   19.7146 /T    0.6452   0.0895897   66.154316   17.811163         n.a.     n.a.
 2026-Mar-04 12:00  m  00 05 02.80 -00 52 38.0  00 06 22.49 -00 43 58.6  5.058423  2.191961   73.511153 -33.415244    7.822   9.284   99.99757  2.215125  269.824186 -20.252953  30.8284893560822   8.8815256   17.3013 /T    0.5698   0.0918821   66.571524   14.536401         n.a.     n.a.
 2026-Mar-07 00:00 *   00 05 22.94 -00 50 25.9  00 06 42.64 -00 41 46.6  5.029835  2.210484  253.413028  30.640351    7.823   9.284   99.99819  2.214234  182.543237 -20.221428  30.8408987874191   8.3776599   14.9020 /T    0.4936   0.0915688   66.275738   13.783503         n.a.     n.a.
 2026-Mar-09 12:00  m  00 05 43.34 -00 48 12.9  00 07 03.02 -00 39 33.5  5.148808  2.223642   76.100619 -29.200676    7.824   9.284   99.99871  2.213461   95.266466 -20.189328  30.8516656081510   6.4661898   12.5015 /T    0.4166   0.0934743   66.641687   10.503132         n.a.     n.a.
 2026-Mar-12 00:00 *   00 06 03.84 -00 45 59.1  00 07 23.55 -00 37 19.6  5.115807  2.235839  256.081633  26.498984    7.824   9.284   99.99915  2.212820    7.994959 -20.157030  30.8606043594355   5.9770213   10.1178 /T    0.3391   0.0930509   66.392499   9.7646059         n.a.     n.a.
 2026-Mar-14 12:00  m  00 06 24.53 -00 43 44.7  00 07 44.25 -00 35 05.0  5.210478  2.242747   78.486472 -24.944168    7.825   9.284   99.99950  2.212300  280.728026 -20.124232  30.8678550533708   4.0057503    7.7396 /T    0.2613   0.0945442   66.711498   6.4726729         n.a.     n.a.
 2026-Mar-17 00:00 *   00 06 45.26 -00 41 29.9  00 08 05.01 -00 32 50.2  5.172725  2.248361  258.558799  22.311721    7.825   9.284   99.99976  2.211913  193.466689 -20.091336  30.8732586249557   3.5326636    5.3960 /T    0.1838   0.0940039   66.507485   5.7446628         n.a.     n.a.
 2026-Mar-19 12:00 A   00 07 06.13 -00 39 15.0  00 08 25.86 -00 30 35.3  5.241705  2.248357   80.714803 -20.655332    7.825   9.284   99.99992  2.211649  106.210303 -20.058025  30.8769404793010   1.5163975    3.1238 /T    0.1083   0.0950593   66.783754   2.4416470         n.a.     n.a.
 2026-Mar-22 00:00 *m  00 07 26.98 -00 37 00.1  00 08 46.73 -00 28 20.6  5.198590  2.247057  260.886863  18.088467    7.825   9.284   99.99998  2.211518   18.959819 -20.024720  30.8787711860194   1.0657010    1.3824 /T    0.0477   0.0943907   66.623897   1.7269025         n.a.     n.a.
 2026-Mar-24 12:00 A   00 07 47.90 -00 34 45.4  00 09 07.65 -00 26 05.7  5.241149  2.239965   82.823362 -16.341457    7.825   9.284   99.99995  2.211511  291.714606 -19.991092  30.8788679552160  -0.9719332    2.3359 /L    0.0740   0.0949957   66.859076   -1.575902         n.a.     n.a.
 2026-Mar-27 00:00 *m  00 08 08.73 -00 32 31.2  00 09 28.53 -00 23 51.2  5.193337  2.232071  263.101926  13.837169    7.825   9.284   99.99983  2.211635  204.475515 -19.957577  30.8771362981528  -1.3886268    4.5093 /L    0.1459   0.0942115   66.742206   -2.267173         n.a.     n.a.
 2026-Mar-29 12:00 A   00 08 29.58 -00 30 17.7  00 09 49.40 -00 21 37.4  5.210677  2.218873   84.843720 -12.008655    7.825   9.284   99.99960  2.211883  117.241925 -19.923829  30.8736809677407  -3.4274710    6.8238 /L    0.2229   0.0943907   66.934142   -5.562967         n.a.     n.a.
 2026-Apr-01 00:00 *   00 08 50.29 -00 28 04.9  00 10 10.12 -00 19 24.6  5.159904  2.205019  265.234255   9.564505    7.825   9.284   99.99929  2.212259   30.014594 -19.890292  30.8684366231087  -3.8089185    9.1626 /L    0.3005   0.0935217   66.861174   -6.234772         n.a.     n.a.
 2026-Apr-03 12:00 Am  00 09 10.96 -00 25 53.2  00 10 30.80 -00 17 12.7  5.153028  2.186503   86.803663  -7.662063    7.824   9.284   99.99888  2.212757  302.792952 -19.856610  30.8614832518209  -5.8419460   11.5184 /L    0.3783   0.0932954   67.007802   -9.533962         n.a.     n.a.
 2026-Apr-06 00:00 *   00 09 31.42 -00 23 42.5  00 10 51.30 -00 15 01.9  5.100003  2.166677  267.311216   5.276159    7.824   9.284   99.99838  2.213381  215.577681 -19.823230  30.8527824822901  -6.1930125   13.8711 /L    0.4554   0.0923528   66.982355   -10.19868         n.a.     n.a.
 2026-Apr-08 12:00 Am  00 09 51.80 -00 21 33.2  00 11 11.72 -00 12 52.3  5.068612  2.142858   88.727709  -3.306078    7.823   9.284   99.99780  2.214127  128.368291 -19.789793  30.8423869110907  -8.2145575   16.2320 /L    0.5322   0.0917162   67.082810   -13.51381         n.a.     n.a.
 2026-Apr-11 00:00 *   00 10 11.93 -00 19 25.4  00 11 31.89 -00 10 44.2  5.013208  2.116799  269.357877   0.977306    7.822   9.284   99.99713  2.214996   41.165371 -19.756750  30.8302891403057  -8.5362562   18.5860 /L    0.6080   0.0906965   67.108372   -14.17885         n.a.     n.a.
 2026-Apr-13 12:00 Nm  00 10 31.91 -00 17 19.2  00 11 51.90 -00 08 37.8  4.956581  2.087319   90.639012   1.055116    7.821   9.284   99.99639  2.215986  313.968512 -19.723741  30.8165179061868 -10.5358043   20.9465 /L    0.6831   0.0896360   67.163034   -17.51736         n.a.     n.a.
 2026-Apr-16 00:00 *   00 10 51.59 -00 15 14.9  00 12 11.60 -00 06 33.4  4.898426  2.054879  271.397902  -3.327312    7.820   9.284   99.99558  2.217095  226.778202 -19.691221  30.8010985466851 -10.8254812   23.2990 /L    0.7568   0.0885330   67.242059   -18.18586         n.a.     n.a.
 2026-Apr-18 12:00 N   00 11 11.06 -00 13 12.6  00 12 31.10 -00 04 30.9  4.815848  2.019231   92.560198   5.417477    7.819   9.284   99.99469  2.218323  139.594100 -19.658831  30.7840419296942 -12.7859407   25.6574 /L    0.8296   0.0870340   67.252242   -21.54820         n.a.     n.a.
 2026-Apr-21 00:00 *m  00 11 30.16 -00 11 12.6  00 12 50.26 -00 02 30.5  4.754791  1.980609  273.455020  -7.633005    7.817   9.284   99.99375  2.219667   52.416576 -19.627028  30.7654094924877 -13.0342248   28.0072 /L    0.9007   0.0858468   67.385824   -22.21314         n.a.     n.a.
 2026-Apr-23 12:00 N   00 11 49.01 -00 09 14.9  00 13 09.18 -00 00 32.5  4.647137  1.939167   94.514118   9.777002    7.816   9.284   99.99275  2.221126  325.245318 -19.595452  30.7452016111410 -14.9314818   30.3623 /L    0.9707   0.0839250   67.350100   -25.58556         n.a.     n.a.
 2026-Apr-26 00:00 *m  00 12 07.43 -00 07 19.8  00 13 27.65 +00 01 22.9  4.584811  1.895476  275.553678 -11.934907    7.814   9.284   99.99171  2.222694  238.080574 -19.564556  30.7235118070072 -15.1329062   32.7083 /L    1.0387   0.0826864   67.538566   -26.23785         n.a.     n.a.
 2026-Apr-28 12:00 N   00 12 25.55 -00 05 27.5  00 13 45.81 +00 03 15.5  4.454296  1.849251   96.525307  14.129065    7.813   9.284   99.99062  2.224373  150.922075 -19.533976  30.7003209050605 -16.9552306   35.0599 /L    1.1054   0.0803819   67.453670   -29.61740         n.a.     n.a.
 2026-May-01 00:00 *   00 12 43.21 -00 03 37.9  00 14 03.49 +00 05 05.3  4.391856  1.801047  277.720054 -16.227607    7.811   9.284   99.98950  2.226155   63.769982 -19.504155  30.6757449217406 -17.1170201   37.4030 /L    1.1698   0.0791134   67.702057   -30.26656         n.a.     n.a.
 2026-May-03 12:00 Nm  00 13 00.51 -00 01 51.3  00 14 20.86 +00 06 52.2  4.239533  1.750484   98.620529  18.468483    7.809   9.284   99.98834  2.228044  336.624105 -19.474736  30.6497393384693 -18.8598734   39.7522 /L    1.2328   0.0764450   67.564490   -33.66296         n.a.     n.a.
 2026-May-06 00:00 *   00 13 17.31 -00 00 07.8  00 14 37.71 +00 08 36.1  4.176906  1.697586  279.983698 -20.504743    7.807   9.284   99.98718  2.230030  249.484519 -19.446150  30.6224449585520 -18.9879186   42.0935 /L    1.2933   0.0751449   67.882100   -34.32174         n.a.     n.a.
 2026-May-08 12:00 Nm  00 13 33.71 +00 01 32.4  00 14 54.20 +00 10 16.8  4.002988  1.642768  100.830418  22.789069    7.805   9.284   99.98599  2.232118  162.351120 -19.418052  30.5937925984077 -20.6445047   44.4417 /L    1.3521   0.0721160   67.687469   -37.74556         n.a.     n.a.
 2026-May-11 00:00 *   00 13 49.56 +00 03 09.3  00 15 10.09 +00 11 54.1  3.939744  1.584891  282.378422 -24.758846    7.803   9.284   99.98481  2.234297   75.223882 -19.390860  30.5639526149001 -20.7391707   46.7825 /L    1.4084   0.0707764   68.085934   -38.42143         n.a.     n.a.
 2026-May-13 12:00 Nm  00 14 04.96 +00 04 42.7  00 15 25.56 +00 13 27.7  3.744214  1.525695  103.191368  27.083118    7.801   9.284   99.98363  2.236575  348.102786 -19.364245  30.5328336606387 -22.2990819   49.1309 /L    1.4626   0.0673855   67.830054   -41.88184         n.a.     n.a.
 2026-May-16 00:00 *m  00 14 19.78 +00 06 12.4  00 15 40.41 +00 14 57.7  3.679877  1.462765  284.944370 -28.980788    7.799   9.284   99.98246  2.238935  260.987690 -19.338608  30.5006385765545 -22.3553408   51.4721 /L    1.5141   0.0659991   68.321990   -42.57640         n.a.     n.a.
 2026-May-18 12:00 N   00 14 34.10 +00 07 38.3  00 15 54.84 +00 16 24.2  3.463075  1.399136  105.747279  31.341106    7.796   9.284   99.98131  2.241388  173.878643 -19.313638  30.4672611197457 -23.8007206   53.8209 /L    1.5635   0.0622506   68.000527   -46.07423         n.a.     n.a.
 2026-May-21 00:00 *m  00 14 47.79 +00 09 00.3  00 16 08.60 +00 17 46.7  3.398385  1.332023  287.730613 -33.158994    7.794   9.284   99.98019  2.243916   86.775360 -19.289719  30.4329387377998 -23.8079936   56.1622 /L    1.6098   0.0608352   68.596928   -46.77318         n.a.     n.a.
 2026-May-23 12:00 C   00 15 00.95 +00 10 18.2  00 16 21.85 +00 19 05.1  3.162852  1.264888  108.552647  35.550639    7.791   9.284   99.97910  2.246528  359.677932 -19.266548  30.3975523413042 -25.1225893   58.5109 /L    1.6538   0.0567734   68.202538   -50.29622         n.a.     n.a.
 2026-May-26 00:00 *m  00 15 13.45 +00 11 32.0  00 16 34.37 +00 20 19.3  3.099712  1.194996  290.797450 -37.278597    7.789   9.284   99.97806  2.249206  272.585963 -19.244485  30.3613599653814 -25.0843889   60.8523 /L    1.6947   0.0553680   68.917435   -50.99102         n.a.     n.a.
 2026-May-28 12:00 C   00 15 25.37 +00 12 41.7  00 16 46.39 +00 21 29.3  2.847780  1.124965  111.676164  39.695238    7.786   9.284   99.97706  2.251961  185.499617 -19.223241  30.3242217886240 -26.2657773   63.2015 /L    1.7332   0.0510321   68.444373   -54.54300         n.a.     n.a.
 2026-May-31 00:00 *   00 15 36.61 +00 13 47.0  00 16 57.68 +00 22 35.1  2.786471  1.052692  294.220999 -41.319794    7.783   9.284   99.97612  2.254772   98.418424 -19.203151  30.2864096431399 -26.1921641   65.5438 /L    1.7683   0.0496448   69.304091   -55.24387         n.a.     n.a.
 2026-Jun-02 12:00 Cm  00 15 47.25 +00 14 48.1  00 17 08.43 +00 23 36.6  2.519352  0.979927  115.205107  43.753016    7.780   9.284   99.97525  2.257653   11.342623 -19.183948  30.2477654295029 -27.2370940   67.8948 /L    1.8009   0.0450536   68.745966   -58.83503         n.a.     n.a.
 2026-Jun-05 00:00 *   00 15 57.19 +00 15 44.6  00 17 18.42 +00 24 33.8  2.459334  0.905148  298.097526 -45.256157    7.778   9.284   99.97444  2.260582  284.271671 -19.165939  30.2085775784389 -27.1333051   70.2396 /L    1.8301   0.0436769   69.794056   -59.55357         n.a.     n.a.
 2026-Jun-07 12:00 Cm  00 16 06.49 +00 16 36.7  00 17 27.83 +00 25 26.3  2.177908  0.829805  119.251898  47.694016    7.775   9.284   99.97371  2.263572  197.205878 -19.148882  30.1686721352023 -28.0355796   72.5939 /L    1.8566   0.0388439   69.142643   -63.19449         n.a.     n.a.
 2026-Jun-10 00:00 *   00 16 15.06 +00 17 24.2  00 17 36.43 +00 26 14.2  2.118491  0.752291  302.548509 -49.052068    7.772   9.284   99.97306  2.266601  110.144611 -19.133056  30.1283582394881 -27.9010073   74.9426 /L    1.8795   0.0374683   70.449706   -63.93855         n.a.     n.a.
 2026-Jun-12 12:00 Cm  00 16 22.97 +00 18 07.1  00 17 44.44 +00 26 57.5  1.823586  0.674558  123.960367  51.477035    7.784   9.300   99.97248  2.269683   23.088247 -19.118251  30.0874488748886 -28.6508002   77.3014 /L    1.8997   0.0324058   69.700190   -67.63994         n.a.     n.a.
 2026-Jun-15 00:00 *m  00 16 30.12 +00 18 45.1  00 17 51.66 +00 27 36.2  1.764526  0.594481  307.725688 -52.658801    7.781   9.300   99.97201  2.272793  296.036041 -19.104709  30.0462786407932 -28.4772310   79.6547 /L    1.9162   0.0310330   71.380985   -68.40697         n.a.     n.a.
 2026-Jun-17 12:00 C   00 16 36.59 +00 19 18.5  00 17 58.26 +00 28 10.1  1.458144  0.515101  129.510449  55.045084    7.779   9.300   99.97162  2.275946  208.988414 -19.092249  30.0046531139229 -29.0598227   82.0180 /L    1.9299   0.0257742   70.543823   -72.16790         n.a.     n.a.
 2026-Jun-20 00:00 *m  00 16 42.29 +00 19 46.9  00 18 04.01 +00 28 39.1  1.401208  0.433871  313.810429 -56.009793    7.776   9.300   99.97133  2.279115  121.944491 -19.081078  29.9629289632254 -28.8408309   84.3756 /L    1.9398   0.0244474   72.795350   -72.93284         n.a.     n.a.
 2026-Jun-22 12:00 C   00 16 47.28 +00 20 10.6  00 18 09.10 +00 29 03.2  1.086863  0.353998  136.115827  58.318828    7.773   9.300   99.97114  2.282317   34.904748 -19.071034  29.9208979393876 -29.2540607   86.7430 /L    1.9467   0.0190510   71.959234   -76.74642         n.a.     n.a.
 2026-Jun-25 00:00 *m  00 16 51.51 +00 20 29.4  00 18 13.36 +00 29 22.4  1.033381  0.272756  321.000303 -59.015133    7.770   9.300   99.97104  2.285523  307.868234 -19.062286  29.8789224183664 -28.9992402   89.1048 /L    1.9499   0.0178129   75.214271   -77.49148         n.a.     n.a.
 2026-Jun-27 12:00 C   00 16 55.02 +00 20 43.4  00 18 16.99 +00 29 36.9  0.713148  0.192583  143.998735  61.190856    7.767   9.300   99.97105  2.288751  220.835500 -19.054698  29.8367798904690 -29.2473721   91.4768 /L    1.9501   0.0123116   74.887953   -81.36731         n.a.     n.a.
 2026-Jun-30 00:00 *   00 16 57.76 +00 20 52.5  00 18 19.79 +00 29 46.7  0.662862  0.111690  329.467558 -61.557490    7.763   9.300   99.97116  2.291973  133.805542 -19.048406  29.7948358165760 -28.9651858   93.8437 /L    1.9465   0.0112034   80.435697   -82.06948         n.a.     n.a.
 2026-Jul-02 12:00 Cm  00 16 59.77 +00 20 56.8  00 18 21.92 +00 29 51.5  0.338267  0.031233  153.321904  63.522665    7.760   9.300   99.97136  2.295207   46.778966 -19.043302  29.7528604868408 -29.0477258   96.2216 /L    1.9399   0.0056618   84.724705   -85.99013         n.a.     n.a.
 2026-Jul-05 00:00 *   00 17 01.02 +00 20 56.3  00 18 23.21 +00 29 51.5  0.290459  -0.04926  339.270408 -63.495701    7.757   9.300   99.97167  2.298423  319.754720 -19.039486  29.7112229895733 -28.7419771   98.5950 /L    1.9296   0.0049101   99.625096   -86.48907         n.a.     n.a.
 2026-Jul-07 12:00 Nm  00 17 01.53 +00 20 50.9  00 18 23.82 +00 29 46.5  -0.03702  -0.12979  164.058554  65.153757    7.754   9.300   99.97207  2.301641  232.733449 -19.036884  29.6696908311320 -28.6549504  100.9801 /L    1.9163   0.0022495   195.92043   -88.38728         n.a.     n.a.
 2026-Jul-10 00:00 *   00 17 01.29 +00 20 40.7  00 18 23.61 +00 29 36.8  -0.08304  -0.20990  350.228170 -64.682965    7.735   9.284   99.97257  2.304829  145.714045 -19.035557  29.6286400824399 -28.3230195  103.3613 /L    1.8992   0.0037621   201.58507   -87.27637         n.a.     n.a.
 2026-Jul-12 12:00 Nm  00 17 00.30 +00 20 25.7  00 18 22.76 +00 29 22.4  -0.41149  -0.28986  175.841807  65.933581    7.732   9.284   99.97316  2.308008   58.697172 -19.035468  29.5878394761565 -28.0582831  105.7545 /L    1.8790   0.0083889   234.83792   -83.89650         n.a.     n.a.
 2026-Jul-15 00:00 *m  00 16 58.57 +00 20 05.9  00 18 21.09 +00 29 03.3  -0.45513  -0.36891    1.838320 -65.004424    7.730   9.284   99.97384  2.311145  331.681640 -19.036632  29.5476759651806 -27.6914266  108.1437 /L    1.8551   0.0097644   230.97289   -82.82182         n.a.     n.a.
 2026-Jul-17 12:00 N   00 16 56.09 +00 19 41.4  00 18 18.73 +00 28 39.3  -0.78086  -0.44680  187.942328  65.772345    7.727   9.284   99.97461  2.314259  244.668126 -19.039045  29.5079184620198 -27.2444536  110.5447 /L    1.8282   0.0149942   240.22237   -78.89385         n.a.     n.a.
 2026-Jul-20 00:00 *m  00 16 52.89 +00 19 12.3  00 18 15.55 +00 28 10.5  -0.82001  -0.52338   13.364948 -64.420704    7.724   9.284   99.97545  2.317319  157.655365 -19.042672  29.4689545139922 -26.8449569  112.9414 /L    1.7977   0.0162134   237.45168   -77.85846         n.a.     n.a.
 2026-Jul-22 12:00 N   00 16 48.97 +00 18 38.7  00 18 11.72 +00 27 37.3  -1.13969  -0.59822  199.501295  64.681258    7.721   9.284   99.97636  2.320343   70.644088 -19.047540  29.4305434148084 -26.2273049  115.3495 /L    1.7643   0.0214525   242.30515   -73.77597         n.a.     n.a.
 2026-Jul-25 00:00 *m  00 16 44.35 +00 18 00.5  00 18 07.14 +00 26 59.7  -1.17389  -0.67171   24.104535 -62.984225    7.718   9.284   99.97735  2.323302  343.633002 -19.053570  29.3930639430399 -25.8054131  117.7534 /L    1.7273   0.0225414   240.22135   -72.75802         n.a.     n.a.
 2026-Jul-27 12:00 N   00 16 39.02 +00 17 18.0  00 18 01.93 +00 26 17.7  -1.48573  -0.74351  209.876618  62.766371    7.715   9.284   99.97839  2.326214  256.622887 -19.060820  29.3562719632782 -25.0265645  120.1691 /L    1.6875   0.0276898   243.41492   -68.56463         n.a.     n.a.
 2026-Jul-30 00:00 *   00 16 33.02 +00 16 31.3  00 17 55.98 +00 25 31.5  -1.51540  -0.81357   33.625045 -60.815550    7.713   9.284   99.97948  2.329049  169.612431 -19.069176  29.3205365758019 -24.5879321  122.5808 /L    1.6444   0.0286664   241.76998   -67.54949         n.a.     n.a.
 2026-Aug-01 12:00 Nm  00 16 26.34 +00 15 40.4  00 17 49.39 +00 24 41.0  -1.81781  -0.88241  218.806067  60.181253    7.710   9.284   99.98062  2.331826   82.602440 -19.078725  29.2856181993760 -23.6523227  125.0049 /L    1.5985   0.0336777   244.10698   -63.25033         n.a.     n.a.
 2026-Aug-04 00:00 *   00 16 19.03 +00 14 45.4  00 17 42.10 +00 23 46.4  -1.84367  -0.94882   41.809267 -58.059542    7.708   9.284   99.98180  2.334516  355.591594 -19.089319  29.2518751092711 -23.1985562  127.4256 /L    1.5494   0.0345582   242.76805   -62.22336         n.a.     n.a.
 2026-Aug-06 12:00 Nm  00 16 11.06 +00 13 46.5  00 17 34.22 +00 22 47.8  -2.13489  -1.01446  226.331092  57.079716    7.705   9.284   99.98300  2.337136  268.580692 -19.101077  29.2190792766165 -22.1054850  129.8591 /L    1.4977   0.0393943   244.58390   -57.81345         n.a.     n.a.
 2026-Aug-09 00:00 *   00 16 02.49 +00 12 43.7  00 17 25.69 +00 21 45.6  -2.15713  -1.07681   48.750835 -54.850884    7.703   9.284   99.98423  2.339658  181.568400 -19.113810  29.1875804342103 -21.6319038  132.2896 /L    1.4429   0.0401827   243.47215   -56.76120         n.a.     n.a.
 2026-Aug-11 12:00 Nm  00 15 53.29 +00 11 37.2  00 17 16.61 +00 20 39.6  -2.43415  -1.13813  232.641739  53.590790    7.701   9.284   99.98546  2.342099   94.555485 -19.127671  29.1571653714186 -20.3787626  134.7329 /L    1.3856   0.0447848   244.94079   -52.24212         n.a.     n.a.
 2026-Aug-14 00:00 *m  00 15 43.54 +00 10 27.2  00 17 06.88 +00 19 30.0  -2.45125  -1.19535   54.633495 -51.299793    7.698   9.284   99.98670  2.344430    7.540588 -19.142426  29.1281732614862 -19.8823713  137.1730 /L    1.3256   0.0454529   244.00398   -51.17012         n.a.     n.a.
 2026-Aug-16 12:00 N   00 15 33.19 +00 09 13.8  00 16 56.60 +00 18 16.8  -2.71001  -1.25068  237.962422  49.813199    7.696   9.284   99.98793  2.346668  280.524465 -19.158253  29.1003966205205 -18.4797393  139.6252 /L    1.2631   0.0497448   245.22642   -46.56466         n.a.     n.a.
 2026-Aug-19 00:00 *m  00 15 22.35 +00 07 57.1  00 16 45.77 +00 17 00.5  -2.72061  -1.30198   59.653916 -47.490688    7.694   9.284   99.98915  2.348786  193.505768 -19.174876  29.0741530205107 -17.9705142  142.0736 /L    1.1982   0.0502684   244.42599   -45.49090         n.a.     n.a.
 2026-Aug-21 12:00 N   00 15 10.96 +00 06 37.5  00 16 34.48 +00 15 41.2  -2.95889  -1.35083  242.498948  45.819969    7.693   9.284   99.99034  2.350801  106.485276 -19.192503  29.0492350744187 -16.4383867  144.5338 /L    1.1311   0.0542110   245.46180   -40.81498         n.a.     n.a.
 2026-Aug-24 00:00 *m  00 14 59.14 +00 05 15.1  00 16 22.69 +00 14 19.2  -2.96324  -1.39614   63.987347 -43.486258    7.691   9.284   99.99149  2.352687   19.461670 -19.210821  29.0259386361108 -15.9242690  146.9899 /L    1.0618   0.0545944   244.77244   -39.74072         n.a.     n.a.
 2026-Aug-26 12:00 N   00 14 46.83 +00 03 50.0  00 16 10.45 +00 12 54.5  -3.17990  -1.43860  246.421563  41.664248    7.689   9.284   99.99260  2.354462  292.435744 -19.230066  29.0040635249809 -14.2772185  149.4578 /L    0.9905   0.0581695   245.65781   -34.99795         n.a.     n.a.
 2026-Aug-29 00:00 *   00 14 34.14 +00 02 22.4  00 15 57.77 +00 11 27.2  -3.17854  -1.47777   67.779018 -39.333022    7.688   9.284   99.99366  2.356101  205.406205 -19.249897  28.9838836588902 -13.7614719  151.9217 /L    0.9173   0.0584212   245.06531   -33.91791         n.a.     n.a.
 2026-Aug-31 12:00 Am  00 14 21.00 +00 00 52.6  00 15 44.69 +00 09 57.5  -3.37264  -1.51409  249.865130  37.384828    7.686   9.284   99.99466  2.357620  118.373838 -19.270574  28.9652134528693 -12.0090034  154.3975 /L    0.8424   0.0616152   245.82311   -29.10707        3.219    2.884
 2026-Sep-03 00:00 *   00 14 07.55 -00 00 39.2  00 15 31.25 +00 08 25.9  -3.36618  -1.54685   71.145031 -35.065551    7.685   9.284   99.99559  2.358997   31.337385 -19.291730  28.9483045667630 -11.4900278  156.8693 /L    0.7658   0.0617431   245.31993   -28.00876         n.a.     n.a.
 2026-Sep-05 12:00 Am  00 13 53.71 -00 02 13.0  00 15 17.49 +00 06 52.5  -3.53610  -1.57677  252.935322  33.010602    7.684   9.284   99.99645  2.360245  304.297583 -19.313650  28.9329943863112  -9.6353221  159.3531 /L    0.6878   0.0645287   245.96756   -23.12429        0.517   17.959
 2026-Sep-08 00:00 *   00 13 39.63 -00 03 48.4  00 15 03.43 +00 05 17.5  -3.52388  -1.60229   74.177136 -30.709894    7.683   9.284   99.99723  2.361346  217.253204 -19.335938  28.9195112901326  -9.1093320  161.8321 /L    0.6085   0.0645176   245.54899   -21.99812         n.a.     n.a.
 2026-Sep-10 12:00 A   00 13 25.21 -00 05 25.3  00 14 49.06 +00 03 40.8  -3.66648  -1.62462  255.714553  28.563388    7.682   9.284   99.99792  2.362309  130.204919 -19.358895  28.9077139676601  -7.1605731  164.3217 /L    0.5280   0.0668383   246.10189   -17.05011         n.a.     n.a.
 2026-Sep-13 00:00 *m  00 13 10.61 -00 07 03.3  00 14 34.46 +00 02 02.9  -3.64697  -1.64195   76.948377 -26.286342    7.681   9.284   99.99852  2.363120   43.151560 -19.382096  28.8977984800607  -6.6344073  166.8040 /L    0.4467   0.0666591   245.76170   -15.90859         n.a.     n.a.
 2026-Sep-15 12:00 A   00 12 55.76 -00 08 42.3  00 14 19.65 +00 00 24.0  -3.75976  -1.65577  258.267861  24.060220    7.680   9.284   99.99902  2.363788  316.093765 -19.405858  28.8896342484239  -4.6140748  169.2927 /L    0.3645   0.0684701   246.23166   -10.92760         n.a.     n.a.
 2026-Sep-18 00:00 *m  00 12 40.81 -00 10 22.0  00 14 04.71 -00 01 15.5  -3.73296  -1.66505   79.516951 -21.810856    7.680   9.284   99.99942  2.364299  229.030460 -19.429733  28.8833808659350  -4.1002703  171.7657 /L    0.2822   0.0681245   245.96124   -9.786520         n.a.     n.a.
 2026-Sep-20 12:00 A   00 12 25.67 -00 12 02.1  00 13 49.62 -00 02 55.3  -3.81546  -1.67040  260.647661  19.514859    7.680   9.284   99.99971  2.364665  141.962267 -19.454057  28.8789185220245  -2.0308910  174.2255 /L    0.1999   0.0694181   246.35627   -4.796267         n.a.     n.a.
 2026-Sep-23 00:00 *m  00 12 10.51 -00 13 42.4  00 13 34.48 -00 04 35.5  -3.78223  -1.67213   81.930464 -17.296465    7.679   9.284   99.99990  2.364873   54.888195 -19.478362  28.8763757524964  -1.5349559  176.6001 /L    0.1199   0.0689228   246.14975   -3.656314         n.a.     n.a.
 2026-Sep-25 12:00 A   00 11 55.24 -00 15 22.7  00 13 19.22 -00 06 15.7  -3.83463  -1.66935  262.896687  14.938468    7.679   9.284   99.99998  2.364933  327.808846 -19.503006  28.8756476504015   0.5658258  178.4707 /L    0.0540   0.0697040   246.47483   1.3265664         n.a.     n.a.
 2026-Sep-28 00:00 *   00 11 40.02 -00 17 02.7  00 13 03.99 -00 07 55.8  -3.79591  -1.66384   84.228829 -12.754101    7.680   9.284   99.99995  2.364836  240.723305 -19.527507  28.8768337444415   1.0432886  177.5894 /T    0.0758   0.0690758   246.33102   2.4719607         n.a.     n.a.
 2026-Sep-30 12:00 Am  00 11 24.74 -00 18 42.3  00 12 48.73 -00 09 35.2  -3.81860  -1.65339  265.051060  10.340522    7.680   9.284   99.99981  2.364588  153.632133 -19.552236  28.8798506158797   3.1642425  175.3064 /T    0.1511   0.0693530   246.58817   7.4405164        2.212    4.198
 2026-Oct-03 00:00 *   00 11 09.60 -00 20 21.1  00 12 33.61 -00 11 13.9  -3.77464  -1.64039   86.446109  -8.193056    7.680   9.284   99.99957  2.364186   66.534480 -19.576705  28.8847708511230   3.6283442  172.8609 /T    0.2323   0.0685945   246.51113   8.6090778         n.a.     n.a.
 2026-Oct-05 12:00 Am  00 10 54.47 -00 21 59.0  00 12 18.51 -00 12 51.7  -3.76661  -1.62202  267.142319   5.729358    7.681   9.284   99.99922  2.363632  339.430829 -19.601287  28.8915377688426   5.7615435  170.3646 /T    0.3148   0.0683502   246.70175   13.564520        0.516   17.981
 2026-Oct-08 00:00 *   00 10 39.54 -00 23 35.8  00 12 03.59 -00 14 28.4  -3.71620  -1.60059   88.612744  -3.621747    7.681   9.284   99.99877  2.362924  252.320415 -19.625491  28.9001897097950   6.2105938  167.8569 /T    0.3970   0.0674372   246.69807   14.763305         n.a.     n.a.
 2026-Oct-10 12:00 A   00 10 24.71 -00 25 11.0  00 11 48.74 -00 16 03.7  -3.67589  -1.57380  269.198670   1.112506    7.682   9.284   99.99821  2.362066  165.203649 -19.649685  28.9106896870092   8.3367948  165.3310 /T    0.4788   0.0666438   246.82227   19.690355         n.a.     n.a.
 2026-Oct-13 00:00 *m  00 10 10.16 -00 26 44.6  00 11 34.19 -00 17 37.3  -3.61867  -1.54379   90.756706   0.951975    7.683   9.284   99.99757  2.361058   78.079898 -19.673375  28.9230323083840   8.7575425  162.8060 /T    0.5596   0.0655702   246.89603   20.902969         n.a.     n.a.
 2026-Oct-15 12:00 A   00 09 55.79 -00 28 16.2  00 11 19.82 -00 19 08.9  -3.54630  -1.50881  271.246989  -3.502692    7.684   9.284   99.99683  2.359903  350.949526 -19.696933  28.9371960348121  10.8519886  160.2685 /T    0.6396   0.0642321   246.95217   25.776466         n.a.     n.a.
 2026-Oct-18 00:00 *m  00 09 41.77 -00 29 45.6  00 11 05.82 -00 20 38.3  -3.48349  -1.47110   92.904699   5.520609    7.685   9.284   99.99602  2.358603  263.812043 -19.719865  28.9531351654463  11.2340861  157.7353 /T    0.7181   0.0630230   247.10541   26.986661         n.a.     n.a.
 2026-Oct-20 12:00 A   00 09 28.00 -00 31 12.7  00 10 52.04 -00 22 05.3  -3.38051  -1.42853  273.313610  -8.109100    7.687   9.284   99.99512  2.357161  176.667763 -19.742548  28.9708459504000  13.2771747  155.1914 /T    0.7954   0.0611658   247.09215   31.789013         n.a.     n.a.
 2026-Oct-23 00:00 *m  00 09 14.65 -00 32 37.1  00 10 38.68 -00 23 29.8  -3.31358  -1.38414   95.083859  10.076565    7.688   9.284   99.99416  2.355584   89.516324 -19.764493  28.9902496781935  13.6176669  152.6531 /T    0.8709   0.0598509   247.32889   32.991251         n.a.     n.a.
 2026-Oct-25 12:00 Am  00 09 01.61 -00 33 58.6  00 10 25.61 -00 24 51.5  -3.18190  -1.33466  275.425569 -12.699542    7.690   9.284   99.99313  2.353870    2.357988 -19.786080  29.0113616372690  15.5942416  150.1049 /T    0.9449   0.0575079   247.24423   37.709895         n.a.     n.a.
 2026-Oct-28 00:00 *   00 08 49.06 -00 35 17.2  00 10 13.07 -00 26 10.2  -3.11213  -1.28437   97.322585  14.612063    7.691   9.284   99.99205  2.352028  275.192496 -19.806831  29.0340762421653  15.8969101  147.5629 /T    1.0166   0.0561124   247.57413   38.908552         n.a.     n.a.
 2026-Oct-30 12:00 Am  00 08 36.89 -00 36 32.7  00 10 00.89 -00 27 25.5  -2.95329  -1.22844  277.612251 -17.266325    7.693   9.284   99.99093  2.350057  188.020042 -19.827121  29.0584327928797  17.7991105  145.0108 /T    1.0867   0.0533098   247.41471   43.545000         n.a.     n.a.
 2026-Nov-02 00:00 *   00 08 25.26 -00 37 44.7  00 09 49.28 -00 28 37.6  -2.88029  -1.17201   99.651872  19.118747    7.695   9.284   99.98977  2.347966  100.840449 -19.846486  29.0843011277053  18.0703113  142.4650 /T    1.1543   0.0518269   247.85834   44.760447         n.a.     n.a.
 2026-Nov-04 12:00  m  00 08 14.07 -00 38 53.2  00 09 38.06 -00 29 46.2  -2.69428  -1.10950  279.906320 -21.801042    7.697   9.284   99.98859  2.345753   13.653831 -19.865286  29.1117411446072  19.8850749  139.9093 /T    1.2199   0.0485630   247.61823   49.322368         n.a.     n.a.
 2026-Nov-07 00:00 *   00 08 03.48 -00 39 57.9  00 09 27.46 -00 30 51.1  -2.61724  -1.04650  102.107134  23.587039    7.699   9.284   99.98739  2.343431  286.460132 -19.883071  29.1405863646326  20.1169841  137.3605 /T    1.2827   0.0469784   248.20611   50.558006         n.a.     n.a.
 2026-Nov-09 12:00     00 07 53.40 -00 40 58.6  00 09 17.33 -00 31 52.0  -2.40511  -0.97798  282.345802 -26.293904    7.701   9.284   99.98618  2.340995  199.259413 -19.900186  29.1709110445471  21.8220888  134.8024 /T    1.3433   0.0432724   247.87210   55.036685         n.a.     n.a.
 2026-Nov-12 00:00 *m  00 07 43.97 -00 41 55.2  00 09 07.92 -00 32 48.7  -2.32496  -0.90905  104.729399  28.005929    7.704   9.284   99.98498  2.338462  112.051773 -19.916204  29.2025094290193  22.0028778  132.2524 /T    1.4008   0.0416060   248.64480   56.276020         n.a.     n.a.
 2026-Nov-14 12:00     00 07 35.11 -00 42 47.6  00 08 59.02 -00 33 41.1  -2.08923  -0.83565  284.976354 -30.733187    7.706   9.284   99.98378  2.335825   24.837217 -19.931453  29.2354729163516  23.5804521  129.6939 /T    1.4558   0.0375026   248.19971   60.661341         n.a.     n.a.
 2026-Nov-17 00:00 *m  00 07 26.95 -00 43 35.5  00 08 50.87 -00 34 29.1  -2.00781  -0.76199  107.568218  32.362121    7.709   9.284   99.98262  2.333105  297.615993 -19.945535  29.2695627708093  23.7046788  127.1442 /T    1.5075   0.0357923   249.21772   61.887150         n.a.     n.a.
 2026-Nov-19 12:00     00 07 19.39 -00 44 19.0  00 08 43.26 -00 35 12.8  -1.75138  -0.68470  287.853658 -35.104715    7.711   9.284   99.98148  2.330292  210.388042 -19.958764  29.3048898625184  25.1432612  124.5867 /T    1.5565   0.0313411   248.64714   66.175529         n.a.     n.a.
 2026-Nov-22 00:00 *m  00 07 12.58 -00 44 57.7  00 08 36.44 -00 35 51.8  -1.67048  -0.60760  110.684567  36.639159    7.714   9.284   99.98038  2.327409  123.153743 -19.970769  29.3411901253556  25.2119791  122.0387 /T    1.6021   0.0296258   250.01221   67.374925         n.a.     n.a.
 2026-Nov-24 12:00  m  00 07 06.41 -00 45 31.8  00 08 30.23 -00 36 26.0  -1.39635  -0.52723  291.047537 -39.390548    7.717   9.284   99.97933  2.324446   35.912962 -19.981852  29.3785943639923  26.5056696  119.4829 /T    1.6448   0.0248762   249.31480   71.566925         n.a.     n.a.
 2026-Nov-27 00:00 *   00 07 01.02 -00 46 01.0  00 08 24.86 -00 36 55.2  -1.31696  -0.44753  114.154161  40.816298    7.720   9.284   99.97834  2.321425  308.666177 -19.991667  29.4168226926413  26.5280337  116.9366 /T    1.6839   0.0231820   251.23104   72.737908         n.a.     n.a.
 2026-Nov-29 12:00  m  00 06 56.30 -00 46 25.4  00 08 20.11 -00 37 19.6  -1.02678  -0.36413  294.646561 -43.567364    7.723   9.284   99.97741  2.318336  221.413168 -20.000498  29.4560261365065  27.6746663  114.3823 /T    1.7201   0.0181572   250.47392   76.850908         n.a.     n.a.
 2026-Dec-02 00:00 *   00 06 52.38 -00 46 44.8  00 08 16.18 -00 37 39.2  -0.94788  -0.28164  118.072437  44.866329    7.725   9.284   99.97656  2.315201  134.154491 -20.008025  29.4959070211058  27.6539306  111.8373 /T    1.7524   0.0164806   253.45227   78.003832         n.a.     n.a.
 2026-Dec-04 12:00  m  00 06 49.17 -00 46 59.1  00 08 12.90 -00 37 53.8  -0.64288  -0.19538  298.763259 -47.604274    7.728   9.284   99.97578  2.312010   46.889878 -20.014505  29.5366246853496  28.6383602  109.2845 /T    1.7817   0.0111985   253.09501   82.052180         n.a.     n.a.
 2026-Dec-07 00:00 *   00 06 46.78 -00 47 08.3  00 08 10.51 -00 38 03.2  -0.56460  -0.11048  122.558798  48.753201    7.731   9.284   99.97509  2.308787  319.620001 -20.019649  29.5778555764742  28.5658733  106.7416 /T    1.8071   0.0095884   258.92811   83.156674         n.a.     n.a.
 2026-Dec-09 12:00     00 06 45.13 -00 47 12.3  00 08 08.82 -00 38 07.3  -0.24774  -0.02263  303.540855 -51.459186    7.735   9.284   99.97448  2.305520  232.344559 -20.023686  29.6197672326842  29.3730984  104.1916 /T    1.8294   0.0041462   264.78076   87.106774         n.a.     n.a.
 2026-Dec-12 00:00 *m  00 06 44.31 -00 47 11.0  00 08 08.02 -00 38 06.1  -0.17153  0.063721  127.760346  52.428628    7.738   9.284   99.97397  2.302236  145.064349 -20.026371  29.6620136173625  29.2437891  101.6524 /T    1.8476   0.0030497   290.37964   87.858650         n.a.     n.a.
 2026-Dec-14 12:00     00 06 44.26 -00 47 04.6  00 08 07.91 -00 37 59.8  0.153683  0.151763  309.156449 -55.074795    7.741   9.284   99.97356  2.298922   57.779018 -20.027903  29.7047759339772  29.8673016   99.1067 /T    1.8626   0.0035998   45.360124   87.521967         n.a.     n.a.
 2026-Dec-17 00:00 *m  00 06 45.03 -00 46 52.9  00 08 08.68 -00 37 48.4  0.226115  0.238463  133.851266  55.827457    7.744   9.284   99.97325  2.295605  330.489476 -20.028078  29.7476911075552  29.6817324   96.5725 /T    1.8736   0.0054770   43.477465   86.203836         n.a.     n.a.
 2026-Dec-19 12:00     00 06 46.58 -00 46 35.9  00 08 10.15 -00 37 31.7  0.556341  0.325617  315.816660 -58.372992    7.747   9.284   99.97304  2.292272  243.195303 -20.027070  29.7909565898842  30.1217061   94.0324 /T    1.8813   0.0107438   59.660334   82.680844         n.a.     n.a.
 2026-Dec-22 00:00 *m  00 06 48.96 -00 46 13.8  00 08 12.54 -00 37 09.8  0.623515  0.411576  141.018059  58.863197    7.750   9.284   99.97294  2.288949  155.897502 -20.024715  29.8341995542458  29.8864096   91.5043 /T    1.8850   0.0124518   56.571627   81.455119         n.a.     n.a.
 2026-Dec-24 12:00  m  00 06 52.10 -00 45 46.6  00 08 15.65 -00 36 42.5  0.956061  0.497369  323.731602 -61.249154    7.753   9.284   99.97293  2.285621   68.595574 -20.021161  29.8776346988417  30.1493956   88.9703 /T    1.8855   0.0179616   62.515336   77.857345         n.a.     n.a.
 2026-Dec-27 00:00 *   00 06 56.06 -00 45 14.2  00 08 19.64 -00 36 10.2  1.018068  0.582215  149.418146  61.425021    7.756   9.284   99.97304  2.282317  341.290577 -20.016278  29.9208876996538  29.8757865   86.4480 /T    1.8820   0.0195465   60.235518   76.686853         n.a.     n.a.
 2026-Dec-29 12:00  m  00 07 00.79 -00 44 36.7  00 08 24.29 -00 35 32.9  1.352004  0.667082  333.044611 -63.571045    7.760   9.284   99.97324  2.279020  253.981936 -20.010186  29.9641825280350  29.9630253   83.9195 /T    1.8753   0.0251270   63.738146   73.104163         n.a.     n.a.
$$EOE
**********************************************************************************************************************************************************************************************************************************************************************************************
Column meaning:
 
TIME

  Times PRIOR to 1962 are UT1, a mean-solar time closely related to the
prior but now-deprecated GMT. Times AFTER 1962 are in UTC, the current
civil or "wall-clock" time-scale. UTC is kept within 0.9 seconds of UT1
using integer leap-seconds for 1972 and later years.

  Conversion from the internal Barycentric Dynamical Time (TDB) of solar
system dynamics to the non-uniform civil UT time-scale requested for output
has not been determined for UTC times after the next July or January 1st.
Therefore, the last known leap-second is used as a constant over future
intervals.

  Time tags refer to the UT time-scale conversion from TDB on Earth
regardless of observer location within the solar system, although clock
rates may differ due to the local gravity field and no analog to "UT"
may be defined for that location.

  Any 'b' symbol in the 1st-column denotes a B.C. date. First-column blank
(" ") denotes an A.D. date.
 
CALENDAR SYSTEM

  Mixed calendar mode was active such that calendar dates after AD 1582-Oct-15
(if any) are in the modern Gregorian system. Dates prior to 1582-Oct-5 (if any)
are in the Julian calendar system, which is automatically extended for dates
prior to its adoption on 45-Jan-1 BC.  The Julian calendar is useful for
matching historical dates. The Gregorian calendar more accurately corresponds
to the Earth's orbital motion and seasons. A "Gregorian-only" calendar mode is
available if such physical events are the primary interest.

  NOTE: "n.a." in output means quantity "not available" at the print-time.
 
SOLAR PRESENCE (OBSERVING SITE)
  Time tag is followed by a blank, then a solar-presence symbol:

       '*'  Daylight (refracted solar upper-limb on or above apparent horizon)
       'C'  Civil twilight/dawn
       'N'  Nautical twilight/dawn
       'A'  Astronomical twilight/dawn
       ' '  Night OR geocentric ephemeris

LUNAR PRESENCE (OBSERVING SITE)
  The solar-presence symbol is immediately followed by a lunar-presence symbol:

       'm'  Refracted upper-limb of Moon on or above apparent horizon
       ' '  Refracted upper-limb of Moon below apparent horizon OR geocentric
            ephemeris
 
 'R.A._____(ICRF)_____DEC' =
  Astrometric right ascension and declination of the target center with
respect to the observing site (coordinate origin) in the reference frame of
the planetary ephemeris (ICRF). Compensated for down-leg light-time delay
aberration.

  Units: RA  in hours-minutes-seconds of time,    HH MM SS.ff{ffff}
         DEC in degrees-minutes-seconds of arc,  sDD MN SC.f{ffff}
 
 'R.A.__(a-apparent)__DEC' =
  Airless apparent right ascension and declination of the target center
with respect to an instantaneous reference frame defined by the Earth equator
of-date (z-axis) and meridian containing the Earth equinox of-date (x-axis,
EOP-corrected IAU76/80). Compensated for down-leg light-time delay,
gravitational deflection of light, stellar aberration, precession & nutation.
Note: equinox (RA origin) is offset -53 mas from the of-date frame defined
by the IAU06/00a P & N system.

  Units: RA  in hours-minutes-seconds of time,   HH MM SS.ff{ffff}
         DEC in degrees-minutes-seconds of arc, sDD MN SC.f{ffff}
 
 'dRA*cosD d(DEC)/dt' =
  The angular rate of change in apparent RA and DEC of the target. This is
with respect to the non-inertial IAU76/80 Earth true equator and equinox
of-date reference frame.  d(RA)/dt is multiplied by the cosine of declination
to provide a linear rate in the plane-of-sky. Units: ARCSECONDS PER HOUR
 
 'Azi____(a-app)___Elev' =
  Airless apparent azimuth and elevation of target center. Compensated
for light-time, the gravitational deflection of light, stellar aberration,
precession and nutation. Azimuth is measured clockwise from north:

  North(0) -> East(90) -> South(180) -> West(270) -> North (360)

Elevation angle is with respect to a plane perpendicular to the reference
surface local zenith direction. TOPOCENTRIC ONLY.  Units: DEGREES
 
 'APmag   S-brt' =
  The targets' approximate apparent visual magnitude and surface brightness.
For planets and natural satellites, output is restricted to solar phase angles
covered by observational data. Outside the observed phase angle range, "n.a."
may be output to avoid extrapolation beyond the limit of model validity.

   For Earth-based observers, the estimated dimming due to atmospheric
absorption (extinction) is available as a separate, requestable quantity.

   Surface brightness is the average airless visual magnitude of a
square-arcsecond of the illuminated portion of the apparent disk. It is
computed only if the target radius is known.

   Units: MAGNITUDES & MAGNITUDES PER SQUARE ARCSECOND
 
 'Illu%' =
   Fraction of the target objects' assumed circular disk illuminated by Sun
(phase), as seen by the observer.  Units: PERCENT
 
 'Ang-diam' =
   The equatorial angular width of the target body full disk, if it were fully
illuminated and visible to the observer. If the target body diameter is unknown
"n.a." is output.

   Units: ARCSECONDS
 
 'ObsSub-LON ObsSub-LAT' =
   Apparent planetodetic longitude and latitude of the center of the target
disc seen by the OBSERVER at print-time. This is NOT exactly the same as the
"nearest" sub-point for a non-spherical target shape (since the center of the
disc might not be the point closest to the observer), but is generally very
close if not a very irregular body shape. Down-leg light travel-time from
target to observer is taken into account. Latitude is the angle between the
equatorial plane and the line perpendicular to the reference ellipsoid of the
body, so includes body oblateness. The reference ellipsoid is an oblate
spheroid with a single flatness coefficient in which the y-axis body radius
is taken to be the same value as the x-axis radius.  For Jupiter, Saturn, and
Uranus, IAU2015 longitude is based on the "System III" prime meridian rotation
angle of the magnetic field. By contrast, pole direction (thus latitude) is
relative to the body dynamical equator.  There can be an offset between the
magnetic pole and the dynamical pole of rotation. For Neptune, rotation is
IAU2015 "System II" rotation of optically observed features in the Neptunian
atmosphere. Positive longitude is to the WEST for this target. Cartographic
system is specified in the header.  Units: DEGREES DEGREES
 
 'delta      deldot' =
   Apparent range ("delta", light-time aberrated) and range-rate ("delta-dot")
of the target center relative to the observer. A positive "deldot" means the
target center is moving away from the observer, negative indicates movement
toward the observer.  Units: AU and KM/S
 
 'S-O-T /r' =
   Sun-Observer-Target apparent SOLAR ELONGATION ANGLE seen from the observers'
location at print-time.

   The '/r' column provides a code indicating the targets' apparent position
relative to the Sun in the observers' sky, as described below:

   Case A: For an observing location on the surface of a rotating body, that
body rotational sense is considered:

    /T indicates target TRAILS Sun   (evening sky: rises and sets AFTER Sun)
    /L indicates target LEADS Sun    (morning sky: rises and sets BEFORE Sun)

   Case B: For an observing point that does not have a rotational model (such
as a spacecraft), the "leading" and "trailing" condition is defined by the
observers' heliocentric ORBITAL motion:

    * If continuing in the observers' current direction of heliocentric
       motion would encounter the targets' apparent longitude first, followed
       by the Sun's, the target LEADS the Sun as seen by the observer.

    * If the Sun's apparent longitude would be encountered first, followed
       by the targets', the target TRAILS the Sun.

   Two other codes can be output:
    /* indicates observer is Sun-centered    (undefined)
    /? Target is aligned with Sun center     (no lead or trail)

   The S-O-T solar elongation angle is numerically the minimum separation
angle of the Sun and target in the sky in any direction. It does NOT indicate
the amount of separation in the leading or trailing directions, which would
be defined along the equator of a spherical coordinate system.

   Units: DEGREES
 
 'S-T-O' =
   The Sun-Target-Observer angle; the interior vertex angle at target center
formed by a vector from the target to the apparent center of the Sun (at
reflection time on the target) and the apparent vector from target to the
observer at print-time. Slightly different from true PHASE ANGLE (requestable
separately) at the few arcsecond level in that it includes stellar aberration
on the down-leg from target to observer.  Units: DEGREES
 
 'Sky_motion  Sky_mot_PA  RelVel-ANG' =
  Total apparent angular rate of the target in the plane-of-sky. "Sky_mot_PA"
is the position angle of the target's direction of motion in the plane-of-sky,
measured counter-clockwise from the apparent of-date north pole direction.
"RelVel-ANG" is the flight path angle of the target's relative motion with
respect to the observer's line-of-sight, in the range [-90,+90], where positive
values indicate motion away from the observer, negative values are toward the
observer:

  -90 = target is moving directly toward the observer
    0 = target is moving at right angles to the observer's line-of-sight
  +90 = target is moving directly away from the observer

UNITS:  ARCSECONDS/MINUTE, DEGREES, DEGREES
 
 'Lun_Sky_Brt  sky_SNR' =
  Sky brightness due to moonlight scattered by Earth's atmosphere at the
target's position in the sky. "sky_SNR" is the visual signal-to-noise ratio
(SNR) of the target's surface brightness relative to background sky. Output
only for topocentric Earth observers when both the Moon and target are above
the local horizon and the Sun is in astronomical twilight (or further) below
the horizon, and the target is not the Moon or Sun. If all conditions are
not met, "n.a." is output. Galactic brightness, local sky light-pollution
and weather are NOT considered. Lunar opposition surge is considered. The
value returned is accurate under ideal conditions at the approximately 8-23%
level, so is a useful but not definitive value.

  If the target-body radius is also known, "sky_SNR" is output. This is the
approximate visual signal-to-noise ratio of the target's brightness divided
by lunar sky brightness. When sky_SNR < 1, the target is dimmer than the
ideal moonlight-scattering background sky, so unlikely to be detectable at
visual wavelengths. In practice, visibility requires sky_SNR > 1 and a
detector sensitive enough to reach the target's magnitude, even if it isn't
washed out by moonlight. When relating magnitudes and brightness values,
keep in mind their logarithmic relationship m2-m1 = -2.5*log_10(b2/b1).

  UNITS: VISUAL MAGNITUDES / ARCSECOND^2, and unitless ratio

Computations by ...

    Solar System Dynamics Group, Horizons On-Line Ephemeris System
    4800 Oak Grove Drive, Jet Propulsion Laboratory
    Pasadena, CA  91109   USA

    General site: https://ssd.jpl.nasa.gov/
    Mailing list: https://ssd.jpl.nasa.gov/email_list.html
    System news : https://ssd.jpl.nasa.gov/horizons/news.html
    User Guide  : https://ssd.jpl.nasa.gov/horizons/manual.html
    Connect     : browser        https://ssd.jpl.nasa.gov/horizons/app.html#/x
                  API            https://ssd-api.jpl.nasa.gov/doc/horizons.html
                  command-line   telnet ssd.jpl.nasa.gov 6775
                  e-mail/batch   https://ssd.jpl.nasa.gov/ftp/ssd/horizons_batch.txt
                  scripts        https://ssd.jpl.nasa.gov/ftp/ssd/SCRIPTS
    Author      : Jon.D.Giorgini@jpl.nasa.gov

**********************************************************************************************************************************************************************************************************************************************************************************************
