*******************************************************************************
 Revised: April 22, 2021              Neptune                               899
 
 PHYSICAL DATA (update 2021-May-03):
  Mass x10^24 (kg)      = 102.409         Density (g/cm^3)       =  1.638
  Equat. radius (1 bar) = 24766+-15 km    Volume, 10^10 km^3     = 6254     
  Vol. mean radius (km) = 24624+-21       Polar radius (km)      = 24342+-30
  Geometric Albedo      = 0.41            Flattening             =  0.0171
  Sid. rot. period (III)= 16.11+-0.01 hr  Sid. rot. rate (rad/s) =  0.000108338 
  Mean solar day, h     =~16.11 h         
  GM (km^3/s^2)         = 6835099.97      GM 1-sigma (km^3/s^2)  = +-10 
  Equ. grav, ge (m/s^2) = 11.15           Pol. grav, gp (m/s^2)  = 11.41+-0.03
  Visual magnitude V(1,0)= -6.87
  Vis. mag. (opposition)=  +7.84          Obliquity to orbit     = 28.32 deg
  Sidereal orbit period = 164.788501027 y Sidereal orbit period  = 60189 d
  Mean daily motion     = 0.006020076dg/d Mean orbit velocity    =  5.43 km/s 
  Atmos. temp. (1 bar)  =  72+-2 K        Escape speed (1 bar)  =  23.5 km/s     
  Aroche(ice)/Rp        =  2.98           Hill's sphere rad., Rp = 4700
                                 Perihelion  Aphelion    Mean
  Solar Constant (W/m^2)         1.54        1.49        1.51
  Maximum Planetary IR (W/m^2)   0.52        0.52        0.52
  Minimum Planetary IR (W/m^2)   0.52        0.52        0.52
*******************************************************************************


*******************************************************************************
Ephemeris / WWW_USER Mon Apr  6 18:14:23 2026 Pasadena, USA      / Horizons    
*******************************************************************************
Target body name: Neptune (899)                   {source: nep097_merged}
Center body name: Earth (399)                     {source: nep097_merged}
Center-site name: (user defined site below)
*******************************************************************************
Start time      : A.D. 2026-Jan-01 00:00:00.0000 UT      
Stop  time      : A.D. 2026-Dec-31 00:00:00.0000 UT      
Step-size       : 3600 minutes
*******************************************************************************
Target pole/equ : IAU_NEPTUNE                     {West-longitude positive}
Target radii    : 24764.0, 24764.0, 24341.0 km    {Equator_a, b, pole_c}       
Center geodetic : 267.0, 18.0, .010               {E-lon(deg),Lat(deg),Alt(km)}
Center cylindric: 267.0, 6067.91805, 1958.38756   {E-lon(deg),Dxy(km),Dz(km)}
Center pole/equ : ITRF93                          {East-longitude positive}
Center radii    : 6378.137, 6378.137, 6356.752 km {Equator_a, b, pole_c}       
Target primary  : Sun
Vis. interferer : MOON (R_eq= 1737.400) km        {source: DE441}
Rel. light bend : Sun                             {source: nep097_merged}
Rel. lght bnd GM: 1.3271E+11 km^3/s^2                                          
Atmos refraction: NO (AIRLESS)
RA format       : HMS
Time format     : CAL 
Calendar mode   : Mixed Julian/Gregorian
EOP file        : eop.260406.p260703                                           
EOP coverage    : DATA-BASED 1962-JAN-20 TO 2026-APR-06. PREDICTS-> 2026-JUL-02
Units conversion: 1 au= 149597870.700 km, c= 299792.458 km/s, 1 day= 86400.0 s 
Table cut-offs 1: Elevation (-90.0deg=NO ),Airmass (>38.000=NO), Daylight (NO )
Table cut-offs 2: Solar elongation (  0.0,180.0=NO ),Local Hour Angle( 0.0=NO )
Table cut-offs 3: RA/DEC angular rate (     0.0=NO )                           
**********************************************************************************************************************************************************************************************************************************************************************************************
 Date__(UT)__HR:MN     R.A._____(ICRF)_____DEC  R.A.__(a-apparent)__DEC  dRA*cosD d(DEC)/dt  Azi____(a-app)___Elev    APmag   S-brt      Illu%  Ang-diam  ObsSub-LON ObsSub-LAT             delta      deldot     S-O-T /r     S-T-O  Sky_motion  Sky_mot_PA  RelVel-ANG  Lun_Sky_Brt  sky_SNR
**********************************************************************************************************************************************************************************************************************************************************************************************
$$SOE
 2026-Jan-01 00:00 Cm  23 58 58.56 -01 33 48.3  00 00 18.64 -01 25 07.1  1.602471  0.830277  201.808497  69.195194    7.767   9.284   99.97395  2.271916  292.675211 -20.796417  30.0578774718418  29.5344264   78.9437 /T    1.8506   0.0300799   62.610288   69.693128         n.a.     n.a.
 2026-Jan-03 12:00 Nm  23 59 05.65 -01 32 56.0  00 00 25.69 -01 24 14.8  1.937078  0.910911   31.765292 -70.707101    7.770   9.284   99.97445  2.268712  205.358388 -20.786899  30.1003220684972  29.1211875   76.4253 /T    1.8332   0.0356761   64.814736   65.974958         n.a.     n.a.
 2026-Jan-06 00:00 C   23 59 13.48 -01 31 59.0  00 00 33.55 -01 23 17.9  1.981719  0.991018  213.577007  67.062181    7.773   9.284   99.97503  2.265562  118.040043 -20.776226  30.1421713151761  28.9663772   73.9200 /T    1.8122   0.0369283   63.431268   65.084691         n.a.     n.a.
 2026-Jan-08 12:00 Nm  23 59 22.08 -01 30 57.2  00 00 42.07 -01 22 16.3  2.308292  1.068814   42.946631 -67.864595    7.776   9.284   99.97571  2.262447   30.719368 -20.764340  30.1836672322823  28.3765849   71.4082 /T    1.7881   0.0423955   65.154331   61.404484         n.a.     n.a.
 2026-Jan-11 00:00 C   23 59 31.39 -01 29 50.7  00 00 51.38 -01 21 10.1  2.351026  1.146751  223.134485  64.218336    7.779   9.284   99.97645  2.259397  303.397749 -20.751343  30.2244207116914  28.1906238   68.9093 /T    1.7604   0.0435965   63.998440   60.532744         n.a.     n.a.
 2026-Jan-13 12:00 Nm  23 59 41.44 -01 28 39.7  00 01 01.37 -01 19 59.2  2.667573  1.221082   51.474019 -64.446685    7.782   9.284   99.97728  2.256392  216.074378 -20.737138  30.2646658932218  27.4220931   66.4041 /T    1.7297   0.0488961   65.404052   56.882197         n.a.     n.a.
 2026-Jan-16 00:00 C   23 59 52.18 -01 27 24.2  00 01 12.13 -01 18 43.7  2.707600  1.296088  230.750523  60.877427    7.785   9.284   99.97817  2.253462  128.750686 -20.721872  30.3040167186671  27.1993493   63.9120 /T    1.6955   0.0500304   64.420252   56.027537         n.a.     n.a.
 2026-Jan-18 12:00 N   00 00 03.64 -01 26 04.3  00 01 23.55 -01 17 23.9  3.011457  1.366131   58.012347 -60.659603    7.787   9.284   99.97913  2.250589   41.425858 -20.705416  30.3427015896617  26.2558431   61.4140 /T    1.6584   0.0551140   65.598839   52.405969         n.a.     n.a.
 2026-Jan-21 00:00 *m  00 00 15.74 -01 24 40.2  00 01 35.67 -01 15 59.9  3.047567  1.437103  236.838098  57.196253    7.790   9.284   99.98013  2.247801  314.101357 -20.687956  30.3803444297879  25.9959572   58.9296 /T    1.6181   0.0561568   64.753429   51.573841         n.a.     n.a.
 2026-Jan-23 12:00 N   00 00 28.54 -01 23 12.0  00 01 48.39 -01 14 31.9  3.335900  1.502122   63.130750 -56.633902    7.793   9.284   99.98119  2.245080  226.776363 -20.669337  30.4171675418299  24.8862166   56.4400 /T    1.5750   0.0609750   65.758450   47.983923         n.a.     n.a.
 2026-Jan-26 00:00 *m  00 00 41.93 -01 21 39.9  00 02 01.78 -01 13 00.1  3.366916  1.567910  241.773320  53.281466    7.795   9.284   99.98228  2.242452  139.452336 -20.649780  30.4528144757375  24.5964162   53.9645 /T    1.5289   0.0619015   65.029480   47.185974         n.a.     n.a.
 2026-Jan-28 12:00 N   00 00 55.96 -01 20 04.1  00 02 15.77 -01 11 24.2  3.637345  1.627510   67.241157 -52.450394    7.798   9.284   99.98340  2.239900   52.128450 -20.629109  30.4875028972209  23.3365168   51.4843 /T    1.4801   0.0664142   65.894128   43.633413         n.a.     n.a.
 2026-Jan-31 00:00 *m  00 01 10.54 -01 18 24.6  00 02 30.39 -01 09 44.7  3.663401  1.687774  245.850122  49.204105    7.800   9.284   99.98454  2.237449  324.806115 -20.607575  30.5209044594559  23.0304076   49.0183 /T    1.4287   0.0672249   65.263896   42.877548         n.a.     n.a.
 2026-Feb-02 12:00 Nm  00 01 25.73 -01 16 41.7  00 02 45.54 -01 08 01.8  3.915188  1.742322   70.628026 -48.159858    7.802   9.284   99.98569  2.235082  237.484495 -20.584975  30.5532293807710  21.6363112   46.5475 /T    1.3747   0.0714228   66.010164   39.357536         n.a.     n.a.
 2026-Feb-05 00:00 *   00 01 41.42 -01 14 55.5  00 03 01.22 -01 06 15.8  3.937873  1.797583  249.285195  45.011530    7.805   9.284   99.98685  2.232820  150.164946 -20.561587  30.5841728822212  21.3186700   44.0903 /T    1.3183   0.0721460   65.463979   38.632389         n.a.     n.a.
 2026-Feb-07 12:00 Nm  00 01 57.67 -01 13 06.2  00 03 17.41 -01 04 26.6  4.170519  1.847202   73.487227 -43.795177    7.807   9.284   99.98800  2.230650   62.846658 -20.537177  30.6139273491313  19.7945093   41.6281 /T    1.2595   0.0760215   66.110538   35.128208         n.a.     n.a.
 2026-Feb-10 00:00 *   00 02 14.36 -01 11 13.8  00 03 34.12 -01 02 34.4  4.190213  1.897407  252.236617  40.736001    7.809   9.284   99.98914  2.228592  335.530962 -20.512057  30.6422044775384  19.4599864   39.1791 /T    1.1986   0.0766631   65.638088   34.420249         n.a.     n.a.
 2026-Feb-12 12:00 Nm  00 02 31.58 -01 09 18.7  00 03 51.31 -01 00 39.2  4.401932  1.941376   75.954940 -39.378018    7.811   9.284   99.99026  2.226632  248.217089 -20.485965  30.6691798103243  17.8111734   36.7251 /T    1.1355   0.0801837   66.201167   30.925660         n.a.     n.a.
 2026-Feb-15 00:00 *   00 02 49.19 -01 07 20.8  00 04 08.95 -00 58 41.3  4.417966  1.986028  254.820089  36.399868    7.812   9.284   99.99135  2.224789  160.906346 -20.459246  30.6945847435621  17.4579788   34.2843 /T    1.0704   0.0807306   65.794436   30.231613         n.a.     n.a.
 2026-Feb-17 12:00 N   00 03 07.28 -01 05 20.5  00 04 27.00 -00 56 41.1  4.606846  2.023609   78.128421 -34.923227    7.814   9.284   99.99241  2.223051   73.597991 -20.431614  30.7185818528224  15.6961899   31.8389 /T    1.0034   0.0838617   66.285979   26.746841         n.a.     n.a.
 2026-Feb-20 00:00 *m  00 03 25.70 -01 03 18.0  00 04 45.42 -00 54 38.6  4.618198  2.061962  257.121065  32.018804    7.816   9.284   99.99342  2.221435  346.293294 -20.403444  30.7409264354851  15.3268246   29.4072 /T    0.9347   0.0842935   65.939894   26.069393         n.a.     n.a.
 2026-Feb-22 12:00 N   00 03 44.54 -01 01 13.3  00 05 04.22 -00 52 34.1  4.782430  2.092635   80.078735 -30.441141    7.817   9.284   99.99438  2.219929  258.991534 -20.374433  30.7617709211509  13.4704646   26.9716 /T    0.8643   0.0870038   66.367386   22.601227         n.a.     n.a.
 2026-Feb-25 00:00 *m  00 04 03.65 -00 59 06.8  00 05 23.36 -00 50 27.5  4.788567  2.124139  259.204267  27.604066    7.819   9.284   99.99528  2.218550  171.693913 -20.344979  30.7809036069954  13.0959454   24.5501 /T    0.7926   0.0873091   66.078617   21.951495         n.a.     n.a.
 2026-Feb-27 12:00 N   00 04 23.13 -00 56 58.6  00 05 42.83 -00 48 19.2  4.927716  2.148305   81.858880 -25.938960    7.820   9.284   99.99612  2.217284   84.399711 -20.314764  30.7984673232204  11.1679242   22.1252 /T    0.7194   0.0895941   66.444547   18.506920         n.a.     n.a.
 2026-Mar-02 00:00 *m  00 04 42.81 -00 54 48.9  00 06 02.53 -00 46 09.5  4.929855  2.173290  261.119535  23.163887    7.821   9.284   99.99688  2.216146  357.110035 -20.284199  30.8142856852629  10.7981215   19.7147 /T    0.6452   0.0897940   66.210069   17.887799         n.a.     n.a.
 2026-Mar-04 12:00 Nm  00 05 02.80 -00 52 38.0  00 06 22.50 -00 43 58.5  5.044620  2.191816   83.509923 -21.422100    7.822   9.284   99.99757  2.215126  269.824195 -20.252951  30.8284814410636   8.8111907   17.3010 /T    0.5698   0.0916701   66.515733   14.458060         n.a.     n.a.
 2026-Mar-07 00:00 *   00 05 22.94 -00 50 25.9  00 06 42.64 -00 41 46.5  5.044090  2.210613  262.906028  18.704475    7.823   9.284   99.99819  2.214233  182.543214 -20.221442  30.8409068520749   8.4443792   14.9021 /T    0.4936   0.0917873   66.334175   13.857272         n.a.     n.a.
 2026-Mar-09 12:00 Nm  00 05 43.34 -00 48 12.8  00 07 03.03 -00 39 33.5  5.134124  2.223526   85.064165 -16.894575    7.824   9.284   99.99871  2.213462   95.266479 -20.189327  30.8516571908607   6.4032078   12.5012 /T    0.4166   0.0932489   66.583158   10.427647         n.a.     n.a.
 2026-Mar-12 00:00 *   00 06 03.84 -00 45 59.0  00 07 23.55 -00 37 19.5  5.130895  2.235941  264.595862  14.230712    7.824   9.284   99.99915  2.212819    7.994933 -20.157043  30.8606129093553   6.0361661   10.1179 /T    0.3392   0.0932820   66.453390   9.8354110         n.a.     n.a.
 2026-Mar-14 12:00 Cm  00 06 24.53 -00 43 44.6  00 07 44.25 -00 35 05.0  5.195013  2.242657   86.548001 -12.359466    7.825   9.284   99.99950  2.212301  280.728040 -20.124232  30.8678461918033   3.9505514    7.7393 /T    0.2613   0.0943069   66.650423   6.4001074         n.a.     n.a.
 2026-Mar-17 00:00 *   00 06 45.26 -00 41 29.9  00 08 05.00 -00 32 50.2  5.188542  2.248439  266.215689   9.746414    7.825   9.284   99.99976  2.211912  193.466662 -20.091349  30.8732676007537   3.5838300    5.3962 /T    0.1839   0.0942462   66.570649   5.8124646         n.a.     n.a.
 2026-Mar-19 12:00 C   00 07 06.13 -00 39 15.0  00 08 25.87 -00 30 35.3  5.225562  2.248290   87.984101  -7.819322    7.825   9.284   99.99992  2.211650  106.210320 -20.058025  30.8769312343389   1.4693589    3.1236 /T    0.1082   0.0948117   66.720277   2.3720236         n.a.     n.a.
 2026-Mar-22 00:00 *m  00 07 26.98 -00 37 00.1  00 08 46.72 -00 28 20.6  5.215031  2.247113  267.788523   5.254636    7.825   9.284   99.99998  2.211517   18.959789 -20.024732  30.8787805255256   1.1085387    1.3827 /T    0.0477   0.0946427   66.689198   1.7916879         n.a.     n.a.
 2026-Mar-24 12:00 C   00 07 47.90 -00 34 45.4  00 09 07.65 -00 26 05.7  5.224436  2.239919   89.392424  -3.276015    7.825   9.284   99.99995  2.211512  291.714625 -19.991093  30.8788583902635  -1.0104887    2.3362 /L    0.0740   0.0947394   66.793303   -1.642551         n.a.     n.a.
 2026-Mar-27 00:00 *m  00 08 08.73 -00 32 31.2  00 09 28.53 -00 23 51.1  5.210293  2.232108  269.335679   0.757923    7.825   9.284   99.99983  2.211635  204.475484 -19.957587  30.8771459368172  -1.3544126    4.5093 /L    0.1459   0.0944714   66.809537   -2.205463         n.a.     n.a.
 2026-Mar-29 12:00 C   00 08 29.58 -00 30 17.7  00 09 49.41 -00 21 37.4  5.193505  2.218844   90.791278   1.268529    7.825   9.284   99.99960  2.211883  117.241945 -19.923832  30.8736711483368  -3.4572771    6.8241 /L    0.2229   0.0941272   66.866163   -5.626558         n.a.     n.a.
 2026-Apr-01 00:00 *m  00 08 50.29 -00 28 04.9  00 10 10.12 -00 19 24.5  5.177262  2.205042  270.876491  -3.741177    7.825   9.284   99.99929  2.212258   30.014560 -19.890301  30.8684464943568  -3.7835649    9.1625 /L    0.3005   0.0937880   66.930416   -6.176218         n.a.     n.a.
 2026-Apr-03 12:00 Cm  00 09 10.96 -00 25 53.1  00 10 30.80 -00 17 12.7  5.135512  2.186487   92.198817   5.812497    7.824   9.284   99.99888  2.212758  302.792975 -19.856614  30.8614732452394  -5.8627951   11.5187 /L    0.3783   0.0930266   66.937718   -9.594438         n.a.     n.a.
 2026-Apr-06 00:00 *   00 09 31.42 -00 23 42.5  00 10 51.29 -00 15 01.9  5.117648  2.166687  272.430609  -8.240282    7.824   9.284   99.99838  2.213380  215.577646 -19.823238  30.8527925179485  -6.1766976   13.8710 /L    0.4554   0.0926236   67.053385   -10.14330         n.a.     n.a.
 2026-Apr-08 12:00 Cm  00 09 51.80 -00 21 33.2  00 11 11.72 -00 12 52.3  5.050867  2.142852   93.633073  10.354044    7.823   9.284   99.99780  2.214128  128.368315 -19.789798  30.8423767859571  -8.2263016   16.2323 /L    0.5322   0.0914438   67.010711   -13.57120         n.a.     n.a.
 2026-Apr-11 00:00 *   00 10 11.93 -00 19 25.3  00 11 31.88 -00 10 44.2  5.031023  2.116802  274.018372 -12.736773    7.822   9.284   99.99713  2.214995   41.165334 -19.756757  30.8302992710192  -8.5290975   18.5859 /L    0.6080   0.0909702   67.181086   -14.12657         n.a.     n.a.
 2026-Apr-13 12:00 *m  00 10 31.91 -00 17 19.2  00 11 51.91 -00 08 37.8  4.938726  2.087319   95.113615  14.890988    7.821   9.284   99.99639  2.215986  313.968537 -19.723747  30.8165077320403 -10.5383563   20.9468 /L    0.6831   0.0893618   67.088982   -17.57177         n.a.     n.a.
 2026-Apr-16 00:00 *   00 10 51.59 -00 15 14.9  00 12 11.59 -00 06 33.3  4.916292  2.054878  275.661611 -17.227822    7.820   9.284   99.99558  2.217094  226.778164 -19.691227  30.8011087023201 -10.8275351   23.2989 /L    0.7568   0.0888076   67.316385   -18.13655         n.a.     n.a.
 2026-Apr-18 12:00 *   00 11 11.06 -00 13 12.6  00 12 31.11 -00 04 30.9  4.798002  2.019234   96.662406  19.420784    7.819   9.284   99.99469  2.218324  139.594126 -19.658838  30.7840317765586 -12.7792752   25.6578 /L    0.8296   0.0867598   67.176264   -21.59979         n.a.     n.a.
 2026-Apr-21 00:00 *m  00 11 30.16 -00 11 12.5  00 12 50.25 -00 02 30.5  4.772588  1.980607  277.385340 -21.710097    7.817   9.284   99.99375  2.219666   52.416537 -19.627033  30.7654196025801 -13.0454859   28.0070 /L    0.9007   0.0861207   67.461722   -22.16664         n.a.     n.a.
 2026-Apr-23 12:00 *   00 11 49.01 -00 09 14.9  00 13 09.18 -00 00 32.4  4.629419  1.939168   98.304837  23.940410    7.816   9.284   99.99275  2.221127  325.245346 -19.595460  30.7451915491144 -14.9156353   30.3626 /L    0.9707   0.0836525   67.272198   -25.63445         n.a.     n.a.
 2026-Apr-26 00:00 *m  00 12 07.43 -00 07 19.8  00 13 27.64 +00 01 23.0  4.602419  1.895477  279.218918 -26.179483    7.814   9.284   99.99171  2.222693  238.080534 -19.564560  30.7235218011859 -15.1533069   32.7082 /L    1.0387   0.0829576   67.615993   -26.19408         n.a.     n.a.
 2026-Apr-28 12:00 *   00 12 25.55 -00 05 27.4  00 13 45.81 +00 03 15.6  4.436828  1.849248  100.071952  28.445707    7.813   9.284   99.99062  2.224374  150.922103 -19.533985  30.7003110038535 -16.9303018   35.0603 /L    1.1054   0.0801130   67.373863   -29.66365         n.a.     n.a.
 2026-May-01 00:00 *m  00 12 43.21 -00 03 37.9  00 14 03.49 +00 05 05.3  4.409155  1.801054  281.198013 -30.630618    7.811   9.284   99.98950  2.226154   63.769942 -19.504157  30.6757547301639 -17.1464307   37.4028 /L    1.1698   0.0793803   67.780940   -30.22541         n.a.     n.a.
 2026-May-03 12:00 *m  00 13 00.51 -00 01 51.3  00 14 20.87 +00 06 52.3  4.222433  1.750474  102.002106  32.931259    7.809   9.284   99.98834  2.228045  336.624134 -19.474746  30.6497296669857 -18.8260230   39.7525 /L    1.2328   0.0761816   67.482802   -33.70672         n.a.     n.a.
 2026-May-06 00:00 *   00 13 17.31 -00 00 07.8  00 14 37.71 +00 08 36.2  4.193777  1.697601  283.367842 -35.056322    7.807   9.284   99.98718  2.230029  249.484479 -19.446151  30.6224545123801 -19.0261472   42.0933 /L    1.2933   0.0754056   67.962363   -34.28303         n.a.     n.a.
 2026-May-08 12:00 *m  00 13 33.71 +00 01 32.5  00 14 54.20 +00 10 16.9  3.986375  1.642748  104.144596  37.389725    7.805   9.284   99.98599  2.232119  162.351149 -19.418064  30.5937832242972 -20.6019553   44.4420 /L    1.3522   0.0718598   67.603895   -37.78704         n.a.     n.a.
 2026-May-11 00:00 *   00 13 49.56 +00 03 09.3  00 15 10.09 +00 11 54.1  3.956070  1.584917  285.786458 -39.447019    7.803   9.284   99.98481  2.234297   75.223841 -19.390860  30.5639618467253 -20.7859643   46.7824 /L    1.4084   0.0710290   68.167520   -38.38490         n.a.     n.a.
 2026-May-13 12:00 *m  00 14 04.96 +00 04 42.7  00 15 25.56 +00 13 27.7  3.728205  1.525664  106.564742  41.810890    7.801   9.284   99.98363  2.236575  348.102815 -19.364258  30.5328246498316 -22.2481169   49.1312 /L    1.4627   0.0671383   67.744543   -41.92135         n.a.     n.a.
 2026-May-16 00:00 *   00 14 19.78 +00 06 12.4  00 15 40.41 +00 14 57.8  3.695541  1.462804  288.530708 -43.789572    7.799   9.284   99.98246  2.238935  260.987649 -19.338607  30.5006474208451 -22.4103862   51.4719 /L    1.5141   0.0662420   68.404880   -42.54174         n.a.     n.a.
 2026-May-18 12:00 *   00 14 34.10 +00 07 38.3  00 15 54.84 +00 16 24.2  3.447784  1.399091  109.350557  46.180549    7.796   9.284   99.98131  2.241389  173.878672 -19.313652  30.4672525360341 -23.7416827   53.8211 /L    1.5635   0.0620140   67.912962   -46.11210         n.a.     n.a.
 2026-May-21 00:00 *m  00 14 47.80 +00 09 00.3  00 16 08.60 +00 17 46.7  3.413276  1.332076  291.704908 -48.065407    7.794   9.284   99.98019  2.243916   86.775319 -19.289717  30.4329471313537 -23.8709191   56.1620 /L    1.6098   0.0610666   68.681129   -46.74008         n.a.     n.a.
 2026-May-23 12:00 *   00 15 00.95 +00 10 18.2  00 16 21.85 +00 19 05.1  3.148389  1.264829  112.623839  50.478101    7.791   9.284   99.97910  2.246529  359.677960 -19.266562  30.3975442458949 -25.0558787   58.5112 /L    1.6538   0.0565492   68.112778   -50.33273         n.a.     n.a.
 2026-May-26 00:00 *m  00 15 13.45 +00 11 32.1  00 16 34.37 +00 20 19.3  3.113721  1.195064  295.452172 -52.247751    7.789   9.284   99.97806  2.249206  272.585923 -19.244482  30.3613678477480 -25.1547658   60.8521 /L    1.6947   0.0555864   69.002910   -50.95924         n.a.     n.a.
 2026-May-28 12:00 *   00 15 25.37 +00 12 41.7  00 16 46.39 +00 21 29.3  2.834251  1.124891  116.556164  54.672913    7.786   9.284   99.97706  2.251961  185.499644 -19.223256  30.3242142396865 -26.1918507   63.2017 /L    1.7332   0.0508220   68.352285   -54.57838         n.a.     n.a.
 2026-May-31 00:00 *   00 15 36.62 +00 13 47.1  00 16 57.68 +00 22 35.1  2.799493  1.052776  299.972653 -56.296797    7.783   9.284   99.97612  2.254772   98.418384 -19.203148  30.2864169570881 -26.2695087   65.5436 /L    1.7683   0.0498484   69.390756   -55.21316         n.a.     n.a.
 2026-Jun-02 12:00 *m  00 15 47.25 +00 14 48.1  00 17 08.43 +00 23 36.7  2.506860  0.979837  121.391634  58.718747    7.780   9.284   99.97525  2.257654   11.342649 -19.183964  30.2477584817651 -27.1564615   67.8951 /L    1.8009   0.0448591   68.651355   -58.86958         n.a.     n.a.
 2026-Jun-05 00:00 *   00 15 57.19 +00 15 44.7  00 17 18.42 +00 24 33.8  2.471271  0.905247  305.545410 -60.152500    7.778   9.284   99.97444  2.260581  284.271633 -19.165934  30.2085842703832 -27.2170816   70.2394 /L    1.8301   0.0438642   69.881795   -59.52360         n.a.     n.a.
 2026-Jun-07 12:00 *m  00 16 06.48 +00 16 36.8  00 17 27.83 +00 25 26.3  2.166549  0.829701  127.477752  62.543682    7.775   9.284   99.97371  2.263572  197.205903 -19.148899  30.1686658395086 -27.9488021   72.5942 /L    1.8566   0.0386664   69.045182   -63.22859         n.a.     n.a.
 2026-Jun-10 00:00 *   00 16 15.06 +00 17 24.2  00 17 36.43 +00 26 14.2  2.129250  0.752404  312.548914 -63.723108    7.772   9.284   99.97305  2.266600  110.144574 -19.133051  30.1283642598847 -27.9906305   74.9424 /L    1.8795   0.0376380   70.538339   -63.90891         n.a.     n.a.
 2026-Jun-12 12:00 *m  00 16 22.96 +00 18 07.1  00 17 44.44 +00 26 57.5  1.813449  0.674439  135.289712  66.034695    7.784   9.300   99.97248  2.269683   23.088271 -19.118268  30.0874432778054 -28.5584861   77.3016 /L    1.8997   0.0322467   69.599345   -67.67406         n.a.     n.a.
 2026-Jun-15 00:00 *m  00 16 30.13 +00 18 45.2  00 17 51.66 +00 27 36.2  1.774019  0.594607  321.452958 -66.868536    7.781   9.300   99.97201  2.272792  296.036006 -19.104703  30.0462839445424 -28.5720700   79.6545 /L    1.9162   0.0311836   71.470135   -68.37719         n.a.     n.a.
 2026-Jun-17 12:00 *   00 16 36.58 +00 19 18.5  00 17 58.26 +00 28 10.2  1.449313  0.514970  145.397293  69.016391    7.779   9.300   99.97162  2.275946  208.988436 -19.092268  30.0046482573837 -28.9626245   82.0183 /L    1.9299   0.0256347   70.438847   -72.20254         n.a.     n.a.
 2026-Jun-20 00:00 *m  00 16 42.29 +00 19 47.0  00 18 04.01 +00 28 39.2  1.409358  0.434009  332.699778 -69.384508    7.776   9.300   99.97133  2.279115  121.944458 -19.081072  29.9629335100403 -28.9402128   84.3754 /L    1.9398   0.0245778   72.883894   -72.90256         n.a.     n.a.
 2026-Jun-22 12:00 *   00 16 47.28 +00 20 10.6  00 18 09.10 +00 29 03.2  1.079412  0.353857  158.235767  71.234649    7.773   9.300   99.97114  2.282317   34.904768 -19.071053  29.9208938602862 -29.1526709   86.7433 /L    1.9467   0.0189322   71.849618   -76.78195         n.a.     n.a.
 2026-Jun-25 00:00 *m  00 16 51.51 +00 20 29.4  00 18 13.36 +00 29 22.5  1.040118  0.272903  346.349985 -71.009545    7.770   9.300   99.97104  2.285523  307.868203 -19.062279  29.8789261731408 -29.1024540   89.1045 /L    1.9499   0.0179221   75.298286   -77.46045         n.a.     n.a.
 2026-Jun-27 12:00 *   00 16 55.01 +00 20 43.4  00 18 16.99 +00 29 37.0  0.707142  0.192433  173.524997  72.388430    7.767   9.300   99.97105  2.288751  220.835518 -19.054718  29.8367766203421 -29.1425189   91.4770 /L    1.9501   0.0122143   74.776824   -81.40413         n.a.     n.a.
 2026-Jun-30 00:00 *   00 16 57.76 +00 20 52.5  00 18 19.79 +00 29 46.7  0.668123  0.111844    1.566712 -71.497232    7.763   9.300   99.97116  2.291973  133.805513 -19.048399  29.7948387497407 -29.0714873   93.8435 /L    1.9465   0.0112903   80.496783   -82.03760         n.a.     n.a.
 2026-Jul-02 12:00 *m  00 16 59.76 +00 20 56.8  00 18 21.92 +00 29 51.6  0.333762  0.031078  189.731215  72.258735    7.760   9.300   99.97136  2.295207   46.778982 -19.043322  29.7528580515503 -28.9401683   96.2218 /L    1.9399   0.0055868   84.680318   -86.02841         n.a.     n.a.
 2026-Jul-05 00:00 *   00 17 01.02 +00 20 56.3  00 18 23.21 +00 29 51.5  0.294194  -0.04910   16.621495 -70.751656    7.757   9.300   99.97167  2.298423  319.754693 -19.039478  29.7112250773760 -28.8505936   98.5948 /L    1.9296   0.0049711   99.475126   -86.45894         n.a.     n.a.
 2026-Jul-07 12:00 *m  00 17 01.53 +00 20 50.9  00 18 23.82 +00 29 46.5  -0.03998  -0.12995  204.695263  70.862345    7.754   9.300   99.97207  2.301641  232.733462 -19.036904  29.6696892505740 -28.5454736  100.9803 /L    1.9162   0.0022660   197.10060   -88.36921         n.a.     n.a.
 2026-Jul-10 00:00 *   00 17 01.29 +00 20 40.7  00 18 23.62 +00 29 36.8  -0.08087  -0.20974   29.890445 -68.894908    7.735   9.284   99.97257  2.304829  145.714020 -19.035549  29.6286413071971 -28.4331553  103.3610 /L    1.8992   0.0037465   201.08579   -87.29816         n.a.     n.a.
 2026-Jul-12 12:00 *m  00 17 00.30 +00 20 25.7  00 18 22.76 +00 29 22.4  -0.41286  -0.29002  217.086765  68.436110    7.732   9.284   99.97316  2.308008   58.697183 -19.035488  29.5878387640602 -27.9476920  105.7547 /L    1.8790   0.0084091   234.91320   -83.85785         n.a.     n.a.
 2026-Jul-15 00:00 *m  00 16 58.57 +00 20 06.0  00 18 21.09 +00 29 03.3  -0.45455  -0.36875   40.717447 -66.178214    7.730   9.284   99.97384  2.311145  331.681618 -19.036624  29.5476763155080 -27.8022685  108.1435 /L    1.8552   0.0097553   230.94948   -82.85674         n.a.     n.a.
 2026-Jul-17 12:00 *   00 16 56.09 +00 19 41.5  00 18 18.72 +00 28 39.3  -0.78063  -0.44695  226.792015  65.274616    7.727   9.284   99.97461  2.314259  244.668134 -19.039065  29.5079186257352 -27.1335677  110.5449 /L    1.8282   0.0149921   240.20655   -78.85108         n.a.     n.a.
 2026-Jul-20 00:00 *m  00 16 52.90 +00 19 12.3  00 18 15.55 +00 28 10.6  -0.82105  -0.52322   49.266141 -62.852735    7.724   9.284   99.97545  2.317319  157.655346 -19.042664  29.4689539849690 -26.9556806  112.9411 /L    1.7978   0.0162266   237.49214   -77.89731         n.a.     n.a.
 2026-Jul-22 12:00 *   00 16 48.96 +00 18 38.7  00 18 11.72 +00 27 37.3  -1.13784  -0.59837  234.297403  61.616898    7.721   9.284   99.97637  2.320343   70.644093 -19.047560  29.4305444551336 -26.1169522  115.3497 /L    1.7643   0.0214264   242.26105   -73.72980         n.a.     n.a.
 2026-Jul-25 00:00 *m  00 16 44.35 +00 18 00.6  00 18 07.15 +00 26 59.7  -1.17654  -0.67157   56.000316 -59.109534    7.718   9.284   99.97735  2.323302  343.632985 -19.053562  29.3930625363873 -25.9151888  117.7531 /L    1.7274   0.0225786   240.28245   -72.80009         n.a.     n.a.
 2026-Jul-27 12:00 *   00 16 39.01 +00 17 18.1  00 18 01.93 +00 26 17.8  -1.48227  -0.74365  240.165816  57.626357    7.715   9.284   99.97839  2.326214  256.622889 -19.060840  29.3562738743753 -24.9175749  120.1692 /L    1.6875   0.0276392   243.35709   -68.51510         n.a.     n.a.
 2026-Jul-30 00:00 *   00 16 33.03 +00 16 31.3  00 17 55.98 +00 25 31.5  -1.51966  -0.81344   61.377809 -55.078768    7.713   9.284   99.97948  2.329049  169.612417 -19.069169  29.3205342999546 -24.6959313  122.5805 /L    1.6444   0.0287279   241.84098   -67.59472         n.a.     n.a.
 2026-Aug-01 12:00 *m  00 16 26.34 +00 15 40.4  00 17 49.39 +00 24 41.0  -1.81275  -0.88254  244.851306  53.408083    7.710   9.284   99.98062  2.331826   82.602440 -19.078746  29.2856209687064 -23.5455216  125.0050 /L    1.5985   0.0336029   244.04090   -63.19734         n.a.     n.a.
 2026-Aug-04 00:00 *   00 16 19.04 +00 14 45.5  00 17 42.10 +00 23 46.4  -1.84952  -0.94869   65.759821 -50.846155    7.708   9.284   99.98180  2.334516  355.591583 -19.089312  29.2518719793784 -23.3039584  127.4253 /L    1.5495   0.0346439   242.84486   -62.27188         n.a.     n.a.
 2026-Aug-06 12:00 *m  00 16 11.06 +00 13 46.5  00 17 34.21 +00 22 47.8  -2.12826  -1.01457  248.682739  49.029506    7.705   9.284   99.98300  2.337136  268.580689 -19.101096  29.2190828849644 -22.0016864  129.8592 /L    1.4977   0.0392953   244.51220   -57.75680         n.a.     n.a.
 2026-Aug-09 00:00 *   00 16 02.50 +00 12 43.8  00 17 25.70 +00 21 45.6  -2.16453  -1.07670   69.410167 -46.468130    7.703   9.284   99.98423  2.339659  181.568392 -19.113804  29.1875764721148 -21.7339030  132.2893 /L    1.4430   0.0402923   243.55283   -56.81322         n.a.     n.a.
 2026-Aug-11 12:00 *m  00 15 53.28 +00 11 37.3  00 17 16.60 +00 20 39.7  -2.42599  -1.13823  251.891293  44.534810    7.701   9.284   99.98546  2.342098   94.555478 -19.127690  29.1571697929772 -20.2787626  134.7331 /L    1.3856   0.0446623   244.86493   -52.18159         n.a.     n.a.
 2026-Aug-14 00:00 *m  00 15 43.54 +00 10 27.2  00 17 06.88 +00 19 30.0  -2.46016  -1.19525   72.518021 -41.982799    7.698   9.284   99.98670  2.344430    7.540583 -19.142420  29.1281684956191 -19.9801829  137.1727 /L    1.3256   0.0455857   244.08752   -51.22584         n.a.     n.a.
 2026-Aug-16 12:00 *   00 15 33.18 +00 09 13.8  00 16 56.59 +00 18 16.8  -2.70038  -1.25077  254.639043  39.953718    7.696   9.284   99.98793  2.346667  280.524455 -19.158272  29.1004018229851 -18.3843093  139.6254 /L    1.2631   0.0495997   245.14720   -46.50013         n.a.     n.a.
 2026-Aug-19 00:00 *m  00 15 22.35 +00 07 57.2  00 16 45.78 +00 17 00.5  -2.73096  -1.30190   75.219323 -37.416685    7.694   9.284   99.98915  2.348786  193.505766 -19.174871  29.0741474857510 -18.0633818  142.0733 /L    1.1982   0.0504234   244.51193   -45.55034         n.a.     n.a.
 2026-Aug-21 12:00 *   00 15 10.96 +00 06 37.6  00 16 34.47 +00 15 41.3  -2.94785  -1.35090  257.041942  35.307215    7.693   9.284   99.99034  2.350800  106.485263 -19.192522  29.0492410191958 -16.3482666  144.5339 /L    1.1310   0.0540441   245.37966   -40.74655         n.a.     n.a.
 2026-Aug-24 00:00 *m  00 14 59.15 +00 05 15.1  00 16 22.70 +00 14 19.2  -2.97495  -1.39607   77.612854 -32.788745    7.691   9.284   99.99149  2.352688   19.461671 -19.210816  29.0259323735926 -16.0114709  146.9896 /L    1.0618   0.0547707   244.86048   -39.80377         n.a.     n.a.
 2026-Aug-26 12:00 *   00 14 46.82 +00 03 50.0  00 16 10.45 +00 12 54.5  -3.16753  -1.43865  259.184335  30.610481    7.689   9.284   99.99260  2.354461  292.435728 -19.230084  29.0040701674403 -14.1931100  149.4579 /L    0.9904   0.0579821   245.57305   -34.92578         n.a.     n.a.
 2026-Aug-29 00:00 *   00 14 34.14 +00 02 22.5  00 15 57.78 +00 11 27.2  -3.19154  -1.47772   79.772425 -28.113134    7.688   9.284   99.99366  2.356102  205.406209 -19.249893  28.9838767156859 -13.8423277  151.9214 /L    0.9173   0.0586174   245.15526   -33.98443         n.a.     n.a.
 2026-Aug-31 12:00 *m  00 14 21.00 +00 00 52.7  00 15 44.68 +00 09 57.6  -3.35904  -1.51413  261.128985  25.874835    7.686   9.284   99.99466  2.357619  118.373820 -19.270590  28.9652207426588 -11.9315639  154.3976 /L    0.8423   0.0614087   245.73594   -29.03134         n.a.     n.a.
 2026-Sep-03 00:00 *   00 14 07.56 -00 00 39.2  00 15 31.26 +00 08 25.9  -3.38036  -1.54682   81.754203 -23.400662    7.685   9.284   99.99559  2.358998   31.337392 -19.291727  28.9482969955361 -11.5639046  156.8690 /L    0.7659   0.0619577   245.41163   -28.07863         n.a.     n.a.
 2026-Sep-05 12:00 *m  00 13 53.71 -00 02 13.0  00 15 17.48 +00 06 52.6  -3.52137  -1.57680  262.924255  21.109152    7.684   9.284   99.99645  2.360245  304.297562 -19.313665  28.9330022677637  -9.5651588  159.3532 /L    0.6878   0.0643047   245.87815   -23.04512         n.a.     n.a.
 2026-Sep-08 00:00 *   00 13 39.63 -00 03 48.4  00 15 03.44 +00 05 17.5  -3.53914  -1.60227   83.602013 -18.659878    7.683   9.284   99.99723  2.361346  217.253214 -19.335936  28.9195031487395  -9.1756499  161.8318 /L    0.6085   0.0647491   245.64235   -22.07132         n.a.     n.a.
 2026-Sep-10 12:00 *m  00 13 25.20 -00 05 25.2  00 14 49.06 +00 03 40.8  -3.65074  -1.62463  264.608145  16.320578    7.682   9.284   99.99792  2.362309  130.204895 -19.358909  28.9077223802140  -7.0982371  164.3218 /L    0.5280   0.0665985   246.01027   -16.96760         n.a.     n.a.
 2026-Sep-13 00:00 *m  00 13 10.62 -00 07 03.3  00 14 34.47 +00 02 02.9  -3.66318  -1.64194   85.351486 -13.898014    7.681   9.284   99.99852  2.363121   43.151573 -19.382095  28.8977898310717  -6.6926449  166.8037 /L    0.4467   0.0669055   245.85676   -15.98503         n.a.     n.a.
 2026-Sep-15 12:00 *   00 12 55.76 -00 08 42.3  00 14 19.64 +00 00 24.0  -3.74312  -1.65577  266.211674  11.515238    7.680   9.284   99.99902  2.363787  316.093739 -19.405872  28.8896431271087  -4.5600563  169.2928 /L    0.3645   0.0682164   246.13777   -10.84195         n.a.     n.a.
 2026-Sep-18 00:00 *m  00 12 40.81 -00 10 21.9  00 14 04.72 -00 01 15.4  -3.75000  -1.66505   87.032015  -9.121264    7.680   9.284   99.99942  2.364300  229.030475 -19.429733  28.8833717761537  -4.1499700  171.7655 /L    0.2822   0.0683839   246.05811   -9.865951         n.a.     n.a.
 2026-Sep-20 12:00 C   00 12 25.67 -00 12 02.0  00 13 49.62 -00 02 55.3  -3.79806  -1.67039  267.761388   6.698633    7.680   9.284   99.99971  2.364664  141.962238 -19.454069  28.8789277980246  -1.9856142  174.2257 /L    0.1999   0.0691525   246.26000   -4.707839         n.a.     n.a.
 2026-Sep-23 00:00 *m  00 12 10.52 -00 13 42.4  00 13 34.48 -00 04 35.5  -3.79996  -1.67214   88.669273  -4.335213    7.679   9.284   99.99990  2.364874   54.888213 -19.478364  28.8763662923790  -1.5757276  176.5999 /L    0.1199   0.0691932   246.24855   -3.738427         n.a.     n.a.
 2026-Sep-25 12:00 C   00 11 55.24 -00 15 22.6  00 13 19.21 -00 06 15.7  -3.81661  -1.66934  269.280538   1.875659    7.679   9.284   99.99998  2.364932  327.808815 -19.503017  28.8756572516269   0.6020061  178.4710 /L    0.0540   0.0694287   246.37604   1.4173582         n.a.     n.a.
 2026-Sep-28 00:00 *   00 11 40.02 -00 17 02.7  00 13 03.99 -00 07 55.7  -3.81419  -1.66385   90.286775   0.454940    7.680   9.284   99.99995  2.364836  240.723325 -19.527510  28.8768239874717   1.0117636  177.5898 /T    0.0758   0.0693550   246.43187   2.3875046         n.a.     n.a.
 2026-Sep-30 12:00 Cm  00 11 24.74 -00 18 42.2  00 12 48.73 -00 09 35.2  -3.80010  -1.65338  270.790853  -2.949062    7.680   9.284   99.99981  2.364588  153.632099 -19.552246  28.8798604676034   3.1910444  175.3064 /T    0.1511   0.0690701   246.48673   7.5332858         n.a.     n.a.
 2026-Oct-03 00:00 *   00 11 09.60 -00 20 21.1  00 12 33.62 -00 11 13.9  -3.79331  -1.64040   91.906747   5.244297    7.680   9.284   99.99957  2.364187   66.534502 -19.576709  28.8847608731906   3.6063105  172.8612 /T    0.2323   0.0688802   246.61417   8.5225287         n.a.     n.a.
 2026-Oct-05 12:00 Cm  00 10 54.47 -00 21 59.0  00 12 18.51 -00 12 51.6  -3.74778  -1.62201  272.313710  -7.770972    7.681   9.284   99.99922  2.363631  339.430794 -19.601296  28.8915477943611   5.7787603  170.3645 /T    0.3148   0.0680621   246.59744   13.659031         n.a.     n.a.
 2026-Oct-08 00:00 C   00 10 39.54 -00 23 35.7  00 12 03.59 -00 14 28.3  -3.73513  -1.60060   93.551746  10.027842    7.681   9.284   99.99877  2.362925  252.320438 -19.625496  28.9001795885172   6.1982198  167.8572 /T    0.3969   0.0677272   246.80353   14.674774         n.a.     n.a.
 2026-Oct-10 12:00 Cm  00 10 24.71 -00 25 11.0  00 11 48.74 -00 16 03.7  -3.65689  -1.57379  273.870866 -12.585432    7.682   9.284   99.99821  2.362065  165.203612 -19.649692  28.9106998082889   8.3442969  165.3309 /T    0.4789   0.0663528   246.71474   19.786477         n.a.     n.a.
 2026-Oct-13 00:00 Cm  00 10 10.16 -00 26 44.6  00 11 34.20 -00 17 37.3  -3.63770  -1.54379   95.245520  14.800275    7.683   9.284   99.99757  2.361059   78.079923 -19.673382  28.9230221224320   8.7549189  162.8064 /T    0.5596   0.0658621   247.00425   20.812566         n.a.     n.a.
 2026-Oct-15 12:00 C   00 09 55.79 -00 28 16.2  00 11 19.82 -00 19 08.9  -3.52728  -1.50881  275.486306 -17.387322    7.684   9.284   99.99683  2.359902  350.949488 -19.696939  28.9372061732055  10.8497244  160.2684 /T    0.6397   0.0639405   246.84094   25.874021         n.a.     n.a.
 2026-Oct-18 00:00 Cm  00 09 41.77 -00 29 45.6  00 11 05.82 -00 20 38.2  -3.50246  -1.47109   97.014199  19.555894    7.685   9.284   99.99602  2.358604  263.812069 -19.719873  28.9531249938693  11.2412252  157.7356 /T    0.7181   0.0633144   247.21683   26.894583         n.a.     n.a.
 2026-Oct-20 12:00 C   00 09 28.00 -00 31 12.6  00 10 52.03 -00 22 05.2  -3.36161  -1.42854  277.187167 -22.171074    7.687   9.284   99.99512  2.357161  176.667724 -19.742553  28.9708560273251  13.2651711  155.1912 /T    0.7955   0.0608760   246.97661   31.887757         n.a.     n.a.
 2026-Oct-23 00:00 Cm  00 09 14.65 -00 32 37.0  00 10 38.68 -00 23 29.8  -3.33235  -1.38412   98.888422  24.288225    7.688   9.284   99.99416  2.355585   89.516351 -19.764502  28.9902395997015  13.6345031  152.6535 /T    0.8708   0.0601395   247.44404   32.897733         n.a.     n.a.
 2026-Oct-25 12:00 C   00 09 01.61 -00 33 58.6  00 10 25.61 -00 24 51.5  -3.16329  -1.33468  279.005556 -26.930420    7.690   9.284   99.99313  2.353869    2.357947 -19.786084  29.0113715748809  15.5726030  150.1048 /T    0.9449   0.0572222   247.12369   37.809560         n.a.     n.a.
 2026-Oct-28 00:00 C   00 08 49.06 -00 35 17.2  00 10 13.07 -00 26 10.2  -3.13055  -1.28434  100.904991  28.989814    7.691   9.284   99.99205  2.352029  275.192524 -19.806840  29.0340663344619  15.9233008  147.5632 /T    1.0166   0.0563961   247.69361   38.813831         n.a.     n.a.
 2026-Oct-30 12:00 Cm  00 08 36.89 -00 36 32.6  00 10 00.89 -00 27 25.5  -2.93510  -1.22849  280.981382 -31.657855    7.693   9.284   99.99093  2.350056  188.020001 -19.827124  29.0584425147550  17.7680169  145.0107 /T    1.0867   0.0530304   247.28824   43.645364         n.a.     n.a.
 2026-Nov-02 00:00 C   00 08 25.26 -00 37 44.7  00 09 49.29 -00 28 37.5  -2.89821  -1.17196  103.109709  33.651654    7.695   9.284   99.98977  2.347967  100.840478 -19.846497  29.0842914668369  18.1060392  142.4653 /T    1.1543   0.0521033   247.98297   44.664631         n.a.     n.a.
 2026-Nov-04 12:00 Cm  00 08 14.07 -00 38 53.1  00 09 38.05 -00 29 46.1  -2.67666  -1.10956  283.165177 -36.344154    7.697   9.284   99.98859  2.345753   13.653790 -19.865287  29.1117505763637  19.8447806  139.9091 /T    1.2199   0.0482920   247.48448   49.423393         n.a.     n.a.
 2026-Nov-07 00:00 C   00 08 03.48 -00 39 57.8  00 09 27.46 -00 30 51.0  -2.63452  -1.04643  105.561679  38.262203    7.699   9.284   99.98739  2.343432  286.460161 -19.883084  29.1405770243317  20.1617591  137.3608 /T    1.2827   0.0472455   248.33707   50.461050         n.a.     n.a.
 2026-Nov-09 12:00 C   00 07 53.40 -00 40 58.6  00 09 17.33 -00 31 52.0  -2.38820  -0.97806  285.623386 -40.977300    7.701   9.284   99.98618  2.340994  199.259372 -19.900186  29.1709201144716  21.7729189  134.8023 /T    1.3433   0.0430119   247.72903   55.138424         n.a.     n.a.
 2026-Nov-12 00:00 Nm  00 07 43.97 -00 41 55.2  00 09 07.92 -00 32 48.6  -2.34148  -0.90896  108.338228  42.806493    7.704   9.284   99.98498  2.338463  112.051802 -19.916217  29.2025004801291  22.0563404  132.2527 /T    1.4007   0.0418620   248.78382   56.177882         n.a.     n.a.
 2026-Nov-14 12:00 C   00 07 35.11 -00 42 47.6  00 08 59.02 -00 33 41.0  -2.07315  -0.83574  288.445752 -45.541148    7.706   9.284   99.98378  2.335825   24.837175 -19.931452  29.2354815559927  23.5227997  129.6937 /T    1.4558   0.0372544   248.04430   60.763818         n.a.     n.a.
 2026-Nov-17 00:00 Nm  00 07 26.94 -00 43 35.5  00 08 50.87 -00 34 29.1  -2.02344  -0.76188  111.543871  47.264217    7.709   9.284   99.98262  2.333106  297.616022 -19.945549  29.2695542807062  23.7664037  127.1445 /T    1.5075   0.0360353   249.36722   61.787846         n.a.     n.a.
 2026-Nov-19 12:00 C   00 07 19.40 -00 44 18.9  00 08 43.26 -00 35 12.7  -1.73625  -0.68481  291.755725 -50.013505    7.711   9.284   99.98148  2.330292  210.388001 -19.958763  29.3048980071924  25.0775826  124.5866 /T    1.5565   0.0311070   248.47468   66.278731         n.a.     n.a.
 2026-Nov-22 00:00 Nm  00 07 12.58 -00 44 57.7  00 08 36.44 -00 35 51.8  -1.68510  -0.60748  115.322341  51.606963    7.714   9.284   99.98038  2.327410  123.153771 -19.970784  29.3411821574306  25.2814800  122.0390 /T    1.6021   0.0298542   250.17573   67.274496         n.a.     n.a.
 2026-Nov-24 12:00 Cm  00 07 06.42 -00 45 31.8  00 08 30.23 -00 36 25.9  -1.38227  -0.52736  295.727418 -54.362406    7.717   9.284   99.97933  2.324446   35.912922 -19.981849  29.3786019532713  26.4324802  119.4827 /T    1.6448   0.0246576   249.11745   71.670832         n.a.     n.a.
 2026-Nov-27 00:00 N   00 07 01.01 -00 46 01.0  00 08 24.86 -00 36 55.2  -1.33047  -0.44739  119.873110  55.793854    7.720   9.284   99.97834  2.321426  308.666205 -19.991683  29.4168153058621  26.6047676  116.9369 /T    1.6839   0.0233946   251.41381   72.636343         n.a.     n.a.
 2026-Nov-29 12:00 Nm  00 06 56.30 -00 46 25.4  00 08 20.11 -00 37 19.6  -1.01386  -0.36427  300.609326 -58.540170    7.723   9.284   99.97741  2.318335  221.413129 -20.000495  29.4560331146495  27.5945350  114.3821 /T    1.7201   0.0179552   250.23689   76.955675         n.a.     n.a.
 2026-Dec-02 00:00 N   00 06 52.37 -00 46 44.8  00 08 16.18 -00 37 39.2  -0.96019  -0.28148  125.473760  59.763933    7.725   9.284   99.97656  2.315202  134.154518 -20.008042  29.4959002695814  27.7373035  111.8376 /T    1.7524   0.0166766   253.66135   77.900781         n.a.     n.a.
 2026-Dec-04 12:00 Nm  00 06 49.17 -00 46 59.1  00 08 12.90 -00 37 53.8  -0.63120  -0.19554  306.754364 -62.473663    7.728   9.284   99.97578  2.312009   46.889839 -20.014501  29.5366310016658  28.5519049  109.2843 /T    1.7817   0.0110133   252.78740   82.158584         n.a.     n.a.
 2026-Dec-07 00:00 N   00 06 46.77 -00 47 08.2  00 08 10.51 -00 38 03.2  -0.57561  -0.11032  132.498676  63.425017    7.731   9.284   99.97509  2.308787  319.620026 -20.019666  29.5778495090992  28.6552452  106.7419 /T    1.8071   0.0097682   259.15081   83.051162         n.a.     n.a.
 2026-Dec-09 12:00 N   00 06 45.13 -00 47 12.2  00 08 08.82 -00 38 07.3  -0.23739  -0.02280  314.645527 -66.048244    7.735   9.284   99.97448  2.305519  232.344523 -20.023682  29.6197728418982  29.2809799  104.1914 /T    1.8294   0.0039748   264.51352   87.217481         n.a.     n.a.
 2026-Dec-12 00:00 Cm  00 06 44.31 -00 47 11.0  00 08 08.02 -00 38 06.1  -0.18118  0.063895  141.407818  66.638109    7.738   9.284   99.97397  2.302237  145.064373 -20.026389  29.6620082775202  29.3384799  101.6526 /T    1.8476   0.0032020   289.42551   87.759036         n.a.     n.a.
 2026-Dec-14 12:00 N   00 06 44.26 -00 47 04.5  00 08 07.91 -00 37 59.8  0.162637  0.151583  324.859181 -69.086899    7.741   9.284   99.97356  2.298922   57.778983 -20.027897  29.7047807964755  29.7702179   99.1065 /T    1.8626   0.0037054   47.014810   87.441045         n.a.     n.a.
 2026-Dec-17 00:00 Cm  00 06 45.03 -00 46 52.8  00 08 08.68 -00 37 48.3  0.217878  0.238645  152.627643  69.202544    7.744   9.284   99.97325  2.295606  330.489497 -20.028096  29.7476865328556  29.7810276   96.5728 /T    1.8736   0.0053857   42.395428   86.279354         n.a.     n.a.
 2026-Dec-19 12:00 N   00 06 46.59 -00 46 35.9  00 08 10.15 -00 37 31.7  0.563849  0.325431  337.824684 -71.335562    7.747   9.284   99.97304  2.292271  243.195270 -20.027063  29.7909606719109  30.0203865   94.0322 /T    1.8813   0.0108504   60.008170   82.584328         n.a.     n.a.
 2026-Dec-22 00:00 Cm  00 06 48.95 -00 46 13.8  00 08 12.54 -00 37 09.7  0.616747  0.411761  166.202629  70.865168    7.750   9.284   99.97294  2.288949  155.897522 -20.024734  29.8341957763548  29.9895666   91.5045 /T    1.8850   0.0123595   56.271622   81.546275         n.a.     n.a.
 2026-Dec-24 12:00 Nm  00 06 52.11 -00 45 46.5  00 08 15.65 -00 36 42.5  0.962080  0.497182  353.227424 -72.497431    7.753   9.284   99.97294  2.285621   68.595543 -20.021154  29.8776379726670  30.0445946   88.9701 /T    1.8855   0.0180492   62.671071   77.758600         n.a.     n.a.
 2026-Dec-27 00:00 C   00 06 56.06 -00 45 14.1  00 08 19.63 -00 36 10.1  1.012806  0.582400  181.300602  71.392705    7.756   9.284   99.97304  2.282318  341.290594 -20.016298  29.9208847441633  29.9820404   86.4482 /T    1.8820   0.0194720   60.099536   76.781187         n.a.     n.a.
 2026-Dec-29 12:00 Nm  00 07 00.80 -00 44 36.7  00 08 24.30 -00 35 32.9  1.356503  0.666897    9.479162 -72.367071    7.760   9.284   99.97324  2.279020  253.981908 -20.010179  29.9641849720413  29.8555166   83.9193 /T    1.8753   0.0251929   63.819891   73.004897         n.a.     n.a.
$$EOE
**********************************************************************************************************************************************************************************************************************************************************************************************
Column meaning:
 
TIME

  Times PRIOR to 1962 are UT1, a mean-solar time closely related to the
prior but now-deprecated GMT. Times AFTER 1962 are in UTC, the current
civil or "wall-clock" time-scale. UTC is kept within 0.9 seconds of UT1
using integer leap-seconds for 1972 and later years.

  Conversion from the internal Barycentric Dynamical Time (TDB) of solar
system dynamics to the non-uniform civil UT time-scale requested for output
has not been determined for UTC times after the next July or January 1st.
Therefore, the last known leap-second is used as a constant over future
intervals.

  Time tags refer to the UT time-scale conversion from TDB on Earth
regardless of observer location within the solar system, although clock
rates may differ due to the local gravity field and no analog to "UT"
may be defined for that location.

  Any 'b' symbol in the 1st-column denotes a B.C. date. First-column blank
(" ") denotes an A.D. date.
 
CALENDAR SYSTEM

  Mixed calendar mode was active such that calendar dates after AD 1582-Oct-15
(if any) are in the modern Gregorian system. Dates prior to 1582-Oct-5 (if any)
are in the Julian calendar system, which is automatically extended for dates
prior to its adoption on 45-Jan-1 BC.  The Julian calendar is useful for
matching historical dates. The Gregorian calendar more accurately corresponds
to the Earth's orbital motion and seasons. A "Gregorian-only" calendar mode is
available if such physical events are the primary interest.

  NOTE: "n.a." in output means quantity "not available" at the print-time.
 
SOLAR PRESENCE (OBSERVING SITE)
  Time tag is followed by a blank, then a solar-presence symbol:

       '*'  Daylight (refracted solar upper-limb on or above apparent horizon)
       'C'  Civil twilight/dawn
       'N'  Nautical twilight/dawn
       'A'  Astronomical twilight/dawn
       ' '  Night OR geocentric ephemeris

LUNAR PRESENCE (OBSERVING SITE)
  The solar-presence symbol is immediately followed by a lunar-presence symbol:

       'm'  Refracted upper-limb of Moon on or above apparent horizon
       ' '  Refracted upper-limb of Moon below apparent horizon OR geocentric
            ephemeris
 
 'R.A._____(ICRF)_____DEC' =
  Astrometric right ascension and declination of the target center with
respect to the observing site (coordinate origin) in the reference frame of
the planetary ephemeris (ICRF). Compensated for down-leg light-time delay
aberration.

  Units: RA  in hours-minutes-seconds of time,    HH MM SS.ff{ffff}
         DEC in degrees-minutes-seconds of arc,  sDD MN SC.f{ffff}
 
 'R.A.__(a-apparent)__DEC' =
  Airless apparent right ascension and declination of the target center
with respect to an instantaneous reference frame defined by the Earth equator
of-date (z-axis) and meridian containing the Earth equinox of-date (x-axis,
EOP-corrected IAU76/80). Compensated for down-leg light-time delay,
gravitational deflection of light, stellar aberration, precession & nutation.
Note: equinox (RA origin) is offset -53 mas from the of-date frame defined
by the IAU06/00a P & N system.

  Units: RA  in hours-minutes-seconds of time,   HH MM SS.ff{ffff}
         DEC in degrees-minutes-seconds of arc, sDD MN SC.f{ffff}
 
 'dRA*cosD d(DEC)/dt' =
  The angular rate of change in apparent RA and DEC of the target. This is
with respect to the non-inertial IAU76/80 Earth true equator and equinox
of-date reference frame.  d(RA)/dt is multiplied by the cosine of declination
to provide a linear rate in the plane-of-sky. Units: ARCSECONDS PER HOUR
 
 'Azi____(a-app)___Elev' =
  Airless apparent azimuth and elevation of target center. Compensated
for light-time, the gravitational deflection of light, stellar aberration,
precession and nutation. Azimuth is measured clockwise from north:

  North(0) -> East(90) -> South(180) -> West(270) -> North (360)

Elevation angle is with respect to a plane perpendicular to the reference
surface local zenith direction. TOPOCENTRIC ONLY.  Units: DEGREES
 
 'APmag   S-brt' =
  The targets' approximate apparent visual magnitude and surface brightness.
For planets and natural satellites, output is restricted to solar phase angles
covered by observational data. Outside the observed phase angle range, "n.a."
may be output to avoid extrapolation beyond the limit of model validity.

   For Earth-based observers, the estimated dimming due to atmospheric
absorption (extinction) is available as a separate, requestable quantity.

   Surface brightness is the average airless visual magnitude of a
square-arcsecond of the illuminated portion of the apparent disk. It is
computed only if the target radius is known.

   Units: MAGNITUDES & MAGNITUDES PER SQUARE ARCSECOND
 
 'Illu%' =
   Fraction of the target objects' assumed circular disk illuminated by Sun
(phase), as seen by the observer.  Units: PERCENT
 
 'Ang-diam' =
   The equatorial angular width of the target body full disk, if it were fully
illuminated and visible to the observer. If the target body diameter is unknown
"n.a." is output.

   Units: ARCSECONDS
 
 'ObsSub-LON ObsSub-LAT' =
   Apparent planetodetic longitude and latitude of the center of the target
disc seen by the OBSERVER at print-time. This is NOT exactly the same as the
"nearest" sub-point for a non-spherical target shape (since the center of the
disc might not be the point closest to the observer), but is generally very
close if not a very irregular body shape. Down-leg light travel-time from
target to observer is taken into account. Latitude is the angle between the
equatorial plane and the line perpendicular to the reference ellipsoid of the
body, so includes body oblateness. The reference ellipsoid is an oblate
spheroid with a single flatness coefficient in which the y-axis body radius
is taken to be the same value as the x-axis radius.  For Jupiter, Saturn, and
Uranus, IAU2015 longitude is based on the "System III" prime meridian rotation
angle of the magnetic field. By contrast, pole direction (thus latitude) is
relative to the body dynamical equator.  There can be an offset between the
magnetic pole and the dynamical pole of rotation. For Neptune, rotation is
IAU2015 "System II" rotation of optically observed features in the Neptunian
atmosphere. Positive longitude is to the WEST for this target. Cartographic
system is specified in the header.  Units: DEGREES DEGREES
 
 'delta      deldot' =
   Apparent range ("delta", light-time aberrated) and range-rate ("delta-dot")
of the target center relative to the observer. A positive "deldot" means the
target center is moving away from the observer, negative indicates movement
toward the observer.  Units: AU and KM/S
 
 'S-O-T /r' =
   Sun-Observer-Target apparent SOLAR ELONGATION ANGLE seen from the observers'
location at print-time.

   The '/r' column provides a code indicating the targets' apparent position
relative to the Sun in the observers' sky, as described below:

   Case A: For an observing location on the surface of a rotating body, that
body rotational sense is considered:

    /T indicates target TRAILS Sun   (evening sky: rises and sets AFTER Sun)
    /L indicates target LEADS Sun    (morning sky: rises and sets BEFORE Sun)

   Case B: For an observing point that does not have a rotational model (such
as a spacecraft), the "leading" and "trailing" condition is defined by the
observers' heliocentric ORBITAL motion:

    * If continuing in the observers' current direction of heliocentric
       motion would encounter the targets' apparent longitude first, followed
       by the Sun's, the target LEADS the Sun as seen by the observer.

    * If the Sun's apparent longitude would be encountered first, followed
       by the targets', the target TRAILS the Sun.

   Two other codes can be output:
    /* indicates observer is Sun-centered    (undefined)
    /? Target is aligned with Sun center     (no lead or trail)

   The S-O-T solar elongation angle is numerically the minimum separation
angle of the Sun and target in the sky in any direction. It does NOT indicate
the amount of separation in the leading or trailing directions, which would
be defined along the equator of a spherical coordinate system.

   Units: DEGREES
 
 'S-T-O' =
   The Sun-Target-Observer angle; the interior vertex angle at target center
formed by a vector from the target to the apparent center of the Sun (at
reflection time on the target) and the apparent vector from target to the
observer at print-time. Slightly different from true PHASE ANGLE (requestable
separately) at the few arcsecond level in that it includes stellar aberration
on the down-leg from target to observer.  Units: DEGREES
 
 'Sky_motion  Sky_mot_PA  RelVel-ANG' =
  Total apparent angular rate of the target in the plane-of-sky. "Sky_mot_PA"
is the position angle of the target's direction of motion in the plane-of-sky,
measured counter-clockwise from the apparent of-date north pole direction.
"RelVel-ANG" is the flight path angle of the target's relative motion with
respect to the observer's line-of-sight, in the range [-90,+90], where positive
values indicate motion away from the observer, negative values are toward the
observer:

  -90 = target is moving directly toward the observer
    0 = target is moving at right angles to the observer's line-of-sight
  +90 = target is moving directly away from the observer

UNITS:  ARCSECONDS/MINUTE, DEGREES, DEGREES
 
 'Lun_Sky_Brt  sky_SNR' =
  Sky brightness due to moonlight scattered by Earth's atmosphere at the
target's position in the sky. "sky_SNR" is the visual signal-to-noise ratio
(SNR) of the target's surface brightness relative to background sky. Output
only for topocentric Earth observers when both the Moon and target are above
the local horizon and the Sun is in astronomical twilight (or further) below
the horizon, and the target is not the Moon or Sun. If all conditions are
not met, "n.a." is output. Galactic brightness, local sky light-pollution
and weather are NOT considered. Lunar opposition surge is considered. The
value returned is accurate under ideal conditions at the approximately 8-23%
level, so is a useful but not definitive value.

  If the target-body radius is also known, "sky_SNR" is output. This is the
approximate visual signal-to-noise ratio of the target's brightness divided
by lunar sky brightness. When sky_SNR < 1, the target is dimmer than the
ideal moonlight-scattering background sky, so unlikely to be detectable at
visual wavelengths. In practice, visibility requires sky_SNR > 1 and a
detector sensitive enough to reach the target's magnitude, even if it isn't
washed out by moonlight. When relating magnitudes and brightness values,
keep in mind their logarithmic relationship m2-m1 = -2.5*log_10(b2/b1).

  UNITS: VISUAL MAGNITUDES / ARCSECOND^2, and unitless ratio

Computations by ...

    Solar System Dynamics Group, Horizons On-Line Ephemeris System
    4800 Oak Grove Drive, Jet Propulsion Laboratory
    Pasadena, CA  91109   USA

    General site: https://ssd.jpl.nasa.gov/
    Mailing list: https://ssd.jpl.nasa.gov/email_list.html
    System news : https://ssd.jpl.nasa.gov/horizons/news.html
    User Guide  : https://ssd.jpl.nasa.gov/horizons/manual.html
    Connect     : browser        https://ssd.jpl.nasa.gov/horizons/app.html#/x
                  API            https://ssd-api.jpl.nasa.gov/doc/horizons.html
                  command-line   telnet ssd.jpl.nasa.gov 6775
                  e-mail/batch   https://ssd.jpl.nasa.gov/ftp/ssd/horizons_batch.txt
                  scripts        https://ssd.jpl.nasa.gov/ftp/ssd/SCRIPTS
    Author      : Jon.D.Giorgini@jpl.nasa.gov

**********************************************************************************************************************************************************************************************************************************************************************************************
