*******************************************************************************
 Revised: April 22, 2021              Neptune                               899
 
 PHYSICAL DATA (update 2021-May-03):
  Mass x10^24 (kg)      = 102.409         Density (g/cm^3)       =  1.638
  Equat. radius (1 bar) = 24766+-15 km    Volume, 10^10 km^3     = 6254     
  Vol. mean radius (km) = 24624+-21       Polar radius (km)      = 24342+-30
  Geometric Albedo      = 0.41            Flattening             =  0.0171
  Sid. rot. period (III)= 16.11+-0.01 hr  Sid. rot. rate (rad/s) =  0.000108338 
  Mean solar day, h     =~16.11 h         
  GM (km^3/s^2)         = 6835099.97      GM 1-sigma (km^3/s^2)  = +-10 
  Equ. grav, ge (m/s^2) = 11.15           Pol. grav, gp (m/s^2)  = 11.41+-0.03
  Visual magnitude V(1,0)= -6.87
  Vis. mag. (opposition)=  +7.84          Obliquity to orbit     = 28.32 deg
  Sidereal orbit period = 164.788501027 y Sidereal orbit period  = 60189 d
  Mean daily motion     = 0.006020076dg/d Mean orbit velocity    =  5.43 km/s 
  Atmos. temp. (1 bar)  =  72+-2 K        Escape speed (1 bar)  =  23.5 km/s     
  Aroche(ice)/Rp        =  2.98           Hill's sphere rad., Rp = 4700
                                 Perihelion  Aphelion    Mean
  Solar Constant (W/m^2)         1.54        1.49        1.51
  Maximum Planetary IR (W/m^2)   0.52        0.52        0.52
  Minimum Planetary IR (W/m^2)   0.52        0.52        0.52
*******************************************************************************


*******************************************************************************
Ephemeris / WWW_USER Mon Apr  6 18:03:40 2026 Pasadena, USA      / Horizons    
*******************************************************************************
Target body name: Neptune (899)                   {source: nep097_merged}
Center body name: Earth (399)                     {source: nep097_merged}
Center-site name: (user defined site below)
*******************************************************************************
Start time      : A.D. 2026-Jan-01 00:00:00.0000 UT      
Stop  time      : A.D. 2026-Dec-31 00:00:00.0000 UT      
Step-size       : 3600 minutes
*******************************************************************************
Target pole/equ : IAU_NEPTUNE                     {West-longitude positive}
Target radii    : 24764.0, 24764.0, 24341.0 km    {Equator_a, b, pole_c}       
Center geodetic : 262.0, 22.0, .010               {E-lon(deg),Lat(deg),Alt(km)}
Center cylindric: 262.0, 5916.49461, 2374.41664   {E-lon(deg),Dxy(km),Dz(km)}
Center pole/equ : ITRF93                          {East-longitude positive}
Center radii    : 6378.137, 6378.137, 6356.752 km {Equator_a, b, pole_c}       
Target primary  : Sun
Vis. interferer : MOON (R_eq= 1737.400) km        {source: DE441}
Rel. light bend : Sun                             {source: nep097_merged}
Rel. lght bnd GM: 1.3271E+11 km^3/s^2                                          
Atmos refraction: NO (AIRLESS)
RA format       : HMS
Time format     : CAL 
Calendar mode   : Mixed Julian/Gregorian
EOP file        : eop.260406.p260703                                           
EOP coverage    : DATA-BASED 1962-JAN-20 TO 2026-APR-06. PREDICTS-> 2026-JUL-02
Units conversion: 1 au= 149597870.700 km, c= 299792.458 km/s, 1 day= 86400.0 s 
Table cut-offs 1: Elevation (-90.0deg=NO ),Airmass (>38.000=NO), Daylight (NO )
Table cut-offs 2: Solar elongation (  0.0,180.0=NO ),Local Hour Angle( 0.0=NO )
Table cut-offs 3: RA/DEC angular rate (     0.0=NO )                           
**********************************************************************************************************************************************************************************************************************************************************************************************
 Date__(UT)__HR:MN     R.A._____(ICRF)_____DEC  R.A.__(a-apparent)__DEC  dRA*cosD d(DEC)/dt  Azi____(a-app)___Elev    APmag   S-brt      Illu%  Ang-diam  ObsSub-LON ObsSub-LAT             delta      deldot     S-O-T /r     S-T-O  Sky_motion  Sky_mot_PA  RelVel-ANG  Lun_Sky_Brt  sky_SNR
**********************************************************************************************************************************************************************************************************************************************************************************************
$$SOE
 2026-Jan-01 00:00 *m  23 58 58.57 -01 33 48.3  00 00 18.65 -01 25 07.1  1.603727  0.830118  186.477837  66.445776    7.767   9.284   99.97395  2.271916  292.675207 -20.796408  30.0578782380611  29.4954917   78.9437 /T    1.8505   0.0300972   62.633096   69.657734         n.a.     n.a.
 2026-Jan-03 12:00 Am  23 59 05.65 -01 32 56.0  00 00 25.69 -01 24 14.8  1.936098  0.911070   14.018951 -68.832671    7.770   9.284   99.97445  2.268712  205.358399 -20.786899  30.1003215914482  29.1604093   76.4254 /T    1.8332   0.0356625   64.799712   66.011772         n.a.     n.a.
 2026-Jan-06 00:00 *   23 59 13.49 -01 31 59.0  00 00 33.55 -01 23 17.9  1.982423  0.990861  198.222127  65.506550    7.773   9.284   99.97503  2.265562  118.040040 -20.776218  30.1421717746557  28.9269372   73.9199 /T    1.8122   0.0369377   63.443038   65.049318         n.a.     n.a.
 2026-Jan-08 12:00 Am  23 59 22.08 -01 30 57.2  00 00 42.07 -01 22 16.3  2.307865  1.068971   26.320364 -67.240419    7.776   9.284   99.97570  2.262448   30.719378 -20.764341  30.1836670601815  28.4161696   71.4083 /T    1.7881   0.0423902   65.147090   61.441085         n.a.     n.a.
 2026-Jan-11 00:00 *   23 59 31.39 -01 29 50.7  00 00 51.38 -01 21 10.1  2.351178  1.146598  208.785091  63.738903    7.779   9.284   99.97645  2.259397  303.397748 -20.751334  30.2244208621361  28.1509629   68.9093 /T    1.7604   0.0435977   64.002913   60.497538         n.a.     n.a.
 2026-Jan-13 12:00 Am  23 59 41.44 -01 28 39.7  00 01 01.37 -01 19 59.2  2.667698  1.221234   36.727749 -64.849459    7.782   9.284   99.97728  2.256392  216.074387 -20.737139  30.2646660267669  27.4617565   66.4042 /T    1.7297   0.0488991   65.402365   56.918511         n.a.     n.a.
 2026-Jan-16 00:00 *   23 59 52.18 -01 27 24.2  00 01 12.13 -01 18 43.8  2.707202  1.295940  217.865023  61.301864    7.785   9.284   99.97817  2.253462  128.750685 -20.721863  30.3040165599714  27.1597512   63.9119 /T    1.6955   0.0500233   64.419521   55.992587         n.a.     n.a.
 2026-Jan-18 12:00 A   00 00 03.64 -01 26 04.3  00 01 23.54 -01 17 23.9  3.012127  1.366277   45.236254 -61.868765    7.787   9.284   99.97913  2.250589   41.425866 -20.705417  30.3427020273810  26.2953023   61.4141 /T    1.6584   0.0551252   65.601338   52.441938         n.a.     n.a.
 2026-Jan-21 00:00 *m  00 00 15.75 -01 24 40.2  00 01 35.67 -01 15 59.9  3.046626  1.436961  225.490376  58.355215    7.790   9.284   99.98013  2.247801  314.101357 -20.687947  30.3803439640169  25.9567035   58.9295 /T    1.6181   0.0561417   64.748780   51.539224         n.a.     n.a.
 2026-Jan-23 12:00 A   00 00 28.54 -01 23 12.1  00 01 48.38 -01 14 32.0  3.337109  1.502260   52.132276 -58.470619    7.793   9.284   99.98119  2.245080  226.776370 -20.669338  30.4171682801375  24.9251922   56.4401 /T    1.5750   0.0609943   65.764243   48.019489         n.a.     n.a.
 2026-Jan-26 00:00 *m  00 00 41.93 -01 21 40.0  00 02 01.78 -01 13 00.1  3.365443  1.567777  231.854414  55.032323    7.795   9.284   99.98228  2.242452  139.452337 -20.649772  30.4528137070826  24.5577837   53.9644 /T    1.5289   0.0618783   65.021750   47.151774         n.a.     n.a.
 2026-Jan-28 12:00 A   00 00 55.96 -01 20 04.1  00 02 15.77 -01 11 24.2  3.639079  1.627640   57.758923 -54.780204    7.798   9.284   99.98340  2.239900   52.128456 -20.629110  30.4875039304676  23.3747347   51.4844 /T    1.4801   0.0664415   65.902606   43.668496         n.a.     n.a.
 2026-Jan-31 00:00 *m  00 01 10.55 -01 18 24.6  00 02 30.39 -01 09 44.7  3.661410  1.687650  237.191076  51.434573    7.800   9.284   99.98454  2.237449  324.806118 -20.607567  30.5209033941608  22.9926673   49.0182 /T    1.4286   0.0671939   65.253658   42.843873         n.a.     n.a.
 2026-Feb-02 12:00 Am  00 01 25.73 -01 16 41.7  00 02 45.53 -01 08 01.8  3.917432  1.742442   62.416337 -50.884062    7.802   9.284   99.98569  2.235082  237.484500 -20.584975  30.5532307013087  21.6735041   46.5477 /T    1.3747   0.0714578   66.020894   39.392035         n.a.     n.a.
 2026-Feb-05 00:00 *   00 01 41.42 -01 14 55.5  00 03 01.22 -01 06 15.8  3.935380  1.797469  241.714486  47.635498    7.805   9.284   99.98685  2.232820  150.164949 -20.561578  30.5841715285380  21.2820851   44.0903 /T    1.3183   0.0721074   65.451645   38.599346         n.a.     n.a.
 2026-Feb-07 12:00 Am  00 01 57.66 -01 13 06.2  00 03 17.41 -01 04 26.6  4.173255  1.847311   66.339793 -46.841409    7.807   9.284   99.98800  2.230650   62.846662 -20.537178  30.6139289473888  19.8304185   41.6282 /T    1.2596   0.0760640   66.123193   35.162040         n.a.     n.a.
 2026-Feb-10 00:00 *   00 02 14.36 -01 11 13.8  00 03 34.12 -01 02 34.4  4.187239  1.897304  245.601580  43.687896    7.809   9.284   99.98914  2.228592  335.530966 -20.512049  30.6422028456420  19.4248107   39.1791 /T    1.1986   0.0766173   65.623970   34.387908         n.a.     n.a.
 2026-Feb-12 12:00 Am  00 02 31.58 -01 09 18.7  00 03 51.31 -01 00 39.2  4.405139  1.941475   69.705782 -42.692699    7.811   9.284   99.99026  2.226631  248.217092 -20.485966  30.6691816748719  17.8455505   36.7252 /T    1.1355   0.0802333   66.215497   30.958769         n.a.     n.a.
 2026-Feb-15 00:00 *   00 02 49.20 -01 07 20.8  00 04 08.95 -00 58 41.3  4.414532  1.985936  248.992064  39.629619    7.812   9.284   99.99135  2.224789  160.906351 -20.459238  30.6945828454625  17.4244552   34.2843 /T    1.0704   0.0806778   65.778770   30.200026         n.a.     n.a.
 2026-Feb-17 12:00 A   00 03 07.28 -01 05 20.5  00 04 27.00 -00 56 41.1  4.610499  2.023696   72.645918 -38.466206    7.814   9.284   99.99241  2.223050   73.597992 -20.431614  30.7185839704736  15.7287978   31.8391 /T    1.0034   0.0839180   66.301791   26.779181         n.a.     n.a.
 2026-Feb-20 00:00 *m  00 03 25.70 -01 03 18.0  00 04 45.42 -00 54 38.6  4.614331  2.061881  251.994150  35.487880    7.816   9.284   99.99342  2.221435  346.293301 -20.403437  30.7409242849474  15.2951837   29.4072 /T    0.9347   0.0842341   65.922860   26.038607         n.a.     n.a.
 2026-Feb-22 12:00 A   00 03 44.54 -01 01 13.3  00 05 04.22 -00 52 34.1  4.786503  2.092711   75.258734 -34.181948    7.817   9.284   99.99438  2.219929  258.991535 -20.374433  30.7617732770673  13.5010795   26.9717 /T    0.8644   0.0870665   66.384536   22.632749         n.a.     n.a.
 2026-Feb-25 00:00 *m  00 04 03.65 -00 59 06.8  00 05 23.36 -00 50 27.5  4.784295  2.124070  254.692067  31.282589    7.819   9.284   99.99528  2.218550  171.693920 -20.344972  30.7809012194240  13.0664042   24.5500 /T    0.7926   0.0872435   66.060350   21.921570         n.a.     n.a.
 2026-Feb-27 12:00 A   00 04 23.13 -00 56 58.6  00 05 42.83 -00 48 19.2  4.932180  2.148370   77.618661 -29.854186    7.820   9.284   99.99612  2.217284   84.399711 -20.314763  30.7984699010088  11.1963363   22.1253 /T    0.7195   0.0896628   66.462920   18.537557         n.a.     n.a.
 2026-Mar-02 00:00 *m  00 04 42.81 -00 54 49.0  00 06 02.54 -00 46 09.5  4.925207  2.173232  257.151659  27.028497    7.821   9.284   99.99688  2.216146  357.110043 -20.284192  30.8142830775976  10.7708823   19.7147 /T    0.6452   0.0897227   66.190682   17.858815         n.a.     n.a.
 2026-Mar-04 12:00 Am  00 05 02.80 -00 52 38.0  00 06 22.49 -00 43 58.6  5.049444  2.191870   79.783346 -25.493616    7.822   9.284   99.99757  2.215126  269.824194 -20.252950  30.8284842228966   8.8372057   17.3012 /T    0.5698   0.0917442   66.535233   14.487737         n.a.     n.a.
 2026-Mar-07 00:00 *   00 05 22.94 -00 50 25.9  00 06 42.64 -00 41 46.6  5.039098  2.210565  259.424961  22.736781    7.823   9.284   99.99819  2.214233  182.543224 -20.221435  30.8409040426913   8.4196280   14.9021 /T    0.4936   0.0917108   66.313768   13.829297         n.a.     n.a.
 2026-Mar-09 12:00 Nm  00 05 43.34 -00 48 12.8  00 07 03.02 -00 39 33.5  5.139275  2.223569   81.797941 -21.108238    7.824   9.284   99.99871  2.213462   95.266476 -20.189326  30.8516601575795   6.4266480   12.5014 /T    0.4166   0.0933280   66.603699   10.456315         n.a.     n.a.
 2026-Mar-12 00:00 *   00 06 03.84 -00 45 59.0  00 07 23.55 -00 37 19.6  5.125593  2.235903  261.554370  18.416204    7.824   9.284   99.99915  2.212820    7.994944 -20.157036  30.8606099179270   6.0140721   10.1179 /T    0.3391   0.0932007   66.432048   9.8084795         n.a.     n.a.
 2026-Mar-14 12:00 Nm  00 06 24.53 -00 43 44.7  00 07 44.25 -00 35 05.0  5.200456  2.242691   83.698843 -16.704218    7.825   9.284   99.99950  2.212301  280.728037 -20.124231  30.8678493230380   3.9712566    7.7394 /T    0.2613   0.0943904   66.671935   6.4277434         n.a.     n.a.
 2026-Mar-17 00:00 *   00 06 45.26 -00 41 29.9  00 08 05.00 -00 32 50.2  5.182966  2.248410  263.574727  14.073627    7.825   9.284   99.99976  2.211913  193.466673 -20.091343  30.8732644481398   3.5645441    5.3962 /T    0.1838   0.0941607   66.548438   5.7865909         n.a.     n.a.
 2026-Mar-19 12:00 N   00 07 06.13 -00 39 15.0  00 08 25.87 -00 30 35.3  5.231261  2.248316   85.516540 -12.286562    7.825   9.284   99.99992  2.211650  106.210316 -20.058024  30.8769345086502   1.4871876    3.1236 /T    0.1082   0.0948991   66.742708   2.3986194         n.a.     n.a.
 2026-Mar-22 00:00 *m  00 07 26.98 -00 37 00.1  00 08 46.73 -00 28 20.6  5.209219  2.247091  265.515545   9.714542    7.825   9.284   99.99998  2.211518   18.959801 -20.024726  30.8787772336414   1.0921930    1.3826 /T    0.0477   0.0945536   66.666167   1.7668764         n.a.     n.a.
 2026-Mar-24 12:00 N   00 07 47.90 -00 34 45.4  00 09 07.65 -00 26 05.7  5.230353  2.239937   87.277135  -7.859126    7.825   9.284   99.99995  2.211512  291.714620 -19.991091  30.8788617852674  -0.9956589    2.3360 /L    0.0740   0.0948301   66.816614   -1.617007         n.a.     n.a.
 2026-Mar-27 00:00 *m  00 08 08.73 -00 32 31.2  00 09 28.53 -00 23 51.1  5.204283  2.232094  267.403274   5.343528    7.825   9.284   99.99983  2.211635  204.475496 -19.957581  30.8771425284859  -1.3677056    4.5092 /L    0.1459   0.0943793   66.785725   -2.229191         n.a.     n.a.
 2026-Mar-29 12:00 N   00 08 29.58 -00 30 17.7  00 09 49.40 -00 21 37.4  5.199599  2.218855   89.003700  -3.425466    7.825   9.284   99.99960  2.211883  117.241940 -19.923829  30.8736746408427  -3.4455487    6.8239 /L    0.2229   0.0942207   66.890323   -5.602094         n.a.     n.a.
 2026-Apr-01 00:00 *m  00 08 50.29 -00 28 04.9  00 10 10.12 -00 19 24.6  5.171094  2.205033  269.261203   0.964782    7.825   9.284   99.99929  2.212258   30.014574 -19.890296  30.8684429931911  -3.7937131    9.1625 /L    0.3005   0.0936933   66.905866   -6.198835         n.a.     n.a.
 2026-Apr-03 12:00 Nm  00 09 10.96 -00 25 53.1  00 10 30.80 -00 17 12.7  5.141744  2.186493   90.718050   1.011198    7.824   9.284   99.99888  2.212757  302.792969 -19.856611  30.8614768113940  -5.8542496   11.5186 /L    0.3783   0.0931222   66.962691   -9.571076         n.a.     n.a.
 2026-Apr-06 00:00 *   00 09 31.42 -00 23 42.5  00 10 51.29 -00 15 01.9  5.111362  2.166683  271.111935  -3.417874    7.824   9.284   99.99838  2.213381  215.577660 -19.823233  30.8527889481939  -6.1836299   13.8710 /L    0.4554   0.0925271   67.028138   -10.16480         n.a.     n.a.
 2026-Apr-08 12:00 Cm  00 09 51.80 -00 21 33.2  00 11 11.72 -00 12 52.3  5.057196  2.142855   92.440889   5.447827    7.823   9.284   99.99780  2.214127  128.368308 -19.789795  30.8423804013729  -8.2209995   16.2322 /L    0.5322   0.0915409   67.036468   -13.54893         n.a.     n.a.
 2026-Apr-11 00:00 *   00 10 11.93 -00 19 25.3  00 11 31.88 -00 10 44.2  5.024662  2.116800  272.977795  -7.800575    7.822   9.284   99.99713  2.214995   41.165348 -19.756752  30.8302956574051  -8.5327644   18.5859 /L    0.6080   0.0908724   67.155179   -14.14698         n.a.     n.a.
 2026-Apr-13 12:00 Cm  00 10 31.91 -00 17 19.2  00 11 51.91 -00 08 37.8  4.945109  2.087319   94.193516   9.881161    7.821   9.284   99.99639  2.215986  313.968530 -19.723743  30.8165113719564 -10.5363363   20.9467 /L    0.6831   0.0894598   67.115502   -17.55056         n.a.     n.a.
 2026-Apr-16 00:00 *   00 10 51.59 -00 15 14.9  00 12 11.59 -00 06 33.4  4.909898  2.054878  274.881620 -12.179402    7.820   9.284   99.99558  2.217095  226.778179 -19.691223  30.8011050699218 -10.8279087   23.2989 /L    0.7568   0.0887093   67.289841   -18.15590         n.a.     n.a.
 2026-Apr-18 12:00 C   00 11 11.06 -00 13 12.6  00 12 31.10 -00 04 30.9  4.804396  2.019233   95.998623  14.307673    7.819   9.284   99.99469  2.218324  139.594119 -19.658834  30.7840354159941 -12.7805540   25.6576 /L    0.8296   0.0868580   67.203541   -21.57958         n.a.     n.a.
 2026-Apr-21 00:00 *m  00 11 30.16 -00 11 12.6  00 12 50.26 -00 02 30.5  4.766204  1.980608  276.848296 -16.550039    7.817   9.284   99.99375  2.219666   52.416552 -19.627030  30.7654159766537 -13.0425604   28.0071 /L    0.9007   0.0860225   67.434553   -22.18500         n.a.     n.a.
 2026-Apr-23 12:00 C   00 11 49.01 -00 09 14.9  00 13 09.18 -00 00 32.5  4.635783  1.939168   97.881162  18.723455    7.816   9.284   99.99275  2.221126  325.245337 -19.595456  30.7451951630100 -14.9202076   30.3624 /L    0.9707   0.0837504   67.300235   -25.61519         n.a.     n.a.
 2026-Apr-26 00:00 *m  00 12 07.43 -00 07 19.8  00 13 27.64 +00 01 23.0  4.596088  1.895477  278.905638 -20.907510    7.814   9.284   99.99171  2.222693  238.080549 -19.564557  30.7235182070193 -15.1470990   32.7082 /L    1.0387   0.0828601   67.588211   -26.21148         n.a.     n.a.
 2026-Apr-28 12:00 C   00 12 25.55 -00 05 27.5  00 13 45.81 +00 03 15.5  4.443117  1.849249   99.870164  23.123526    7.813   9.284   99.99062  2.224373  150.922094 -19.533980  30.7003145672429 -16.9381398   35.0601 /L    1.1054   0.0802098   67.402659   -29.64532         n.a.     n.a.
 2026-May-01 00:00 *   00 12 43.21 -00 03 37.9  00 14 03.49 +00 05 05.3  4.402919  1.801052  281.085841 -25.245733    7.811   9.284   99.98950  2.226155   63.769958 -19.504155  30.6757511929224 -17.1369791   37.4028 /L    1.1698   0.0792841   67.752565   -30.24189         n.a.     n.a.
 2026-May-03 12:00 *m  00 13 00.51 -00 01 51.3  00 14 20.87 +00 06 52.2  4.228605  1.750477  101.999811  27.501776    7.809   9.284   99.98834  2.228044  336.624125 -19.474741  30.6497331551389 -18.8370768   39.7523 /L    1.2328   0.0762767   67.512355   -33.68927         n.a.     n.a.
 2026-May-06 00:00 *   00 13 17.31 -00 00 07.8  00 14 37.71 +00 08 36.1  4.187680  1.697596  283.427836 -29.556989    7.807   9.284   99.98718  2.230029  249.484495 -19.446149  30.6224510569299 -19.0135130   42.0933 /L    1.2933   0.0753114   67.933418   -34.29865         n.a.     n.a.
 2026-May-08 12:00 *m  00 13 33.71 +00 01 32.4  00 14 54.20 +00 10 16.8  3.992387  1.642755  104.311986  31.850364    7.805   9.284   99.98599  2.232119  162.351140 -19.418058  30.5937866128811 -20.6161527   44.4419 /L    1.3521   0.0719525   67.634214   -37.77039         n.a.     n.a.
 2026-May-11 00:00 *   00 13 49.56 +00 03 09.3  00 15 10.09 +00 11 54.1  3.950154  1.584908  285.979223 -33.831513    7.803   9.284   99.98481  2.234297   75.223857 -19.390858  30.5639584974844 -20.7702308   46.7824 /L    1.4084   0.0709375   68.138017   -38.39975         n.a.     n.a.
 2026-May-13 12:00 *m  00 14 04.96 +00 04 42.7  00 15 25.56 +00 13 27.7  3.734015  1.525674  106.859554  36.158904    7.801   9.284   99.98363  2.236575  348.102806 -19.364252  30.5328279150815 -22.2653637   49.1311 /L    1.4626   0.0672279   67.775658   -41.90540         n.a.     n.a.
 2026-May-16 00:00 *m  00 14 19.78 +00 06 12.4  00 15 40.41 +00 14 57.7  3.689849  1.462791  288.799923 -38.056571    7.799   9.284   99.98246  2.238935  260.987666 -19.338606  30.5006442016228 -22.3916583   51.4720 /L    1.5141   0.0661537   68.374816   -42.55594         n.a.     n.a.
 2026-May-18 12:00 *   00 14 34.10 +00 07 38.3  00 15 54.84 +00 16 24.2  3.453350  1.399106  109.710092  40.413701    7.796   9.284   99.98131  2.241389  173.878663 -19.313646  30.4672556549000 -23.7618633   53.8210 /L    1.5635   0.0621001   67.944928   -46.09672         n.a.     n.a.
 2026-May-21 00:00 *m  00 14 47.80 +00 09 00.3  00 16 08.60 +00 17 46.7  3.407847  1.332058  291.967055 -42.215075    7.794   9.284   99.98019  2.243916   86.775335 -19.289716  30.4329440651827 -23.8493229   56.1621 /L    1.6098   0.0609822   68.650489   -46.75374         n.a.     n.a.
 2026-May-23 12:00 *   00 15 00.95 +00 10 18.2  00 16 21.85 +00 19 05.1  3.153671  1.264849  112.951956  44.595958    7.791   9.284   99.97910  2.246529  359.677952 -19.266555  30.3975471962046 -25.0788567   58.5111 /L    1.6538   0.0566311   68.145665   -50.31782         n.a.     n.a.
 2026-May-26 00:00 *m  00 15 13.45 +00 11 32.1  00 16 34.37 +00 20 19.3  3.108595  1.195040  295.580272 -46.283795    7.789   9.284   99.97806  2.249206  272.585939 -19.244481  30.3613649567384 -25.1304481   60.8521 /L    1.6947   0.0555065   68.971692   -50.97245         n.a.     n.a.
 2026-May-28 12:00 *   00 15 25.37 +00 12 41.7  00 16 46.39 +00 21 29.3  2.839212  1.124916  116.701953  48.679366    7.786   9.284   99.97706  2.251961  185.499636 -19.223249  30.3242170003101 -26.2174690   63.2016 /L    1.7332   0.0508990   68.386166   -54.56386         n.a.     n.a.
 2026-May-31 00:00 *   00 15 36.62 +00 13 47.1  00 16 57.68 +00 22 35.1  2.794709  1.052747  299.770354 -50.230262    7.783   9.284   99.97612  2.254772   98.418400 -19.203147  30.2864142622505 -26.2426363   65.5437 /L    1.7683   0.0497736   69.358968   -55.22601         n.a.     n.a.
 2026-Jun-02 12:00 *m  00 15 47.25 +00 14 48.1  00 17 08.43 +00 23 36.7  2.511461  0.979868  121.114892  52.626919    7.780   9.284   99.97525  2.257653   11.342642 -19.183957  30.2477610327549 -27.1845437   67.8950 /L    1.8009   0.0449307   68.686334   -58.85534         n.a.     n.a.
 2026-Jun-05 00:00 *   00 15 57.19 +00 15 44.6  00 17 18.42 +00 24 33.8  2.466863  0.905212  304.707581 -54.008847    7.778   9.284   99.97444  2.260582  284.271649 -19.165934  30.2085817914744 -27.1878404   70.2395 /L    1.8301   0.0437951   69.849450   -59.53620         n.a.     n.a.
 2026-Jun-07 12:00 *m  00 16 06.49 +00 16 36.7  00 17 27.83 +00 25 26.3  2.170755  0.829737  126.395431  56.385340    7.775   9.284   99.97371  2.263572  197.205895 -19.148892  30.1686681622647 -27.9791532   72.5941 /L    1.8566   0.0387321   69.081426   -63.21449         n.a.     n.a.
 2026-Jun-10 00:00 *   00 16 15.06 +00 17 24.2  00 17 36.43 +00 26 14.2  2.125254  0.752364  310.608226 -57.555038    7.772   9.284   99.97305  2.266601  110.144589 -19.133052  30.1283620152673 -27.9592245   74.9425 /L    1.8795   0.0375749   70.505460   -63.92142         n.a.     n.a.
 2026-Jun-12 12:00 *m  00 16 22.96 +00 18 07.1  00 17 44.44 +00 26 57.5  1.817227  0.674481  132.804981  59.877726    7.784   9.300   99.97248  2.269683   23.088264 -19.118260  30.0874453552192 -28.5908936   77.3015 /L    1.8997   0.0323060   69.637124   -67.65992         n.a.     n.a.
 2026-Jun-15 00:00 *m  00 16 30.13 +00 18 45.2  00 17 51.66 +00 27 36.2  1.770467  0.594562  317.730798 -60.777532    7.781   9.300   99.97201  2.272792  296.036021 -19.104704  30.0462819510321 -28.5387200   79.6546 /L    1.9162   0.0311272   71.436800   -68.38978         n.a.     n.a.
 2026-Jun-17 12:00 *   00 16 36.59 +00 19 18.5  00 17 58.26 +00 28 10.1  1.452633  0.515016  140.649453  62.994073    7.779   9.300   99.97162  2.275946  208.988430 -19.092260  30.0046500739632 -28.9968596   82.0182 /L    1.9299   0.0256871   70.478557   -72.18819         n.a.     n.a.
 2026-Jun-20 00:00 *m  00 16 42.29 +00 19 46.9  00 18 04.01 +00 28 39.1  1.406279  0.433960  326.338441 -63.550540    7.776   9.300   99.97133  2.279115  121.944472 -19.081072  29.9629317827729 -28.9051550   84.3755 /L    1.9398   0.0245286   72.850423   -72.91536         n.a.     n.a.
 2026-Jun-22 12:00 *   00 16 47.28 +00 20 10.6  00 18 09.10 +00 29 03.2  1.082245  0.353907  150.213791  65.582162    7.773   9.300   99.97114  2.282317   34.904763 -19.071045  29.9208954023120 -29.1884899   86.7432 /L    1.9467   0.0189774   71.891654   -76.76723         n.a.     n.a.
 2026-Jun-25 00:00 *m  00 16 51.51 +00 20 29.4  00 18 13.36 +00 29 22.4  1.037537  0.272851  336.594060 -65.711766    7.770   9.300   99.97104  2.285523  307.868216 -19.062280  29.8789247254376 -29.0659391   89.1046 /L    1.9499   0.0178802   75.266005   -77.47357         n.a.     n.a.
 2026-Jun-27 12:00 *   00 16 55.01 +00 20 43.4  00 18 16.99 +00 29 36.9  0.709465  0.192486  161.592098  67.451231    7.767   9.300   99.97105  2.288751  220.835513 -19.054709  29.8367778759767 -29.1796648   91.4770 /L    1.9501   0.0122519   74.820389   -81.38889         n.a.     n.a.
 2026-Jun-30 00:00 *   00 16 57.76 +00 20 52.5  00 18 19.79 +00 29 46.7  0.666065  0.111789  348.370946 -67.078975    7.763   9.300   99.97116  2.291973  133.805525 -19.048400  29.7948375929694 -29.0337782   93.8436 /L    1.9465   0.0112563   80.472535   -82.05109         n.a.     n.a.
 2026-Jul-02 12:00 *m  00 16 59.77 +00 20 56.8  00 18 21.92 +00 29 51.5  0.335553  0.031133  174.429223  68.405306    7.760   9.300   99.97136  2.295207   46.778977 -19.043313  29.7528590109567 -28.9783725   96.2218 /L    1.9399   0.0056166   84.699248   -86.01255         n.a.     n.a.
 2026-Jul-05 00:00 *   00 17 01.02 +00 20 56.3  00 18 23.21 +00 29 51.5  0.292677  -0.04916    1.074487 -67.498793    7.757   9.300   99.97167  2.298423  319.754705 -19.039479  29.7112242208517 -28.8119643   98.5949 /L    1.9296   0.0049463   99.534116   -86.47184         n.a.     n.a.
 2026-Jul-07 12:00 *m  00 17 01.53 +00 20 50.9  00 18 23.82 +00 29 46.5  -0.03874  -0.12990  187.795033  68.314865    7.754   9.300   99.97207  2.301641  232.733459 -19.036895  29.6696899060283 -28.5844574  100.9803 /L    1.9162   0.0022592   196.60629   -88.37638         n.a.     n.a.
 2026-Jul-10 00:00 *   00 17 01.29 +00 20 40.7  00 18 23.61 +00 29 36.8  -0.08183  -0.20979   13.722114 -66.911790    7.735   9.284   99.97257  2.304829  145.714030 -19.035550  29.6286407580853 -28.3938884  103.3611 /L    1.8992   0.0037532   201.30858   -87.28962         n.a.     n.a.
 2026-Jul-12 12:00 *m  00 17 00.30 +00 20 25.7  00 18 22.76 +00 29 22.4  -0.41219  -0.28997  200.501509  67.184825    7.732   9.284   99.97316  2.308008   58.697180 -19.035479  29.5878391100231 -27.9871691  105.7546 /L    1.8790   0.0083994   234.87417   -83.87352         n.a.     n.a.
 2026-Jul-15 00:00 *m  00 16 58.57 +00 20 05.9  00 18 21.09 +00 29 03.3  -0.45495  -0.36881   25.357543 -65.382801    7.730   9.284   99.97384  2.311145  331.681628 -19.036625  29.5476760787330 -27.7626538  108.1436 /L    1.8551   0.0097610   230.96931   -82.84254         n.a.     n.a.
 2026-Jul-17 12:00 *   00 16 56.09 +00 19 41.5  00 18 18.72 +00 28 39.3  -0.78053  -0.44690  211.679840  65.149881    7.727   9.284   99.97461  2.314259  244.668132 -19.039056  29.5079186589351 -27.1732458  110.5449 /L    1.8282   0.0149901   240.20630   -78.86837         n.a.     n.a.
 2026-Jul-20 00:00 *m  00 16 52.90 +00 19 12.3  00 18 15.55 +00 28 10.5  -0.82086  -0.52328   35.440031 -63.065961    7.724   9.284   99.97545  2.317319  157.655355 -19.042665  29.4689540631557 -26.9160124  112.9412 /L    1.7978   0.0162245   237.48356   -77.88152         n.a.     n.a.
 2026-Jul-22 12:00 *   00 16 48.96 +00 18 38.7  00 18 11.72 +00 27 37.3  -1.13832  -0.59831  221.040281  62.403777    7.721   9.284   99.97637  2.320343   70.644093 -19.047551  29.4305441746346 -26.1565352  115.3497 /L    1.7643   0.0214330   242.27298   -73.74840         n.a.     n.a.
 2026-Jul-25 00:00 *m  00 16 44.35 +00 18 00.5  00 18 07.14 +00 26 59.7  -1.17578  -0.67162   43.884286 -60.139021    7.718   9.284   99.97735  2.323302  343.632993 -19.053563  29.3930629297836 -25.8757642  117.7532 /L    1.7274   0.0225680   240.26449   -72.78306         n.a.     n.a.
 2026-Jul-27 12:00 C   00 16 39.01 +00 17 18.1  00 18 01.93 +00 26 17.7  -1.48332  -0.74360  228.712565  59.131288    7.715   9.284   99.97839  2.326214  256.622890 -19.060831  29.3562732816056 -24.9567654  120.1692 /L    1.6875   0.0276546   243.37496   -68.53496         n.a.     n.a.
 2026-Jul-30 00:00 *   00 16 33.03 +00 16 31.3  00 17 55.98 +00 25 31.5  -1.51832  -0.81349   50.871913 -56.758739    7.713   9.284   99.97948  2.329049  169.612424 -19.069170  29.3205350064007 -24.6570476  122.5807 /L    1.6444   0.0287086   241.81847   -67.57649         n.a.     n.a.
 2026-Aug-01 12:00 Cm  00 16 26.34 +00 15 40.4  00 17 49.39 +00 24 41.0  -1.81438  -0.88249  234.990269  55.478067    7.710   9.284   99.98062  2.331826   82.602441 -19.078737  29.2856200674933 -23.5840230  125.0050 /L    1.5985   0.0336269   244.06233   -63.21850         n.a.     n.a.
 2026-Aug-04 00:00 *   00 16 19.04 +00 14 45.4  00 17 42.10 +00 23 46.4  -1.84760  -0.94874   56.669378 -53.046296    7.708   9.284   99.98180  2.334516  355.591589 -19.089313  29.2518729943035 -23.2659108  127.4254 /L    1.5494   0.0346159   242.81967   -62.25241         n.a.     n.a.
 2026-Aug-06 12:00 Cm  00 16 11.06 +00 13 46.5  00 17 34.21 +00 22 47.8  -2.13045  -1.01453  240.176295  51.549624    7.705   9.284   99.98300  2.337136  268.580692 -19.101088  29.2190816815296 -22.0392055  129.8592 /L    1.4977   0.0393281   244.53606   -57.77932         n.a.     n.a.
 2026-Aug-09 00:00 *   00 16 02.49 +00 12 43.7  00 17 25.70 +00 21 45.6  -2.16206  -1.07674   61.531577 -49.089630    7.703   9.284   99.98423  2.339658  181.568397 -19.113804  29.1875777885331 -21.6969822  132.2894 /L    1.4430   0.0402557   243.52584   -56.79245         n.a.     n.a.
 2026-Aug-11 12:00 Cm  00 15 53.29 +00 11 37.3  00 17 16.60 +00 20 39.6  -2.42874  -1.13819  244.525847  47.420033    7.701   9.284   99.98546  2.342099   94.555482 -19.127681  29.1571682959084 -20.3150119  134.7330 /L    1.3856   0.0447035   244.89058   -52.20555         n.a.     n.a.
 2026-Aug-14 00:00 *m  00 15 43.54 +00 10 27.2  00 17 06.88 +00 19 30.0  -2.45714  -1.19528   65.670285 -44.951492    7.698   9.284   99.98670  2.344430    7.540587 -19.142420  29.1281701041634 -19.9446727  137.1728 /L    1.3256   0.0455407   244.05921   -51.20370         n.a.     n.a.
 2026-Aug-16 12:00 C   00 15 33.19 +00 09 13.8  00 16 56.60 +00 18 16.8  -2.70366  -1.25074  248.237273  43.140992    7.696   9.284   99.98793  2.346667  280.524460 -19.158264  29.1004000432146 -18.4190093  139.6253 /L    1.2631   0.0496491   245.17428   -46.52558         n.a.     n.a.
 2026-Aug-19 00:00 *m  00 15 22.35 +00 07 57.2  00 16 45.78 +00 17 00.5  -2.72742  -1.30193   69.251394 -40.676766    7.694   9.284   99.98915  2.348786  193.505768 -19.174871  29.0741493747167 -18.0295566  142.0734 /L    1.1982   0.0503704   244.48253   -45.52682         n.a.     n.a.
 2026-Aug-21 12:00 C   00 15 10.96 +00 06 37.5  00 16 34.47 +00 15 41.2  -2.95165  -1.35087  251.461146  38.749398    7.693   9.284   99.99034  2.350800  106.485269 -19.192513  29.0492389699238 -16.3811484  144.5339 /L    1.1311   0.0541015   245.40798   -40.77344         n.a.     n.a.
 2026-Aug-24 00:00 *m  00 14 59.15 +00 05 15.1  00 16 22.69 +00 14 19.2  -2.97091  -1.39610   72.401919 -36.297869    7.691   9.284   99.99149  2.352688   19.461673 -19.210816  29.0259345289938 -15.9795934  146.9897 /L    1.0618   0.0547098   244.83015   -39.77892         n.a.     n.a.
 2026-Aug-26 12:00 C   00 14 46.82 +00 03 50.0  00 16 10.45 +00 12 54.5  -3.17181  -1.43863  254.310882  34.271934    7.689   9.284   99.99260  2.354462  292.435735 -19.230076  29.0040678640521 -14.2239179  149.4579 /L    0.9905   0.0580470   245.60246   -34.95405         n.a.     n.a.
 2026-Aug-29 00:00 *   00 14 34.14 +00 02 22.5  00 15 57.78 +00 11 27.2  -3.18703  -1.47774   75.219520 -31.838896    7.688   9.284   99.99366  2.356102  205.406209 -19.249892  28.9838791213687 -13.8126464  151.9215 /L    0.9173   0.0585493   245.12409   -33.95830         n.a.     n.a.
 2026-Aug-31 12:00 Cm  00 14 21.00 +00 00 52.7  00 15 44.68 +00 09 57.6  -3.36377  -1.51411  256.872481  29.728315    7.686   9.284   99.99466  2.357619  118.373828 -19.270583  28.9652182026214 -11.9600573  154.3976 /L    0.8423   0.0614805   245.76635   -29.06092         n.a.     n.a.
 2026-Sep-03 00:00 *   00 14 07.56 -00 00 39.2  00 15 31.26 +00 08 25.9  -3.37542  -1.54683   77.779638 -27.318044    7.685   9.284   99.99559  2.358997   31.337391 -19.291727  28.9482996332944 -11.5366517  156.8692 /L    0.7658   0.0618828   245.37971   -28.05127         n.a.     n.a.
 2026-Sep-05 12:00 Cm  00 13 53.71 -00 02 13.0  00 15 17.48 +00 06 52.5  -3.52652  -1.57679  259.212521  25.133672    7.684   9.284   99.99645  2.360245  304.297571 -19.313658  28.9329995104795  -9.5911143  159.3532 /L    0.6878   0.0643830   245.90948   -23.07595         n.a.     n.a.
 2026-Sep-08 00:00 *   00 13 39.63 -00 03 48.4  00 15 03.44 +00 05 17.5  -3.53380  -1.60228   80.141381 -22.749424    7.683   9.284   99.99723  2.361346  217.253212 -19.335935  28.9195059984497  -9.1510391  161.8319 /L    0.6085   0.0646680   245.60972   -22.04274         n.a.     n.a.
 2026-Sep-10 12:00 Cm  00 13 25.20 -00 05 25.3  00 14 49.06 +00 03 40.8  -3.65626  -1.62462  261.383192  20.499867    7.682   9.284   99.99792  2.362309  130.204905 -19.358902  28.9077194268794  -7.1214511  164.3218 /L    0.5280   0.0666826   246.04250   -16.99964         n.a.     n.a.
 2026-Sep-13 00:00 *m  00 13 10.62 -00 07 03.3  00 14 34.47 +00 02 02.9  -3.65748  -1.64194   82.352387 -18.144553    7.681   9.284   99.99852  2.363120   43.151570 -19.382094  28.8977928708643  -6.6708696  166.8039 /L    0.4467   0.0668189   245.82342   -15.95528         n.a.     n.a.
 2026-Sep-15 12:00 C   00 12 55.76 -00 08 42.3  00 14 19.64 +00 00 24.0  -3.74898  -1.65577  263.426563  15.836657    7.680   9.284   99.99902  2.363787  316.093750 -19.405865  28.8896400005437  -4.5803464  169.2928 /L    0.3645   0.0683057   246.17091   -10.87513         n.a.     n.a.
 2026-Sep-18 00:00 *m  00 12 40.81 -00 10 22.0  00 14 04.72 -00 01 15.5  -3.74399  -1.66505   84.451465 -13.512946    7.680   9.284   99.99942  2.364300  229.030471 -19.429731  28.8833749825728  -4.1312011  171.7656 /L    0.2822   0.0682924   246.02403   -9.835120         n.a.     n.a.
 2026-Sep-20 12:00 C   00 12 25.67 -00 12 02.1  00 13 49.62 -00 02 55.3  -3.80420  -1.67040  265.377798  11.152426    7.680   9.284   99.99971  2.364664  141.962250 -19.454063  28.8789245224704  -2.0028211  174.2256 /L    0.1999   0.0692463   246.29409   -4.742013         n.a.     n.a.
 2026-Sep-23 00:00 *m  00 12 10.52 -00 13 42.4  00 13 34.48 -00 04 35.5  -3.79369  -1.67213   86.471640  -8.862844    7.679   9.284   99.99990  2.364874   54.888208 -19.478362  28.8763696405884  -1.5601124  176.6000 /L    0.1199   0.0690975   246.21369   -3.706636         n.a.     n.a.
 2026-Sep-25 12:00 C   00 11 55.24 -00 15 22.7  00 13 19.21 -00 06 15.7  -3.82300  -1.66934  267.266865   6.454369    7.679   9.284   99.99998  2.364932  327.808827 -19.503011  28.8756538525513   0.5880171  178.4708 /L    0.0540   0.0695262   246.41112   1.3823484         n.a.     n.a.
 2026-Sep-28 00:00 *   00 11 40.02 -00 17 02.7  00 13 03.99 -00 07 55.8  -3.80770  -1.66385   88.442111  -4.201616    7.680   9.284   99.99995  2.364836  240.723320 -19.527507  28.8768274514790   1.0241031  177.5896 /T    0.0758   0.0692559   246.39619   2.4201245         n.a.     n.a.
 2026-Sep-30 12:00 Nm  00 11 24.74 -00 18 42.3  00 12 48.73 -00 09 35.2  -3.80667  -1.65338  269.120680   1.749017    7.680   9.284   99.99981  2.364588  153.632112 -19.552240  28.8798569714732   3.1803823  175.3064 /T    0.1511   0.0691706   246.52285   7.4975900         n.a.     n.a.
 2026-Oct-03 00:00 *   00 11 09.60 -00 20 21.1  00 12 33.61 -00 11 13.9  -3.78667  -1.64039   90.389394   0.464051    7.680   9.284   99.99957  2.364186   66.534496 -19.576706  28.8847644260610   3.6152785  172.8611 /T    0.2323   0.0687786   246.57763   8.5558771         n.a.     n.a.
 2026-Oct-05 12:00 Nm  00 10 54.47 -00 21 59.0  00 12 18.51 -00 12 51.6  -3.75449  -1.62201  270.964511  -2.957453    7.681   9.284   99.99922  2.363631  339.430808 -19.601291  28.8915442284059   5.7715074  170.3645 /T    0.3148   0.0681647   246.63468   13.622744         n.a.     n.a.
 2026-Oct-08 00:00 *   00 10 39.54 -00 23 35.7  00 12 03.59 -00 14 28.3  -3.72838  -1.60060   92.339081   5.127610    7.681   9.284   99.99877  2.362925  252.320432 -19.625492  28.9001832026195   6.2037476  167.8570 /T    0.3969   0.0676238   246.76604   14.708801         n.a.     n.a.
 2026-Oct-10 12:00 N   00 10 24.71 -00 25 11.0  00 11 48.74 -00 16 03.7  -3.66368  -1.57380  272.822832  -7.659017    7.682   9.284   99.99821  2.362066  165.203627 -19.649688  28.9106962002779   8.3405082  165.3309 /T    0.4788   0.0664567   246.75323   19.749655         n.a.     n.a.
 2026-Oct-13 00:00 *m  00 10 10.16 -00 26 44.6  00 11 34.19 -00 17 37.3  -3.63089  -1.54379   94.316740   9.782448    7.683   9.284   99.99757  2.361059   78.079916 -19.673378  28.9230257696765   8.7569655  162.8062 /T    0.5596   0.0657577   246.96569   20.847226         n.a.     n.a.
 2026-Oct-15 12:00 N   00 09 55.79 -00 28 16.2  00 11 19.82 -00 19 08.9  -3.53408  -1.50881  274.721162 -12.349305    7.684   9.284   99.99683  2.359902  350.949503 -19.696935  28.9372025511842  10.8494268  160.2684 /T    0.6396   0.0640448   246.88085   25.836733         n.a.     n.a.
 2026-Oct-18 00:00 *m  00 09 41.77 -00 29 45.6  00 11 05.82 -00 20 38.2  -3.49566  -1.47109   96.349034  14.421729    7.685   9.284   99.99602  2.358604  263.812061 -19.719868  28.9531286459447  11.2397777  157.7354 /T    0.7181   0.0632099   247.17704   26.929798         n.a.     n.a.
 2026-Oct-20 12:00 N   00 09 28.00 -00 31 12.6  00 10 52.04 -00 22 05.3  -3.36839  -1.42854  276.686861 -17.021633    7.687   9.284   99.99512  2.357161  176.667740 -19.742549  28.9708524193768  13.2683636  155.1913 /T    0.7955   0.0609799   247.01817   31.850097         n.a.     n.a.
 2026-Oct-23 00:00 *m  00 09 14.65 -00 32 37.1  00 10 38.68 -00 23 29.8  -3.32561  -1.38413   98.465572  19.037981    7.688   9.284   99.99416  2.355584   89.516343 -19.764497  28.9902432283388  13.6295763  152.6533 /T    0.8709   0.0600358   247.40282   32.933415         n.a.     n.a.
 2026-Oct-25 12:00 N   00 09 01.61 -00 33 58.6  00 10 25.61 -00 24 51.5  -3.16998  -1.33468  278.750631 -21.668739    7.690   9.284   99.99313  2.353869    2.357963 -19.786081  29.0113680088883  15.5792567  150.1048 /T    0.9449   0.0573249   247.16716   37.771627         n.a.     n.a.
 2026-Oct-28 00:00 C   00 08 49.06 -00 35 17.2  00 10 13.07 -00 26 10.2  -3.12392  -1.28435  100.700103  23.622920    7.691   9.284   99.99205  2.352029  275.192516 -19.806835  29.0340699116718  15.9149373  147.5631 /T    1.0166   0.0562939   247.65074   38.849890         n.a.     n.a.
 2026-Oct-30 12:00 Nm  00 08 36.89 -00 36 32.6  00 10 00.89 -00 27 25.5  -2.94166  -1.22847  280.948709 -26.282235    7.693   9.284   99.99093  2.350056  188.020018 -19.827121  29.0584390181498  17.7780759  145.0107 /T    1.0867   0.0531311   247.33398   43.607241         n.a.     n.a.
 2026-Nov-02 00:00 C   00 08 25.26 -00 37 44.7  00 09 49.28 -00 28 37.5  -2.89174  -1.17197  103.092511  28.166937    7.695   9.284   99.98977  2.347967  100.840469 -19.846491  29.0842949651434  18.0943085  142.4652 /T    1.1543   0.0520034   247.93815   44.701025         n.a.     n.a.
 2026-Nov-04 12:00 Nm  00 08 14.07 -00 38 53.1  00 09 38.05 -00 29 46.2  -2.68303  -1.10954  283.324655 -30.852228    7.697   9.284   99.98859  2.345753   13.653806 -19.865285  29.1117471759087  19.8581620  139.9092 /T    1.2199   0.0483900   247.53299   49.385096         n.a.     n.a.
 2026-Nov-07 00:00 C   00 08 03.48 -00 39 57.8  00 09 27.46 -00 30 51.1  -2.62826  -1.04645  105.691693  32.658230    7.699   9.284   99.98739  2.343432  286.460152 -19.883078  29.1405804170154  20.1467568  137.3606 /T    1.2827   0.0471487   248.28986   50.497794         n.a.     n.a.
 2026-Nov-09 12:00 N   00 07 53.40 -00 40 58.6  00 09 17.33 -00 31 52.0  -2.39433  -0.97803  285.932824 -35.366377    7.701   9.284   99.98618  2.340995  199.259389 -19.900184  29.1709168360319  21.7895143  134.8023 /T    1.3433   0.0431063   247.78108   55.099934         n.a.     n.a.
 2026-Nov-12 00:00 Cm  00 07 43.97 -00 41 55.2  00 09 07.92 -00 32 48.7  -2.33548  -0.90899  108.558253  37.082214    7.704   9.284   99.98498  2.338463  112.051793 -19.916211  29.2025037414287  22.0381875  132.2525 /T    1.4007   0.0417690   248.73357   56.214991         n.a.     n.a.
 2026-Nov-14 12:00 N   00 07 35.11 -00 42 47.6  00 08 59.02 -00 33 41.1  -2.07900  -0.83571  288.842704 -39.808872    7.706   9.284   99.98378  2.335825   24.837192 -19.931451  29.2354784243176  23.5424759  129.6938 /T    1.4558   0.0373447   248.10103   60.725123         n.a.     n.a.
 2026-Nov-17 00:00 Cm  00 07 26.94 -00 43 35.5  00 08 50.87 -00 34 29.1  -2.01774  -0.76192  111.769674  41.420074    7.709   9.284   99.98262  2.333105  297.616014 -19.945543  29.2695573860333  23.7452451  127.1444 /T    1.5075   0.0359467   249.31304   61.825319         n.a.     n.a.
 2026-Nov-19 12:00 N   00 07 19.40 -00 44 18.9  00 08 43.26 -00 35 12.7  -1.74177  -0.68477  292.144262 -44.159171    7.711   9.284   99.98148  2.330292  210.388018 -19.958761  29.3048950457379  25.1001835  124.5866 /T    1.5565   0.0311924   248.53788   66.239831         n.a.     n.a.
 2026-Nov-22 00:00 Cm  00 07 12.58 -00 44 57.7  00 08 36.44 -00 35 51.8  -1.67975  -0.60752  115.426271  45.646958    7.714   9.284   99.98038  2.327410  123.153762 -19.970777  29.3411850835627  25.2574827  122.0388 /T    1.6021   0.0297707   250.11629   67.312324         n.a.     n.a.
 2026-Nov-24 12:00 Nm  00 07 06.42 -00 45 31.8  00 08 30.23 -00 36 26.0  -1.38743  -0.52731  295.956292 -48.389478    7.717   9.284   99.97933  2.324446   35.912938 -19.981848  29.3785991840189  26.4578281  119.4828 /T    1.6448   0.0247377   249.19009   71.631729         n.a.     n.a.
 2026-Nov-27 00:00 C   00 07 01.01 -00 46 01.0  00 08 24.86 -00 36 55.2  -1.32550  -0.44744  119.658303  49.729408    7.720   9.284   99.97834  2.321426  308.666196 -19.991676  29.4168180310991  26.5781195  116.9367 /T    1.6839   0.0233164   251.34718   72.674536         n.a.     n.a.
 2026-Nov-29 12:00 Am  00 06 56.30 -00 46 25.4  00 08 20.11 -00 37 19.6  -1.01861  -0.36422  300.436337 -52.461231    7.723   9.284   99.97741  2.318336  221.413145 -20.000494  29.4560305579474  27.6224325  114.3821 /T    1.7201   0.0180295   250.32464   76.916305         n.a.     n.a.
 2026-Dec-02 00:00 C   00 06 52.37 -00 46 44.8  00 08 16.18 -00 37 39.2  -0.95565  -0.28154  124.634883  53.620989    7.725   9.284   99.97656  2.315202  134.154510 -20.008035  29.4959027739132  27.7082113  111.8375 /T    1.7524   0.0166043   253.58493   77.939475         n.a.     n.a.
 2026-Dec-04 12:00 Am  00 06 49.17 -00 46 59.1  00 08 12.90 -00 37 53.8  -0.63552  -0.19549  305.791045 -56.319995    7.728   9.284   99.97578  2.312009   46.889855 -20.014500  29.5366286761006  28.5821366  109.2844 /T    1.7817   0.0110818   252.90221   82.118651         n.a.     n.a.
 2026-Dec-07 00:00 C   00 06 46.77 -00 47 08.3  00 08 10.51 -00 38 03.2  -0.57152  -0.11037  130.569205  57.256842    7.731   9.284   99.97509  2.308787  319.620019 -20.019658  29.5778517743352  28.6239324  106.7418 /T    1.8071   0.0097014   259.06944   83.090725         n.a.     n.a.
 2026-Dec-09 12:00 A   00 06 45.13 -00 47 12.3  00 08 08.82 -00 38 07.3  -0.24125  -0.02274  312.283317 -59.887642    7.735   9.284   99.97448  2.305520  232.344538 -20.023682  29.6197707641520  29.3133143  104.1915 /T    1.8294   0.0040386   264.61492   87.175957         n.a.     n.a.
 2026-Dec-12 00:00 Cm  00 06 44.31 -00 47 11.0  00 08 08.02 -00 38 06.1  -0.17757  0.063834  137.712719  60.546576    7.738   9.284   99.97397  2.302236  145.064366 -20.026381  29.6620102873992  29.3051851  101.6525 /T    1.8476   0.0031449   289.77281   87.796439         n.a.     n.a.
 2026-Dec-14 12:00 A   00 06 44.26 -00 47 04.6  00 08 07.91 -00 37 59.8  0.159272  0.151646  320.217176 -63.053539    7.741   9.284   99.97356  2.298922   57.778998 -20.027897  29.7047789812379  29.8044098   99.1065 /T    1.8626   0.0036653   46.404924   87.471600         n.a.     n.a.
 2026-Dec-17 00:00 Cm  00 06 45.03 -00 46 52.9  00 08 08.68 -00 37 48.4  0.220990  0.238581  146.317356  63.367027    7.744   9.284   99.97325  2.295606  330.489491 -20.028088  29.7476882731516  29.7460025   96.5727 /T    1.8736   0.0054201   42.807941   86.251311         n.a.     n.a.
 2026-Dec-19 12:00 A   00 06 46.58 -00 46 35.9  00 08 10.15 -00 37 31.7  0.560995  0.325497  329.867714 -65.666910    7.747   9.284   99.97304  2.292271  243.195283 -20.027064  29.7909591318065  30.0561787   94.0323 /T    1.8813   0.0108098   59.877105   82.620489         n.a.     n.a.
 2026-Dec-22 00:00 Cm  00 06 48.95 -00 46 13.8  00 08 12.54 -00 37 09.7  0.619340  0.411696  156.531044  65.561803    7.750   9.284   99.97294  2.288949  155.897516 -20.024725  29.8341972349415  29.9530733   91.5044 /T    1.8850   0.0123948   56.386705   81.512263         n.a.     n.a.
 2026-Dec-24 12:00 Am  00 06 52.11 -00 45 46.5  00 08 15.65 -00 36 42.5  0.959753  0.497248  341.308132 -67.541384    7.753   9.284   99.97293  2.285621   68.595556 -20.021155  29.8776367181853  30.0817203   88.9702 /T    1.8855   0.0180153   62.611316   77.795554         n.a.     n.a.
 2026-Dec-27 00:00 C   00 06 56.06 -00 45 14.2  00 08 19.63 -00 36 10.2  1.014865  0.582335  168.215554  66.958894    7.756   9.284   99.97304  2.282318  341.290589 -20.016289  29.9208859110661  29.9443497   86.4481 /T    1.8820   0.0195012   60.152558   76.745982         n.a.     n.a.
 2026-Dec-29 12:00 Am  00 07 00.80 -00 44 36.7  00 08 24.30 -00 35 32.9  1.354715  0.666963  354.153892 -68.491164    7.760   9.284   99.97324  2.279020  253.981920 -20.010180  29.9641840115075  29.8937014   83.9194 /T    1.8753   0.0251666   63.787726   73.042025         n.a.     n.a.
$$EOE
**********************************************************************************************************************************************************************************************************************************************************************************************
Column meaning:
 
TIME

  Times PRIOR to 1962 are UT1, a mean-solar time closely related to the
prior but now-deprecated GMT. Times AFTER 1962 are in UTC, the current
civil or "wall-clock" time-scale. UTC is kept within 0.9 seconds of UT1
using integer leap-seconds for 1972 and later years.

  Conversion from the internal Barycentric Dynamical Time (TDB) of solar
system dynamics to the non-uniform civil UT time-scale requested for output
has not been determined for UTC times after the next July or January 1st.
Therefore, the last known leap-second is used as a constant over future
intervals.

  Time tags refer to the UT time-scale conversion from TDB on Earth
regardless of observer location within the solar system, although clock
rates may differ due to the local gravity field and no analog to "UT"
may be defined for that location.

  Any 'b' symbol in the 1st-column denotes a B.C. date. First-column blank
(" ") denotes an A.D. date.
 
CALENDAR SYSTEM

  Mixed calendar mode was active such that calendar dates after AD 1582-Oct-15
(if any) are in the modern Gregorian system. Dates prior to 1582-Oct-5 (if any)
are in the Julian calendar system, which is automatically extended for dates
prior to its adoption on 45-Jan-1 BC.  The Julian calendar is useful for
matching historical dates. The Gregorian calendar more accurately corresponds
to the Earth's orbital motion and seasons. A "Gregorian-only" calendar mode is
available if such physical events are the primary interest.

  NOTE: "n.a." in output means quantity "not available" at the print-time.
 
SOLAR PRESENCE (OBSERVING SITE)
  Time tag is followed by a blank, then a solar-presence symbol:

       '*'  Daylight (refracted solar upper-limb on or above apparent horizon)
       'C'  Civil twilight/dawn
       'N'  Nautical twilight/dawn
       'A'  Astronomical twilight/dawn
       ' '  Night OR geocentric ephemeris

LUNAR PRESENCE (OBSERVING SITE)
  The solar-presence symbol is immediately followed by a lunar-presence symbol:

       'm'  Refracted upper-limb of Moon on or above apparent horizon
       ' '  Refracted upper-limb of Moon below apparent horizon OR geocentric
            ephemeris
 
 'R.A._____(ICRF)_____DEC' =
  Astrometric right ascension and declination of the target center with
respect to the observing site (coordinate origin) in the reference frame of
the planetary ephemeris (ICRF). Compensated for down-leg light-time delay
aberration.

  Units: RA  in hours-minutes-seconds of time,    HH MM SS.ff{ffff}
         DEC in degrees-minutes-seconds of arc,  sDD MN SC.f{ffff}
 
 'R.A.__(a-apparent)__DEC' =
  Airless apparent right ascension and declination of the target center
with respect to an instantaneous reference frame defined by the Earth equator
of-date (z-axis) and meridian containing the Earth equinox of-date (x-axis,
EOP-corrected IAU76/80). Compensated for down-leg light-time delay,
gravitational deflection of light, stellar aberration, precession & nutation.
Note: equinox (RA origin) is offset -53 mas from the of-date frame defined
by the IAU06/00a P & N system.

  Units: RA  in hours-minutes-seconds of time,   HH MM SS.ff{ffff}
         DEC in degrees-minutes-seconds of arc, sDD MN SC.f{ffff}
 
 'dRA*cosD d(DEC)/dt' =
  The angular rate of change in apparent RA and DEC of the target. This is
with respect to the non-inertial IAU76/80 Earth true equator and equinox
of-date reference frame.  d(RA)/dt is multiplied by the cosine of declination
to provide a linear rate in the plane-of-sky. Units: ARCSECONDS PER HOUR
 
 'Azi____(a-app)___Elev' =
  Airless apparent azimuth and elevation of target center. Compensated
for light-time, the gravitational deflection of light, stellar aberration,
precession and nutation. Azimuth is measured clockwise from north:

  North(0) -> East(90) -> South(180) -> West(270) -> North (360)

Elevation angle is with respect to a plane perpendicular to the reference
surface local zenith direction. TOPOCENTRIC ONLY.  Units: DEGREES
 
 'APmag   S-brt' =
  The targets' approximate apparent visual magnitude and surface brightness.
For planets and natural satellites, output is restricted to solar phase angles
covered by observational data. Outside the observed phase angle range, "n.a."
may be output to avoid extrapolation beyond the limit of model validity.

   For Earth-based observers, the estimated dimming due to atmospheric
absorption (extinction) is available as a separate, requestable quantity.

   Surface brightness is the average airless visual magnitude of a
square-arcsecond of the illuminated portion of the apparent disk. It is
computed only if the target radius is known.

   Units: MAGNITUDES & MAGNITUDES PER SQUARE ARCSECOND
 
 'Illu%' =
   Fraction of the target objects' assumed circular disk illuminated by Sun
(phase), as seen by the observer.  Units: PERCENT
 
 'Ang-diam' =
   The equatorial angular width of the target body full disk, if it were fully
illuminated and visible to the observer. If the target body diameter is unknown
"n.a." is output.

   Units: ARCSECONDS
 
 'ObsSub-LON ObsSub-LAT' =
   Apparent planetodetic longitude and latitude of the center of the target
disc seen by the OBSERVER at print-time. This is NOT exactly the same as the
"nearest" sub-point for a non-spherical target shape (since the center of the
disc might not be the point closest to the observer), but is generally very
close if not a very irregular body shape. Down-leg light travel-time from
target to observer is taken into account. Latitude is the angle between the
equatorial plane and the line perpendicular to the reference ellipsoid of the
body, so includes body oblateness. The reference ellipsoid is an oblate
spheroid with a single flatness coefficient in which the y-axis body radius
is taken to be the same value as the x-axis radius.  For Jupiter, Saturn, and
Uranus, IAU2015 longitude is based on the "System III" prime meridian rotation
angle of the magnetic field. By contrast, pole direction (thus latitude) is
relative to the body dynamical equator.  There can be an offset between the
magnetic pole and the dynamical pole of rotation. For Neptune, rotation is
IAU2015 "System II" rotation of optically observed features in the Neptunian
atmosphere. Positive longitude is to the WEST for this target. Cartographic
system is specified in the header.  Units: DEGREES DEGREES
 
 'delta      deldot' =
   Apparent range ("delta", light-time aberrated) and range-rate ("delta-dot")
of the target center relative to the observer. A positive "deldot" means the
target center is moving away from the observer, negative indicates movement
toward the observer.  Units: AU and KM/S
 
 'S-O-T /r' =
   Sun-Observer-Target apparent SOLAR ELONGATION ANGLE seen from the observers'
location at print-time.

   The '/r' column provides a code indicating the targets' apparent position
relative to the Sun in the observers' sky, as described below:

   Case A: For an observing location on the surface of a rotating body, that
body rotational sense is considered:

    /T indicates target TRAILS Sun   (evening sky: rises and sets AFTER Sun)
    /L indicates target LEADS Sun    (morning sky: rises and sets BEFORE Sun)

   Case B: For an observing point that does not have a rotational model (such
as a spacecraft), the "leading" and "trailing" condition is defined by the
observers' heliocentric ORBITAL motion:

    * If continuing in the observers' current direction of heliocentric
       motion would encounter the targets' apparent longitude first, followed
       by the Sun's, the target LEADS the Sun as seen by the observer.

    * If the Sun's apparent longitude would be encountered first, followed
       by the targets', the target TRAILS the Sun.

   Two other codes can be output:
    /* indicates observer is Sun-centered    (undefined)
    /? Target is aligned with Sun center     (no lead or trail)

   The S-O-T solar elongation angle is numerically the minimum separation
angle of the Sun and target in the sky in any direction. It does NOT indicate
the amount of separation in the leading or trailing directions, which would
be defined along the equator of a spherical coordinate system.

   Units: DEGREES
 
 'S-T-O' =
   The Sun-Target-Observer angle; the interior vertex angle at target center
formed by a vector from the target to the apparent center of the Sun (at
reflection time on the target) and the apparent vector from target to the
observer at print-time. Slightly different from true PHASE ANGLE (requestable
separately) at the few arcsecond level in that it includes stellar aberration
on the down-leg from target to observer.  Units: DEGREES
 
 'Sky_motion  Sky_mot_PA  RelVel-ANG' =
  Total apparent angular rate of the target in the plane-of-sky. "Sky_mot_PA"
is the position angle of the target's direction of motion in the plane-of-sky,
measured counter-clockwise from the apparent of-date north pole direction.
"RelVel-ANG" is the flight path angle of the target's relative motion with
respect to the observer's line-of-sight, in the range [-90,+90], where positive
values indicate motion away from the observer, negative values are toward the
observer:

  -90 = target is moving directly toward the observer
    0 = target is moving at right angles to the observer's line-of-sight
  +90 = target is moving directly away from the observer

UNITS:  ARCSECONDS/MINUTE, DEGREES, DEGREES
 
 'Lun_Sky_Brt  sky_SNR' =
  Sky brightness due to moonlight scattered by Earth's atmosphere at the
target's position in the sky. "sky_SNR" is the visual signal-to-noise ratio
(SNR) of the target's surface brightness relative to background sky. Output
only for topocentric Earth observers when both the Moon and target are above
the local horizon and the Sun is in astronomical twilight (or further) below
the horizon, and the target is not the Moon or Sun. If all conditions are
not met, "n.a." is output. Galactic brightness, local sky light-pollution
and weather are NOT considered. Lunar opposition surge is considered. The
value returned is accurate under ideal conditions at the approximately 8-23%
level, so is a useful but not definitive value.

  If the target-body radius is also known, "sky_SNR" is output. This is the
approximate visual signal-to-noise ratio of the target's brightness divided
by lunar sky brightness. When sky_SNR < 1, the target is dimmer than the
ideal moonlight-scattering background sky, so unlikely to be detectable at
visual wavelengths. In practice, visibility requires sky_SNR > 1 and a
detector sensitive enough to reach the target's magnitude, even if it isn't
washed out by moonlight. When relating magnitudes and brightness values,
keep in mind their logarithmic relationship m2-m1 = -2.5*log_10(b2/b1).

  UNITS: VISUAL MAGNITUDES / ARCSECOND^2, and unitless ratio

Computations by ...

    Solar System Dynamics Group, Horizons On-Line Ephemeris System
    4800 Oak Grove Drive, Jet Propulsion Laboratory
    Pasadena, CA  91109   USA

    General site: https://ssd.jpl.nasa.gov/
    Mailing list: https://ssd.jpl.nasa.gov/email_list.html
    System news : https://ssd.jpl.nasa.gov/horizons/news.html
    User Guide  : https://ssd.jpl.nasa.gov/horizons/manual.html
    Connect     : browser        https://ssd.jpl.nasa.gov/horizons/app.html#/x
                  API            https://ssd-api.jpl.nasa.gov/doc/horizons.html
                  command-line   telnet ssd.jpl.nasa.gov 6775
                  e-mail/batch   https://ssd.jpl.nasa.gov/ftp/ssd/horizons_batch.txt
                  scripts        https://ssd.jpl.nasa.gov/ftp/ssd/SCRIPTS
    Author      : Jon.D.Giorgini@jpl.nasa.gov

**********************************************************************************************************************************************************************************************************************************************************************************************
