*******************************************************************************
 Revised: April 22, 2021              Neptune                               899
 
 PHYSICAL DATA (update 2021-May-03):
  Mass x10^24 (kg)      = 102.409         Density (g/cm^3)       =  1.638
  Equat. radius (1 bar) = 24766+-15 km    Volume, 10^10 km^3     = 6254     
  Vol. mean radius (km) = 24624+-21       Polar radius (km)      = 24342+-30
  Geometric Albedo      = 0.41            Flattening             =  0.0171
  Sid. rot. period (III)= 16.11+-0.01 hr  Sid. rot. rate (rad/s) =  0.000108338 
  Mean solar day, h     =~16.11 h         
  GM (km^3/s^2)         = 6835099.97      GM 1-sigma (km^3/s^2)  = +-10 
  Equ. grav, ge (m/s^2) = 11.15           Pol. grav, gp (m/s^2)  = 11.41+-0.03
  Visual magnitude V(1,0)= -6.87
  Vis. mag. (opposition)=  +7.84          Obliquity to orbit     = 28.32 deg
  Sidereal orbit period = 164.788501027 y Sidereal orbit period  = 60189 d
  Mean daily motion     = 0.006020076dg/d Mean orbit velocity    =  5.43 km/s 
  Atmos. temp. (1 bar)  =  72+-2 K        Escape speed (1 bar)  =  23.5 km/s     
  Aroche(ice)/Rp        =  2.98           Hill's sphere rad., Rp = 4700
                                 Perihelion  Aphelion    Mean
  Solar Constant (W/m^2)         1.54        1.49        1.51
  Maximum Planetary IR (W/m^2)   0.52        0.52        0.52
  Minimum Planetary IR (W/m^2)   0.52        0.52        0.52
*******************************************************************************


*******************************************************************************
Ephemeris / WWW_USER Mon Apr  6 18:01:36 2026 Pasadena, USA      / Horizons    
*******************************************************************************
Target body name: Neptune (899)                   {source: nep097_merged}
Center body name: Earth (399)                     {source: nep097_merged}
Center-site name: (user defined site below)
*******************************************************************************
Start time      : A.D. 2026-Jan-01 00:00:00.0000 UT      
Stop  time      : A.D. 2026-Dec-31 00:00:00.0000 UT      
Step-size       : 3600 minutes
*******************************************************************************
Target pole/equ : IAU_NEPTUNE                     {West-longitude positive}
Target radii    : 24764.0, 24764.0, 24341.0 km    {Equator_a, b, pole_c}       
Center geodetic : 255.5, 24.0, 1.9                {E-lon(deg),Lat(deg),Alt(km)}
Center cylindric: 255.5, 5831.683, 2579.05622     {E-lon(deg),Dxy(km),Dz(km)}
Center pole/equ : ITRF93                          {East-longitude positive}
Center radii    : 6378.137, 6378.137, 6356.752 km {Equator_a, b, pole_c}       
Target primary  : Sun
Vis. interferer : MOON (R_eq= 1737.400) km        {source: DE441}
Rel. light bend : Sun                             {source: nep097_merged}
Rel. lght bnd GM: 1.3271E+11 km^3/s^2                                          
Atmos refraction: NO (AIRLESS)
RA format       : HMS
Time format     : CAL 
Calendar mode   : Mixed Julian/Gregorian
EOP file        : eop.260406.p260703                                           
EOP coverage    : DATA-BASED 1962-JAN-20 TO 2026-APR-06. PREDICTS-> 2026-JUL-02
Units conversion: 1 au= 149597870.700 km, c= 299792.458 km/s, 1 day= 86400.0 s 
Table cut-offs 1: Elevation (-90.0deg=NO ),Airmass (>38.000=NO), Daylight (NO )
Table cut-offs 2: Solar elongation (  0.0,180.0=NO ),Local Hour Angle( 0.0=NO )
Table cut-offs 3: RA/DEC angular rate (     0.0=NO )                           
**********************************************************************************************************************************************************************************************************************************************************************************************
 Date__(UT)__HR:MN     R.A._____(ICRF)_____DEC  R.A.__(a-apparent)__DEC  dRA*cosD d(DEC)/dt  Azi____(a-app)___Elev    APmag   S-brt      Illu%  Ang-diam  ObsSub-LON ObsSub-LAT             delta      deldot     S-O-T /r     S-T-O  Sky_motion  Sky_mot_PA  RelVel-ANG  Lun_Sky_Brt  sky_SNR
**********************************************************************************************************************************************************************************************************************************************************************************************
$$SOE
 2026-Jan-01 00:00 *m  23 58 58.57 -01 33 48.3  00 00 18.65 -01 25 07.1  1.604839  0.829920  170.944388  64.298317    7.767   9.284   99.97395  2.271916  292.675200 -20.796400  30.0578788894635  29.4470146   78.9436 /T    1.8505   0.0301122   62.654886   69.617711         n.a.     n.a.
 2026-Jan-03 12:00  m  23 59 05.65 -01 32 56.1  00 00 25.69 -01 24 14.9  1.935328  0.911268  356.153393 -67.358720    7.770   9.284   99.97445  2.268712  205.358408 -20.786903  30.1003211967257  29.2091283   76.4255 /T    1.8332   0.0356523   64.786155   66.053364         n.a.     n.a.
 2026-Jan-06 00:00 *   23 59 13.49 -01 31 59.0  00 00 33.56 -01 23 17.9  1.982850  0.990667  182.216819  64.594888    7.773   9.284   99.97503  2.265562  118.040034 -20.776210  30.1421720461545  28.8780631   73.9199 /T    1.8122   0.0369426   63.452484   65.009318         n.a.     n.a.
 2026-Jan-08 12:00  m  23 59 22.07 -01 30 57.2  00 00 42.07 -01 22 16.3  2.307779  1.069163    8.724599 -67.135809    7.776   9.284   99.97570  2.262448   30.719386 -20.764345  30.1836670445592  28.4651095   71.4084 /T    1.7881   0.0423902   65.142335   61.482434         n.a.     n.a.
 2026-Jan-11 00:00 *   23 59 31.39 -01 29 50.8  00 00 51.38 -01 21 10.1  2.350923  1.146409  193.349441  64.027562    7.779   9.284   99.97645  2.259397  303.397743 -20.751326  30.2244207528534  28.1020435   68.9092 /T    1.7604   0.0435925   64.004199   60.457737         n.a.     n.a.
 2026-Jan-13 12:00  m  23 59 41.44 -01 28 39.7  00 01 01.37 -01 19 59.2  2.668291  1.221421   20.572008 -65.974003    7.782   9.284   99.97728  2.256392  216.074394 -20.737143  30.2646663895249  27.5105663   66.4043 /T    1.7297   0.0489093   65.403876   56.959521         n.a.     n.a.
 2026-Jan-16 00:00 *   23 59 52.19 -01 27 24.2  00 01 12.14 -01 18 43.8  2.706272  1.295758  203.711296  62.656507    7.785   9.284   99.97817  2.253462  128.750682 -20.721856  30.3040160717227  27.1111362   63.9118 /T    1.6955   0.0500080   64.414995   55.953102         n.a.     n.a.
 2026-Jan-18 12:00     00 00 03.64 -01 26 04.3  00 01 23.54 -01 17 23.9  3.013390  1.366455   31.036452 -64.005212    7.787   9.284   99.97913  2.250589   41.425872 -20.705421  30.3427027651325  26.3436345   61.4142 /T    1.6584   0.0551456   65.607562   52.482531         n.a.     n.a.
 2026-Jan-21 00:00 *m  00 00 15.75 -01 24 40.3  00 01 35.67 -01 16 00.0  3.045033  1.436788  212.919523  60.599687    7.790   9.284   99.98013  2.247801  314.101355 -20.687939  30.3803431012658  25.9087377   58.9294 /T    1.6181   0.0561164   64.739880   51.500153         n.a.     n.a.
 2026-Jan-23 12:00     00 00 28.53 -01 23 12.1  00 01 48.38 -01 14 32.0  3.339027  1.502428   39.907469 -61.401493    7.793   9.284   99.98119  2.245079  226.776375 -20.669341  30.4171693868978  24.9727052   56.4402 /T    1.5750   0.0610246   65.774168   48.059585         n.a.     n.a.
 2026-Jan-26 00:00 *m  00 00 41.93 -01 21 40.0  00 02 01.78 -01 13 00.1  3.363202  1.567614  220.869102  57.994117    7.795   9.284   99.98228  2.242452  139.452337 -20.649764  30.4528124768711  24.5108052   53.9644 /T    1.5289   0.0618433   65.009414   47.113230         n.a.     n.a.
 2026-Jan-28 12:00     00 00 55.96 -01 20 04.1  00 02 15.76 -01 11 24.2  3.641636  1.627797   47.291530 -58.324011    7.798   9.284   99.98340  2.239900   52.128459 -20.629114  30.4875053977334  23.4210947   51.4845 /T    1.4802   0.0664815   65.915545   43.707986         n.a.     n.a.
 2026-Jan-31 00:00 *m  00 01 10.55 -01 18 24.7  00 02 30.39 -01 09 44.7  3.658542  1.687499  227.642905  54.966642    7.800   9.284   99.98454  2.237449  324.806118 -20.607559  30.5209018060154  22.9470049   49.0182 /T    1.4286   0.0671495   65.238526   42.805996         n.a.     n.a.
 2026-Feb-02 12:00  m  00 01 25.73 -01 16 41.7  00 02 45.53 -01 08 01.8  3.920606  1.742586   53.426100 -54.901471    7.802   9.284   99.98569  2.235081  237.484502 -20.584979  30.5532325181458  21.7183874   46.5478 /T    1.3747   0.0715071   66.036356   39.430789         n.a.     n.a.
 2026-Feb-05 00:00 *   00 01 41.42 -01 14 55.5  00 03 01.23 -01 06 15.8  3.931908  1.797331  233.405986  51.620853    7.805   9.284   99.98685  2.232821  150.164951 -20.561571  30.5841695943919  21.2380568   44.0903 /T    1.3183   0.0720538   65.434182   38.562269         n.a.     n.a.
 2026-Feb-07 12:00  m  00 01 57.66 -01 13 06.2  00 03 17.41 -01 04 26.6  4.177019  1.847442   58.562949 -51.229058    7.807   9.284   99.98800  2.230650   62.846662 -20.537181  30.6139311005291  19.8735134   41.6283 /T    1.2596   0.0761222   66.140805   35.199953         n.a.     n.a.
 2026-Feb-10 00:00 *   00 02 14.36 -01 11 13.9  00 03 34.12 -01 02 34.4  4.183189  1.897180  238.338178  48.036399    7.809   9.284   99.98914  2.228592  335.530970 -20.512042  30.6422005797289  19.3827216   39.1790 /T    1.1985   0.0765549   65.604529   34.351723         n.a.     n.a.
 2026-Feb-12 12:00  m  00 02 31.58 -01 09 18.7  00 03 51.30 -01 00 39.2  4.409466  1.941592   62.920068 -47.374512    7.811   9.284   99.99026  2.226631  248.217091 -20.485969  30.6691841488146  17.8865591   36.7253 /T    1.1355   0.0803001   66.234974   30.995768         n.a.     n.a.
 2026-Feb-15 00:00 *   00 02 49.20 -01 07 20.9  00 04 08.95 -00 58 41.4  4.409936  1.985826  242.602392  44.272594    7.812   9.284   99.99135  2.224789  160.906356 -20.459231  30.6945802641999  17.3845955   34.2842 /T    1.0704   0.0806071   65.757618   30.164800         n.a.     n.a.
 2026-Feb-17 12:00     00 03 07.28 -01 05 20.6  00 04 27.00 -00 56 41.1  4.615356  2.023798   66.672262 -43.385942    7.814   9.284   99.99241  2.223050   73.597990 -20.431617  30.7185867476108  15.7674379   31.8392 /T    1.0034   0.0839928   66.322913   26.815207         n.a.     n.a.
 2026-Feb-20 00:00 *m  00 03 25.70 -01 03 18.0  00 04 45.43 -00 54 38.6  4.609222  2.061785  246.334592  40.372952    7.816   9.284   99.99342  2.221435  346.293306 -20.403430  30.7409214068190  15.2578272   29.4071 /T    0.9347   0.0841557   65.900199   26.004401         n.a.     n.a.
 2026-Feb-22 12:00     00 03 44.54 -01 01 13.3  00 05 04.22 -00 52 34.1  4.791855  2.092799   69.955191 -39.297567    7.817   9.284   99.99438  2.219929  258.991532 -20.374436  30.7617763378184  13.5370861   26.9718 /T    0.8644   0.0871488   66.407137   22.667739         n.a.     n.a.
 2026-Feb-25 00:00 *m  00 04 03.66 -00 59 06.8  00 05 23.36 -00 50 27.5  4.778709  2.123988  249.644807  36.369557    7.819   9.284   99.99528  2.218550  171.693928 -20.344966  30.7808980648358  13.0318068   24.5500 /T    0.7926   0.0871579   66.036335   21.888464         n.a.     n.a.
 2026-Feb-27 12:00     00 04 23.13 -00 56 58.6  00 05 42.82 -00 48 19.2  4.937990  2.148444   72.872934 -35.133814    7.820   9.284   99.99612  2.217284   84.399707 -20.314765  30.7984732239561  11.2294631   22.1254 /T    0.7195   0.0897521   66.486872   18.571422         n.a.     n.a.
 2026-Mar-02 00:00 *m  00 04 42.81 -00 54 49.0  00 06 02.54 -00 46 09.5  4.919183  2.173164  252.620661  32.286191    7.821   9.284   99.99688  2.216147  357.110051 -20.284186  30.8142796687406  10.7392805   19.7146 /T    0.6452   0.0896304   66.165440   17.826909         n.a.     n.a.
 2026-Mar-04 12:00  m  00 05 02.80 -00 52 38.0  00 06 22.49 -00 43 58.6  5.055671  2.191931   75.506059 -30.912739    7.822   9.284   99.99757  2.215125  269.824188 -20.252952  30.8284877849299   8.8672263   17.3013 /T    0.5698   0.0918398   66.560424   14.520384         n.a.     n.a.
 2026-Mar-07 00:00 *   00 05 22.94 -00 50 25.9  00 06 42.64 -00 41 46.6  5.032679  2.210510  255.331745  28.140735    7.823   9.284   99.99819  2.214234  182.543233 -20.221430  30.8409004034051   8.3912375   14.9020 /T    0.4936   0.0916124   66.287415   13.798674         n.a.     n.a.
 2026-Mar-09 12:00 Am  00 05 43.34 -00 48 12.9  00 07 03.02 -00 39 33.5  5.145876  2.223618   77.917192 -26.647705    7.824   9.284   99.99871  2.213461   95.266470 -20.189327  30.8516639340386   6.4533577   12.5015 /T    0.4166   0.0934293   66.630028   10.487685         n.a.     n.a.
 2026-Mar-12 00:00 *   00 06 03.84 -00 45 59.1  00 07 23.55 -00 37 19.6  5.118821  2.235860  257.834298  23.946991    7.824   9.284   99.99915  2.212820    7.994954 -20.157031  30.8606060735360   5.9890865   10.1178 /T    0.3391   0.0930970   66.404683   9.7791821         n.a.     n.a.
 2026-Mar-14 12:00 Am  00 06 24.53 -00 43 44.7  00 07 44.25 -00 35 05.0  5.207387  2.242728   80.155969 -22.348842    7.825   9.284   99.99950  2.212300  280.728029 -20.124232  30.8678532878694   3.9944730    7.7395 /T    0.2613   0.0944968   66.699319   6.4578084         n.a.     n.a.
 2026-Mar-17 00:00 *   00 06 45.26 -00 41 29.9  00 08 05.01 -00 32 50.2  5.175888  2.248377  260.173892  19.715605    7.825   9.284   99.99976  2.211913  193.466684 -20.091338  30.8732604253001   3.5431342    5.3961 /T    0.1838   0.0940523   66.520139   5.7586365         n.a.     n.a.
 2026-Mar-19 12:00 A   00 07 06.13 -00 39 15.0  00 08 25.86 -00 30 35.3  5.238475  2.248343   82.262859 -18.024134    7.825   9.284   99.99992  2.211649  106.210307 -20.058024  30.8769386345769   1.5067521    3.1237 /T    0.1083   0.0950097   66.771083   2.4273694         n.a.     n.a.
 2026-Mar-22 00:00 *m  00 07 26.98 -00 37 00.1  00 08 46.73 -00 28 20.6  5.201881  2.247068  262.388261  15.454938    7.825   9.284   99.99998  2.211518   18.959814 -20.024722  30.8787730601734   1.0745051    1.3824 /T    0.0477   0.0944412   66.636993   1.7402712         n.a.     n.a.
 2026-Mar-24 12:00 A   00 07 47.90 -00 34 45.4  00 09 07.65 -00 26 05.7  5.237802  2.239956   84.271422 -13.679673    7.825   9.284   99.99995  2.211511  291.714610 -19.991092  30.8788660439553  -0.9798805    2.3359 /L    0.0740   0.0949444   66.845935   -1.589587         n.a.     n.a.
 2026-Mar-27 00:00 *m  00 08 08.73 -00 32 31.2  00 09 28.53 -00 23 51.2  5.196734  2.232078  264.510031  11.171777    7.825   9.284   99.99983  2.211635  204.475510 -19.957578  30.8771382331968  -1.3815496    4.5092 /L    0.1459   0.0942636   66.755723   -2.254421         n.a.     n.a.
 2026-Mar-29 12:00 A   00 08 29.58 -00 30 17.7  00 09 49.40 -00 21 37.4  5.207235  2.218867   86.210165  -9.320695    7.825   9.284   99.99960  2.211883  117.241930 -19.923829  30.8736790030729  -3.4336653    6.8238 /L    0.2229   0.0943378   66.920548   -5.576041         n.a.     n.a.
 2026-Apr-01 00:00 *   00 08 50.29 -00 28 04.9  00 10 10.12 -00 19 24.6  5.163385  2.205024  266.566932   6.871955    7.825   9.284   99.99929  2.212258   30.014588 -19.890293  30.8684386057122  -3.8036173    9.1625 /L    0.3005   0.0935751   66.875089   -6.222653         n.a.     n.a.
 2026-Apr-03 12:00 Nm  00 09 10.96 -00 25 53.1  00 10 30.80 -00 17 12.7  5.149514  2.186499   88.104699  -4.951698    7.824   9.284   99.99888  2.212757  302.792958 -19.856610  30.8614812472397  -5.8463442   11.5184 /L    0.3783   0.0932414   66.993777   -9.546414         n.a.     n.a.
 2026-Apr-06 00:00 *   00 09 31.42 -00 23 42.5  00 10 51.30 -00 15 01.9  5.103544  2.166679  268.584556   2.560539    7.824   9.284   99.99838  2.213381  215.577675 -19.823230  30.8527844987941  -6.1895245   13.8711 /L    0.4554   0.0924071   66.996642   -10.18720         n.a.     n.a.
 2026-Apr-08 12:00 Nm  00 09 51.80 -00 21 33.2  00 11 11.72 -00 12 52.3  5.065050  2.142857   89.978103  -0.576637    7.823   9.284   99.99780  2.214127  128.368296 -19.789793  30.8423848803740  -8.2171284   16.2321 /L    0.5322   0.0916615   67.068371   -13.52565         n.a.     n.a.
 2026-Apr-11 00:00 *   00 10 11.93 -00 19 25.4  00 11 31.89 -00 10 44.2  5.016786  2.116800  270.586869  -1.757719    7.822   9.284   99.99713  2.214996   41.165364 -19.756750  30.8302911768060  -8.5346065   18.5859 /L    0.6080   0.0907515   67.123011   -14.16799         n.a.     n.a.
 2026-Apr-13 12:00 Nm  00 10 31.91 -00 17 19.2  00 11 51.90 -00 08 37.8  4.952994  2.087319   91.852741   3.800593    7.821   9.284   99.99639  2.215986  313.968517 -19.723741  30.8165158633113 -10.5365290   20.9465 /L    0.6831   0.0895809   67.148192   -17.52860         n.a.     n.a.
 2026-Apr-16 00:00 *   00 10 51.59 -00 15 14.9  00 12 11.59 -00 06 33.4  4.902017  2.054878  272.597047  -6.078333    7.820   9.284   99.99558  2.217095  226.778195 -19.691221  30.8011005891157 -10.8256826   23.2990 /L    0.7568   0.0885881   67.257036   -18.17560         n.a.     n.a.
 2026-Apr-18 12:00 N   00 11 11.06 -00 13 12.6  00 12 31.10 -00 04 30.9  4.812259  2.019232   93.751050   8.176097    7.819   9.284   99.99469  2.218324  139.594106 -19.658831  30.7840398887493 -12.7848126   25.6575 /L    0.8296   0.0869788   67.237003   -21.55888         n.a.     n.a.
 2026-Apr-21 00:00 *m  00 11 30.16 -00 11 12.6  00 12 50.26 -00 02 30.5  4.758371  1.980609  274.638935 -10.396718    7.817   9.284   99.99375  2.219667   52.416569 -19.627028  30.7654115267084 -13.0362776   28.0071 /L    0.9007   0.0859019   67.401131   -22.20344         n.a.     n.a.
 2026-Apr-23 12:00 N   00 11 49.01 -00 09 14.9  00 13 09.18 -00 00 32.5  4.643571  1.939167   95.696295  12.545879    7.816   9.284   99.99275  2.221126  325.245324 -19.595453  30.7451995862443 -14.9285068   30.3623 /L    0.9707   0.0838701   67.334464   -25.59570         n.a.     n.a.
 2026-Apr-26 00:00 *m  00 12 07.43 -00 07 19.8  00 13 27.65 +00 01 22.9  4.588356  1.895477  276.737729 -14.707954    7.814   9.284   99.99171  2.222694  238.080566 -19.564556  30.7235138188894 -15.1367984   32.7083 /L    1.0387   0.0827410   67.554196   -26.22870         n.a.     n.a.
 2026-Apr-28 12:00 N   00 12 25.55 -00 05 27.5  00 13 45.81 +00 03 15.5  4.450778  1.849251   97.714107  16.905175    7.813   9.284   99.99062  2.224373  150.922081 -19.533977  30.7003189102682 -16.9504270   35.0600 /L    1.1054   0.0803277   67.437639   -29.62701         n.a.     n.a.
 2026-May-01 00:00 *   00 12 43.21 -00 03 37.9  00 14 03.49 +00 05 05.3  4.395341  1.801048  278.921082 -19.006402    7.811   9.284   99.98950  2.226155   63.769975 -19.504155  30.6757468972560 -17.1227270   37.4029 /L    1.1698   0.0791672   67.717995   -30.25793         n.a.     n.a.
 2026-May-03 12:00 Cm  00 13 00.51 -00 01 51.3  00 14 20.86 +00 06 52.2  4.236086  1.750482   99.833124  21.248487    7.809   9.284   99.98834  2.228044  336.624111 -19.474737  30.6497373876885 -18.8532721   39.7522 /L    1.2328   0.0763919   67.548068   -33.67208         n.a.     n.a.
 2026-May-06 00:00 *   00 13 17.31 -00 00 07.8  00 14 37.71 +00 08 36.1  4.180308  1.697589  281.220894 -23.285267    7.807   9.284   99.98718  2.230030  249.484512 -19.446149  30.6224468838640 -18.9954030   42.0934 /L    1.2933   0.0751975   67.898334   -34.31360         n.a.     n.a.
 2026-May-08 12:00 Cm  00 13 33.71 +00 01 32.4  00 14 54.20 +00 10 16.8  3.999636  1.642764  102.086832  25.569100    7.805   9.284   99.98599  2.232118  162.351126 -19.418054  30.5937907053066 -20.6361490   44.4417 /L    1.3521   0.0720643   67.670654   -37.75422         n.a.     n.a.
 2026-May-11 00:00 *   00 13 49.56 +00 03 09.3  00 15 10.09 +00 11 54.1  3.943040  1.584896  283.674421 -27.536379    7.803   9.284   99.98481  2.234297   75.223874 -19.390859  30.5639544764530 -20.7483833   46.7825 /L    1.4084   0.0708274   68.102452   -38.41373         n.a.     n.a.
 2026-May-13 12:00 Cm  00 14 04.96 +00 04 42.7  00 15 25.56 +00 13 27.7  3.740981  1.525689  104.515759  29.858489    7.801   9.284   99.98363  2.236575  348.102793 -19.364247  30.5328318385550 -22.2890274   49.1309 /L    1.4626   0.0673355   67.812834   -41.89011         n.a.     n.a.
 2026-May-16 00:00 *m  00 14 19.78 +00 06 12.4  00 15 40.41 +00 14 57.7  3.683042  1.462773  286.326683 -31.749550    7.799   9.284   99.98246  2.238935  260.987683 -19.338607  30.5006403611626 -22.3662199   51.4720 /L    1.5141   0.0660482   68.338791   -42.56908         n.a.     n.a.
 2026-May-18 12:00 C   00 14 34.10 +00 07 38.3  00 15 54.84 +00 16 24.2  3.459984  1.399127  107.169633  34.105909    7.796   9.284   99.98131  2.241388  173.878650 -19.313640  30.4672593815997 -23.7890349   53.8209 /L    1.5635   0.0622027   67.982876   -46.08217         n.a.     n.a.
 2026-May-21 00:00 *m  00 14 47.79 +00 09 00.3  00 16 08.60 +00 17 46.7  3.401397  1.332033  289.233530 -35.911647    7.794   9.284   99.98019  2.243916   86.775352 -19.289717  30.4329404327368 -23.8204658   56.1621 /L    1.6098   0.0608820   68.614016   -46.76617         n.a.     n.a.
 2026-May-23 12:00 C   00 15 00.95 +00 10 18.2  00 16 21.85 +00 19 05.1  3.159925  1.264876  110.111089  38.297164    7.791   9.284   99.97910  2.246528  359.677938 -19.266550  30.3975506995096 -25.1093515   58.5110 /L    1.6538   0.0567280   68.184424   -50.30389         n.a.     n.a.
 2026-May-26 00:00 *m  00 15 13.45 +00 11 32.0  00 16 34.37 +00 20 19.3  3.102549  1.195009  292.464556 -40.005527    7.789   9.284   99.97806  2.249206  272.585955 -19.244483  30.3613615584686 -25.0983693   60.8522 /L    1.6947   0.0554122   68.934807   -50.98427         n.a.     n.a.
 2026-May-28 12:00 C   00 15 25.37 +00 12 41.7  00 16 46.39 +00 21 29.3  2.845038  1.124951  113.420081  42.413127    7.786   9.284   99.97706  2.251961  185.499623 -19.223243  30.3242202549975 -26.2510779   63.2015 /L    1.7332   0.0509895   68.425766   -54.55045         n.a.     n.a.
 2026-May-31 00:00 *   00 15 36.61 +00 13 47.0  00 16 57.68 +00 22 35.1  2.789112  1.052709  296.108481 -44.008071    7.783   9.284   99.97612  2.254772   98.418417 -19.203150  30.2864111228369 -26.2075567   65.5437 /L    1.7683   0.0496861   69.321734   -55.23733         n.a.     n.a.
 2026-Jun-02 12:00 Cm  00 15 47.25 +00 14 48.1  00 17 08.43 +00 23 36.6  2.516816  0.979909  117.199278  46.428005    7.780   9.284   99.97525  2.257653   11.342629 -19.183950  30.2477640151789 -27.2210344   67.8948 /L    1.8009   0.0450142   68.726822   -58.84232         n.a.     n.a.
 2026-Jun-05 00:00 *   00 15 57.19 +00 15 44.6  00 17 18.42 +00 24 33.8  2.461759  0.905168  300.278289 -47.888014    7.778   9.284   99.97444  2.260582  284.271664 -19.165937  30.2085789339300 -27.1500033   70.2396 /L    1.8301   0.0437149   69.811953   -59.54718         n.a.     n.a.
 2026-Jun-07 12:00 Cm  00 16 06.49 +00 16 36.7  00 17 27.83 +00 25 26.3  2.175598  0.829784  121.581689  50.306058    7.775   9.284   99.97371  2.263572  197.205884 -19.148885  30.1686708505461 -28.0182715   72.5940 /L    1.8566   0.0388078   69.122887   -63.20169         n.a.     n.a.
 2026-Jun-10 00:00 *   00 16 15.06 +00 17 24.2  00 17 36.43 +00 26 14.2  2.120682  0.752313  305.116695 -51.602715    7.772   9.284   99.97306  2.266601  110.144604 -19.133055  30.1283594607644 -27.9188946   74.9426 /L    1.8795   0.0375028   70.467829   -63.93222         n.a.     n.a.
 2026-Jun-12 12:00 Cm  00 16 22.97 +00 18 07.1  00 17 44.44 +00 26 57.5  1.821520  0.674534  126.737301  53.997547    7.784   9.300   99.97248  2.269683   23.088253 -19.118253  30.0874477294163 -28.6323649   77.3014 /L    1.8997   0.0323734   69.679703   -67.64715         n.a.     n.a.
 2026-Jun-15 00:00 *m  00 16 30.12 +00 18 45.1  00 17 51.66 +00 27 36.2  1.766464  0.594506  310.800069 -55.093351    7.781   9.300   99.97201  2.272793  296.036035 -19.104707  30.0462797187313 -28.4961815   79.6547 /L    1.9162   0.0310637   71.399271   -68.40060         n.a.     n.a.
 2026-Jun-17 12:00 C   00 16 36.59 +00 19 18.5  00 17 58.26 +00 28 10.1  1.456339  0.515075  132.875586  57.433097    7.779   9.300   99.97162  2.275946  208.988420 -19.092252  30.0046521162271 -29.0403905   82.0181 /L    1.9299   0.0257457   70.522436   -72.17522         n.a.     n.a.
 2026-Jun-20 00:00 *m  00 16 42.29 +00 19 46.9  00 18 04.01 +00 28 39.1  1.402878  0.433899  317.532330 -58.279373    7.776   9.300   99.97133  2.279115  121.944485 -19.081076  29.9629298896632 -28.8607101   84.3756 /L    1.9398   0.0244741   72.813591   -72.92636         n.a.     n.a.
 2026-Jun-22 12:00 C   00 16 47.28 +00 20 10.6  00 18 09.10 +00 29 03.2  1.085334  0.353970  140.233968  60.516211    7.773   9.300   99.97114  2.282317   34.904753 -19.071037  29.9208970970582 -29.2337699   86.7431 /L    1.9467   0.0190266   71.936813   -76.75392         n.a.     n.a.
 2026-Jun-25 00:00 *m  00 16 51.51 +00 20 29.4  00 18 13.36 +00 29 22.4  1.034768  0.272785  325.516799 -61.052963    7.770   9.300   99.97104  2.285523  307.868229 -19.062284  29.8789231861784 -29.0199060   89.1047 /L    1.9499   0.0178353   75.231696   -77.48484         n.a.     n.a.
 2026-Jun-27 12:00 C   00 16 55.02 +00 20 43.4  00 18 16.99 +00 29 36.9  0.711908  0.192553  149.028941  63.118150    7.767   9.300   99.97105  2.288751  220.835505 -19.054702  29.8367792100246 -29.2263684   91.4769 /L    1.9501   0.0122915   74.865084   -81.37508         n.a.     n.a.
 2026-Jun-30 00:00 *   00 16 57.76 +00 20 52.5  00 18 19.79 +00 29 46.7  0.663953  0.111721  334.885705 -63.277598    7.763   9.300   99.97116  2.291973  133.805537 -19.048404  29.7948364197418 -28.9864893   93.8437 /L    1.9465   0.0112215   80.448542   -82.06265         n.a.     n.a.
 2026-Jul-02 12:00 Cm  00 16 59.77 +00 20 56.8  00 18 21.92 +00 29 51.5  0.337327  0.031202  159.345441  65.080026    7.760   9.300   99.97136  2.295207   46.778970 -19.043305  29.7528599736645 -29.0261612   96.2217 /L    1.9399   0.0056461   84.715349   -85.99821         n.a.     n.a.
 2026-Jul-05 00:00 *   00 17 01.02 +00 20 56.3  00 18 23.21 +00 29 51.5  0.291244  -0.04923  345.575329 -64.799729    7.757   9.300   99.97167  2.298423  319.754716 -19.039483  29.7112234232378 -28.7637634   98.5950 /L    1.9296   0.0049229   99.593568   -86.48259         n.a.     n.a.
 2026-Jul-07 12:00 Cm  00 17 01.53 +00 20 50.9  00 18 23.82 +00 29 46.5  -0.03765  -0.12983  170.968113  66.234710    7.754   9.300   99.97207  2.301641  232.733453 -19.036887  29.6696904894137 -28.6329822  100.9802 /L    1.9163   0.0022529   196.17322   -88.38360         n.a.     n.a.
 2026-Jul-10 00:00 *   00 17 01.29 +00 20 40.7  00 18 23.61 +00 29 36.8  -0.08257  -0.20987  357.198522 -65.480494    7.735   9.284   99.97257  2.304829  145.714040 -19.035554  29.6286403429636 -28.3451291  103.3612 /L    1.8992   0.0037587   201.47673   -87.28093         n.a.     n.a.
 2026-Jul-12 12:00 Cm  00 17 00.30 +00 20 25.7  00 18 22.76 +00 29 22.4  -0.41180  -0.28990  183.269511  66.455516    7.732   9.284   99.97316  2.308008   58.697175 -19.035471  29.5878393088489 -28.0360729  105.7545 /L    1.8790   0.0083934   234.85539   -83.88841         n.a.     n.a.
 2026-Jul-15 00:00 *m  00 16 58.57 +00 20 05.9  00 18 21.09 +00 29 03.3  -0.45498  -0.36888    9.049229 -65.242926    7.730   9.284   99.97384  2.311145  331.681637 -19.036629  29.5476760501850 -27.7136963  108.1437 /L    1.8551   0.0097621   230.96599   -82.82919         n.a.     n.a.
 2026-Jul-17 12:00 C   00 16 56.09 +00 19 41.4  00 18 18.73 +00 28 39.3  -0.78085  -0.44683  195.347386  65.709734    7.727   9.284   99.97461  2.314259  244.668128 -19.039048  29.5079184707956 -27.2221658  110.5448 /L    1.8282   0.0149943   240.22031   -78.88491         n.a.     n.a.
 2026-Jul-20 00:00 *m  00 16 52.89 +00 19 12.3  00 18 15.55 +00 28 10.5  -0.82018  -0.52335   20.331965 -64.105881    7.724   9.284   99.97545  2.317319  157.655362 -19.042670  29.4689544223970 -26.8672211  112.9413 /L    1.7977   0.0162155   237.45869   -77.86666         n.a.     n.a.
 2026-Jul-22 12:00 C   00 16 48.97 +00 18 38.7  00 18 11.72 +00 27 37.3  -1.13935  -0.59825  206.395351  64.074244    7.721   9.284   99.97636  2.320343   70.644090 -19.047543  29.4305436000248 -26.2051060  115.3496 /L    1.7643   0.0214478   242.29703   -73.76634         n.a.     n.a.
 2026-Jul-25 00:00 *m  00 16 44.35 +00 18 00.5  00 18 07.14 +00 26 59.7  -1.17439  -0.67168   30.466799 -62.173614    7.718   9.284   99.97735  2.323302  343.632999 -19.053567  29.3930636750958 -25.8275050  117.7533 /L    1.7273   0.0225484   240.23290   -72.76689         n.a.     n.a.
 2026-Jul-27 12:00 N   00 16 39.02 +00 17 18.1  00 18 01.93 +00 26 17.7  -1.48507  -0.74354  215.987747  61.697771    7.715   9.284   99.97839  2.326214  256.622888 -19.060823  29.3562723239555 -25.0046214  120.1691 /L    1.6875   0.0276801   243.40385   -68.55431         n.a.     n.a.
 2026-Jul-30 00:00 *   00 16 33.03 +00 16 31.3  00 17 55.98 +00 25 31.5  -1.51622  -0.81355   39.221345 -59.592662    7.713   9.284   99.97948  2.329049  169.612429 -19.069174  29.3205361331068 -24.6096850  122.5808 /L    1.6444   0.0286782   241.78372   -67.55901         n.a.     n.a.
 2026-Aug-01 12:00 Nm  00 16 26.34 +00 15 40.4  00 17 49.39 +00 24 41.0  -1.81683  -0.88243  224.076730  58.744543    7.710   9.284   99.98062  2.331826   82.602441 -19.078729  29.2856187331859 -23.6308015  125.0049 /L    1.5985   0.0336632   244.09415   -63.23931         n.a.     n.a.
 2026-Aug-04 00:00 *   00 16 19.03 +00 14 45.4  00 17 42.10 +00 23 46.4  -1.84481  -0.94879   46.637111 -56.509087    7.708   9.284   99.98180  2.334516  355.591592 -19.089317  29.2518744947726 -23.2198049  127.4255 /L    1.5494   0.0345749   242.78309   -62.23356         n.a.     n.a.
 2026-Aug-06 12:00 Nm  00 16 11.06 +00 13 46.5  00 17 34.22 +00 22 47.8  -2.13359  -1.01448  230.829948  55.358384    7.705   9.284   99.98300  2.337136  268.580693 -19.101080  29.2190799798848 -22.0845497  129.8591 /L    1.4977   0.0393749   244.56986   -57.80168         n.a.     n.a.
 2026-Aug-09 00:00 *   00 16 02.49 +00 12 43.7  00 17 25.70 +00 21 45.6  -2.15858  -1.07679   52.890303 -53.045616    7.703   9.284   99.98423  2.339658  181.568399 -19.113808  29.1875796522003 -21.6524858  132.2895 /L    1.4429   0.0402042   243.48805   -56.77212         n.a.     n.a.
 2026-Aug-11 12:00 Nm  00 15 53.29 +00 11 37.2  00 17 16.61 +00 20 39.6  -2.43254  -1.13815  236.483870  51.651377    7.701   9.284   99.98546  2.342099   94.555485 -19.127674  29.1571662391393 -20.3585737  134.7330 /L    1.3856   0.0447606   244.92587   -52.22957         n.a.     n.a.
 2026-Aug-14 00:00 *m  00 15 43.54 +00 10 27.2  00 17 06.88 +00 19 30.0  -2.45301  -1.19533   58.190594 -49.297174    7.698   9.284   99.98670  2.344430    7.540588 -19.142424  29.1281723175819 -19.9021284  137.1729 /L    1.3256   0.0454791   244.02051   -51.18179         n.a.     n.a.
 2026-Aug-16 12:00 N   00 15 33.19 +00 09 13.8  00 16 56.60 +00 18 16.8  -2.70811  -1.25070  241.265393  47.706003    7.696   9.284   99.98793  2.346668  280.524464 -19.158256  29.1003976463763 -18.4604525  139.6253 /L    1.2631   0.0497161   245.21078   -46.55130         n.a.     n.a.
 2026-Aug-19 00:00 *m  00 15 22.35 +00 07 57.2  00 16 45.78 +00 17 00.5  -2.72266  -1.30197   62.731578 -45.334370    7.694   9.284   99.98915  2.348786  193.505768 -19.174874  29.0741519216277 -17.9892937  142.0735 /L    1.1982   0.0502991   244.44306   -45.50333         n.a.     n.a.
 2026-Aug-21 12:00 N   00 15 10.96 +00 06 37.5  00 16 34.47 +00 15 41.2  -2.95670  -1.35084  245.365581  43.582242    7.693   9.284   99.99034  2.350801  106.485274 -19.192506  29.0492362508178 -16.4201515  144.5338 /L    1.1311   0.0541779   245.44555   -40.80083         n.a.     n.a.
 2026-Aug-24 00:00 *m  00 14 59.14 +00 05 15.1  00 16 22.69 +00 14 19.2  -2.96556  -1.39612   66.674634 -41.208958    7.691   9.284   99.99149  2.352688   19.461671 -19.210819  29.0259373904221 -15.9419249  146.9898 /L    1.0618   0.0546294   244.78997   -39.75389         n.a.     n.a.
 2026-Aug-26 12:00 N   00 14 46.83 +00 03 50.0  00 16 10.45 +00 12 54.5  -3.17744  -1.43861  248.936169  39.323523    7.689   9.284   99.99260  2.354462  292.435741 -19.230069  29.0040648431073 -14.2601768  149.4578 /L    0.9905   0.0581323   245.64100   -34.98305         n.a.     n.a.
 2026-Aug-29 00:00 *   00 14 34.14 +00 02 22.4  00 15 57.77 +00 11 27.2  -3.18113  -1.47776   70.149223 -36.959259    7.688   9.284   99.99366  2.356101  205.406206 -19.249895  28.9838822757665 -13.7778664  151.9216 /L    0.9173   0.0584602   245.08325   -33.93179         n.a.     n.a.
 2026-Aug-31 12:00 Nm  00 14 21.00 +00 00 52.6  00 15 44.69 +00 09 57.5  -3.36993  -1.51410  252.095059  34.961610    7.686   9.284   99.99466  2.357620  118.373835 -19.270576  28.9652149027464 -11.9932885  154.3975 /L    0.8424   0.0615741   245.80580   -29.09145         n.a.     n.a.
 2026-Sep-03 00:00 *   00 14 07.56 -00 00 39.2  00 15 31.25 +00 08 25.9  -3.36901  -1.54685   73.257269 -32.613853    7.685   9.284   99.99559  2.358997   31.337387 -19.291729  28.9483030567027 -11.5050327  156.8693 /L    0.7658   0.0617858   245.33825   -28.02332         n.a.     n.a.
 2026-Sep-05 12:00 Nm  00 13 53.71 -00 02 13.0  00 15 17.49 +00 06 52.5  -3.53317  -1.57678  254.934004  30.520353    7.684   9.284   99.99645  2.360245  304.297580 -19.313652  28.9329959568798  -9.6210571  159.3531 /L    0.6878   0.0644841   245.94978   -23.10797         n.a.     n.a.
 2026-Sep-08 00:00 *   00 13 39.63 -00 03 48.4  00 15 03.43 +00 05 17.5  -3.52693  -1.60229   76.078896 -28.194446    7.683   9.284   99.99723  2.361346  217.253207 -19.335937  28.9195096646817  -9.1228295  161.8321 /L    0.6085   0.0645638   245.56768   -22.01336         n.a.     n.a.
 2026-Sep-10 12:00 N   00 13 25.21 -00 05 25.3  00 14 49.06 +00 03 40.8  -3.66334  -1.62462  257.524552  26.017953    7.682   9.284   99.99792  2.362309  130.204915 -19.358897  28.9077156468636  -7.1478700  164.3217 /L    0.5280   0.0667904   246.08365   -17.03312         n.a.     n.a.
 2026-Sep-13 00:00 *m  00 13 10.61 -00 07 03.3  00 14 34.47 +00 02 02.9  -3.65021  -1.64194   78.678021 -23.718167    7.681   9.284   99.99852  2.363120   43.151563 -19.382095  28.8977967517197  -6.6462914  166.8040 /L    0.4467   0.0667084   245.78075   -15.92448         n.a.     n.a.
 2026-Sep-15 12:00 N   00 12 55.76 -00 08 42.3  00 14 19.65 +00 00 24.0  -3.75643  -1.65577  259.923458  21.468834    7.680   9.284   99.99902  2.363788  316.093761 -19.405860  28.8896360233047  -4.6030335  169.2927 /L    0.3645   0.0684194   246.21295   -10.90997         n.a.     n.a.
 2026-Sep-18 00:00 *m  00 12 40.81 -00 10 22.0  00 14 04.71 -00 01 15.5  -3.73637  -1.66505   81.105851 -19.198682    7.680   9.284   99.99942  2.364300  229.030464 -19.429732  28.8833790480595  -4.1104476  171.7657 /L    0.2822   0.0681763   245.98067   -9.803014         n.a.     n.a.
 2026-Sep-20 12:00 N   00 12 25.67 -00 12 02.1  00 13 49.62 -00 02 55.3  -3.81198  -1.67040  262.176918  16.884856    7.680   9.284   99.99971  2.364665  141.962262 -19.454058  28.8789203788333  -2.0215982  174.2255 /L    0.1999   0.0693650   246.33706   -4.778082         n.a.     n.a.
 2026-Sep-23 00:00 *m  00 12 10.51 -00 13 42.4  00 13 34.48 -00 04 35.5  -3.78578  -1.67213   83.404728 -14.647336    7.679   9.284   99.99990  2.364873   54.888199 -19.478362  28.8763738591825  -1.5433466  176.6001 /L    0.1199   0.0689769   246.16959   -3.673347         n.a.     n.a.
 2026-Sep-25 12:00 N   00 11 55.24 -00 15 22.7  00 13 19.22 -00 06 15.7  -3.83102  -1.66935  264.323067  12.275800    7.679   9.284   99.99998  2.364932  327.808841 -19.503007  28.8756495747151   0.5732973  178.4707 /L    0.0540   0.0696488   246.45510   1.3452245         n.a.     n.a.
 2026-Sep-28 00:00 *   00 11 40.02 -00 17 02.7  00 13 03.99 -00 07 55.8  -3.79957  -1.66384   85.610681 -10.073830    7.680   9.284   99.99995  2.364836  240.723310 -19.527507  28.8768317904023   1.0367502  177.5894 /T    0.0758   0.0691317   246.35129   2.4544591         n.a.     n.a.
 2026-Sep-30 12:00 Am  00 11 24.74 -00 18 42.3  00 12 48.73 -00 09 35.2  -3.81489  -1.65339  266.394692   7.650137    7.680   9.284   99.99981  2.364588  153.632127 -19.552237  28.8798525927268   3.1698345  175.3064 /T    0.1511   0.0692963   246.56790   7.4595692        2.245    4.135
 2026-Oct-03 00:00 *   00 11 09.60 -00 20 21.1  00 12 33.61 -00 11 13.9  -3.77838  -1.64039   87.755003  -5.486574    7.680   9.284   99.99957  2.364186   66.534485 -19.576705  28.8847688515614   3.6237088  172.8609 /T    0.2323   0.0686518   246.53187   8.5911605         n.a.     n.a.
 2026-Oct-05 12:00 Am  00 10 54.47 -00 21 59.0  00 12 18.51 -00 12 51.6  -3.76283  -1.62202  268.421023   3.015483    7.681   9.284   99.99922  2.363632  339.430823 -19.601288  28.8915397828352   5.7652129  170.3646 /T    0.3148   0.0682923   246.68089   13.583918        0.533   17.419
 2026-Oct-08 00:00 *   00 10 39.54 -00 23 35.8  00 12 03.59 -00 14 28.4  -3.72000  -1.60060   89.866285  -0.893362    7.681   9.284   99.99877  2.362925  252.320420 -19.625491  28.9001876802702   6.2078968  167.8569 /T    0.3970   0.0674954   246.71932   14.744996         n.a.     n.a.
 2026-Oct-10 12:00 A   00 10 24.71 -00 25 11.0  00 11 48.74 -00 16 03.7  -3.67208  -1.57380  270.428817  -1.621121    7.682   9.284   99.99821  2.362066  165.203643 -19.649686  28.9106917224752   8.3385139  165.3310 /T    0.4788   0.0665853   246.80075   19.710071         n.a.     n.a.
 2026-Oct-13 00:00 *m  00 10 10.16 -00 26 44.6  00 11 34.19 -00 17 37.3  -3.62249  -1.54379   91.971456   3.698354    7.683   9.284   99.99757  2.361058   78.079904 -19.673376  28.9230302646755   8.7568038  162.8061 /T    0.5596   0.0656289   246.91785   20.884293         n.a.     n.a.
 2026-Oct-15 12:00 A   00 09 55.79 -00 28 16.2  00 11 19.82 -00 19 08.9  -3.54247  -1.50881  272.444270  -6.252633    7.684   9.284   99.99683  2.359902  350.949519 -19.696933  28.9371980759354  10.8517453  160.2685 /T    0.6396   0.0641734   246.92990   25.796463         n.a.     n.a.
 2026-Oct-18 00:00 *m  00 09 41.77 -00 29 45.6  00 11 05.82 -00 20 38.3  -3.48731  -1.47110   94.096919   8.281278    7.685   9.284   99.99602  2.358604  263.812049 -19.719866  28.9531331234165  11.2353098  157.7353 /T    0.7181   0.0630816   247.12790   26.967658         n.a.     n.a.
 2026-Oct-20 12:00 A   00 09 28.00 -00 31 12.6  00 10 52.04 -00 22 05.3  -3.37671  -1.42853  274.493763 -10.872041    7.687   9.284   99.99512  2.357161  176.667756 -19.742548  28.9708479813587  13.2749729  155.1913 /T    0.7954   0.0611075   247.06899   31.809241         n.a.     n.a.
 2026-Oct-23 00:00 *m  00 09 14.65 -00 32 37.1  00 10 38.68 -00 23 29.8  -3.31736  -1.38413   96.270254  12.847843    7.688   9.284   99.99416  2.355584   89.516330 -19.764494  28.9902476536464  13.6208415  152.6532 /T    0.8709   0.0599090   247.35215   32.971970         n.a.     n.a.
 2026-Oct-25 12:00 Am  00 09 01.61 -00 33 58.6  00 10 25.61 -00 24 51.5  -3.17815  -1.33466  276.605150 -15.472117    7.690   9.284   99.99313  2.353869    2.357980 -19.786080  29.0113636423720  15.5901006  150.1049 /T    0.9449   0.0574504   247.22006   37.730300         n.a.     n.a.
 2026-Oct-28 00:00 *   00 08 49.06 -00 35 17.2  00 10 13.07 -00 26 10.2  -3.11584  -1.28437   98.521104  17.390098    7.691   9.284   99.99205  2.352028  275.192503 -19.806832  29.0340742507113  15.9020085  147.5630 /T    1.0166   0.0561696   247.59829   38.889040         n.a.     n.a.
 2026-Oct-30 12:00 Am  00 08 36.89 -00 36 32.7  00 10 00.89 -00 27 25.5  -2.94962  -1.22845  278.809499 -20.044925    7.693   9.284   99.99093  2.350056  188.020035 -19.827121  29.0584347567026  17.7930648  145.0108 /T    1.0867   0.0532535   247.38934   43.565536         n.a.     n.a.
 2026-Nov-02 00:00 *   00 08 25.26 -00 37 44.7  00 09 49.28 -00 28 37.6  -2.88391  -1.17200  100.882649  21.899288    7.695   9.284   99.98977  2.347967  100.840455 -19.846487  29.0842991846296  18.0772914  142.4651 /T    1.1543   0.0518826   247.88357   44.740728         n.a.     n.a.
 2026-Nov-04 12:00 Am  00 08 14.07 -00 38 53.2  00 09 38.06 -00 29 46.2  -2.69073  -1.10951  281.142210 -24.581579    7.697   9.284   99.98859  2.345753   13.653824 -19.865285  29.1117430521198  19.8771742  139.9092 /T    1.2199   0.0485084   247.59138   49.343027         n.a.     n.a.
 2026-Nov-07 00:00 *   00 08 03.48 -00 39 57.9  00 09 27.46 -00 30 51.1  -2.62072  -1.04648  103.393640  26.365159    7.699   9.284   99.98739  2.343431  286.460139 -19.883073  29.1405844847659  20.1257891  137.3605 /T    1.2827   0.0470323   248.23265   50.538070         n.a.     n.a.
 2026-Nov-09 12:00 A   00 07 53.40 -00 40 58.6  00 09 17.33 -00 31 52.0  -2.40170  -0.97799  283.645383 -29.071505    7.701   9.284   99.98618  2.340995  199.259406 -19.900185  29.1709128812391  21.8123968  134.8024 /T    1.3433   0.0432198   247.84336   55.057478         n.a.     n.a.
 2026-Nov-12 00:00 *m  00 07 43.97 -00 41 55.2  00 09 07.92 -00 32 48.7  -2.32830  -0.90903  106.099906  30.775653    7.704   9.284   99.98498  2.338462  112.051779 -19.916206  29.2025076266180  22.0134370  132.2524 /T    1.4007   0.0416577   248.67301   56.255858         n.a.     n.a.
 2026-Nov-14 12:00 A   00 07 35.11 -00 42 47.6  00 08 59.02 -00 33 41.1  -2.08598  -0.83567  286.370523 -33.501779    7.706   9.284   99.98378  2.335825   24.837209 -19.931452  29.2354746683513  23.5690464  129.6938 /T    1.4558   0.0374524   248.16848   60.682272         n.a.     n.a.
 2026-Nov-17 00:00 *m  00 07 26.95 -00 43 35.5  00 08 50.87 -00 34 29.1  -2.01097  -0.76196  109.057729  35.115919    7.709   9.284   99.98262  2.333105  297.616000 -19.945537  29.2695610594414  23.7169081  127.1443 /T    1.5075   0.0358415   249.24811   61.866765         n.a.     n.a.
 2026-Nov-19 12:00 A   00 07 19.39 -00 44 18.9  00 08 43.26 -00 35 12.8  -1.74832  -0.68472  289.381533 -37.856432    7.711   9.284   99.98148  2.330292  210.388035 -19.958763  29.3048915166982  25.1302322  124.5867 /T    1.5565   0.0312937   248.61247   66.196597         n.a.     n.a.
 2026-Nov-22 00:00 *m  00 07 12.58 -00 44 57.7  00 08 36.44 -00 35 51.8  -1.67344  -0.60758  112.337353  39.367219    7.714   9.284   99.98038  2.327410  123.153749 -19.970771  29.3411885177968  25.2257821  122.0387 /T    1.6021   0.0296721   250.04552   67.354324         n.a.     n.a.
 2026-Nov-24 12:00 Am  00 07 06.42 -00 45 31.8  00 08 30.23 -00 36 26.0  -1.39350  -0.52725  292.759664 -42.114865    7.717   9.284   99.97933  2.324446   35.912955 -19.981850  29.3785959080667  26.4911196  119.4829 /T    1.6448   0.0248318   249.27511   71.588126         n.a.     n.a.
 2026-Nov-27 00:00 *   00 07 01.02 -00 46 01.0  00 08 24.86 -00 36 55.2  -1.31970  -0.44750  116.027042  43.505490    7.720   9.284   99.97834  2.321426  308.666184 -19.991669  29.4168212007845  26.5433024  116.9366 /T    1.6839   0.0232251   251.26836   72.717086         n.a.     n.a.
 2026-Nov-29 12:00  m  00 06 56.30 -00 46 25.4  00 08 20.11 -00 37 19.6  -1.02415  -0.36416  296.609140 -46.249821    7.723   9.284   99.97741  2.318336  221.413161 -20.000497  29.4560275591197  27.6587084  114.3822 /T    1.7201   0.0181161   250.42627   76.872276         n.a.     n.a.
 2026-Dec-02 00:00 *   00 06 52.38 -00 46 44.8  00 08 16.18 -00 37 39.2  -0.95038  -0.28160  120.238828  47.498690    7.725   9.284   99.97656  2.315201  134.154497 -20.008028  29.4959056558757  27.6705468  111.8374 /T    1.7524   0.0165204   253.49512   77.982716         n.a.     n.a.
 2026-Dec-04 12:00  m  00 06 49.17 -00 46 59.1  00 08 12.90 -00 37 53.8  -0.64050  -0.19541  301.063374 -50.224585    7.728   9.284   99.97578  2.312010   46.889871 -20.014503  29.5366259761522  28.6211176  109.2844 /T    1.7817   0.0111608   253.03335   82.073874         n.a.     n.a.
 2026-Dec-07 00:00 *   00 06 46.78 -00 47 08.3  00 08 10.51 -00 38 03.2  -0.56684  -0.11045  125.113066  51.303781    7.731   9.284   99.97509  2.308787  319.620007 -20.019651  29.5778543477541  28.5837094  106.7417 /T    1.8071   0.0096250   258.97407   83.135060         n.a.     n.a.
 2026-Dec-09 12:00     00 06 45.13 -00 47 12.3  00 08 08.82 -00 38 07.3  -0.24563  -0.02266  306.291996 -53.988480    7.735   9.284   99.97448  2.305520  232.344553 -20.023685  29.6197683824045  29.3547029  104.1916 /T    1.8294   0.0041112   264.72829   87.129323         n.a.     n.a.
 2026-Dec-12 00:00 *m  00 06 44.31 -00 47 11.0  00 08 08.02 -00 38 06.1  -0.17350  0.063756  130.820851  54.862526    7.738   9.284   99.97397  2.302236  145.064355 -20.026373  29.6620125339323  29.2627092  101.6524 /T    1.8476   0.0030807   290.17705   87.838288         n.a.     n.a.
 2026-Dec-14 12:00     00 06 44.26 -00 47 04.6  00 08 07.91 -00 37 59.8  0.155513  0.151727  312.501571 -57.471804    7.741   9.284   99.97356  2.298922   57.779012 -20.027901  29.7047769344742  29.8478927   99.1066 /T    1.8626   0.0036211   45.706049   87.505667         n.a.     n.a.
 2026-Dec-17 00:00 *m  00 06 45.03 -00 46 52.9  00 08 08.68 -00 37 48.4  0.224428  0.238500  137.557844  58.096103    7.744   9.284   99.97325  2.295606  330.489481 -20.028080  29.7476901770413  29.7015938   96.5726 /T    1.8736   0.0054582   43.258898   86.219398         n.a.     n.a.
 2026-Dec-19 12:00     00 06 46.58 -00 46 35.9  00 08 10.15 -00 37 31.7  0.557882  0.325580  319.921628 -60.579433    7.747   9.284   99.97304  2.292271  243.195297 -20.027068  29.7909574341894  30.1014296   94.0324 /T    1.8813   0.0107656   59.732214   82.661224         n.a.     n.a.
 2026-Dec-22 00:00 *m  00 06 48.95 -00 46 13.8  00 08 12.54 -00 37 09.8  0.622122  0.411613  145.514992  60.900756    7.750   9.284   99.97294  2.288949  155.897507 -20.024718  29.8341987830847  29.9070637   91.5043 /T    1.8850   0.0124327   56.510306   81.473791         n.a.     n.a.
 2026-Dec-24 12:00  m  00 06 52.10 -00 45 46.6  00 08 15.65 -00 36 42.5  0.957304  0.497331  328.754611 -63.185900    7.753   9.284   99.97293  2.285621   68.595569 -20.021159  29.8776353811920  30.1284026   88.9702 /T    1.8855   0.0179797   62.547560   77.837260         n.a.     n.a.
 2026-Dec-27 00:00 *   00 06 56.06 -00 45 14.2  00 08 19.64 -00 36 10.2  1.016977  0.582253  154.809431  63.147516    7.756   9.284   99.97304  2.282317  341.290581 -20.016282  29.9208870930650  29.8970800   86.4480 /T    1.8820   0.0195310   60.207456   76.706159         n.a.     n.a.
 2026-Dec-29 12:00  m  00 07 00.79 -00 44 36.7  00 08 24.29 -00 35 32.9  1.352942  0.667045  339.063842 -65.139632    7.760   9.284   99.97324  2.279020  253.981931 -20.010184  29.9641830438944  29.9414707   83.9195 /T    1.8753   0.0251407   63.755174   73.083969         n.a.     n.a.
$$EOE
**********************************************************************************************************************************************************************************************************************************************************************************************
Column meaning:
 
TIME

  Times PRIOR to 1962 are UT1, a mean-solar time closely related to the
prior but now-deprecated GMT. Times AFTER 1962 are in UTC, the current
civil or "wall-clock" time-scale. UTC is kept within 0.9 seconds of UT1
using integer leap-seconds for 1972 and later years.

  Conversion from the internal Barycentric Dynamical Time (TDB) of solar
system dynamics to the non-uniform civil UT time-scale requested for output
has not been determined for UTC times after the next July or January 1st.
Therefore, the last known leap-second is used as a constant over future
intervals.

  Time tags refer to the UT time-scale conversion from TDB on Earth
regardless of observer location within the solar system, although clock
rates may differ due to the local gravity field and no analog to "UT"
may be defined for that location.

  Any 'b' symbol in the 1st-column denotes a B.C. date. First-column blank
(" ") denotes an A.D. date.
 
CALENDAR SYSTEM

  Mixed calendar mode was active such that calendar dates after AD 1582-Oct-15
(if any) are in the modern Gregorian system. Dates prior to 1582-Oct-5 (if any)
are in the Julian calendar system, which is automatically extended for dates
prior to its adoption on 45-Jan-1 BC.  The Julian calendar is useful for
matching historical dates. The Gregorian calendar more accurately corresponds
to the Earth's orbital motion and seasons. A "Gregorian-only" calendar mode is
available if such physical events are the primary interest.

  NOTE: "n.a." in output means quantity "not available" at the print-time.
 
SOLAR PRESENCE (OBSERVING SITE)
  Time tag is followed by a blank, then a solar-presence symbol:

       '*'  Daylight (refracted solar upper-limb on or above apparent horizon)
       'C'  Civil twilight/dawn
       'N'  Nautical twilight/dawn
       'A'  Astronomical twilight/dawn
       ' '  Night OR geocentric ephemeris

LUNAR PRESENCE (OBSERVING SITE)
  The solar-presence symbol is immediately followed by a lunar-presence symbol:

       'm'  Refracted upper-limb of Moon on or above apparent horizon
       ' '  Refracted upper-limb of Moon below apparent horizon OR geocentric
            ephemeris
 
 'R.A._____(ICRF)_____DEC' =
  Astrometric right ascension and declination of the target center with
respect to the observing site (coordinate origin) in the reference frame of
the planetary ephemeris (ICRF). Compensated for down-leg light-time delay
aberration.

  Units: RA  in hours-minutes-seconds of time,    HH MM SS.ff{ffff}
         DEC in degrees-minutes-seconds of arc,  sDD MN SC.f{ffff}
 
 'R.A.__(a-apparent)__DEC' =
  Airless apparent right ascension and declination of the target center
with respect to an instantaneous reference frame defined by the Earth equator
of-date (z-axis) and meridian containing the Earth equinox of-date (x-axis,
EOP-corrected IAU76/80). Compensated for down-leg light-time delay,
gravitational deflection of light, stellar aberration, precession & nutation.
Note: equinox (RA origin) is offset -53 mas from the of-date frame defined
by the IAU06/00a P & N system.

  Units: RA  in hours-minutes-seconds of time,   HH MM SS.ff{ffff}
         DEC in degrees-minutes-seconds of arc, sDD MN SC.f{ffff}
 
 'dRA*cosD d(DEC)/dt' =
  The angular rate of change in apparent RA and DEC of the target. This is
with respect to the non-inertial IAU76/80 Earth true equator and equinox
of-date reference frame.  d(RA)/dt is multiplied by the cosine of declination
to provide a linear rate in the plane-of-sky. Units: ARCSECONDS PER HOUR
 
 'Azi____(a-app)___Elev' =
  Airless apparent azimuth and elevation of target center. Compensated
for light-time, the gravitational deflection of light, stellar aberration,
precession and nutation. Azimuth is measured clockwise from north:

  North(0) -> East(90) -> South(180) -> West(270) -> North (360)

Elevation angle is with respect to a plane perpendicular to the reference
surface local zenith direction. TOPOCENTRIC ONLY.  Units: DEGREES
 
 'APmag   S-brt' =
  The targets' approximate apparent visual magnitude and surface brightness.
For planets and natural satellites, output is restricted to solar phase angles
covered by observational data. Outside the observed phase angle range, "n.a."
may be output to avoid extrapolation beyond the limit of model validity.

   For Earth-based observers, the estimated dimming due to atmospheric
absorption (extinction) is available as a separate, requestable quantity.

   Surface brightness is the average airless visual magnitude of a
square-arcsecond of the illuminated portion of the apparent disk. It is
computed only if the target radius is known.

   Units: MAGNITUDES & MAGNITUDES PER SQUARE ARCSECOND
 
 'Illu%' =
   Fraction of the target objects' assumed circular disk illuminated by Sun
(phase), as seen by the observer.  Units: PERCENT
 
 'Ang-diam' =
   The equatorial angular width of the target body full disk, if it were fully
illuminated and visible to the observer. If the target body diameter is unknown
"n.a." is output.

   Units: ARCSECONDS
 
 'ObsSub-LON ObsSub-LAT' =
   Apparent planetodetic longitude and latitude of the center of the target
disc seen by the OBSERVER at print-time. This is NOT exactly the same as the
"nearest" sub-point for a non-spherical target shape (since the center of the
disc might not be the point closest to the observer), but is generally very
close if not a very irregular body shape. Down-leg light travel-time from
target to observer is taken into account. Latitude is the angle between the
equatorial plane and the line perpendicular to the reference ellipsoid of the
body, so includes body oblateness. The reference ellipsoid is an oblate
spheroid with a single flatness coefficient in which the y-axis body radius
is taken to be the same value as the x-axis radius.  For Jupiter, Saturn, and
Uranus, IAU2015 longitude is based on the "System III" prime meridian rotation
angle of the magnetic field. By contrast, pole direction (thus latitude) is
relative to the body dynamical equator.  There can be an offset between the
magnetic pole and the dynamical pole of rotation. For Neptune, rotation is
IAU2015 "System II" rotation of optically observed features in the Neptunian
atmosphere. Positive longitude is to the WEST for this target. Cartographic
system is specified in the header.  Units: DEGREES DEGREES
 
 'delta      deldot' =
   Apparent range ("delta", light-time aberrated) and range-rate ("delta-dot")
of the target center relative to the observer. A positive "deldot" means the
target center is moving away from the observer, negative indicates movement
toward the observer.  Units: AU and KM/S
 
 'S-O-T /r' =
   Sun-Observer-Target apparent SOLAR ELONGATION ANGLE seen from the observers'
location at print-time.

   The '/r' column provides a code indicating the targets' apparent position
relative to the Sun in the observers' sky, as described below:

   Case A: For an observing location on the surface of a rotating body, that
body rotational sense is considered:

    /T indicates target TRAILS Sun   (evening sky: rises and sets AFTER Sun)
    /L indicates target LEADS Sun    (morning sky: rises and sets BEFORE Sun)

   Case B: For an observing point that does not have a rotational model (such
as a spacecraft), the "leading" and "trailing" condition is defined by the
observers' heliocentric ORBITAL motion:

    * If continuing in the observers' current direction of heliocentric
       motion would encounter the targets' apparent longitude first, followed
       by the Sun's, the target LEADS the Sun as seen by the observer.

    * If the Sun's apparent longitude would be encountered first, followed
       by the targets', the target TRAILS the Sun.

   Two other codes can be output:
    /* indicates observer is Sun-centered    (undefined)
    /? Target is aligned with Sun center     (no lead or trail)

   The S-O-T solar elongation angle is numerically the minimum separation
angle of the Sun and target in the sky in any direction. It does NOT indicate
the amount of separation in the leading or trailing directions, which would
be defined along the equator of a spherical coordinate system.

   Units: DEGREES
 
 'S-T-O' =
   The Sun-Target-Observer angle; the interior vertex angle at target center
formed by a vector from the target to the apparent center of the Sun (at
reflection time on the target) and the apparent vector from target to the
observer at print-time. Slightly different from true PHASE ANGLE (requestable
separately) at the few arcsecond level in that it includes stellar aberration
on the down-leg from target to observer.  Units: DEGREES
 
 'Sky_motion  Sky_mot_PA  RelVel-ANG' =
  Total apparent angular rate of the target in the plane-of-sky. "Sky_mot_PA"
is the position angle of the target's direction of motion in the plane-of-sky,
measured counter-clockwise from the apparent of-date north pole direction.
"RelVel-ANG" is the flight path angle of the target's relative motion with
respect to the observer's line-of-sight, in the range [-90,+90], where positive
values indicate motion away from the observer, negative values are toward the
observer:

  -90 = target is moving directly toward the observer
    0 = target is moving at right angles to the observer's line-of-sight
  +90 = target is moving directly away from the observer

UNITS:  ARCSECONDS/MINUTE, DEGREES, DEGREES
 
 'Lun_Sky_Brt  sky_SNR' =
  Sky brightness due to moonlight scattered by Earth's atmosphere at the
target's position in the sky. "sky_SNR" is the visual signal-to-noise ratio
(SNR) of the target's surface brightness relative to background sky. Output
only for topocentric Earth observers when both the Moon and target are above
the local horizon and the Sun is in astronomical twilight (or further) below
the horizon, and the target is not the Moon or Sun. If all conditions are
not met, "n.a." is output. Galactic brightness, local sky light-pollution
and weather are NOT considered. Lunar opposition surge is considered. The
value returned is accurate under ideal conditions at the approximately 8-23%
level, so is a useful but not definitive value.

  If the target-body radius is also known, "sky_SNR" is output. This is the
approximate visual signal-to-noise ratio of the target's brightness divided
by lunar sky brightness. When sky_SNR < 1, the target is dimmer than the
ideal moonlight-scattering background sky, so unlikely to be detectable at
visual wavelengths. In practice, visibility requires sky_SNR > 1 and a
detector sensitive enough to reach the target's magnitude, even if it isn't
washed out by moonlight. When relating magnitudes and brightness values,
keep in mind their logarithmic relationship m2-m1 = -2.5*log_10(b2/b1).

  UNITS: VISUAL MAGNITUDES / ARCSECOND^2, and unitless ratio

Computations by ...

    Solar System Dynamics Group, Horizons On-Line Ephemeris System
    4800 Oak Grove Drive, Jet Propulsion Laboratory
    Pasadena, CA  91109   USA

    General site: https://ssd.jpl.nasa.gov/
    Mailing list: https://ssd.jpl.nasa.gov/email_list.html
    System news : https://ssd.jpl.nasa.gov/horizons/news.html
    User Guide  : https://ssd.jpl.nasa.gov/horizons/manual.html
    Connect     : browser        https://ssd.jpl.nasa.gov/horizons/app.html#/x
                  API            https://ssd-api.jpl.nasa.gov/doc/horizons.html
                  command-line   telnet ssd.jpl.nasa.gov 6775
                  e-mail/batch   https://ssd.jpl.nasa.gov/ftp/ssd/horizons_batch.txt
                  scripts        https://ssd.jpl.nasa.gov/ftp/ssd/SCRIPTS
    Author      : Jon.D.Giorgini@jpl.nasa.gov

**********************************************************************************************************************************************************************************************************************************************************************************************
