*******************************************************************************
 Revised: April 22, 2021              Neptune                               899
 
 PHYSICAL DATA (update 2021-May-03):
  Mass x10^24 (kg)      = 102.409         Density (g/cm^3)       =  1.638
  Equat. radius (1 bar) = 24766+-15 km    Volume, 10^10 km^3     = 6254     
  Vol. mean radius (km) = 24624+-21       Polar radius (km)      = 24342+-30
  Geometric Albedo      = 0.41            Flattening             =  0.0171
  Sid. rot. period (III)= 16.11+-0.01 hr  Sid. rot. rate (rad/s) =  0.000108338 
  Mean solar day, h     =~16.11 h         
  GM (km^3/s^2)         = 6835099.97      GM 1-sigma (km^3/s^2)  = +-10 
  Equ. grav, ge (m/s^2) = 11.15           Pol. grav, gp (m/s^2)  = 11.41+-0.03
  Visual magnitude V(1,0)= -6.87
  Vis. mag. (opposition)=  +7.84          Obliquity to orbit     = 28.32 deg
  Sidereal orbit period = 164.788501027 y Sidereal orbit period  = 60189 d
  Mean daily motion     = 0.006020076dg/d Mean orbit velocity    =  5.43 km/s 
  Atmos. temp. (1 bar)  =  72+-2 K        Escape speed (1 bar)  =  23.5 km/s     
  Aroche(ice)/Rp        =  2.98           Hill's sphere rad., Rp = 4700
                                 Perihelion  Aphelion    Mean
  Solar Constant (W/m^2)         1.54        1.49        1.51
  Maximum Planetary IR (W/m^2)   0.52        0.52        0.52
  Minimum Planetary IR (W/m^2)   0.52        0.52        0.52
*******************************************************************************


*******************************************************************************
Ephemeris / WWW_USER Mon Apr  6 18:13:48 2026 Pasadena, USA      / Horizons    
*******************************************************************************
Target body name: Neptune (899)                   {source: nep097_merged}
Center body name: Earth (399)                     {source: nep097_merged}
Center-site name: (user defined site below)
*******************************************************************************
Start time      : A.D. 2026-Jan-01 00:00:00.0000 UT      
Stop  time      : A.D. 2026-Dec-31 00:00:00.0000 UT      
Step-size       : 3600 minutes
*******************************************************************************
Target pole/equ : IAU_NEPTUNE                     {West-longitude positive}
Target radii    : 24764.0, 24764.0, 24341.0 km    {Equator_a, b, pole_c}       
Center geodetic : 263.5, 17.0, 1.55               {E-lon(deg),Lat(deg),Alt(km)}
Center cylindric: 263.5, 6102.67095, 1853.28658   {E-lon(deg),Dxy(km),Dz(km)}
Center pole/equ : ITRF93                          {East-longitude positive}
Center radii    : 6378.137, 6378.137, 6356.752 km {Equator_a, b, pole_c}       
Target primary  : Sun
Vis. interferer : MOON (R_eq= 1737.400) km        {source: DE441}
Rel. light bend : Sun                             {source: nep097_merged}
Rel. lght bnd GM: 1.3271E+11 km^3/s^2                                          
Atmos refraction: NO (AIRLESS)
RA format       : HMS
Time format     : CAL 
Calendar mode   : Mixed Julian/Gregorian
EOP file        : eop.260406.p260703                                           
EOP coverage    : DATA-BASED 1962-JAN-20 TO 2026-APR-06. PREDICTS-> 2026-JUL-02
Units conversion: 1 au= 149597870.700 km, c= 299792.458 km/s, 1 day= 86400.0 s 
Table cut-offs 1: Elevation (-90.0deg=NO ),Airmass (>38.000=NO), Daylight (NO )
Table cut-offs 2: Solar elongation (  0.0,180.0=NO ),Local Hour Angle( 0.0=NO )
Table cut-offs 3: RA/DEC angular rate (     0.0=NO )                           
**********************************************************************************************************************************************************************************************************************************************************************************************
 Date__(UT)__HR:MN     R.A._____(ICRF)_____DEC  R.A.__(a-apparent)__DEC  dRA*cosD d(DEC)/dt  Azi____(a-app)___Elev    APmag   S-brt      Illu%  Ang-diam  ObsSub-LON ObsSub-LAT             delta      deldot     S-O-T /r     S-T-O  Sky_motion  Sky_mot_PA  RelVel-ANG  Lun_Sky_Brt  sky_SNR
**********************************************************************************************************************************************************************************************************************************************************************************************
$$SOE
 2026-Jan-01 00:00 *m  23 58 58.56 -01 33 48.3  00 00 18.65 -01 25 07.1  1.601599  0.830168  192.730171  71.145933    7.767   9.284   99.97395  2.271916  292.675208 -20.796414  30.0578769710684  29.5077306   78.9437 /T    1.8505   0.0300661   62.600634   69.684781         n.a.     n.a.
 2026-Jan-03 12:00 Am  23 59 05.65 -01 32 56.0  00 00 25.69 -01 24 14.8  1.938135  0.911018   23.035095 -73.136617    7.770   9.284   99.97445  2.268712  205.358389 -20.786903  30.1003226381968  29.1476355   76.4253 /T    1.8332   0.0356928   64.824181   65.984330         n.a.     n.a.
 2026-Jan-06 00:00 *   23 59 13.49 -01 31 59.0  00 00 33.55 -01 23 17.9  1.980480  0.990914  206.506085  69.602534    7.773   9.284   99.97503  2.265562  118.040040 -20.776224  30.1421706089247  28.9402248   73.9200 /T    1.8122   0.0369091   63.419347   65.076330         n.a.     n.a.
 2026-Jan-08 12:00 Am  23 59 22.08 -01 30 57.2  00 00 42.07 -01 22 16.3  2.309711  1.068916   36.801851 -70.774949    7.776   9.284   99.97571  2.262447   30.719368 -20.764344  30.1836680056821  28.4023956   71.4082 /T    1.7881   0.0424177   65.165676   61.413788         n.a.     n.a.
 2026-Jan-11 00:00 *   23 59 31.39 -01 29 50.7  00 00 51.38 -01 21 10.1  2.349432  1.146653  217.900939  67.149159    7.779   9.284   99.97645  2.259397  303.397748 -20.751341  30.2244198054922  28.1652011   68.9093 /T    1.7604   0.0435719   63.985061   60.524460         n.a.     n.a.
 2026-Jan-13 12:00 Am  23 59 41.44 -01 28 39.7  00 01 01.37 -01 19 59.2  2.669341  1.221178   47.233959 -67.631952    7.782   9.284   99.97728  2.256392  216.074378 -20.737143  30.2646668642217  27.4470834   66.4041 /T    1.7297   0.0489236   65.416721   56.891365         n.a.     n.a.
 2026-Jan-16 00:00 *   23 59 52.18 -01 27 24.2  00 01 12.13 -01 18 43.7  2.705664  1.295996  226.926198  64.049536    7.785   9.284   99.97817  2.253462  128.750685 -20.721870  30.3040156194267  27.1748361   63.9120 /T    1.6955   0.0500006   64.405869   56.019403         n.a.     n.a.
 2026-Jan-18 12:00 A   00 00 03.64 -01 26 04.3  00 01 23.54 -01 17 23.9  3.013558  1.366219   55.038002 -63.995868    7.787   9.284   99.97913  2.250589   41.425857 -20.705420  30.3427027508160  26.2798368   61.4140 /T    1.6584   0.0551465   65.612481   52.414936         n.a.     n.a.
 2026-Jan-21 00:00 *m  00 00 15.75 -01 24 40.2  00 01 35.67 -01 15 59.9  3.045305  1.437018  234.012206  60.512517    7.790   9.284   99.98013  2.247801  314.101357 -20.687954  30.3803431457198  25.9725257   58.9296 /T    1.6181   0.0561221   64.738316   51.565929         n.a.     n.a.
 2026-Jan-23 12:00 A   00 00 28.54 -01 23 12.0  00 01 48.39 -01 14 31.9  3.338319  1.502202   60.972538 -60.051314    7.793   9.284   99.98119  2.245079  226.776361 -20.669341  30.4171688844139  24.9090459   56.4400 /T    1.5750   0.0610123   65.772839   47.992621         n.a.     n.a.
 2026-Jan-26 00:00 *m  00 00 41.93 -01 21 39.9  00 02 01.78 -01 13 00.0  3.364346  1.567833  239.633245  56.681915    7.795   9.284   99.98228  2.242452  139.452337 -20.649779  30.4528130162851  24.5742297   53.9645 /T    1.5289   0.0618621   65.013810   47.178368         n.a.     n.a.
 2026-Jan-28 12:00 A   00 00 55.96 -01 20 04.1  00 02 15.77 -01 11 24.2  3.640061  1.627583   65.607886 -55.909669    7.798   9.284   99.98340  2.239900   52.128447 -20.629113  30.4875044113125  23.3580229   51.4843 /T    1.4801   0.0664561   65.909116   43.641758         n.a.     n.a.
 2026-Jan-31 00:00 *m  00 01 10.54 -01 18 24.6  00 02 30.39 -01 09 44.7  3.660544  1.687705  244.176459  52.652043    7.800   9.284   99.98454  2.237449  324.806117 -20.607574  30.5209028352141  23.0096199   49.0183 /T    1.4286   0.0671812   65.247786   42.870342         n.a.     n.a.
 2026-Feb-02 12:00 Am  00 01 25.73 -01 16 41.7  00 02 45.53 -01 08 01.8  3.918181  1.742386   69.333556 -51.638403    7.802   9.284   99.98569  2.235082  237.484492 -20.584978  30.5532310553305  21.6563456   46.5475 /T    1.3747   0.0714688   66.025641   39.365440         n.a.     n.a.
 2026-Feb-05 00:00 *   00 01 41.42 -01 14 55.5  00 03 01.22 -01 06 15.8  3.934749  1.797522  247.927407  48.484216    7.805   9.284   99.98685  2.232820  150.164948 -20.561585  30.5841711048533  21.2994242   44.0903 /T    1.3183   0.0720982   65.447523   38.625665         n.a.     n.a.
 2026-Feb-07 12:00 Am  00 01 57.66 -01 13 06.2  00 03 17.41 -01 04 26.6  4.173767  1.847258   72.410936 -47.279579    7.807   9.284   99.98800  2.230650   62.846654 -20.537180  30.6139291720795  19.8129344   41.6281 /T    1.2596   0.0760714   66.126411   35.135605         n.a.     n.a.
 2026-Feb-10 00:00 *   00 02 14.36 -01 11 13.8  00 03 34.12 -01 02 34.4  4.186846  1.897356  251.091129  44.219025    7.809   9.284   99.98914  2.228592  335.530965 -20.512056  30.6422025596928  19.4424145   39.1791 /T    1.1986   0.0766116   65.621362   34.414063         n.a.     n.a.
 2026-Feb-12 12:00 Am  00 02 31.58 -01 09 18.7  00 03 51.31 -01 00 39.2  4.405412  1.941424   75.016699 -42.860028    7.811   9.284   99.99026  2.226631  248.217085 -20.485968  30.6691817686360  17.8278633   36.7251 /T    1.1355   0.0802371   66.217364   30.932501         n.a.     n.a.
 2026-Feb-15 00:00 *   00 02 49.19 -01 07 20.8  00 04 08.95 -00 58 41.3  4.414379  1.985985  253.814540  39.883841    7.812   9.284   99.99135  2.224789  160.906349 -20.459245  30.6945826987828  17.4422006   34.2843 /T    1.0704   0.0806757   65.777499   30.226010         n.a.     n.a.
 2026-Feb-17 12:00 A   00 03 07.28 -01 05 20.5  00 04 27.00 -00 56 41.1  4.610533  2.023648   77.273426 -38.397572    7.814   9.284   99.99241  2.223050   73.597985 -20.431617  30.7185839326148  15.7110309   31.8389 /T    1.0034   0.0839182   66.302443   26.753083         n.a.     n.a.
 2026-Feb-20 00:00 *m  00 03 25.70 -01 03 17.9  00 04 45.42 -00 54 38.6  4.614417  2.061926  256.203760  35.497402    7.816   9.284   99.99342  2.221435  346.293298 -20.403444  30.7409242781143  15.3129471   29.4072 /T    0.9347   0.0842357   65.922787   26.064418         n.a.     n.a.
 2026-Feb-22 12:00 A   00 03 44.54 -01 01 13.3  00 05 04.22 -00 52 34.1  4.786298  2.092667   79.268270 -33.904292    7.817   9.284   99.99438  2.219929  258.991528 -20.374436  30.7617731077792  13.4833563   26.9715 /T    0.8644   0.0870630   66.384078   22.606823         n.a.     n.a.
 2026-Feb-25 00:00 *m  00 04 03.65 -00 59 06.8  00 05 23.36 -00 50 27.5  4.784618  2.124111  258.337280  31.072862    7.819   9.284   99.99528  2.218550  171.693917 -20.344979  30.7809013520774  13.0840625   24.5500 /T    0.7926   0.0872487   66.061371   21.947203         n.a.     n.a.
 2026-Feb-27 12:00 N   00 04 23.13 -00 56 58.6  00 05 42.83 -00 48 19.2  4.931739  2.148330   81.064586 -29.388415    7.820   9.284   99.99612  2.217284   84.399705 -20.314766  30.7984696013788  11.1787795   22.1252 /T    0.7194   0.0896558   66.461433   18.511813         n.a.     n.a.
 2026-Mar-02 00:00 *m  00 04 42.81 -00 54 48.9  00 06 02.53 -00 46 09.5  4.925765  2.173269  260.274160  26.619623    7.821   9.284   99.99688  2.216146  357.110040 -20.284199  30.8142833484467  10.7883134   19.7147 /T    0.6452   0.0897315   66.192716   17.884248         n.a.     n.a.
 2026-Mar-04 12:00 Nm  00 05 02.80 -00 52 38.0  00 06 22.49 -00 43 58.5  5.048770  2.191834   82.710188 -24.855956    7.822   9.284   99.99757  2.215126  269.824188 -20.252953  30.8284837948771   8.8199364   17.3010 /T    0.5698   0.0917336   66.532780   14.462198         n.a.     n.a.
 2026-Mar-07 00:00 *   00 05 22.94 -00 50 25.9  00 06 42.64 -00 41 46.5  5.039887  2.210599  262.059731  22.144612    7.823   9.284   99.99819  2.214233  182.543220 -20.221442  30.8409044495152   8.4367119   14.9021 /T    0.4936   0.0917230   66.316750   13.854505         n.a.     n.a.
 2026-Mar-09 12:00 Nm  00 05 43.34 -00 48 12.8  00 07 03.02 -00 39 33.5  5.138373  2.223538   84.241747 -20.311255    7.824   9.284   99.99871  2.213462   95.266471 -20.189329  30.8516596039881   6.4097852   12.5012 /T    0.4166   0.0933140   66.600329   10.431000         n.a.     n.a.
 2026-Mar-12 00:00 *   00 06 03.84 -00 45 59.0  00 07 23.55 -00 37 19.5  5.126606  2.235932  263.730217  17.653124    7.824   9.284   99.99915  2.212820    7.994940 -20.157043  30.8606104576147   6.0306911   10.1179 /T    0.3391   0.0932164   66.435927   9.8334467         n.a.     n.a.
 2026-Mar-14 12:00 Nm  00 06 24.53 -00 43 44.6  00 07 44.25 -00 35 05.0  5.199333  2.242664   85.688422 -15.757541    7.825   9.284   99.99950  2.212301  280.728032 -20.124233  30.8678486475398   3.9549162    7.7393 /T    0.2613   0.0943731   66.667684   6.4026628         n.a.     n.a.
 2026-Mar-17 00:00 *   00 06 45.26 -00 41 29.9  00 08 05.00 -00 32 50.2  5.184197  2.248434  265.314898  13.149182    7.825   9.284   99.99976  2.211913  193.466668 -20.091349  30.8732651166973   3.5805841    5.3962 /T    0.1839   0.0941797   66.553177   5.8113108         n.a.     n.a.
 2026-Mar-19 12:00 N   00 07 06.13 -00 39 14.9  00 08 25.87 -00 30 35.3  5.229924  2.248293   87.074518 -11.197379    7.825   9.284   99.99992  2.211650  106.210311 -20.058027  30.8769337157163   1.4714820    3.1236 /T    0.1082   0.0948785   66.737603   2.3737755         n.a.     n.a.
 2026-Mar-22 00:00 *m  00 07 26.98 -00 37 00.0  00 08 46.73 -00 28 20.6  5.210659  2.247112  266.838328   8.635898    7.825   9.284   99.99998  2.211518   18.959796 -20.024733  30.8787780262165   1.1075435    1.3827 /T    0.0477   0.0945758   66.671739   1.7913502         n.a.     n.a.
 2026-Mar-24 12:00 N   00 07 47.90 -00 34 45.4  00 09 07.65 -00 26 05.7  5.228812  2.239919   88.420760  -6.632560    7.825   9.284   99.99995  2.211512  291.714616 -19.991094  30.8788608801569  -1.0106217    2.3362 /L    0.0740   0.0948064   66.810671   -1.641615         n.a.     n.a.
 2026-Mar-27 00:00 *m  00 08 08.73 -00 32 31.2  00 09 28.53 -00 23 51.1  5.205923  2.232110  268.322513   4.115739    7.825   9.284   99.99983  2.211635  204.475491 -19.957588  30.8771434394157  -1.3531501    4.5093 /L    0.1459   0.0944045   66.792112   -2.204966         n.a.     n.a.
 2026-Mar-29 12:00 N   00 08 29.58 -00 30 17.7  00 09 49.41 -00 21 37.4  5.197864  2.218841   89.745527  -2.064840    7.825   9.284   99.99960  2.211883  117.241936 -19.923832  30.8736736295662  -3.4596656    6.8241 /L    0.2229   0.0941940   66.883549   -5.626458         n.a.     n.a.
 2026-Apr-01 00:00 *m  00 08 50.29 -00 28 04.9  00 10 10.12 -00 19 24.5  5.172922  2.205045  269.786751  -0.408921    7.825   9.284   99.99929  2.212258   30.014568 -19.890302  30.8684440160135  -3.7800529    9.1625 /L    0.3005   0.0937214   66.913057   -6.174872         n.a.     n.a.
 2026-Apr-03 12:00 Cm  00 09 10.96 -00 25 53.1  00 10 30.80 -00 17 12.7  5.139826  2.186483   91.066418   2.504231    7.824   9.284   99.99888  2.212758  302.792966 -19.856614  30.8614757006735  -5.8674232   11.5187 /L    0.3783   0.0930927   66.955089   -9.595181         n.a.     n.a.
 2026-Apr-06 00:00 *   00 09 31.42 -00 23 42.5  00 10 51.29 -00 15 01.9  5.113368  2.166692  271.249983  -4.935992    7.824   9.284   99.99838  2.213380  215.577653 -19.823239  30.8527900757024  -6.1709595   13.8710 /L    0.4554   0.0925579   67.036128   -10.14111         n.a.     n.a.
 2026-Apr-08 12:00 Cm  00 09 51.81 -00 21 33.2  00 11 11.72 -00 12 52.3  5.055107  2.142848   92.400282   7.073158    7.823   9.284   99.99780  2.214128  128.368305 -19.789798  30.8423791986218  -8.2331385   16.2323 /L    0.5322   0.0915088   67.028032   -13.57277         n.a.     n.a.
 2026-Apr-11 00:00 *   00 10 11.93 -00 19 25.3  00 11 31.88 -00 10 44.2  5.026831  2.116806  272.731151  -9.463274    7.822   9.284   99.99713  2.214995   41.165341 -19.756759  30.8302968816929  -8.5211717   18.5859 /L    0.6080   0.0909058   67.163968   -14.12356         n.a.     n.a.
 2026-Apr-13 12:00 Cm  00 10 31.91 -00 17 19.2  00 11 51.91 -00 08 37.8  4.942863  2.087315   93.764831  11.640236    7.821   9.284   99.99639  2.215986  313.968527 -19.723747  30.8165100852211 -10.5473564   20.9468 /L    0.6831   0.0894253   67.106218   -17.57414         n.a.     n.a.
 2026-Apr-16 00:00 *   00 10 51.58 -00 15 14.8  00 12 11.59 -00 06 33.3  4.912216  2.054881  274.249913 -13.988499    7.820   9.284   99.99558  2.217094  226.778171 -19.691229  30.8011063824128 -10.8174746   23.2989 /L    0.7568   0.0887450   67.299440   -18.13275         n.a.     n.a.
 2026-Apr-18 12:00 C   00 11 11.06 -00 13 12.6  00 12 31.10 -00 04 30.9  4.802008  2.019231   95.179349  16.203541    7.819   9.284   99.99469  2.218324  139.594117 -19.658837  30.7840340539038 -12.7903780   25.6578 /L    0.8296   0.0868213   67.193383   -21.60292         n.a.     n.a.
 2026-Apr-21 00:00 *m  00 11 30.16 -00 11 12.5  00 12 50.25 -00 02 30.5  4.768657  1.980609  275.828170 -18.509087    7.817   9.284   99.99375  2.219666   52.416544 -19.627035  30.7654173681679 -13.0333582   28.0071 /L    0.9007   0.0860602   67.444986   -22.16209         n.a.     n.a.
 2026-Apr-23 12:00 *   00 11 49.01 -00 09 14.9  00 13 09.18 -00 00 32.4  4.633268  1.939168   96.665528  20.760873    7.816   9.284   99.99275  2.221126  325.245336 -19.595460  30.7451937347391 -14.9287662   30.3626 /L    0.9707   0.0837117   67.289165   -25.63831         n.a.     n.a.
 2026-Apr-26 00:00 *m  00 12 07.43 -00 07 19.8  00 13 27.64 +00 01 23.0  4.598659  1.895477  277.490983 -23.021930    7.814   9.284   99.99171  2.222693  238.080541 -19.564562  30.7235196678194 -15.1391938   32.7082 /L    1.0387   0.0828997   67.599508   -26.18879         n.a.     n.a.
 2026-Apr-28 12:00 *   00 12 25.55 -00 05 27.4  00 13 45.81 +00 03 15.6  4.440492  1.849251   98.249350  25.309174    7.813   9.284   99.99062  2.224373  150.922093 -19.533984  30.7003130824383 -16.9453721   35.0603 /L    1.1054   0.0801694   67.390630   -29.66824         n.a.     n.a.
 2026-May-01 00:00 *   00 12 43.21 -00 03 37.9  00 14 03.49 +00 05 05.3  4.405592  1.801050  279.268138 -27.523015    7.811   9.284   99.98950  2.226154   63.769949 -19.504160  30.6757527127639 -17.1304276   37.4028 /L    1.1698   0.0793253   67.764764   -30.21941         n.a.     n.a.
 2026-May-03 12:00 *m  00 13 00.51 -00 01 51.3  00 14 20.87 +00 06 52.3  4.225887  1.750480   99.962264  29.844508    7.809   9.284   99.98834  2.228044  336.624124 -19.474745  30.6497316238827 -18.8429306   39.7525 /L    1.2328   0.0762348   67.499309   -33.71199         n.a.     n.a.
 2026-May-06 00:00 *   00 13 17.31 -00 00 07.8  00 14 37.71 +00 08 36.2  4.190437  1.697594  281.196807 -32.007012    7.807   9.284   99.98718  2.230029  249.484486 -19.446154  30.6224526251420 -19.0083629   42.0933 /L    1.2933   0.0753540   67.946565   -34.27636         n.a.     n.a.
 2026-May-08 12:00 *m  00 13 33.71 +00 01 32.5  00 14 54.20 +00 10 16.9  3.989595  1.642757  101.844062  34.361573    7.805   9.284   99.98599  2.232119  162.351140 -19.418063  30.5937850456288 -20.6205850   44.4420 /L    1.3522   0.0719095   67.620073   -37.79295         n.a.     n.a.
 2026-May-11 00:00 *   00 13 49.56 +00 03 09.3  00 15 10.09 +00 11 54.1  3.952977  1.584906  283.323991 -36.466902    7.803   9.284   99.98481  2.234297   75.223848 -19.390864  30.5639601030186 -20.7665203   46.7824 /L    1.4084   0.0709811   68.152179   -38.37762         n.a.     n.a.
 2026-May-13 12:00 *m  00 14 04.96 +00 04 42.7  00 15 25.56 +00 13 27.7  3.731166  1.525676  103.946849  38.853027    7.801   9.284   99.98363  2.236575  348.102806 -19.364256  30.5328263225834 -22.2683410   49.1312 /L    1.4627   0.0671840   67.760314   -41.92782         n.a.     n.a.
 2026-May-16 00:00 *   00 14 19.78 +00 06 12.4  00 15 40.41 +00 14 57.8  3.692718  1.462790  285.711237 -40.893163    7.799   9.284   99.98246  2.238935  260.987656 -19.338611  30.5006458331200 -22.3894159   51.4719 /L    1.5141   0.0661982   68.390085   -42.53392         n.a.     n.a.
 2026-May-18 12:00 *   00 14 34.10 +00 07 38.3  00 15 54.84 +00 16 24.2  3.450465  1.399108  106.340064  43.308789    7.796   9.284   99.98131  2.241389  173.878663 -19.313650  30.4672540481477 -23.7633621   53.8211 /L    1.5635   0.0620556   67.928235   -46.11907         n.a.     n.a.
 2026-May-21 00:00 *m  00 14 47.80 +00 09 00.3  00 16 08.60 +00 17 46.7  3.410743  1.332057  288.441538 -45.272451    7.794   9.284   99.98019  2.243916   86.775325 -19.289721  30.4329457110574 -23.8485672   56.1620 /L    1.6098   0.0610272   68.666990   -46.73176         n.a.     n.a.
 2026-May-23 12:00 *   00 15 00.95 +00 10 18.2  00 16 21.85 +00 19 05.1  3.150769  1.264849  109.119184  47.714338    7.791   9.284   99.97910  2.246529  359.677952 -19.266560  30.3975455863550 -25.0788635   58.5112 /L    1.6539   0.0565862   68.127428   -50.34015         n.a.     n.a.
 2026-May-26 00:00 *m  00 15 13.45 +00 11 32.1  00 16 34.37 +00 20 19.3  3.111498  1.195041  291.628386 -49.585680    7.789   9.284   99.97806  2.249206  272.585929 -19.244486  30.3613666052293 -25.1311875   60.8521 /L    1.6947   0.0555516   68.989579   -50.95048         n.a.     n.a.
 2026-May-28 12:00 *   00 15 25.37 +00 12 41.7  00 16 46.39 +00 21 29.3  2.836313  1.124916  112.418489  52.048207    7.786   9.284   99.97706  2.251961  185.499636 -19.223254  30.3242153986091 -26.2159806   63.2017 /L    1.7332   0.0508541   68.366133   -54.58622         n.a.     n.a.
 2026-May-31 00:00 *   00 15 36.62 +00 13 47.1  00 16 57.68 +00 22 35.1  2.797598  1.052750  295.431502 -53.804599    7.783   9.284   99.97612  2.254772   98.418390 -19.203152  30.2864159015186 -26.2448688   65.5436 /L    1.7683   0.0498187   69.378441   -55.20398         n.a.     n.a.
 2026-Jun-02 12:00 *m  00 15 47.25 +00 14 48.1  00 17 08.43 +00 23 36.7  2.508586  0.979865  116.430378  56.278241    7.780   9.284   99.97525  2.257654   11.342642 -19.183962  30.2477594504818 -27.1815675   67.8951 /L    1.8009   0.0448861   68.664157   -58.87778         n.a.     n.a.
 2026-Jun-05 00:00 *   00 15 57.19 +00 15 44.7  00 17 18.42 +00 24 33.8  2.469719  0.905217  300.078091 -57.886677    7.778   9.284   99.97444  2.260581  284.271638 -19.165938  30.2085834096792 -27.1915533   70.2394 /L    1.8301   0.0438398   69.870779   -59.51407         n.a.     n.a.
 2026-Jun-07 12:00 *m  00 16 06.49 +00 16 36.8  00 17 27.83 +00 25 26.3  2.167924  0.829732  121.435900  60.354437    7.775   9.284   99.97371  2.263572  197.205896 -19.148897  30.1686666106381 -27.9747069   72.5942 /L    1.8566   0.0386880   69.056589   -63.23708         n.a.     n.a.
 2026-Jun-10 00:00 *   00 16 15.06 +00 17 24.2  00 17 36.43 +00 26 14.2  2.128055  0.752371  305.891637 -61.766433    7.772   9.284   99.97305  2.266600  110.144579 -19.133056  30.1283636006342 -27.9643947   74.9424 /L    1.8795   0.0376190   70.529022   -63.89908         n.a.     n.a.
 2026-Jun-12 12:00 *m  00 16 22.96 +00 18 07.1  00 17 44.44 +00 26 57.5  1.814461  0.674474  127.844377  64.197279    7.784   9.300   99.97248  2.269683   23.088264 -19.118266  30.0874438453196 -28.5850057   77.3016 /L    1.8997   0.0322627   69.608828   -67.68276         n.a.     n.a.
 2026-Jun-15 00:00 *m  00 16 30.13 +00 18 45.2  00 17 51.66 +00 27 36.2  1.773193  0.594572  313.320961 -65.340973    7.781   9.300   99.97201  2.272792  296.036010 -19.104708  30.0462834919481 -28.5453138   79.6545 /L    1.9162   0.0311704   71.463120   -68.36714         n.a.     n.a.
 2026-Jun-17 12:00 *   00 16 36.59 +00 19 18.5  00 17 58.26 +00 28 10.2  1.449951  0.515007  136.227005  67.678341    7.779   9.300   99.97162  2.275946  208.988430 -19.092266  30.0046486166674 -28.9895691   82.0183 /L    1.9299   0.0256450   70.445520   -72.21139         n.a.     n.a.
 2026-Jun-20 00:00 *m  00 16 42.29 +00 19 47.0  00 18 04.01 +00 28 39.2  1.408910  0.433972  322.926979 -68.449495    7.776   9.300   99.97133  2.279115  121.944461 -19.081076  29.9629332678616 -28.9131283   84.3754 /L    1.9398   0.0245705   72.880148   -72.89228         n.a.     n.a.
 2026-Jun-22 12:00 *   00 16 47.28 +00 20 10.6  00 18 09.10 +00 29 03.2  1.079669  0.353895  147.268285  70.592520    7.773   9.300   99.97114  2.282317   34.904763 -19.071051  29.9208940081900 -29.1798461   86.7432 /L    1.9467   0.0189365   71.851829   -76.79095         n.a.     n.a.
 2026-Jun-25 00:00 *m  00 16 51.51 +00 20 29.4  00 18 13.36 +00 29 22.5  1.040053  0.272864  335.210365 -70.854002    7.770   9.300   99.97104  2.285523  307.868205 -19.062284  29.8789261436406 -29.0752374   89.1046 /L    1.9499   0.0179209   75.299396   -77.44990         n.a.     n.a.
 2026-Jun-27 12:00 *   00 16 55.01 +00 20 43.4  00 18 16.99 +00 29 37.0  0.707014  0.192473  161.419118  72.641491    7.767   9.300   99.97105  2.288751  220.835514 -19.054716  29.8367765552327 -29.1697273   91.4770 /L    1.9501   0.0122124   74.771230   -81.41335         n.a.     n.a.
 2026-Jun-30 00:00 *   00 16 57.76 +00 20 52.5  00 18 19.79 +00 29 46.7  0.668446  0.111805  350.103214 -72.255175    7.763   9.300   99.97116  2.291973  133.805515 -19.048403  29.7948389336505 -29.0443370   93.8435 /L    1.9465   0.0112955   80.504545   -82.02663         n.a.     n.a.
 2026-Jul-02 12:00 *m  00 16 59.77 +00 20 56.8  00 18 21.92 +00 29 51.6  0.333245  0.031117  178.073163  73.488852    7.760   9.300   99.97136  2.295207   46.778978 -19.043319  29.7528577733444 -28.9672107   96.2218 /L    1.9399   0.0055783   84.665416   -86.03814         n.a.     n.a.
 2026-Jul-05 00:00 *   00 17 01.02 +00 20 56.3  00 18 23.21 +00 29 51.5  0.294905  -0.04914    6.332696 -72.401271    7.757   9.300   99.97167  2.298423  319.754694 -19.039483  29.7112254738634 -28.8237092   98.5948 /L    1.9296   0.0049829   99.460048   -86.44726         n.a.     n.a.
 2026-Jul-07 12:00 *m  00 17 01.53 +00 20 50.9  00 18 23.82 +00 29 46.5  -0.04088  -0.12991  195.066335  72.943820    7.754   9.300   99.97207  2.301641  232.733459 -19.036902  29.6696887607589 -28.5721504  100.9803 /L    1.9162   0.0022699   197.46909   -88.36796         n.a.     n.a.
 2026-Jul-10 00:00 *   00 17 01.29 +00 20 40.7  00 18 23.61 +00 29 36.8  -0.07977  -0.20978   21.742770 -71.253391    7.735   9.284   99.97257  2.304829  145.714020 -19.035553  29.6286419138524 -28.4067357  103.3610 /L    1.8992   0.0037405   200.82097   -87.29994         n.a.     n.a.
 2026-Jul-12 12:00 *m  00 17 00.30 +00 20 25.7  00 18 22.76 +00 29 22.4  -0.41415  -0.28998  209.975020  71.117385    7.732   9.284   99.97316  2.308008   58.697181 -19.035486  29.5878380657043 -27.9738051  105.7547 /L    1.8790   0.0084264   235.00062   -83.85107         n.a.     n.a.
 2026-Jul-15 00:00 *m  00 16 58.57 +00 20 06.0  00 18 21.09 +00 29 03.3  -0.45308  -0.36879   34.741434 -69.014411    7.730   9.284   99.97384  2.311145  331.681618 -19.036628  29.5476771283432 -27.7765111  108.1435 /L    1.8551   0.0097366   230.85537   -82.86377         n.a.     n.a.
 2026-Jul-17 12:00 *   00 16 56.09 +00 19 41.5  00 18 18.72 +00 28 39.3  -0.78230  -0.44692  221.791457  68.323180    7.727   9.284   99.97461  2.314259  244.668132 -19.039063  29.5079177234879 -27.1589214  110.5449 /L    1.8282   0.0150159   240.26115   -78.84398         n.a.     n.a.
 2026-Jul-20 00:00 *m  00 16 52.90 +00 19 12.3  00 18 15.55 +00 28 10.6  -0.81920  -0.52326   44.999123 -65.980756    7.724   9.284   99.97545  2.317319  157.655345 -19.042669  29.4689549984169 -26.9307789  112.9411 /L    1.7978   0.0162009   237.43180   -77.90507         n.a.     n.a.
 2026-Jul-22 12:00 *   00 16 48.96 +00 18 38.7  00 18 11.72 +00 27 37.3  -1.13987  -0.59833  230.790994  64.875513    7.721   9.284   99.97637  2.320343   70.644092 -19.047558  29.4305433552162 -26.1413552  115.3497 /L    1.7643   0.0214561   242.30448   -73.72282         n.a.     n.a.
 2026-Jul-25 00:00 *m  00 16 44.35 +00 18 00.6  00 18 07.14 +00 26 59.7  -1.17433  -0.67160   52.934742 -62.407541    7.718   9.284   99.97735  2.323302  343.632983 -19.053566  29.3930637433231 -25.8913314  117.7531 /L    1.7274   0.0225469   240.23484   -72.80797         n.a.     n.a.
 2026-Jul-27 12:00 *   00 16 39.01 +00 17 18.1  00 18 01.93 +00 26 17.8  -1.48466  -0.74362  237.650284  61.001414    7.715   9.284   99.97839  2.326214  256.622889 -19.060838  29.3562725845605 -24.9408417  120.1692 /L    1.6875   0.0276746   243.39498   -68.50836         n.a.     n.a.
 2026-Jul-30 00:00 *   00 16 33.03 +00 16 31.3  00 17 55.98 +00 25 31.5  -1.51710  -0.81347   59.120763 -58.473100    7.713   9.284   99.97948  2.329049  169.612415 -19.069172  29.3205356917286 -24.6733003  122.5805 /L    1.6444   0.0286905   241.79994   -67.60250         n.a.     n.a.
 2026-Aug-01 12:00 Cm  00 16 26.34 +00 15 40.4  00 17 49.39 +00 24 41.0  -1.81548  -0.88251  242.980588  56.845781    7.710   9.284   99.98062  2.331826   82.602440 -19.078744  29.2856194982729 -23.5674739  125.0050 /L    1.5985   0.0336435   244.07547   -63.19093         n.a.     n.a.
 2026-Aug-04 00:00 *   00 16 19.04 +00 14 45.5  00 17 42.10 +00 23 46.4  -1.84663  -0.94872   64.039541 -54.293082    7.708   9.284   99.98180  2.334516  355.591580 -19.089316  29.2518735458638 -23.2827276  127.4253 /L    1.5495   0.0346013   242.80785   -62.27944         n.a.     n.a.
 2026-Aug-06 12:00 Cm  00 16 11.06 +00 13 46.5  00 17 34.21 +00 22 47.8  -2.13131  -1.01455  247.230369  52.498727    7.705   9.284   99.98300  2.337136  268.580690 -19.101095  29.2190812446416 -22.0221552  129.8592 /L    1.4977   0.0393410   244.54454   -57.75079         n.a.     n.a.
 2026-Aug-09 00:00 *   00 16 02.50 +00 12 43.8  00 17 25.70 +00 21 45.6  -2.16133  -1.07673   68.044625 -49.941400    7.703   9.284   99.98423  2.339658  181.568388 -19.113807  29.1875782017743 -21.7142367  132.2893 /L    1.4430   0.0402447   243.51856   -56.82047         n.a.     n.a.
 2026-Aug-11 12:00 Cm  00 15 53.28 +00 11 37.3  00 17 16.60 +00 20 39.7  -2.42934  -1.13821  250.709546  48.017123    7.701   9.284   99.98546  2.342099   94.555480 -19.127689  29.1571679948785 -20.2975889  134.7331 /L    1.3856   0.0447127   244.89566   -52.17606         n.a.     n.a.
 2026-Aug-14 00:00 *m  00 15 43.54 +00 10 27.2  00 17 06.88 +00 19 30.0  -2.45667  -1.19527   71.385140 -45.466272    7.698   9.284   99.98670  2.344430    7.540579 -19.142423  29.1281703755784 -19.9622341  137.1727 /L    1.3256   0.0455335   244.05524   -51.23271         n.a.     n.a.
 2026-Aug-16 12:00 C   00 15 33.19 +00 09 13.8  00 16 56.60 +00 18 16.8  -2.70400  -1.25075  253.629940  43.437864    7.696   9.284   99.98793  2.346667  280.524458 -19.158271  29.1003998805234 -18.4013461  139.6253 /L    1.2631   0.0496543   245.17673   -46.49513         n.a.     n.a.
 2026-Aug-19 00:00 *m  00 15 22.35 +00 07 57.2  00 16 45.78 +00 17 00.5  -2.72721  -1.30192   74.235850 -40.900123    7.694   9.284   99.98915  2.348786  193.505760 -19.174874  29.0741495018854 -18.0472912  142.0733 /L    1.1982   0.0503672   244.48112   -45.55680         n.a.     n.a.
 2026-Aug-21 12:00 C   00 15 10.96 +00 06 37.6  00 16 34.47 +00 15 41.3  -2.95172  -1.35089  256.138862  38.786066    7.693   9.284   99.99034  2.350800  106.485267 -19.192521  29.0492389469944 -16.3633800  144.5339 /L    1.1311   0.0541026   245.40829   -40.74207         n.a.     n.a.
 2026-Aug-24 00:00 *m  00 14 59.15 +00 05 15.1  00 16 22.69 +00 14 19.2  -2.97097  -1.39608   76.720590 -36.265412    7.691   9.284   99.99149  2.352688   19.461665 -19.210819  29.0259345106344 -15.9973652  146.9896 /L    1.0618   0.0547107   244.83081   -39.80981         n.a.     n.a.
 2026-Aug-26 12:00 C   00 14 46.82 +00 03 50.0  00 16 10.45 +00 12 54.5  -3.17161  -1.43864  258.340575  34.079325    7.689   9.284   99.99260  2.354462  292.435732 -19.230083  29.0040679812204 -14.2061808  149.4579 /L    0.9905   0.0580441   245.60097   -34.92182         n.a.     n.a.
 2026-Aug-29 00:00 *   00 14 34.14 +00 02 22.5  00 15 57.78 +00 11 27.2  -3.18736  -1.47773   78.929463 -31.578393    7.688   9.284   99.99366  2.356102  205.406202 -19.249895  28.9838789573395 -13.8303185  151.9214 /L    0.9173   0.0585542   245.12649   -33.99003         n.a.     n.a.
 2026-Aug-31 12:00 Cm  00 14 21.00 +00 00 52.7  00 15 44.68 +00 09 57.6  -3.36331  -1.51412  260.310637  29.330393    7.686   9.284   99.99466  2.357619  118.373824 -19.270590  28.9652184591131 -11.9424884  154.3976 /L    0.8423   0.0614736   245.76329   -29.02792         n.a.     n.a.
 2026-Sep-03 00:00 *   00 14 07.56 -00 00 39.2  00 15 31.26 +00 08 26.0  -3.37601  -1.54683   80.929288 -26.851139    7.685   9.284   99.99559  2.358997   31.337385 -19.291730  28.9482993246093 -11.5540875  156.8690 /L    0.7659   0.0618918   245.38362   -28.08376         n.a.     n.a.
 2026-Sep-05 12:00 Cm  00 13 53.71 -00 02 13.0  00 15 17.48 +00 06 52.6  -3.52580  -1.57679  262.105707  24.548980    7.684   9.284   99.99645  2.360245  304.297567 -19.313665  28.9329999044245  -9.5738497  159.3532 /L    0.6878   0.0643720   245.90501   -23.04228         n.a.     n.a.
 2026-Sep-08 00:00 *   00 13 39.63 -00 03 48.4  00 15 03.44 +00 05 17.5  -3.53465  -1.60227   82.770867 -22.092940    7.683   9.284   99.99723  2.361346  217.253206 -19.335938  28.9195055472857  -9.1681033  161.8318 /L    0.6085   0.0646809   245.61499   -22.07590         n.a.     n.a.
 2026-Sep-10 12:00 Cm  00 13 25.20 -00 05 25.2  00 14 49.06 +00 03 40.9  -3.65528  -1.62463  263.769129  19.742699    7.682   9.284   99.99792  2.362309  130.204901 -19.358909  28.9077199553070  -7.1046250  164.3218 /L    0.5280   0.0666677   246.03674   -16.96538         n.a.     n.a.
 2026-Sep-13 00:00 *m  00 13 10.62 -00 07 03.3  00 14 34.47 +00 02 02.9  -3.65859  -1.64194   84.494343 -17.311432    7.681   9.284   99.99852  2.363120   43.151564 -19.382097  28.8977922805342  -6.6874295  166.8037 /L    0.4467   0.0668358   245.82993   -15.98902         n.a.     n.a.
 2026-Sep-15 12:00 C   00 12 55.76 -00 08 42.3  00 14 19.64 +00 00 24.0  -3.74774  -1.65577  265.335281  14.917900    7.680   9.284   99.99902  2.363787  316.093745 -19.405872  28.8896406594013  -4.5640896  169.2928 /L    0.3645   0.0682869   246.16394   -10.84038         n.a.     n.a.
 2026-Sep-18 00:00 *m  00 12 40.81 -00 10 21.9  00 14 04.72 -00 01 15.4  -3.74535  -1.66505   86.131896 -12.512985    7.680   9.284   99.99942  2.364300  229.030466 -19.429734  28.8833742575274  -4.1471277  171.7655 /L    0.2822   0.0683130   246.03172   -9.869346         n.a.     n.a.
 2026-Sep-20 12:00 C   00 12 25.67 -00 12 02.0  00 13 49.62 -00 02 55.3  -3.80273  -1.67039  266.832669  10.080135    7.680   9.284   99.99971  2.364664  141.962244 -19.454070  28.8789253066678  -1.9872604  174.2257 /L    0.1999   0.0692238   246.28593   -4.706902         n.a.     n.a.
 2026-Sep-23 00:00 *m  00 12 10.52 -00 13 42.4  00 13 34.48 -00 04 35.4  -3.79528  -1.67214   87.710734  -7.703192    7.679   9.284   99.99990  2.364874   54.888204 -19.478365  28.8763687863740  -1.5752816  176.5999 /L    0.1199   0.0691219   246.22252   -3.741210         n.a.     n.a.
 2026-Sep-25 12:00 C   00 11 55.24 -00 15 22.6  00 13 19.21 -00 06 15.7  -3.82129  -1.66934  268.285434   5.234223    7.679   9.284   99.99998  2.364932  327.808822 -19.503018  28.8756547559844   0.6027605  178.4710 /L    0.0540   0.0695001   246.40180   1.4176722         n.a.     n.a.
 2026-Sep-28 00:00 *   00 11 40.02 -00 17 02.7  00 13 03.99 -00 07 55.7  -3.80952  -1.66385   89.254911  -2.887114    7.680   9.284   99.99995  2.364836  240.723316 -19.527511  28.8768264746797   1.0098095  177.5898 /T    0.0758   0.0692837   246.40615   2.3853471         n.a.     n.a.
 2026-Sep-30 12:00 Cm  00 11 24.74 -00 18 42.2  00 12 48.73 -00 09 35.2  -3.80475  -1.65338  269.715332   0.384587    7.680   9.284   99.99981  2.364588  153.632106 -19.552247  28.8798579870841   3.1941936  175.3065 /T    0.1511   0.0691412   246.51236   7.5329736         n.a.     n.a.
 2026-Oct-03 00:00 *   00 11 09.60 -00 20 21.1  00 12 33.62 -00 11 13.9  -3.78870  -1.64040   90.786343   1.930612    7.680   9.284   99.99957  2.364186   66.534492 -19.576709  28.8847633342578   3.6019716  172.8613 /T    0.2323   0.0688096   246.58871   8.5210373         n.a.     n.a.
 2026-Oct-05 12:00 Cm  00 10 54.47 -00 21 59.0  00 12 18.51 -00 12 51.6  -3.75236  -1.62201  271.142976  -4.464528    7.681   9.284   99.99922  2.363631  339.430801 -19.601298  28.8915453482508   5.7842794  170.3646 /T    0.3148   0.0681321   246.62298   13.658056         n.a.     n.a.
 2026-Oct-08 00:00 *   00 10 39.54 -00 23 35.7  00 12 03.59 -00 14 28.3  -3.73059  -1.60061   92.326465   6.745372    7.681   9.284   99.99877  2.362925  252.320429 -19.625496  28.9001820043098   6.1915306  167.8572 /T    0.3969   0.0676578   246.77827   14.674010         n.a.     n.a.
 2026-Oct-10 12:00 C   00 10 24.71 -00 25 11.0  00 11 48.74 -00 16 03.7  -3.66137  -1.57379  272.588558  -9.308922    7.682   9.284   99.99821  2.362066  165.203620 -19.649695  28.9106974155784   8.3521420  165.3309 /T    0.4788   0.0664213   246.74026   19.784797         n.a.     n.a.
 2026-Oct-13 00:00 *m  00 10 10.16 -00 26 44.6  00 11 34.19 -00 17 37.3  -3.63329  -1.54380   93.897045  11.552423    7.683   9.284   99.99757  2.361059   78.079913 -19.673382  28.9230244742054   8.7459328  162.8064 /T    0.5596   0.0657945   246.97914   20.812570         n.a.     n.a.
 2026-Oct-15 12:00 C   00 09 55.79 -00 28 16.2  00 11 19.82 -00 19 08.9  -3.53161  -1.50880  274.073606 -14.144076    7.684   9.284   99.99683  2.359902  350.949495 -19.696942  28.9372038524286  10.8598330  160.2684 /T    0.6396   0.0640069   246.86651   25.871624         n.a.     n.a.
 2026-Oct-18 00:00 *m  00 09 41.77 -00 29 45.6  00 11 05.82 -00 20 38.2  -3.49821  -1.47110   95.521246  16.346809    7.685   9.284   99.99602  2.358604  263.812059 -19.719872  28.9531272634343  11.2300137  157.7356 /T    0.7181   0.0632491   247.19181   26.895362         n.a.     n.a.
 2026-Oct-20 12:00 C   00 09 28.00 -00 31 12.6  00 10 52.03 -00 22 05.2  -3.36578  -1.42853  275.621704 -18.965223    7.687   9.284   99.99512  2.357161  176.667732 -19.742555  28.9708537963963  13.2774627  155.1913 /T    0.7955   0.0609397   247.00231   31.884656         n.a.     n.a.
 2026-Oct-23 00:00 *m  00 09 14.65 -00 32 37.0  00 10 38.68 -00 23 29.8  -3.32829  -1.38414   97.225503  21.123068    7.688   9.284   99.99416  2.355584   89.516342 -19.764501  28.9902417695763  13.6211553  152.6535 /T    0.8708   0.0600771   247.41904   32.899278         n.a.     n.a.
 2026-Oct-25 12:00 C   00 09 01.61 -00 33 58.6  00 10 25.61 -00 24 51.5  -3.16724  -1.33467  277.259998 -23.767175    7.690   9.284   99.99313  2.353869    2.357955 -19.786087  29.0113694509420  15.5869798  150.1048 /T    0.9449   0.0572828   247.14959   37.805781         n.a.     n.a.
 2026-Oct-28 00:00 *   00 08 49.06 -00 35 17.2  00 10 13.07 -00 26 10.2  -3.12671  -1.28436   99.040799  25.875104    7.691   9.284   99.99205  2.352029  275.192515 -19.806840  29.0340683880192  15.9079226  147.5632 /T    1.0166   0.0563370   247.66859   38.816127         n.a.     n.a.
 2026-Oct-30 12:00 Nm  00 08 36.89 -00 36 32.6  00 10 00.89 -00 27 25.5  -2.93882  -1.22846  279.021516 -28.543900    7.693   9.284   99.99093  2.350056  188.020009 -19.827127  29.0584405140377  17.7843654  145.0107 /T    1.0867   0.0530874   247.31443   43.640924         n.a.     n.a.
 2026-Nov-02 00:00 *   00 08 25.26 -00 37 44.7  00 09 49.29 -00 28 37.5  -2.89462  -1.17198  101.004933  30.595766    7.695   9.284   99.98977  2.347967  100.840468 -19.846496  29.0842933884400  18.0887521  142.4653 /T    1.1543   0.0520480   247.95787   44.667686         n.a.     n.a.
 2026-Nov-04 12:00 Nm  00 08 14.07 -00 38 53.1  00 09 38.05 -00 29 46.1  -2.68011  -1.10953  280.947246 -33.288202    7.697   9.284   99.98859  2.345753   13.653797 -19.865291  29.1117487140544  19.8629718  139.9092 /T    1.2199   0.0483450   247.51109   49.418280         n.a.     n.a.
 2026-Nov-07 00:00 C   00 08 03.48 -00 39 57.8  00 09 27.46 -00 30 51.0  -2.63121  -1.04646  103.165970  35.276093    7.699   9.284   99.98739  2.343432  286.460152 -19.883082  29.1405787994578  20.1426989  137.3608 /T    1.2827   0.0471944   248.31179   50.464884         n.a.     n.a.
 2026-Nov-09 12:00 N   00 07 53.40 -00 40 58.6  00 09 17.33 -00 31 52.0  -2.39136  -0.97803  283.090288 -37.990926    7.701   9.284   99.98618  2.340995  199.259379 -19.900190  29.1709184045917  21.7928102  134.8023 /T    1.3433   0.0430605   247.75625   55.132629         n.a.     n.a.
 2026-Nov-12 00:00 Cm  00 07 43.97 -00 41 55.2  00 09 07.92 -00 32 48.6  -2.33847  -0.90899  105.585951  39.904749    7.704   9.284   99.98498  2.338463  112.051793 -19.916216  29.2025020954875  22.0356562  132.2527 /T    1.4007   0.0418155   248.75824   56.182489         n.a.     n.a.
 2026-Nov-14 12:00 N   00 07 35.11 -00 42 47.6  00 08 59.02 -00 33 41.0  -2.07600  -0.83571  285.521530 -42.640061    7.706   9.284   99.98378  2.335825   24.837182 -19.931456  29.2354800112941  23.5442359  129.6937 /T    1.4558   0.0372982   248.07241   60.757358         n.a.     n.a.
 2026-Nov-17 00:00 Cm  00 07 26.94 -00 43 35.5  00 08 50.87 -00 34 29.1  -2.02075  -0.76192  108.348102  44.466671    7.709   9.284   99.98262  2.333106  297.616014 -19.945547  29.2695557243332  23.7442565  127.1445 /T    1.5075   0.0359937   249.34119   61.793190         n.a.     n.a.
 2026-Nov-19 12:00 N   00 07 19.40 -00 44 18.9  00 08 43.26 -00 35 12.7  -1.73876  -0.68477  288.337579 -47.219508    7.711   9.284   99.98148  2.330292  210.388008 -19.958766  29.3048966390636  25.1003975  124.5866 /T    1.5565   0.0311457   248.50410   66.271645         n.a.     n.a.
 2026-Nov-22 00:00 Cm  00 07 12.58 -00 44 57.7  00 08 36.44 -00 35 51.7  -1.68276  -0.60752  111.566572  48.941171    7.714   9.284   99.98038  2.327410  123.153763 -19.970782  29.3411834187691  25.2580409  122.0390 /T    1.6021   0.0298178   250.14904   67.280518         n.a.     n.a.
 2026-Nov-24 12:00 Nm  00 07 06.42 -00 45 31.7  00 08 30.23 -00 36 25.9  -1.38444  -0.52731  291.674309 -51.706519    7.717   9.284   99.97933  2.324446   35.912928 -19.981853  29.3786007716655  26.4564980  119.4828 /T    1.6448   0.0246910   249.14884   71.663178         n.a.     n.a.
 2026-Nov-27 00:00 C   00 07 01.01 -00 46 01.0  00 08 24.86 -00 36 55.2  -1.32848  -0.44744  115.400539  53.298925    7.720   9.284   99.97834  2.321426  308.666197 -19.991681  29.4168163758298  26.5802166  116.9369 /T    1.6839   0.0233635   251.38625   72.642981         n.a.     n.a.
 2026-Nov-29 12:00 Nm  00 06 56.30 -00 46 25.4  00 08 20.10 -00 37 19.6  -1.01566  -0.36423  295.726856 -56.067645    7.723   9.284   99.97741  2.318335  221.413134 -20.000499  29.4560321280253  27.6195720  114.3821 /T    1.7201   0.0179832   250.27149   76.947486         n.a.     n.a.
 2026-Dec-02 00:00 C   00 06 52.37 -00 46 44.7  00 08 16.18 -00 37 39.2  -0.95858  -0.28153  120.076077  57.496456    7.725   9.284   99.97656  2.315202  134.154510 -20.008040  29.4959011406203  27.7118277  111.8376 /T    1.7524   0.0166511   253.63273   77.908014         n.a.     n.a.
 2026-Dec-04 12:00 Nm  00 06 49.17 -00 46 59.1  00 08 12.90 -00 37 53.8  -0.63263  -0.19549  300.779033 -60.251932    7.728   9.284   99.97578  2.312009   46.889845 -20.014505  29.5366302169356  28.5777710  109.2843 /T    1.7817   0.0110358   252.82782   82.149827         n.a.     n.a.
 2026-Dec-07 00:00 C   00 06 46.77 -00 47 08.2  00 08 10.51 -00 38 03.1  -0.57438  -0.11037  125.913359  61.467680    7.731   9.284   99.97509  2.308787  319.620019 -20.019664  29.5778501752183  28.6290374  106.7419 /T    1.8071   0.0097481   259.12337   83.058992         n.a.     n.a.
 2026-Dec-09 12:00 N   00 06 45.13 -00 47 12.2  00 08 08.82 -00 38 07.2  -0.23843  -0.02275  307.244321 -64.178760    7.735   9.284   99.97448  2.305519  232.344527 -20.023686  29.6197722643990  29.3074801  104.1914 /T    1.8294   0.0039920   264.54904   87.207983         n.a.     n.a.
 2026-Dec-12 00:00 Cm  00 06 44.31 -00 47 11.0  00 08 08.02 -00 38 06.1  -0.18034  0.063846  133.352538  65.110234    7.738   9.284   99.97397  2.302237  145.064367 -20.026387  29.6620087343214  29.3117366  101.6526 /T    1.8476   0.0031884   289.49593   87.766512         n.a.     n.a.
 2026-Dec-14 12:00 N   00 06 44.26 -00 47 04.5  00 08 07.91 -00 37 59.8  0.161983  0.151632  315.697725 -67.718854    7.741   9.284   99.97356  2.298922   57.778987 -20.027901  29.7047804299500  29.7971542   99.1065 /T    1.8626   0.0036980   46.890338   87.448453         n.a.     n.a.
 2026-Dec-17 00:00 *m  00 06 45.03 -00 46 52.8  00 08 08.68 -00 37 48.3  0.218337  0.238595  142.938471  68.265798    7.744   9.284   99.97325  2.295606  330.489492 -20.028094  29.7476867775359  29.7539482   96.5728 /T    1.8736   0.0053903   42.461451   86.272840         n.a.     n.a.
 2026-Dec-19 12:00 N   00 06 46.58 -00 46 35.9  00 08 10.15 -00 37 31.7  0.563585  0.325481  326.821819 -70.667698    7.747   9.284   99.97304  2.292271  243.195273 -20.027068  29.7909605185063  30.0475590   94.0322 /T    1.8813   0.0108470   59.992768   82.593260         n.a.     n.a.
 2026-Dec-22 00:00 *m  00 06 48.95 -00 46 13.8  00 08 12.54 -00 37 09.7  0.616817  0.411712  155.147549  70.703224    7.750   9.284   99.97294  2.288949  155.897517 -20.024731  29.8341958077019  29.9623511   91.5045 /T    1.8850   0.0123600   56.277790   81.538357         n.a.     n.a.
 2026-Dec-24 12:00 Am  00 06 52.11 -00 45 46.5  00 08 15.65 -00 36 42.4  0.962204  0.497230  341.049950 -72.730180    7.753   9.284   99.97294  2.285621   68.595546 -20.021158  29.8776380329499  30.0718034   88.9701 /T    1.8855   0.0180514   62.671802   77.767901         n.a.     n.a.
 2026-Dec-27 00:00 *   00 06 56.06 -00 45 14.1  00 08 19.63 -00 36 10.1  1.012490  0.582353  169.896030  72.136497    7.756   9.284   99.97304  2.282318  341.290590 -20.016296  29.9208845625376  29.9548881   86.4482 /T    1.8820   0.0194670   60.093834   76.772876         n.a.     n.a.
 2026-Dec-29 12:00 Am  00 07 00.80 -00 44 36.6  00 08 24.30 -00 35 32.9  1.357010  0.666943  357.734287 -73.580355    7.760   9.284   99.97324  2.279019  253.981910 -20.010183  29.9641852450142  29.8825632   83.9193 /T    1.8753   0.0252008   63.826794   73.014361         n.a.     n.a.
$$EOE
**********************************************************************************************************************************************************************************************************************************************************************************************
Column meaning:
 
TIME

  Times PRIOR to 1962 are UT1, a mean-solar time closely related to the
prior but now-deprecated GMT. Times AFTER 1962 are in UTC, the current
civil or "wall-clock" time-scale. UTC is kept within 0.9 seconds of UT1
using integer leap-seconds for 1972 and later years.

  Conversion from the internal Barycentric Dynamical Time (TDB) of solar
system dynamics to the non-uniform civil UT time-scale requested for output
has not been determined for UTC times after the next July or January 1st.
Therefore, the last known leap-second is used as a constant over future
intervals.

  Time tags refer to the UT time-scale conversion from TDB on Earth
regardless of observer location within the solar system, although clock
rates may differ due to the local gravity field and no analog to "UT"
may be defined for that location.

  Any 'b' symbol in the 1st-column denotes a B.C. date. First-column blank
(" ") denotes an A.D. date.
 
CALENDAR SYSTEM

  Mixed calendar mode was active such that calendar dates after AD 1582-Oct-15
(if any) are in the modern Gregorian system. Dates prior to 1582-Oct-5 (if any)
are in the Julian calendar system, which is automatically extended for dates
prior to its adoption on 45-Jan-1 BC.  The Julian calendar is useful for
matching historical dates. The Gregorian calendar more accurately corresponds
to the Earth's orbital motion and seasons. A "Gregorian-only" calendar mode is
available if such physical events are the primary interest.

  NOTE: "n.a." in output means quantity "not available" at the print-time.
 
SOLAR PRESENCE (OBSERVING SITE)
  Time tag is followed by a blank, then a solar-presence symbol:

       '*'  Daylight (refracted solar upper-limb on or above apparent horizon)
       'C'  Civil twilight/dawn
       'N'  Nautical twilight/dawn
       'A'  Astronomical twilight/dawn
       ' '  Night OR geocentric ephemeris

LUNAR PRESENCE (OBSERVING SITE)
  The solar-presence symbol is immediately followed by a lunar-presence symbol:

       'm'  Refracted upper-limb of Moon on or above apparent horizon
       ' '  Refracted upper-limb of Moon below apparent horizon OR geocentric
            ephemeris
 
 'R.A._____(ICRF)_____DEC' =
  Astrometric right ascension and declination of the target center with
respect to the observing site (coordinate origin) in the reference frame of
the planetary ephemeris (ICRF). Compensated for down-leg light-time delay
aberration.

  Units: RA  in hours-minutes-seconds of time,    HH MM SS.ff{ffff}
         DEC in degrees-minutes-seconds of arc,  sDD MN SC.f{ffff}
 
 'R.A.__(a-apparent)__DEC' =
  Airless apparent right ascension and declination of the target center
with respect to an instantaneous reference frame defined by the Earth equator
of-date (z-axis) and meridian containing the Earth equinox of-date (x-axis,
EOP-corrected IAU76/80). Compensated for down-leg light-time delay,
gravitational deflection of light, stellar aberration, precession & nutation.
Note: equinox (RA origin) is offset -53 mas from the of-date frame defined
by the IAU06/00a P & N system.

  Units: RA  in hours-minutes-seconds of time,   HH MM SS.ff{ffff}
         DEC in degrees-minutes-seconds of arc, sDD MN SC.f{ffff}
 
 'dRA*cosD d(DEC)/dt' =
  The angular rate of change in apparent RA and DEC of the target. This is
with respect to the non-inertial IAU76/80 Earth true equator and equinox
of-date reference frame.  d(RA)/dt is multiplied by the cosine of declination
to provide a linear rate in the plane-of-sky. Units: ARCSECONDS PER HOUR
 
 'Azi____(a-app)___Elev' =
  Airless apparent azimuth and elevation of target center. Compensated
for light-time, the gravitational deflection of light, stellar aberration,
precession and nutation. Azimuth is measured clockwise from north:

  North(0) -> East(90) -> South(180) -> West(270) -> North (360)

Elevation angle is with respect to a plane perpendicular to the reference
surface local zenith direction. TOPOCENTRIC ONLY.  Units: DEGREES
 
 'APmag   S-brt' =
  The targets' approximate apparent visual magnitude and surface brightness.
For planets and natural satellites, output is restricted to solar phase angles
covered by observational data. Outside the observed phase angle range, "n.a."
may be output to avoid extrapolation beyond the limit of model validity.

   For Earth-based observers, the estimated dimming due to atmospheric
absorption (extinction) is available as a separate, requestable quantity.

   Surface brightness is the average airless visual magnitude of a
square-arcsecond of the illuminated portion of the apparent disk. It is
computed only if the target radius is known.

   Units: MAGNITUDES & MAGNITUDES PER SQUARE ARCSECOND
 
 'Illu%' =
   Fraction of the target objects' assumed circular disk illuminated by Sun
(phase), as seen by the observer.  Units: PERCENT
 
 'Ang-diam' =
   The equatorial angular width of the target body full disk, if it were fully
illuminated and visible to the observer. If the target body diameter is unknown
"n.a." is output.

   Units: ARCSECONDS
 
 'ObsSub-LON ObsSub-LAT' =
   Apparent planetodetic longitude and latitude of the center of the target
disc seen by the OBSERVER at print-time. This is NOT exactly the same as the
"nearest" sub-point for a non-spherical target shape (since the center of the
disc might not be the point closest to the observer), but is generally very
close if not a very irregular body shape. Down-leg light travel-time from
target to observer is taken into account. Latitude is the angle between the
equatorial plane and the line perpendicular to the reference ellipsoid of the
body, so includes body oblateness. The reference ellipsoid is an oblate
spheroid with a single flatness coefficient in which the y-axis body radius
is taken to be the same value as the x-axis radius.  For Jupiter, Saturn, and
Uranus, IAU2015 longitude is based on the "System III" prime meridian rotation
angle of the magnetic field. By contrast, pole direction (thus latitude) is
relative to the body dynamical equator.  There can be an offset between the
magnetic pole and the dynamical pole of rotation. For Neptune, rotation is
IAU2015 "System II" rotation of optically observed features in the Neptunian
atmosphere. Positive longitude is to the WEST for this target. Cartographic
system is specified in the header.  Units: DEGREES DEGREES
 
 'delta      deldot' =
   Apparent range ("delta", light-time aberrated) and range-rate ("delta-dot")
of the target center relative to the observer. A positive "deldot" means the
target center is moving away from the observer, negative indicates movement
toward the observer.  Units: AU and KM/S
 
 'S-O-T /r' =
   Sun-Observer-Target apparent SOLAR ELONGATION ANGLE seen from the observers'
location at print-time.

   The '/r' column provides a code indicating the targets' apparent position
relative to the Sun in the observers' sky, as described below:

   Case A: For an observing location on the surface of a rotating body, that
body rotational sense is considered:

    /T indicates target TRAILS Sun   (evening sky: rises and sets AFTER Sun)
    /L indicates target LEADS Sun    (morning sky: rises and sets BEFORE Sun)

   Case B: For an observing point that does not have a rotational model (such
as a spacecraft), the "leading" and "trailing" condition is defined by the
observers' heliocentric ORBITAL motion:

    * If continuing in the observers' current direction of heliocentric
       motion would encounter the targets' apparent longitude first, followed
       by the Sun's, the target LEADS the Sun as seen by the observer.

    * If the Sun's apparent longitude would be encountered first, followed
       by the targets', the target TRAILS the Sun.

   Two other codes can be output:
    /* indicates observer is Sun-centered    (undefined)
    /? Target is aligned with Sun center     (no lead or trail)

   The S-O-T solar elongation angle is numerically the minimum separation
angle of the Sun and target in the sky in any direction. It does NOT indicate
the amount of separation in the leading or trailing directions, which would
be defined along the equator of a spherical coordinate system.

   Units: DEGREES
 
 'S-T-O' =
   The Sun-Target-Observer angle; the interior vertex angle at target center
formed by a vector from the target to the apparent center of the Sun (at
reflection time on the target) and the apparent vector from target to the
observer at print-time. Slightly different from true PHASE ANGLE (requestable
separately) at the few arcsecond level in that it includes stellar aberration
on the down-leg from target to observer.  Units: DEGREES
 
 'Sky_motion  Sky_mot_PA  RelVel-ANG' =
  Total apparent angular rate of the target in the plane-of-sky. "Sky_mot_PA"
is the position angle of the target's direction of motion in the plane-of-sky,
measured counter-clockwise from the apparent of-date north pole direction.
"RelVel-ANG" is the flight path angle of the target's relative motion with
respect to the observer's line-of-sight, in the range [-90,+90], where positive
values indicate motion away from the observer, negative values are toward the
observer:

  -90 = target is moving directly toward the observer
    0 = target is moving at right angles to the observer's line-of-sight
  +90 = target is moving directly away from the observer

UNITS:  ARCSECONDS/MINUTE, DEGREES, DEGREES
 
 'Lun_Sky_Brt  sky_SNR' =
  Sky brightness due to moonlight scattered by Earth's atmosphere at the
target's position in the sky. "sky_SNR" is the visual signal-to-noise ratio
(SNR) of the target's surface brightness relative to background sky. Output
only for topocentric Earth observers when both the Moon and target are above
the local horizon and the Sun is in astronomical twilight (or further) below
the horizon, and the target is not the Moon or Sun. If all conditions are
not met, "n.a." is output. Galactic brightness, local sky light-pollution
and weather are NOT considered. Lunar opposition surge is considered. The
value returned is accurate under ideal conditions at the approximately 8-23%
level, so is a useful but not definitive value.

  If the target-body radius is also known, "sky_SNR" is output. This is the
approximate visual signal-to-noise ratio of the target's brightness divided
by lunar sky brightness. When sky_SNR < 1, the target is dimmer than the
ideal moonlight-scattering background sky, so unlikely to be detectable at
visual wavelengths. In practice, visibility requires sky_SNR > 1 and a
detector sensitive enough to reach the target's magnitude, even if it isn't
washed out by moonlight. When relating magnitudes and brightness values,
keep in mind their logarithmic relationship m2-m1 = -2.5*log_10(b2/b1).

  UNITS: VISUAL MAGNITUDES / ARCSECOND^2, and unitless ratio

Computations by ...

    Solar System Dynamics Group, Horizons On-Line Ephemeris System
    4800 Oak Grove Drive, Jet Propulsion Laboratory
    Pasadena, CA  91109   USA

    General site: https://ssd.jpl.nasa.gov/
    Mailing list: https://ssd.jpl.nasa.gov/email_list.html
    System news : https://ssd.jpl.nasa.gov/horizons/news.html
    User Guide  : https://ssd.jpl.nasa.gov/horizons/manual.html
    Connect     : browser        https://ssd.jpl.nasa.gov/horizons/app.html#/x
                  API            https://ssd-api.jpl.nasa.gov/doc/horizons.html
                  command-line   telnet ssd.jpl.nasa.gov 6775
                  e-mail/batch   https://ssd.jpl.nasa.gov/ftp/ssd/horizons_batch.txt
                  scripts        https://ssd.jpl.nasa.gov/ftp/ssd/SCRIPTS
    Author      : Jon.D.Giorgini@jpl.nasa.gov

**********************************************************************************************************************************************************************************************************************************************************************************************
