*******************************************************************************
 Revised: April 22, 2021              Neptune                               899
 
 PHYSICAL DATA (update 2021-May-03):
  Mass x10^24 (kg)      = 102.409         Density (g/cm^3)       =  1.638
  Equat. radius (1 bar) = 24766+-15 km    Volume, 10^10 km^3     = 6254     
  Vol. mean radius (km) = 24624+-21       Polar radius (km)      = 24342+-30
  Geometric Albedo      = 0.41            Flattening             =  0.0171
  Sid. rot. period (III)= 16.11+-0.01 hr  Sid. rot. rate (rad/s) =  0.000108338 
  Mean solar day, h     =~16.11 h         
  GM (km^3/s^2)         = 6835099.97      GM 1-sigma (km^3/s^2)  = +-10 
  Equ. grav, ge (m/s^2) = 11.15           Pol. grav, gp (m/s^2)  = 11.41+-0.03
  Visual magnitude V(1,0)= -6.87
  Vis. mag. (opposition)=  +7.84          Obliquity to orbit     = 28.32 deg
  Sidereal orbit period = 164.788501027 y Sidereal orbit period  = 60189 d
  Mean daily motion     = 0.006020076dg/d Mean orbit velocity    =  5.43 km/s 
  Atmos. temp. (1 bar)  =  72+-2 K        Escape speed (1 bar)  =  23.5 km/s     
  Aroche(ice)/Rp        =  2.98           Hill's sphere rad., Rp = 4700
                                 Perihelion  Aphelion    Mean
  Solar Constant (W/m^2)         1.54        1.49        1.51
  Maximum Planetary IR (W/m^2)   0.52        0.52        0.52
  Minimum Planetary IR (W/m^2)   0.52        0.52        0.52
*******************************************************************************


*******************************************************************************
Ephemeris / WWW_USER Mon Apr  6 17:58:32 2026 Pasadena, USA      / Horizons    
*******************************************************************************
Target body name: Neptune (899)                   {source: nep097_merged}
Center body name: Earth (399)                     {source: nep097_merged}
Center-site name: (user defined site below)
*******************************************************************************
Start time      : A.D. 2026-Jan-01 00:00:00.0000 UT      
Stop  time      : A.D. 2026-Dec-31 00:00:00.0000 UT      
Step-size       : 3600 minutes
*******************************************************************************
Target pole/equ : IAU_NEPTUNE                     {West-longitude positive}
Target radii    : 24764.0, 24764.0, 24341.0 km    {Equator_a, b, pole_c}       
Center geodetic : 254.0, 28.5, 1.4                {E-lon(deg),Lat(deg),Alt(km)}
Center cylindric: 254.0, 5610.72285, 3025.98484   {E-lon(deg),Dxy(km),Dz(km)}
Center pole/equ : ITRF93                          {East-longitude positive}
Center radii    : 6378.137, 6378.137, 6356.752 km {Equator_a, b, pole_c}       
Target primary  : Sun
Vis. interferer : MOON (R_eq= 1737.400) km        {source: DE441}
Rel. light bend : Sun                             {source: nep097_merged}
Rel. lght bnd GM: 1.3271E+11 km^3/s^2                                          
Atmos refraction: NO (AIRLESS)
RA format       : HMS
Time format     : CAL 
Calendar mode   : Mixed Julian/Gregorian
EOP file        : eop.260406.p260703                                           
EOP coverage    : DATA-BASED 1962-JAN-20 TO 2026-APR-06. PREDICTS-> 2026-JUL-02
Units conversion: 1 au= 149597870.700 km, c= 299792.458 km/s, 1 day= 86400.0 s 
Table cut-offs 1: Elevation (-90.0deg=NO ),Airmass (>38.000=NO), Daylight (NO )
Table cut-offs 2: Solar elongation (  0.0,180.0=NO ),Local Hour Angle( 0.0=NO )
Table cut-offs 3: RA/DEC angular rate (     0.0=NO )                           
**********************************************************************************************************************************************************************************************************************************************************************************************
 Date__(UT)__HR:MN     R.A._____(ICRF)_____DEC  R.A.__(a-apparent)__DEC  dRA*cosD d(DEC)/dt  Azi____(a-app)___Elev    APmag   S-brt      Illu%  Ang-diam  ObsSub-LON ObsSub-LAT             delta      deldot     S-O-T /r     S-T-O  Sky_motion  Sky_mot_PA  RelVel-ANG  Lun_Sky_Brt  sky_SNR
**********************************************************************************************************************************************************************************************************************************************************************************************
$$SOE
 2026-Jan-01 00:00 *m  23 58 58.57 -01 33 48.3  00 00 18.65 -01 25 07.1  1.607638  0.829881  169.244054  59.633959    7.767   9.284   99.97395  2.271915  292.675198 -20.796395  30.0578805163791  29.4374423   78.9435 /T    1.8505   0.0301533   62.696685   69.586068         n.a.     n.a.
 2026-Jan-03 12:00  m  23 59 05.65 -01 32 56.1  00 00 25.69 -01 24 14.9  1.932603  0.911310  353.480732 -62.755037    7.770   9.284   99.97445  2.268712  205.358419 -20.786900  30.1003197555824  29.2194105   76.4256 /T    1.8332   0.0356115   64.754007   66.085157         n.a.     n.a.
 2026-Jan-06 00:00 *   23 59 13.49 -01 31 59.0  00 00 33.56 -01 23 17.9  1.985497  0.990623  178.898968  60.107059    7.773   9.284   99.97503  2.265562  118.040032 -20.776204  30.1421735914708  28.8670881   73.9198 /T    1.8122   0.0369817   63.484033   64.977727         n.a.     n.a.
 2026-Jan-08 12:00  m  23 59 22.07 -01 30 57.2  00 00 42.07 -01 22 16.3  2.305215  1.069210    4.115662 -62.811854    7.776   9.284   99.97570  2.262448   30.719396 -20.764342  30.1836656869691  28.4767542   71.4085 /T    1.7881   0.0423518   65.117082   61.514067         n.a.     n.a.
 2026-Jan-11 00:00 *   23 59 31.39 -01 29 50.8  00 00 51.38 -01 21 10.1  2.353401  1.146361  188.596345  59.863094    7.779   9.284   99.97645  2.259397  303.397741 -20.751321  30.2244222059294  28.0897483   68.9091 /T    1.7604   0.0436292   64.028898   60.426245         n.a.     n.a.
 2026-Jan-13 12:00  m  23 59 41.44 -01 28 39.7  00 01 01.37 -01 19 59.2  2.665904  1.221470   14.486461 -62.083506    7.782   9.284   99.97728  2.256392  216.074404 -20.737141  30.2646651252411  27.5234866   66.4044 /T    1.7297   0.0488735   65.383580   56.990998         n.a.     n.a.
 2026-Jan-16 00:00 *   23 59 52.19 -01 27 24.2  00 01 12.14 -01 18 43.8  2.708564  1.295707  197.932296  58.924500    7.785   9.284   99.97817  2.253462  128.750680 -20.721850  30.3040174226352  27.0976117   63.9118 /T    1.6955   0.0500421   64.434751   55.921713         n.a.     n.a.
 2026-Jan-18 12:00     00 00 03.64 -01 26 04.4  00 01 23.54 -01 17 24.0  3.011197  1.366507   24.120903 -60.633837    7.787   9.284   99.97913  2.250589   41.425882 -20.705418  30.3427016031678  26.3577353   61.4143 /T    1.6584   0.0551126   65.591036   52.513875         n.a.     n.a.
 2026-Jan-21 00:00 *m  00 00 15.75 -01 24 40.3  00 01 35.67 -01 16 00.0  3.047125  1.436736  206.593933  57.356259    7.790   9.284   99.98013  2.247801  314.101353 -20.687933  30.3803443408787  25.8940830   58.9294 /T    1.6181   0.0561476   64.755873   51.468857         n.a.     n.a.
 2026-Jan-23 12:00     00 00 28.53 -01 23 12.1  00 01 48.38 -01 14 32.0  3.337040  1.502482   32.745708 -58.567870    7.793   9.284   99.98119  2.245080  226.776384 -20.669339  30.4171683354900  24.9878838   56.4403 /T    1.5750   0.0609947   65.760629   48.090821         n.a.     n.a.
 2026-Jan-26 00:00 *m  00 00 41.93 -01 21 40.0  00 02 01.78 -01 13 00.1  3.365081  1.567560  214.411201  55.248228    7.795   9.284   99.98228  2.242452  139.452335 -20.649758  30.4528135968881  24.4951264   53.9643 /T    1.5289   0.0618713   65.022420   47.082009         n.a.     n.a.
 2026-Jan-28 12:00     00 00 55.96 -01 20 04.1  00 02 15.76 -01 11 24.3  3.639868  1.627852   40.290518 -56.002512    7.798   9.284   99.98340  2.239900   52.128468 -20.629111  30.4875044642942  23.4372415   51.4847 /T    1.4802   0.0664550   65.904456   43.739135         n.a.     n.a.
 2026-Jan-31 00:00 *m  00 01 10.55 -01 18 24.7  00 02 30.39 -01 09 44.8  3.660196  1.687445  221.346666  52.696304    7.800   9.284   99.98454  2.237449  324.806117 -20.607553  30.5209027990083  22.9304148   49.0181 /T    1.4286   0.0671741   65.249078   42.774848         n.a.     n.a.
 2026-Feb-02 12:00  m  00 01 25.73 -01 16 41.8  00 02 45.53 -01 08 01.9  3.919067  1.742641   46.821463 -53.045893    7.802   9.284   99.98569  2.235081  237.484511 -20.584977  30.5532317092242  21.7353871   46.5479 /T    1.3747   0.0714840   66.027338   39.461852         n.a.     n.a.
 2026-Feb-05 00:00 *   00 01 41.42 -01 14 55.6  00 03 01.23 -01 06 15.8  3.933327  1.797277  227.451208  49.788803    7.805   9.284   99.98685  2.232820  150.164950 -20.561565  30.5841704538566  21.2206735   44.0902 /T    1.3183   0.0720749   65.442654   38.531205         n.a.     n.a.
 2026-Feb-07 12:00  m  00 01 57.66 -01 13 06.2  00 03 17.41 -01 04 26.7  4.175720  1.847497   52.468580 -49.788263    7.807   9.284   99.98800  2.230650   62.846671 -20.537179  30.6139304217875  19.8912452   41.6285 /T    1.2596   0.0761028   66.133588   35.230924         n.a.     n.a.
 2026-Feb-10 00:00 *   00 02 14.37 -01 11 13.9  00 03 34.12 -01 02 34.4  4.184366  1.897127  232.820051  46.600875    7.809   9.284   99.98914  2.228592  335.530969 -20.512035  30.6422013001051  19.3646681   39.1790 /T    1.1985   0.0765724   65.611192   34.320752         n.a.     n.a.
 2026-Feb-12 12:00  m  00 02 31.58 -01 09 18.7  00 03 51.30 -01 00 39.2  4.408413  1.941644   57.376314 -46.300304    7.811   9.284   99.99026  2.226631  248.217100 -20.485967  30.6691836049825  17.9048980   36.7254 /T    1.1355   0.0802844   66.229354   31.026648         n.a.     n.a.
 2026-Feb-15 00:00 *   00 02 49.20 -01 07 20.9  00 04 08.95 -00 58 41.4  4.410864  1.985775  237.561487  43.193280    7.812   9.284   99.99135  2.224789  160.906356 -20.459225  30.6945808408936  17.3659986   34.2842 /T    1.0704   0.0806209   65.762680   30.133919         n.a.     n.a.
 2026-Feb-17 12:00     00 03 07.28 -01 05 20.6  00 04 27.00 -00 56 41.1  4.614555  2.023849   61.679528 -42.636148    7.814   9.284   99.99241  2.223050   73.597998 -20.431615  30.7185863424764  15.7862554   31.8393 /T    1.0034   0.0839810   66.318733   26.846001         n.a.     n.a.
 2026-Feb-20 00:00 *m  00 03 25.71 -01 03 18.0  00 04 45.43 -00 54 38.7  4.609894  2.061737  241.779401  39.613628    7.816   9.284   99.99342  2.221435  346.293307 -20.403424  30.7409218362359  15.2388171   29.4071 /T    0.9347   0.0841657   65.903818   25.973604         n.a.     n.a.
 2026-Feb-22 12:00     00 03 44.54 -01 01 13.3  00 05 04.21 -00 52 34.1  4.791311  2.092847   65.494398 -38.836648    7.817   9.284   99.99438  2.219929  258.991539 -20.374434  30.7617760742190  13.5562508   26.9719 /T    0.8644   0.0871408   66.404275   22.698456         n.a.     n.a.
 2026-Feb-25 00:00 *m  00 04 03.66 -00 59 06.8  00 05 23.36 -00 50 27.6  4.779124  2.123943  245.566490  35.898956    7.819   9.284   99.99528  2.218550  171.693928 -20.344959  30.7808983443818  13.0125157   24.5499 /T    0.7926   0.0871639   66.038634   21.857746         n.a.     n.a.
 2026-Feb-27 12:00     00 04 23.12 -00 56 58.6  00 05 42.82 -00 48 19.2  4.937705  2.148488   68.917036 -34.932393    7.820   9.284   99.99612  2.217284   84.399714 -20.314764  30.7984731037573  11.2488420   22.1256 /T    0.7195   0.0897480   66.485234   18.602059         n.a.     n.a.
 2026-Mar-02 00:00 *m  00 04 42.81 -00 54 49.0  00 06 02.54 -00 46 09.5  4.919338  2.173122  249.002029  32.077930    7.821   9.284   99.99688  2.216147  357.110052 -20.284179  30.8142797968330  10.7198420   19.7146 /T    0.6452   0.0896325   66.166513   17.796284         n.a.     n.a.
 2026-Mar-04 12:00  m  00 05 02.80 -00 52 38.0  00 06 22.49 -00 43 58.6  5.055647  2.191972   72.026116 -30.946829    7.822   9.284   99.99757  2.215125  269.824195 -20.252950  30.8284878090348   8.8866854   17.3014 /T    0.5698   0.0918397   66.559940   14.550925         n.a.     n.a.
 2026-Mar-07 00:00 *   00 05 22.95 -00 50 25.9  00 06 42.64 -00 41 46.6  5.032573  2.210472  252.152460  28.172856    7.823   9.284   99.99819  2.214234  182.543235 -20.221424  30.8409003794873   8.3717860   14.9020 /T    0.4936   0.0916106   66.287333   13.768165         n.a.     n.a.
 2026-Mar-09 12:00  m  00 05 43.34 -00 48 12.9  00 07 03.02 -00 39 33.5  5.146112  2.223654   74.885451 -26.897855    7.824   9.284   99.99871  2.213461   95.266476 -20.189325  30.8516641023723   6.4727626   12.5016 /T    0.4166   0.0934331   66.630646   10.518111         n.a.     n.a.
 2026-Mar-12 00:00 *   00 06 03.84 -00 45 59.1  00 07 23.55 -00 37 19.6  5.118456  2.235826  255.073734  24.201447    7.824   9.284   99.99915  2.212820    7.994956 -20.157025  30.8606058980576   5.9697562   10.1178 /T    0.3391   0.0930912   66.403501   9.7488043         n.a.     n.a.
 2026-Mar-14 12:00 Am  00 06 24.53 -00 43 44.7  00 07 44.25 -00 35 05.1  5.207880  2.242760   77.547282 -22.799395    7.825   9.284   99.99950  2.212300  280.728035 -20.124230  30.8678535993807   4.0136901    7.7396 /T    0.2613   0.0945045   66.700998   6.4881095         n.a.     n.a.
 2026-Mar-17 00:00 *   00 06 45.26 -00 41 29.9  00 08 05.01 -00 32 50.2  5.175267  2.248348  257.812673  20.177708    7.825   9.284   99.99976  2.211913  193.466687 -20.091332  30.8732600997237   3.5240580    5.3960 /T    0.1838   0.0940426   66.517898   5.7283964         n.a.     n.a.
 2026-Mar-19 12:00 A   00 07 06.13 -00 39 15.0  00 08 25.86 -00 30 35.3  5.239223  2.248370   80.055211 -18.662635    7.825   9.284   99.99992  2.211649  106.210312 -20.058022  30.8769390872623   1.5256491    3.1238 /T    0.1083   0.0950214   66.773797   2.4575445         n.a.     n.a.
 2026-Mar-22 00:00 *m  00 07 26.98 -00 37 00.1  00 08 46.73 -00 28 20.7  5.201008  2.247044  260.409000  16.112889    7.825   9.284   99.99998  2.211518   18.959817 -20.024716  30.8787725869635   1.0558145    1.3823 /T    0.0477   0.0944276   66.633722   1.7101659         n.a.     n.a.
 2026-Mar-24 12:00 A   00 07 47.90 -00 34 45.5  00 09 07.65 -00 26 05.7  5.238799  2.239978   82.446050 -14.496377    7.825   9.284   99.99995  2.211511  291.714615 -19.991090  30.8788666348645  -0.9614337    2.3357 /L    0.0740   0.0949598   66.849669   -1.559534         n.a.     n.a.
 2026-Mar-27 00:00 *m  00 08 08.73 -00 32 31.3  00 09 28.53 -00 23 51.2  5.195615  2.232058  262.897622  12.016327    7.825   9.284   99.99983  2.211635  204.475513 -19.957572  30.8771376157891  -1.3997262    4.5092 /L    0.1459   0.0942463   66.751437   -2.284391         n.a.     n.a.
 2026-Mar-29 12:00 A   00 08 29.58 -00 30 17.7  00 09 49.40 -00 21 37.4  5.208474  2.218885   84.751417 -10.308168    7.825   9.284   99.99960  2.211883  117.241934 -19.923827  30.8736797283306  -3.4157956    6.8236 /L    0.2229   0.0943570   66.925298   -5.546118         n.a.     n.a.
 2026-Apr-01 00:00 *   00 08 50.29 -00 28 05.0  00 10 10.12 -00 19 24.6  5.162027  2.205008  265.308589   7.896030    7.825   9.284   99.99929  2.212258   30.014592 -19.890286  30.8684378485128  -3.8211546    9.1625 /L    0.3005   0.0935542   66.869795   -6.252475         n.a.     n.a.
 2026-Apr-03 12:00 Am  00 09 10.96 -00 25 53.2  00 10 30.80 -00 17 12.7  5.150988  2.186513   86.999811  -6.104563    7.824   9.284   99.99888  2.212757  302.792961 -19.856608  30.8614821020717  -5.8291749   11.5183 /L    0.3783   0.0932641   66.999546   -9.516637         n.a.     n.a.
 2026-Apr-06 00:00 *   00 09 31.42 -00 23 42.5  00 10 51.30 -00 15 01.9  5.101956  2.166667  267.669729   3.759048    7.824   9.284   99.99838  2.213381  215.577680 -19.823224  30.8527836071402  -6.2063015   13.8711 /L    0.4554   0.0923827   66.990342   -10.21686         n.a.     n.a.
 2026-Apr-08 12:00 Nm  00 09 51.80 -00 21 33.2  00 11 11.72 -00 12 52.3  5.066749  2.142866   89.216950  -1.891328    7.823   9.284   99.99780  2.214127  128.368299 -19.789791  30.8423858591168  -8.2007781   16.2319 /L    0.5322   0.0916876   67.075172   -13.49603         n.a.     n.a.
 2026-Apr-11 00:00 *   00 10 11.93 -00 19 25.4  00 11 31.89 -00 10 44.2  5.014979  2.116792  270.007068  -0.388056    7.822   9.284   99.99713  2.214996   41.165369 -19.756744  30.8302901569341  -8.5505070   18.5860 /L    0.6080   0.0907237   67.115694   -14.19749         n.a.     n.a.
 2026-Apr-13 12:00 Nm  00 10 31.91 -00 17 19.2  00 11 51.90 -00 08 37.8  4.954906  2.087325   91.427547   2.325953    7.821   9.284   99.99639  2.215986  313.968520 -19.723739  30.8165169594576 -10.5211110   20.9464 /L    0.6831   0.0896103   67.156050   -17.49914         n.a.     n.a.
 2026-Apr-16 00:00 *   00 10 51.59 -00 15 14.9  00 12 11.60 -00 06 33.4  4.900001  2.054874  272.345630  -4.539123    7.820   9.284   99.99558  2.217095  226.778201 -19.691215  30.8010994481390 -10.8405962   23.2990 /L    0.7568   0.0885571   67.248680   -18.20493         n.a.     n.a.
 2026-Apr-18 12:00 N   00 11 11.06 -00 13 12.6  00 12 31.10 -00 04 30.9  4.814374  2.019234   93.656092   6.541773    7.819   9.284   99.99469  2.218324  139.594108 -19.658829  30.7840410949881 -12.7704343   25.6573 /L    0.8296   0.0870113   67.245956   -21.52955         n.a.     n.a.
 2026-Apr-21 00:00 *m  00 11 30.16 -00 11 12.6  00 12 50.26 -00 02 30.5  4.756160  1.980607  274.710825  -8.687938    7.817   9.284   99.99375  2.219667   52.416575 -19.627023  30.7654102725631 -13.0501002   28.0071 /L    0.9007   0.0858679   67.391701   -22.23263         n.a.     n.a.
 2026-Apr-23 12:00 N   00 11 49.01 -00 09 15.0  00 13 09.18 -00 00 32.5  4.645875  1.939167   95.927582  10.750573    7.816   9.284   99.99275  2.221126  325.245326 -19.595450  30.7452008944914 -14.9152689   30.3622 /L    0.9707   0.0839056   67.344564   -25.56649         n.a.     n.a.
 2026-Apr-26 00:00 *m  00 12 07.43 -00 07 19.9  00 13 27.65 +00 01 22.9  4.585964  1.895477  277.129052 -12.827989    7.814   9.284   99.99171  2.222694  238.080573 -19.564550  30.7235124602960 -15.1494329   32.7083 /L    1.0387   0.0827041   67.543644   -26.25777         n.a.     n.a.
 2026-Apr-28 12:00 N   00 12 25.55 -00 05 27.5  00 13 45.81 +00 03 15.5  4.453255  1.849248   98.268941  14.945992    7.813   9.284   99.99062  2.224373  150.922082 -19.533974  30.7003203117270 -16.9384227   35.0598 /L    1.1053   0.0803658   67.448955   -29.59790         n.a.     n.a.
 2026-May-01 00:00 *   00 12 43.21 -00 03 37.9  00 14 03.49 +00 05 05.3  4.392784  1.801051  279.628667 -16.952036    7.811   9.284   99.98950  2.226155   63.769982 -19.504149  30.6757454436769 -17.1340841   37.4029 /L    1.1698   0.0791278   67.706264   -30.28689         n.a.     n.a.
 2026-May-03 12:00 Cm  00 13 00.51 -00 01 51.3  00 14 20.86 +00 06 52.2  4.238720  1.750478  100.709552  19.120915    7.809   9.284   99.98835  2.228044  336.624112 -19.474734  30.6497388728830 -18.8425867   39.7521 /L    1.2328   0.0764325   67.560682   -33.64307         n.a.     n.a.
 2026-May-06 00:00 *   00 13 17.31 -00 00 07.8  00 14 37.71 +00 08 36.1  4.177602  1.697593  282.241548 -21.051622    7.807   9.284   99.98718  2.230030  249.484520 -19.446144  30.6224453454323 -19.0054017   42.0935 /L    1.2933   0.0751557   67.885349   -34.34247         n.a.     n.a.
 2026-May-08 12:00 Cm  00 13 33.71 +00 01 32.4  00 14 54.20 +00 10 16.8  4.002411  1.642759  103.282839  23.266924    7.805   9.284   99.98599  2.232118  162.351127 -19.418051  30.5937922641369 -20.6268591   44.4416 /L    1.3521   0.0721071   67.684674   -37.72529         n.a.     n.a.
 2026-May-11 00:00 *   00 13 49.56 +00 03 09.3  00 15 10.09 +00 11 54.0  3.940202  1.584900  285.003886 -25.116877    7.803   9.284   99.98481  2.234297   75.223882 -19.390854  30.5639528639275 -20.7569515   46.7825 /L    1.4084   0.0707835   68.088116   -38.44252         n.a.     n.a.
 2026-May-13 12:00 Cm  00 14 04.96 +00 04 42.7  00 15 25.56 +00 13 27.7  3.743878  1.525683  106.028030  27.373679    7.801   9.284   99.98363  2.236575  348.102793 -19.364243  30.5328334603693 -22.2812004   49.1308 /L    1.4626   0.0673802   67.828407   -41.86123         n.a.     n.a.
 2026-May-16 00:00 *m  00 14 19.78 +00 06 12.4  00 15 40.41 +00 14 57.7  3.680092  1.462778  287.958035 -29.135861    7.799   9.284   99.98246  2.238935  260.987691 -19.338602  30.5006386858640 -22.3732949   51.4721 /L    1.5141   0.0660025   68.322971   -42.59785         n.a.     n.a.
 2026-May-18 12:00 C   00 14 34.10 +00 07 38.3  00 15 54.84 +00 16 24.1  3.462983  1.399122  108.991657  31.428548    7.796   9.284   99.98131  2.241388  173.878650 -19.313637  30.4672610552477 -23.7827284   53.8208 /L    1.5635   0.0622490   68.000202   -46.05327         n.a.     n.a.
 2026-May-21 00:00 *m  00 14 47.79 +00 09 00.2  00 16 08.60 +00 17 46.7  3.398354  1.332038  291.154674 -33.093674    7.794   9.284   99.98019  2.243916   86.775361 -19.289713  30.4329387064680 -23.8259951   56.1622 /L    1.6098   0.0608348   68.596532   -46.79498         n.a.     n.a.
 2026-May-23 12:00 C   00 15 00.95 +00 10 18.2  00 16 21.85 +00 19 05.1  3.163007  1.264871  112.230112  35.415417    7.791   9.284   99.97910  2.246528  359.677938 -19.266546  30.3975524134151 -25.1046131   58.5109 /L    1.6538   0.0567757   68.203764   -50.27493         n.a.     n.a.
 2026-May-26 00:00 *m  00 15 13.45 +00 11 32.0  00 16 34.38 +00 20 19.3  3.099434  1.195013  294.654350 -36.971567    7.789   9.284   99.97806  2.249206  272.585965 -19.244479  30.3613597934626 -25.1023106   60.8523 /L    1.6947   0.0553638   68.915435   -51.01317         n.a.     n.a.
 2026-May-28 12:00 C   00 15 25.37 +00 12 41.7  00 16 46.39 +00 21 29.2  2.848182  1.124947  115.812232  39.313385    7.786   9.284   99.97706  2.251961  185.499622 -19.223239  30.3242219972334 -26.2479445   63.2014 /L    1.7331   0.0510382   68.447461   -54.52137         n.a.     n.a.
 2026-May-31 00:00 *   00 15 36.61 +00 13 47.0  00 16 57.68 +00 22 35.1  2.785945  1.052711  298.530641 -40.745222    7.783   9.284   99.97612  2.254772   98.418426 -19.203145  30.2864093316625 -26.2098785   65.5438 /L    1.7683   0.0496367   69.300181   -55.26638         n.a.     n.a.
 2026-Jun-02 12:00 Cm  00 15 47.25 +00 14 48.0  00 17 08.43 +00 23 36.6  2.520001  0.979907  119.821890  43.095431    7.780   9.284   99.97525  2.257653   11.342628 -19.183946  30.2477657735266 -27.2195318   67.8947 /L    1.8009   0.0450636   68.751346   -58.81306         n.a.     n.a.
 2026-Jun-05 00:00 *   00 15 57.19 +00 15 44.6  00 17 18.42 +00 24 33.8  2.458563  0.905168  302.872061 -44.383165    7.778   9.284   99.97444  2.260582  284.271674 -19.165933  30.2085771294134 -27.1506856   70.2396 /L    1.8301   0.0436650   69.787825   -59.57644         n.a.     n.a.
 2026-Jun-07 12:00 *m  00 16 06.49 +00 16 36.7  00 17 27.83 +00 25 26.3  2.178800  0.829784  124.361205  46.725833    7.775   9.284   99.97371  2.263572  197.205882 -19.148881  30.1686726125903 -28.0184141   72.5938 /L    1.8566   0.0388577   69.150937   -63.17219         n.a.     n.a.
 2026-Jun-10 00:00 *   00 16 15.06 +00 17 24.2  00 17 36.43 +00 26 14.2  2.117479  0.752312  307.783040 -47.844589    7.772   9.284   99.97306  2.266601  110.144614 -19.133051  30.1283576559161 -27.9179285   74.9427 /L    1.8795   0.0374525   70.440569   -63.96178         n.a.     n.a.
 2026-Jun-12 12:00 *m  00 16 22.97 +00 18 07.0  00 17 44.44 +00 26 57.4  1.824717  0.674536  129.551202  50.157540    7.784   9.300   99.97248  2.269683   23.088251 -19.118249  30.0874494826277 -28.6341555   77.3013 /L    1.8997   0.0324234   69.712352   -67.61730         n.a.     n.a.
 2026-Jun-15 00:00 *m  00 16 30.12 +00 18 45.1  00 17 51.66 +00 27 36.1  1.763278  0.594502  313.382495 -51.076333    7.781   9.300   99.97201  2.272793  296.036045 -19.104703  30.0462779266466 -28.4935701   79.6548 /L    1.9162   0.0310134   71.368093   -68.43060         n.a.     n.a.
 2026-Jun-17 12:00 C   00 16 36.59 +00 19 18.4  00 17 58.26 +00 28 10.1  1.459508  0.515079  135.527704  53.329006    7.779   9.300   99.97162  2.275946  208.988418 -19.092248  30.0046538480369 -29.0438203   82.0180 /L    1.9299   0.0257955   70.561412   -72.14489         n.a.     n.a.
 2026-Jun-20 00:00 *m  00 16 42.29 +00 19 46.9  00 18 04.01 +00 28 39.1  1.399731  0.433892  319.794410 -54.010210    7.776   9.300   99.97133  2.279115  121.944496 -19.081072  29.9629281234395 -28.8564682   84.3756 /L    1.9398   0.0244240   72.777475   -72.95695         n.a.     n.a.
 2026-Jun-22 12:00 C   00 16 47.28 +00 20 10.6  00 18 09.10 +00 29 03.2  1.088452  0.353977  142.427303  56.160492    7.773   9.300   99.97114  2.282317   34.904751 -19.071032  29.9208987949659 -29.2388182   86.7430 /L    1.9467   0.0190761   71.984900   -76.72293         n.a.     n.a.
 2026-Jun-25 00:00 *m  00 16 51.51 +00 20 29.4  00 18 13.36 +00 29 22.4  1.031684  0.272776  327.125989 -56.561166    7.770   9.300   99.97104  2.285523  307.868239 -19.062281  29.8789214588248 -29.0140603   89.1048 /L    1.9499   0.0177856   75.189942   -77.51621         n.a.     n.a.
 2026-Jun-27 12:00 C   00 16 55.02 +00 20 43.4  00 18 16.99 +00 29 36.9  0.714952  0.192562  150.353592  58.553529    7.767   9.300   99.97105  2.288751  220.835503 -19.054697  29.8367808616695 -29.2330025   91.4768 /L    1.9501   0.0123405   74.925912   -81.34314         n.a.     n.a.
 2026-Jun-30 00:00 *   00 16 57.76 +00 20 52.5  00 18 19.79 +00 29 46.6  0.660955  0.111710  335.427670 -58.628617    7.763   9.300   99.97116  2.291973  133.805548 -19.048400  29.7948347440672 -28.9790784   93.8438 /L    1.9465   0.0111721   80.406960   -82.09509         n.a.     n.a.
 2026-Jul-02 12:00 Cm  00 16 59.77 +00 20 56.8  00 18 21.92 +00 29 51.5  0.340274  0.031213  159.320395  60.394856    7.760   9.300   99.97136  2.295207   46.778968 -19.043300  29.7528615669231 -29.0343365   96.2216 /L    1.9399   0.0056950   84.758962   -85.96478         n.a.     n.a.
 2026-Jul-05 00:00 *   00 17 01.02 +00 20 56.2  00 18 23.21 +00 29 51.4  0.288355  -0.04924  344.635458 -60.105300    7.757   9.300   99.97167  2.298423  319.754726 -19.039480  29.7112218117685 -28.7548379   98.5951 /L    1.9296   0.0048755   99.690485   -86.51532         n.a.     n.a.
 2026-Jul-07 12:00 Cm  00 17 01.53 +00 20 50.9  00 18 23.82 +00 29 46.5  -0.03483  -0.12981  169.180867  61.570128    7.754   9.300   99.97207  2.301640  232.733451 -19.036882  29.6696920125039 -28.6426425  100.9801 /L    1.9162   0.0022400   195.01735   -88.39338         n.a.     n.a.
 2026-Jul-10 00:00 *   00 17 01.29 +00 20 40.7  00 18 23.61 +00 29 36.7  -0.08533  -0.20988  354.520571 -60.894540    7.735   9.284   99.97257  2.304830  145.714051 -19.035551  29.6286388078457 -28.3347508  103.3614 /L    1.8992   0.0037761   202.12449   -87.26742         n.a.     n.a.
 2026-Jul-12 12:00 Cm  00 17 00.30 +00 20 25.7  00 18 22.76 +00 29 22.4  -0.40911  -0.28988  179.585836  61.988927    7.732   9.284   99.97316  2.308008   58.697173 -19.035465  29.5878407504096 -28.0471504  105.7545 /L    1.8790   0.0083567   234.68023   -83.91732         n.a.     n.a.
 2026-Jul-15 00:00 *m  00 16 58.57 +00 20 05.9  00 18 21.09 +00 29 03.2  -0.45758  -0.36890    4.690119 -60.933853    7.730   9.284   99.97384  2.311145  331.681647 -19.036627  29.5476746030785 -27.7019386  108.1438 /L    1.8551   0.0097961   231.12466   -82.80149         n.a.     n.a.
 2026-Jul-17 12:00 C   00 16 56.09 +00 19 41.4  00 18 18.73 +00 28 39.3  -0.77833  -0.44681  190.031392  61.611585    7.727   9.284   99.97461  2.314259  244.668127 -19.039042  29.5079198199869 -27.2345818  110.5447 /L    1.8282   0.0149577   240.14130   -78.91630         n.a.     n.a.
 2026-Jul-20 00:00 *m  00 16 52.89 +00 19 12.3  00 18 15.55 +00 28 10.5  -0.82262  -0.52337   14.671278 -60.214770    7.724   9.284   99.97545  2.317319  157.655372 -19.042667  29.4689530743970 -26.8541682  112.9414 /L    1.7977   0.0162499   237.53465   -77.83599         n.a.     n.a.
 2026-Jul-22 12:00 C   00 16 48.97 +00 18 38.6  00 18 11.72 +00 27 37.3  -1.13701  -0.59823  200.001387  60.463074    7.721   9.284   99.97636  2.320343   70.644088 -19.047537  29.4305448466238 -26.2187710  115.3495 /L    1.7643   0.0214131   242.24927   -73.79917         n.a.     n.a.
 2026-Jul-25 00:00 *m  00 16 44.35 +00 18 00.5  00 18 07.14 +00 26 59.6  -1.17663  -0.67170   24.045391 -58.784595    7.718   9.284   99.97735  2.323302  343.633009 -19.053565  29.3930624366172 -25.8132515  117.7535 /L    1.7273   0.0225809   240.27919   -72.73453         n.a.     n.a.
 2026-Jul-27 12:00 C   00 16 39.02 +00 17 18.0  00 18 01.93 +00 26 17.7  -1.48293  -0.74352  209.118925  58.623583    7.715   9.284   99.97839  2.326214  256.622887 -19.060817  29.3562734584301 -25.0194357  120.1690 /L    1.6875   0.0276482   243.37142   -68.58836         n.a.     n.a.
 2026-Jul-30 00:00 *   00 16 33.02 +00 16 31.3  00 17 55.98 +00 25 31.5  -1.51825  -0.81357   32.547913 -56.730822    7.713   9.284   99.97948  2.329049  169.612439 -19.069171  29.3205350137972 -24.5943354  122.5809 /L    1.6444   0.0287082   241.81501   -67.52530         n.a.     n.a.
 2026-Aug-01 12:00 Nm  00 16 26.34 +00 15 40.4  00 17 49.39 +00 24 41.0  -1.81492  -0.88242  217.209343  56.201988    7.710   9.284   99.98062  2.331826   82.602440 -19.078722  29.2856197467961 -23.6466561  125.0048 /L    1.5985   0.0336344   244.07089   -63.27448         n.a.     n.a.
 2026-Aug-04 00:00 *   00 16 19.03 +00 14 45.4  00 17 42.10 +00 23 46.3  -1.84661  -0.94881   40.085266 -54.157448    7.708   9.284   99.98180  2.334516  355.591602 -19.089315  29.2518735034364 -23.2034728  127.4256 /L    1.5494   0.0346017   242.80529   -62.19863         n.a.     n.a.
 2026-Aug-06 12:00 Nm  00 16 11.06 +00 13 46.5  00 17 34.22 +00 22 47.8  -2.13191  -1.01446  224.268137  53.310516    7.705   9.284   99.98300  2.337136  268.580692 -19.101073  29.2190808647589 -22.1013267  129.8591 /L    1.4977   0.0393495   244.55280   -57.83794         n.a.     n.a.
 2026-Aug-09 00:00 *   00 16 02.49 +00 12 43.7  00 17 25.69 +00 21 45.5  -2.16014  -1.07681   46.689847 -51.165225    7.703   9.284   99.98423  2.339658  181.568408 -19.113806  29.1875787967048 -21.6352931  132.2897 /L    1.4429   0.0402275   243.50410   -56.73603         n.a.     n.a.
 2026-Aug-11 12:00 Nm  00 15 53.29 +00 11 37.2  00 17 16.61 +00 20 39.6  -2.43112  -1.13813  230.390789  50.049133    7.701   9.284   99.98546  2.342099   94.555484 -19.127667  29.1571669883398 -20.3761474  134.7329 /L    1.3856   0.0447390   244.91332   -52.26690         n.a.     n.a.
 2026-Aug-14 00:00 *m  00 15 43.54 +00 10 27.2  00 17 06.88 +00 19 29.9  -2.45430  -1.19534   52.461740 -47.841784    7.698   9.284   99.98670  2.344430    7.540597 -19.142422  29.1281716047902 -19.8842044  137.1730 /L    1.3256   0.0454986   244.03208   -51.14457         n.a.     n.a.
 2026-Aug-16 12:00 N   00 15 33.19 +00 09 13.8  00 16 56.60 +00 18 16.8  -2.70694  -1.25069  235.711617  46.499625    7.696   9.284   99.98793  2.346668  280.524464 -19.158250  29.1003982539876 -18.4786901  139.6252 /L    1.2631   0.0496984   245.20172   -46.58971         n.a.     n.a.
 2026-Aug-19 00:00 *m  00 15 22.35 +00 07 57.1  00 16 45.78 +00 17 00.5  -2.72368  -1.30198   57.524126 -44.258670    7.694   9.284   99.98915  2.348786  193.505776 -19.174872  29.0741513573282 -17.9707742  142.0737 /L    1.1982   0.0503146   244.45117   -45.46500         n.a.     n.a.
 2026-Aug-21 12:00 N   00 15 10.96 +00 06 37.5  00 16 34.48 +00 15 41.2  -2.95582  -1.35083  240.368245  42.726596    7.693   9.284   99.99034  2.350801  106.485275 -19.192500  29.0492367119899 -16.4389144  144.5338 /L    1.1311   0.0541644   245.43929   -40.84027         n.a.     n.a.
 2026-Aug-24 00:00 *m  00 14 59.14 +00 05 15.0  00 16 22.69 +00 14 19.2  -2.96631  -1.39614   61.997911 -40.472238    7.691   9.284   99.99149  2.352688   19.461679 -19.210817  29.0259369792521 -15.9229512  146.9900 /L    1.0618   0.0546407   244.79530   -39.71451         n.a.     n.a.
 2026-Aug-26 12:00 N   00 14 46.83 +00 03 50.0  00 16 10.45 +00 12 54.4  -3.17684  -1.43860  244.484662  38.779843    7.689   9.284   99.99260  2.354462  292.435742 -19.230062  29.0040651541136 -14.2793215  149.4578 /L    0.9905   0.0581231   245.63711   -35.02343         n.a.     n.a.
 2026-Aug-29 00:00 *   00 14 34.14 +00 02 22.4  00 15 57.77 +00 11 27.2  -3.18159  -1.47777   65.991402 -36.526604    7.688   9.284   99.99366  2.356101  205.406214 -19.249893  28.9838820211785 -13.7585840  151.9218 /L    0.9173   0.0584672   245.08623   -33.89146         n.a.     n.a.
 2026-Aug-31 12:00 Nm  00 14 21.00 +00 00 52.6  00 15 44.69 +00 09 57.5  -3.36962  -1.51409  248.166127  34.697551    7.686   9.284   99.99466  2.357620  118.373836 -19.270569  28.9652150610346 -12.0126678  154.3975 /L    0.8424   0.0615692   245.80395   -29.13266         n.a.     n.a.
 2026-Sep-03 00:00 *   00 14 07.55 -00 00 39.2  00 15 31.25 +00 08 25.9  -3.36917  -1.54685   69.596858 -32.456072    7.685   9.284   99.99559  2.358997   31.337394 -19.291727  28.9483029609221 -11.4855902  156.8694 /L    0.7658   0.0617884   245.33921   -27.98216         n.a.     n.a.
 2026-Sep-05 12:00 Nm  00 13 53.71 -00 02 13.0  00 15 17.49 +00 06 52.5  -3.53315  -1.57677  251.500039  30.509400    7.684   9.284   99.99645  2.360245  304.297581 -19.313645  28.9329959610877  -9.6405215  159.3531 /L    0.6878   0.0644837   245.94975   -23.14990         n.a.     n.a.
 2026-Sep-08 00:00 *   00 13 39.63 -00 03 48.4  00 15 03.43 +00 05 17.4  -3.52680  -1.60229   72.891169 -28.287511    7.683   9.284   99.99723  2.361346  217.253213 -19.335935  28.9195097286715  -9.1033772  161.8322 /L    0.6085   0.0645619   245.56682   -21.97149         n.a.     n.a.
 2026-Sep-10 12:00 N   00 13 25.21 -00 05 25.3  00 14 49.06 +00 03 40.8  -3.66361  -1.62462  254.557934  26.238602    7.682   9.284   99.99792  2.362309  130.204917 -19.358890  28.9077154968512  -7.1672687  164.3217 /L    0.5280   0.0667946   246.08529   -17.07564         n.a.     n.a.
 2026-Sep-13 00:00 *m  00 13 10.61 -00 07 03.3  00 14 34.46 +00 02 02.8  -3.64979  -1.64195   75.938401 -24.042560    7.681   9.284   99.99852  2.363120   43.151570 -19.382093  28.8977969751777  -6.6269802  166.8041 /L    0.4467   0.0667020   245.77824   -15.88201         n.a.     n.a.
 2026-Sep-15 12:00 N   00 12 55.76 -00 08 42.3  00 14 19.65 +00 00 24.0  -3.75700  -1.65577  257.398649  21.903823    7.680   9.284   99.99902  2.363788  316.093764 -19.405853  28.8896357201637  -4.6222157  169.2927 /L    0.3645   0.0684280   246.21615   -10.95297         n.a.     n.a.
 2026-Sep-18 00:00 *m  00 12 40.81 -00 10 22.0  00 14 04.71 -00 01 15.5  -3.73566  -1.66505   78.791621 -19.738706    7.680   9.284   99.99942  2.364300  229.030469 -19.429730  28.8833794293919  -4.0914277  171.7658 /L    0.2822   0.0681655   245.97663   -9.760074         n.a.     n.a.
 2026-Sep-20 12:00 A   00 12 25.67 -00 12 02.1  00 13 49.62 -00 02 55.4  -3.81283  -1.67040  260.071360  17.520518    7.680   9.284   99.99971  2.364665  141.962265 -19.454051  28.8789199248717  -2.0404147  174.2255 /L    0.1999   0.0693781   246.34176   -4.821391         n.a.     n.a.
 2026-Sep-23 00:00 *m  00 12 10.51 -00 13 42.4  00 13 34.48 -00 04 35.5  -3.78478  -1.67212   81.495773 -15.390570    7.679   9.284   99.99990  2.364873   54.888205 -19.478360  28.8763743955199  -1.5247660  176.6002 /L    0.1199   0.0689617   246.16406   -3.630107         n.a.     n.a.
 2026-Sep-25 12:00 A   00 11 55.24 -00 15 22.7  00 13 19.22 -00 06 15.7  -3.83216  -1.66935  262.617481  13.101509    7.679   9.284   99.99998  2.364933  327.808844 -19.503001  28.8756489734552   0.5549929  178.4705 /L    0.0540   0.0696663   246.46126   1.3017791        3.343    2.777
 2026-Sep-28 00:00 *   00 11 40.01 -00 17 02.7  00 13 03.99 -00 07 55.8  -3.79830  -1.66383   84.089716 -11.010688    7.680   9.284   99.99995  2.364836  240.723315 -19.527505  28.8768324776318   1.0547468  177.5892 /T    0.0758   0.0691122   246.34431   2.4978171         n.a.     n.a.
 2026-Sep-30 12:00 Am  00 11 24.74 -00 18 42.3  00 12 48.73 -00 09 35.3  -3.81630  -1.65340  265.073043   8.657890    7.680   9.284   99.99981  2.364588  153.632131 -19.552230  28.8798518488695   3.1521846  175.3064 /T    0.1511   0.0693179   246.57552   7.4161752        2.233    4.157
 2026-Oct-03 00:00 *   00 11 09.59 -00 20 21.1  00 12 33.61 -00 11 13.9  -3.77684  -1.64038   86.607553  -6.609924    7.680   9.284   99.99957  2.364186   66.534489 -19.576703  28.8847696843492   3.6409815  172.8608 /T    0.2324   0.0686282   246.52344   8.6344545         n.a.     n.a.
 2026-Oct-05 12:00 Am  00 10 54.47 -00 21 59.1  00 12 18.51 -00 12 51.7  -3.76450  -1.62203  267.470323   4.199599    7.681   9.284   99.99922  2.363632  339.430828 -19.601282  28.8915389022130   5.7483547  170.3646 /T    0.3148   0.0683180   246.69000   13.540745        0.526   17.646
 2026-Oct-08 00:00 *   00 10 39.54 -00 23 35.8  00 12 03.58 -00 14 28.4  -3.71820  -1.60058   89.080485  -2.198277    7.681   9.284   99.99877  2.362924  252.320424 -19.625489  28.9001886521195   6.2243115  167.8567 /T    0.3970   0.0674678   246.70942   14.788077         n.a.     n.a.
 2026-Oct-10 12:00 A   00 10 24.71 -00 25 11.1  00 11 48.74 -00 16 03.7  -3.67400  -1.57381  269.838860  -0.264259    7.682   9.284   99.99821  2.362066  165.203648 -19.649679  28.9106907120171   8.3225782  165.3310 /T    0.4788   0.0666148   246.81142   19.667246         n.a.     n.a.
 2026-Oct-13 00:00 *m  00 10 10.16 -00 26 44.6  00 11 34.19 -00 17 37.3  -3.62045  -1.54378   91.537777   2.214803    7.683   9.284   99.99757  2.361058   78.079907 -19.673373  28.9230313679787   8.7722335  162.8059 /T    0.5596   0.0655975   246.90641   20.927044         n.a.     n.a.
 2026-Oct-15 12:00 A   00 09 55.79 -00 28 16.2  00 11 19.82 -00 19 08.9  -3.54462  -1.50882  272.207294  -4.724703    7.684   9.284   99.99683  2.359902  350.949525 -19.696927  28.9371969435852  10.8368551  160.2685 /T    0.6396   0.0642065   246.94224   25.754090         n.a.     n.a.
 2026-Oct-18 00:00 *m  00 09 41.77 -00 29 45.7  00 11 05.82 -00 20 38.3  -3.48505  -1.47108   94.007826   6.620166    7.685   9.284   99.99602  2.358603  263.812051 -19.719863  28.9531343495133  11.2496356  157.7351 /T    0.7181   0.0630468   247.11480   27.009974         n.a.     n.a.
 2026-Oct-20 12:00 A   00 09 28.00 -00 31 12.7  00 10 52.04 -00 22 05.3  -3.37907  -1.42854  274.604090  -9.172881    7.687   9.284   99.99512  2.357161  176.667763 -19.742542  28.9708467360095  13.2612426  155.1913 /T    0.7954   0.0611438   247.08316   31.767415         n.a.     n.a.
 2026-Oct-23 00:00 *m  00 09 14.65 -00 32 37.1  00 10 38.68 -00 23 29.8  -3.31490  -1.38412   96.519774  11.008442    7.688   9.284   99.99416  2.355584   89.516332 -19.764491  28.9902489929214  13.6339537  152.6530 /T    0.8709   0.0598710   247.33725   33.013754         n.a.     n.a.
 2026-Oct-25 12:00 Am  00 09 01.61 -00 33 58.7  00 10 25.61 -00 24 51.6  -3.18071  -1.33468  277.058734 -13.599767    7.690   9.284   99.99313  2.353870    2.357987 -19.786074  29.0113622937895  15.5776349  150.1049 /T    0.9449   0.0574898   247.23628   37.689107         n.a.     n.a.
 2026-Oct-28 00:00 *   00 08 49.06 -00 35 17.3  00 10 13.07 -00 26 10.2  -3.11319  -1.28435   99.104276  15.369910    7.691   9.284   99.99205  2.352028  275.192504 -19.806829  29.0340756926782  15.9138073  147.5628 /T    1.0166   0.0561287   247.58137   38.930204         n.a.     n.a.
 2026-Oct-30 12:00 Am  00 08 36.89 -00 36 32.7  00 10 00.90 -00 27 25.6  -2.95235  -1.22847  279.603326 -17.995589    7.693   9.284   99.99093  2.350057  188.020042 -19.827115  29.0584333154203  17.7819582  145.0108 /T    1.0867   0.0532956   247.40790   43.525052         n.a.     n.a.
 2026-Nov-02 00:00 *   00 08 25.26 -00 37 44.7  00 09 49.28 -00 28 37.6  -2.88110  -1.17198  101.794755  19.694044    7.695   9.284   99.98977  2.347966  100.840456 -19.846484  29.0843007180234  18.0876880  142.4649 /T    1.1543   0.0518391   247.86435   44.781208         n.a.     n.a.
 2026-Nov-04 12:00 Am  00 08 14.07 -00 38 53.2  00 09 38.06 -00 29 46.2  -2.69361  -1.10952  282.273446 -22.349588    7.697   9.284   99.98859  2.345753   13.653832 -19.865280  29.1117415293570  19.8675098  139.9093 /T    1.2199   0.0485528   247.61272   49.303290         n.a.     n.a.
 2026-Nov-07 00:00 *   00 08 03.48 -00 39 57.9  00 09 27.45 -00 30 51.1  -2.61778  -1.04647  104.629073  23.968773    7.699   9.284   99.98739  2.343431  286.460139 -19.883070  29.1405860976589  20.1347061  137.3604 /T    1.2827   0.0469866   248.21070   50.577855         n.a.     n.a.
 2026-Nov-09 12:00     00 07 53.40 -00 40 58.6  00 09 17.33 -00 31 52.0  -2.40470  -0.97801  285.110084 -26.649240    7.701   9.284   99.98618  2.340995  199.259414 -19.900180  29.1709112887938  21.8042462  134.8024 /T    1.3433   0.0432663   247.86814   55.018477         n.a.     n.a.
 2026-Nov-12 00:00 *m  00 07 43.97 -00 41 55.3  00 09 07.92 -00 32 48.7  -2.32524  -0.90902  107.650510  28.180234    7.704   9.284   99.98498  2.338462  112.051779 -19.916202  29.2025093065061  22.0208089  132.2523 /T    1.4008   0.0416101   248.64772   56.294977         n.a.     n.a.
 2026-Nov-14 12:00     00 07 35.11 -00 42 47.6  00 08 59.03 -00 33 41.1  -2.08909  -0.83568  288.161626 -30.879590    7.706   9.284   99.98378  2.335825   24.837218 -19.931447  29.2354730184857  23.5624687  129.6939 /T    1.4558   0.0375006   248.19768   60.643969         n.a.     n.a.
 2026-Nov-17 00:00 *m  00 07 26.95 -00 43 35.6  00 08 50.87 -00 34 29.2  -2.00782  -0.76195  110.910226  32.311790    7.709   9.284   99.98262  2.333105  297.616000 -19.945533  29.2695627933658  23.7226821  127.1441 /T    1.5075   0.0357923   249.21857   61.905269         n.a.     n.a.
 2026-Nov-19 12:00     00 07 19.39 -00 44 19.0  00 08 43.26 -00 35 12.8  -1.75151  -0.68473  291.485726 -35.022661    7.711   9.284   99.98148  2.330292  210.388044 -19.958758  29.3048898220459  25.1252740  124.5868 /T    1.5565   0.0313432   248.64766   66.158933         n.a.     n.a.
 2026-Nov-22 00:00 *m  00 07 12.58 -00 44 57.8  00 08 36.44 -00 35 51.8  -1.67022  -0.60757  114.469367  36.343082    7.714   9.284   99.98038  2.327409  123.153748 -19.970768  29.3411902924642  25.2299179  122.0386 /T    1.6021   0.0296216   250.01035   67.392284         n.a.     n.a.
 2026-Nov-24 12:00  m  00 07 06.42 -00 45 31.8  00 08 30.23 -00 36 26.0  -1.39674  -0.52726  295.152366 -39.056009    7.717   9.284   99.97933  2.324446   35.912964 -19.981846  29.3785941815159  26.4878146  119.4829 /T    1.6448   0.0248824   249.31893   71.551024         n.a.     n.a.
 2026-Nov-27 00:00 *   00 07 01.02 -00 46 01.1  00 08 24.86 -00 36 55.2  -1.31644  -0.44750  118.400988  40.248910    7.720   9.284   99.97834  2.321425  308.666182 -19.991665  29.4168230026665  26.5457727  116.9365 /T    1.6839   0.0231736   251.22543   72.754606         n.a.     n.a.
 2026-Nov-29 12:00  m  00 06 56.30 -00 46 25.4  00 08 20.11 -00 37 19.6  -1.02742  -0.36416  299.246542 -42.951094    7.723   9.284   99.97741  2.318336  221.413170 -20.000492  29.4560258137024  27.6570775  114.3823 /T    1.7201   0.0181675   250.48371   76.835607         n.a.     n.a.
 2026-Dec-02 00:00 *   00 06 52.38 -00 46 44.8  00 08 16.18 -00 37 39.2  -0.94711  -0.28160  122.792531  43.997124    7.725   9.284   99.97656  2.315201  134.154496 -20.008024  29.4959074713357  27.6713371  111.8372 /T    1.7524   0.0164681   253.44130   78.019997         n.a.     n.a.
 2026-Dec-04 12:00  m  00 06 49.17 -00 46 59.1  00 08 12.90 -00 37 53.8  -0.64377  -0.19541  303.870100 -46.671278    7.728   9.284   99.97578  2.312010   46.889880 -20.014499  29.5366242249536  28.6211689  109.2845 /T    1.7817   0.0112130   253.11469   82.037321         n.a.     n.a.
 2026-Dec-07 00:00 *   00 06 46.78 -00 47 08.3  00 08 10.51 -00 38 03.2  -0.56358  -0.11045  127.746025  47.546684    7.731   9.284   99.97509  2.308787  319.620005 -20.019647  29.5778561631478  28.5828181  106.7416 /T    1.8071   0.0095716   258.91168   83.172558         n.a.     n.a.
 2026-Dec-09 12:00     00 06 45.13 -00 47 12.3  00 08 08.82 -00 38 07.3  -0.24888  -0.02266  309.142652 -50.168720    7.735   9.284   99.97448  2.305520  232.344563 -20.023681  29.6197666384372  29.3564316  104.1916 /T    1.8294   0.0041652   264.79758   87.091907         n.a.     n.a.
 2026-Dec-12 00:00 *m  00 06 44.31 -00 47 11.1  00 08 08.02 -00 38 06.2  -0.17027  0.063751  133.375544  50.845237    7.738   9.284   99.97397  2.302236  145.064353 -20.026369  29.6620143357090  29.2601475  101.6523 /T    1.8476   0.0030302   290.52679   87.873494         n.a.     n.a.
 2026-Dec-14 12:00     00 06 44.26 -00 47 04.6  00 08 07.91 -00 37 59.9  0.152310  0.151734  315.195972 -53.381836    7.741   9.284   99.97356  2.298922   57.779022 -20.027897  29.7047752105899  29.8512815   99.1067 /T    1.8626   0.0035832   45.108624   87.532047         n.a.     n.a.
 2026-Dec-17 00:00 *m  00 06 45.03 -00 46 52.9  00 08 08.68 -00 37 48.4  0.227599  0.238492  139.798165  53.826454    7.744   9.284   99.97325  2.295605  330.489479 -20.028076  29.7476919518615  29.6973850   96.5725 /T    1.8736   0.0054944   43.661150   86.193812         n.a.     n.a.
 2026-Dec-19 12:00     00 06 46.58 -00 46 36.0  00 08 10.15 -00 37 31.7  0.554749  0.325589  322.158415 -56.232662    7.747   9.284   99.97304  2.292272  243.195307 -20.027064  29.7909557429884  30.1064490   94.0325 /T    1.8813   0.0107206   59.590782   82.692769         n.a.     n.a.
 2026-Dec-22 00:00 *m  00 06 48.96 -00 46 13.9  00 08 12.54 -00 37 09.8  0.625213  0.411603  147.111676  56.409155    7.750   9.284   99.97294  2.288949  155.897505 -20.024713  29.8342005179092  29.9012433   91.5042 /T    1.8850   0.0124756   56.641470   81.443166         n.a.     n.a.
 2026-Dec-24 12:00  m  00 06 52.10 -00 45 46.6  00 08 15.65 -00 36 42.5  0.954262  0.497344  330.121253 -58.626202    7.753   9.284   99.97293  2.285622   68.595579 -20.021155  29.8776337349207  30.1350113   88.9703 /T    1.8855   0.0179348   62.472318   77.869300         n.a.     n.a.
 2026-Dec-27 00:00 *   00 06 56.06 -00 45 14.2  00 08 19.64 -00 36 10.2  1.019965  0.582240  155.355780  58.499392    7.756   9.284   99.97304  2.282317  341.290579 -20.016276  29.9208887752442  29.8896949   86.4479 /T    1.8820   0.0195742   60.280402   76.674676         n.a.     n.a.
 2026-Dec-29 12:00  m  00 07 00.79 -00 44 36.7  00 08 24.30 -00 35 32.9  1.350013  0.667060  339.081831 -60.456002    7.760   9.284   99.97324  2.279020  253.981942 -20.010180  29.9641814543765  29.9496164   83.9196 /T    1.8753   0.0250971   63.705407   73.116005         n.a.     n.a.
$$EOE
**********************************************************************************************************************************************************************************************************************************************************************************************
Column meaning:
 
TIME

  Times PRIOR to 1962 are UT1, a mean-solar time closely related to the
prior but now-deprecated GMT. Times AFTER 1962 are in UTC, the current
civil or "wall-clock" time-scale. UTC is kept within 0.9 seconds of UT1
using integer leap-seconds for 1972 and later years.

  Conversion from the internal Barycentric Dynamical Time (TDB) of solar
system dynamics to the non-uniform civil UT time-scale requested for output
has not been determined for UTC times after the next July or January 1st.
Therefore, the last known leap-second is used as a constant over future
intervals.

  Time tags refer to the UT time-scale conversion from TDB on Earth
regardless of observer location within the solar system, although clock
rates may differ due to the local gravity field and no analog to "UT"
may be defined for that location.

  Any 'b' symbol in the 1st-column denotes a B.C. date. First-column blank
(" ") denotes an A.D. date.
 
CALENDAR SYSTEM

  Mixed calendar mode was active such that calendar dates after AD 1582-Oct-15
(if any) are in the modern Gregorian system. Dates prior to 1582-Oct-5 (if any)
are in the Julian calendar system, which is automatically extended for dates
prior to its adoption on 45-Jan-1 BC.  The Julian calendar is useful for
matching historical dates. The Gregorian calendar more accurately corresponds
to the Earth's orbital motion and seasons. A "Gregorian-only" calendar mode is
available if such physical events are the primary interest.

  NOTE: "n.a." in output means quantity "not available" at the print-time.
 
SOLAR PRESENCE (OBSERVING SITE)
  Time tag is followed by a blank, then a solar-presence symbol:

       '*'  Daylight (refracted solar upper-limb on or above apparent horizon)
       'C'  Civil twilight/dawn
       'N'  Nautical twilight/dawn
       'A'  Astronomical twilight/dawn
       ' '  Night OR geocentric ephemeris

LUNAR PRESENCE (OBSERVING SITE)
  The solar-presence symbol is immediately followed by a lunar-presence symbol:

       'm'  Refracted upper-limb of Moon on or above apparent horizon
       ' '  Refracted upper-limb of Moon below apparent horizon OR geocentric
            ephemeris
 
 'R.A._____(ICRF)_____DEC' =
  Astrometric right ascension and declination of the target center with
respect to the observing site (coordinate origin) in the reference frame of
the planetary ephemeris (ICRF). Compensated for down-leg light-time delay
aberration.

  Units: RA  in hours-minutes-seconds of time,    HH MM SS.ff{ffff}
         DEC in degrees-minutes-seconds of arc,  sDD MN SC.f{ffff}
 
 'R.A.__(a-apparent)__DEC' =
  Airless apparent right ascension and declination of the target center
with respect to an instantaneous reference frame defined by the Earth equator
of-date (z-axis) and meridian containing the Earth equinox of-date (x-axis,
EOP-corrected IAU76/80). Compensated for down-leg light-time delay,
gravitational deflection of light, stellar aberration, precession & nutation.
Note: equinox (RA origin) is offset -53 mas from the of-date frame defined
by the IAU06/00a P & N system.

  Units: RA  in hours-minutes-seconds of time,   HH MM SS.ff{ffff}
         DEC in degrees-minutes-seconds of arc, sDD MN SC.f{ffff}
 
 'dRA*cosD d(DEC)/dt' =
  The angular rate of change in apparent RA and DEC of the target. This is
with respect to the non-inertial IAU76/80 Earth true equator and equinox
of-date reference frame.  d(RA)/dt is multiplied by the cosine of declination
to provide a linear rate in the plane-of-sky. Units: ARCSECONDS PER HOUR
 
 'Azi____(a-app)___Elev' =
  Airless apparent azimuth and elevation of target center. Compensated
for light-time, the gravitational deflection of light, stellar aberration,
precession and nutation. Azimuth is measured clockwise from north:

  North(0) -> East(90) -> South(180) -> West(270) -> North (360)

Elevation angle is with respect to a plane perpendicular to the reference
surface local zenith direction. TOPOCENTRIC ONLY.  Units: DEGREES
 
 'APmag   S-brt' =
  The targets' approximate apparent visual magnitude and surface brightness.
For planets and natural satellites, output is restricted to solar phase angles
covered by observational data. Outside the observed phase angle range, "n.a."
may be output to avoid extrapolation beyond the limit of model validity.

   For Earth-based observers, the estimated dimming due to atmospheric
absorption (extinction) is available as a separate, requestable quantity.

   Surface brightness is the average airless visual magnitude of a
square-arcsecond of the illuminated portion of the apparent disk. It is
computed only if the target radius is known.

   Units: MAGNITUDES & MAGNITUDES PER SQUARE ARCSECOND
 
 'Illu%' =
   Fraction of the target objects' assumed circular disk illuminated by Sun
(phase), as seen by the observer.  Units: PERCENT
 
 'Ang-diam' =
   The equatorial angular width of the target body full disk, if it were fully
illuminated and visible to the observer. If the target body diameter is unknown
"n.a." is output.

   Units: ARCSECONDS
 
 'ObsSub-LON ObsSub-LAT' =
   Apparent planetodetic longitude and latitude of the center of the target
disc seen by the OBSERVER at print-time. This is NOT exactly the same as the
"nearest" sub-point for a non-spherical target shape (since the center of the
disc might not be the point closest to the observer), but is generally very
close if not a very irregular body shape. Down-leg light travel-time from
target to observer is taken into account. Latitude is the angle between the
equatorial plane and the line perpendicular to the reference ellipsoid of the
body, so includes body oblateness. The reference ellipsoid is an oblate
spheroid with a single flatness coefficient in which the y-axis body radius
is taken to be the same value as the x-axis radius.  For Jupiter, Saturn, and
Uranus, IAU2015 longitude is based on the "System III" prime meridian rotation
angle of the magnetic field. By contrast, pole direction (thus latitude) is
relative to the body dynamical equator.  There can be an offset between the
magnetic pole and the dynamical pole of rotation. For Neptune, rotation is
IAU2015 "System II" rotation of optically observed features in the Neptunian
atmosphere. Positive longitude is to the WEST for this target. Cartographic
system is specified in the header.  Units: DEGREES DEGREES
 
 'delta      deldot' =
   Apparent range ("delta", light-time aberrated) and range-rate ("delta-dot")
of the target center relative to the observer. A positive "deldot" means the
target center is moving away from the observer, negative indicates movement
toward the observer.  Units: AU and KM/S
 
 'S-O-T /r' =
   Sun-Observer-Target apparent SOLAR ELONGATION ANGLE seen from the observers'
location at print-time.

   The '/r' column provides a code indicating the targets' apparent position
relative to the Sun in the observers' sky, as described below:

   Case A: For an observing location on the surface of a rotating body, that
body rotational sense is considered:

    /T indicates target TRAILS Sun   (evening sky: rises and sets AFTER Sun)
    /L indicates target LEADS Sun    (morning sky: rises and sets BEFORE Sun)

   Case B: For an observing point that does not have a rotational model (such
as a spacecraft), the "leading" and "trailing" condition is defined by the
observers' heliocentric ORBITAL motion:

    * If continuing in the observers' current direction of heliocentric
       motion would encounter the targets' apparent longitude first, followed
       by the Sun's, the target LEADS the Sun as seen by the observer.

    * If the Sun's apparent longitude would be encountered first, followed
       by the targets', the target TRAILS the Sun.

   Two other codes can be output:
    /* indicates observer is Sun-centered    (undefined)
    /? Target is aligned with Sun center     (no lead or trail)

   The S-O-T solar elongation angle is numerically the minimum separation
angle of the Sun and target in the sky in any direction. It does NOT indicate
the amount of separation in the leading or trailing directions, which would
be defined along the equator of a spherical coordinate system.

   Units: DEGREES
 
 'S-T-O' =
   The Sun-Target-Observer angle; the interior vertex angle at target center
formed by a vector from the target to the apparent center of the Sun (at
reflection time on the target) and the apparent vector from target to the
observer at print-time. Slightly different from true PHASE ANGLE (requestable
separately) at the few arcsecond level in that it includes stellar aberration
on the down-leg from target to observer.  Units: DEGREES
 
 'Sky_motion  Sky_mot_PA  RelVel-ANG' =
  Total apparent angular rate of the target in the plane-of-sky. "Sky_mot_PA"
is the position angle of the target's direction of motion in the plane-of-sky,
measured counter-clockwise from the apparent of-date north pole direction.
"RelVel-ANG" is the flight path angle of the target's relative motion with
respect to the observer's line-of-sight, in the range [-90,+90], where positive
values indicate motion away from the observer, negative values are toward the
observer:

  -90 = target is moving directly toward the observer
    0 = target is moving at right angles to the observer's line-of-sight
  +90 = target is moving directly away from the observer

UNITS:  ARCSECONDS/MINUTE, DEGREES, DEGREES
 
 'Lun_Sky_Brt  sky_SNR' =
  Sky brightness due to moonlight scattered by Earth's atmosphere at the
target's position in the sky. "sky_SNR" is the visual signal-to-noise ratio
(SNR) of the target's surface brightness relative to background sky. Output
only for topocentric Earth observers when both the Moon and target are above
the local horizon and the Sun is in astronomical twilight (or further) below
the horizon, and the target is not the Moon or Sun. If all conditions are
not met, "n.a." is output. Galactic brightness, local sky light-pollution
and weather are NOT considered. Lunar opposition surge is considered. The
value returned is accurate under ideal conditions at the approximately 8-23%
level, so is a useful but not definitive value.

  If the target-body radius is also known, "sky_SNR" is output. This is the
approximate visual signal-to-noise ratio of the target's brightness divided
by lunar sky brightness. When sky_SNR < 1, the target is dimmer than the
ideal moonlight-scattering background sky, so unlikely to be detectable at
visual wavelengths. In practice, visibility requires sky_SNR > 1 and a
detector sensitive enough to reach the target's magnitude, even if it isn't
washed out by moonlight. When relating magnitudes and brightness values,
keep in mind their logarithmic relationship m2-m1 = -2.5*log_10(b2/b1).

  UNITS: VISUAL MAGNITUDES / ARCSECOND^2, and unitless ratio

Computations by ...

    Solar System Dynamics Group, Horizons On-Line Ephemeris System
    4800 Oak Grove Drive, Jet Propulsion Laboratory
    Pasadena, CA  91109   USA

    General site: https://ssd.jpl.nasa.gov/
    Mailing list: https://ssd.jpl.nasa.gov/email_list.html
    System news : https://ssd.jpl.nasa.gov/horizons/news.html
    User Guide  : https://ssd.jpl.nasa.gov/horizons/manual.html
    Connect     : browser        https://ssd.jpl.nasa.gov/horizons/app.html#/x
                  API            https://ssd-api.jpl.nasa.gov/doc/horizons.html
                  command-line   telnet ssd.jpl.nasa.gov 6775
                  e-mail/batch   https://ssd.jpl.nasa.gov/ftp/ssd/horizons_batch.txt
                  scripts        https://ssd.jpl.nasa.gov/ftp/ssd/SCRIPTS
    Author      : Jon.D.Giorgini@jpl.nasa.gov

**********************************************************************************************************************************************************************************************************************************************************************************************
