*******************************************************************************
 Revised: April 22, 2021              Neptune                               899
 
 PHYSICAL DATA (update 2021-May-03):
  Mass x10^24 (kg)      = 102.409         Density (g/cm^3)       =  1.638
  Equat. radius (1 bar) = 24766+-15 km    Volume, 10^10 km^3     = 6254     
  Vol. mean radius (km) = 24624+-21       Polar radius (km)      = 24342+-30
  Geometric Albedo      = 0.41            Flattening             =  0.0171
  Sid. rot. period (III)= 16.11+-0.01 hr  Sid. rot. rate (rad/s) =  0.000108338 
  Mean solar day, h     =~16.11 h         
  GM (km^3/s^2)         = 6835099.97      GM 1-sigma (km^3/s^2)  = +-10 
  Equ. grav, ge (m/s^2) = 11.15           Pol. grav, gp (m/s^2)  = 11.41+-0.03
  Visual magnitude V(1,0)= -6.87
  Vis. mag. (opposition)=  +7.84          Obliquity to orbit     = 28.32 deg
  Sidereal orbit period = 164.788501027 y Sidereal orbit period  = 60189 d
  Mean daily motion     = 0.006020076dg/d Mean orbit velocity    =  5.43 km/s 
  Atmos. temp. (1 bar)  =  72+-2 K        Escape speed (1 bar)  =  23.5 km/s     
  Aroche(ice)/Rp        =  2.98           Hill's sphere rad., Rp = 4700
                                 Perihelion  Aphelion    Mean
  Solar Constant (W/m^2)         1.54        1.49        1.51
  Maximum Planetary IR (W/m^2)   0.52        0.52        0.52
  Minimum Planetary IR (W/m^2)   0.52        0.52        0.52
*******************************************************************************


*******************************************************************************
Ephemeris / WWW_USER Mon Apr  6 18:15:22 2026 Pasadena, USA      / Horizons    
*******************************************************************************
Target body name: Neptune (899)                   {source: nep097_merged}
Center body name: Earth (399)                     {source: nep097_merged}
Center-site name: (user defined site below)
*******************************************************************************
Start time      : A.D. 2026-Jan-01 00:00:00.0000 UT      
Stop  time      : A.D. 2026-Dec-31 00:00:00.0000 UT      
Step-size       : 3600 minutes
*******************************************************************************
Target pole/equ : IAU_NEPTUNE                     {West-longitude positive}
Target radii    : 24764.0, 24764.0, 24341.0 km    {Equator_a, b, pole_c}       
Center geodetic : 271.5, 18.5, .010               {E-lon(deg),Lat(deg),Alt(km)}
Center cylindric: 271.5, 6050.58708, 2010.94538   {E-lon(deg),Dxy(km),Dz(km)}
Center pole/equ : ITRF93                          {East-longitude positive}
Center radii    : 6378.137, 6378.137, 6356.752 km {Equator_a, b, pole_c}       
Target primary  : Sun
Vis. interferer : MOON (R_eq= 1737.400) km        {source: DE441}
Rel. light bend : Sun                             {source: nep097_merged}
Rel. lght bnd GM: 1.3271E+11 km^3/s^2                                          
Atmos refraction: NO (AIRLESS)
RA format       : HMS
Time format     : CAL 
Calendar mode   : Mixed Julian/Gregorian
EOP file        : eop.260406.p260703                                           
EOP coverage    : DATA-BASED 1962-JAN-20 TO 2026-APR-06. PREDICTS-> 2026-JUL-02
Units conversion: 1 au= 149597870.700 km, c= 299792.458 km/s, 1 day= 86400.0 s 
Table cut-offs 1: Elevation (-90.0deg=NO ),Airmass (>38.000=NO), Daylight (NO )
Table cut-offs 2: Solar elongation (  0.0,180.0=NO ),Local Hour Angle( 0.0=NO )
Table cut-offs 3: RA/DEC angular rate (     0.0=NO )                           
**********************************************************************************************************************************************************************************************************************************************************************************************
 Date__(UT)__HR:MN     R.A._____(ICRF)_____DEC  R.A.__(a-apparent)__DEC  dRA*cosD d(DEC)/dt  Azi____(a-app)___Elev    APmag   S-brt      Illu%  Ang-diam  ObsSub-LON ObsSub-LAT             delta      deldot     S-O-T /r     S-T-O  Sky_motion  Sky_mot_PA  RelVel-ANG  Lun_Sky_Brt  sky_SNR
**********************************************************************************************************************************************************************************************************************************************************************************************
$$SOE
 2026-Jan-01 00:00 Nm  23 58 58.56 -01 33 48.3  00 00 18.64 -01 25 07.1  1.603656  0.830416  212.099223  66.804709    7.767   9.284   99.97395  2.271916  292.675214 -20.796420  30.0578781375749  29.5683832   78.9437 /T    1.8506   0.0300985   62.623665   69.703028         n.a.     n.a.
 2026-Jan-03 12:00 Nm  23 59 05.65 -01 32 56.0  00 00 25.70 -01 24 14.8  1.935659  0.910776   41.445249 -67.749195    7.770   9.284   99.97445  2.268712  205.358386 -20.786894  30.1003212884256  29.0875657   76.4253 /T    1.8332   0.0356538   64.801845   65.963711         n.a.     n.a.
 2026-Jan-06 00:00 N   23 59 13.48 -01 31 59.0  00 00 33.55 -01 23 17.9  1.983370  0.991151  221.763946  64.048980    7.773   9.284   99.97503  2.265562  118.040045 -20.776230  30.1421722424122  28.9996039   73.9200 /T    1.8122   0.0369539   63.447292   65.094608         n.a.     n.a.
 2026-Jan-08 12:00 Nm  23 59 22.08 -01 30 57.2  00 00 42.07 -01 22 16.3  2.306413  1.068685   50.183878 -64.412707    7.776   9.284   99.97571  2.262448   30.719367 -20.764336  30.1836661937226  28.3438125   71.4083 /T    1.7881   0.0423662   65.139168   61.393321         n.a.     n.a.
 2026-Jan-11 00:00 N   23 59 31.39 -01 29 50.7  00 00 51.38 -01 21 10.1  2.353130  1.146877  229.522391  60.778322    7.779   9.284   99.97645  2.259397  303.397751 -20.751346  30.2244218931435  28.2228837   68.9093 /T    1.7604   0.0436289   64.016158   60.542566         n.a.     n.a.
 2026-Jan-13 12:00 Nm  23 59 41.44 -01 28 39.7  00 01 01.37 -01 19 59.2  2.665251  1.220961   56.921836 -60.685570    7.782   9.284   99.97728  2.256392  216.074379 -20.737134  30.2646646042807  27.3904027   66.4041 /T    1.7297   0.0488601   65.387310   56.871205         n.a.     n.a.
 2026-Jan-16 00:00 C   23 59 52.18 -01 27 24.2  00 01 12.13 -01 18 43.7  2.710136  1.296205  235.753688  57.151869    7.785   9.284   99.97817  2.253462  128.750686 -20.721875  30.3040181453028  27.2304142   63.9120 /T    1.6955   0.0500694   64.439132   56.037170         n.a.     n.a.
 2026-Jan-18 12:00 N   00 00 03.64 -01 26 04.3  00 01 23.55 -01 17 23.9  3.008712  1.366019   62.211705 -56.703955    7.787   9.284   99.97913  2.250589   41.425860 -20.705412  30.3427000601502  26.2254578   61.4140 /T    1.6584   0.0550716   65.580941   52.395231         n.a.     n.a.
 2026-Jan-21 00:00 Cm  00 00 15.74 -01 24 40.2  00 01 35.66 -01 15 59.9  3.050515  1.437210  240.820436  53.279713    7.790   9.284   99.98013  2.247801  314.101356 -20.687959  30.3803460909174  26.0256093   58.9296 /T    1.6181   0.0562021   64.773149   51.583191         n.a.     n.a.
 2026-Jan-23 12:00 N   00 00 28.54 -01 23 12.0  00 01 48.39 -01 14 31.9  3.332755  1.502020   66.465533 -52.553584    7.793   9.284   99.98119  2.245080  226.776365 -20.669333  30.4171657831735  24.8573490   56.4400 /T    1.5750   0.0609265   65.739664   47.973527         n.a.     n.a.
 2026-Jan-26 00:00 Cm  00 00 41.92 -01 21 39.9  00 02 01.77 -01 13 00.1  3.370253  1.568007  245.012802  49.235925    7.795   9.284   99.98228  2.242451  139.452335 -20.649783  30.4528163591115  24.6244488   53.9645 /T    1.5289   0.0619526   65.049838   47.194935         n.a.     n.a.
 2026-Jan-28 12:00 N   00 00 55.96 -01 20 04.1  00 02 15.77 -01 11 24.2  3.633823  1.627419   69.972162 -48.288615    7.798   9.284   99.98340  2.239900   52.128453 -20.629105  30.4875009223557  23.3093675   51.4844 /T    1.4801   0.0663600   65.874633   43.623468         n.a.     n.a.
 2026-Jan-31 00:00 Cm  00 01 10.54 -01 18 24.6  00 02 30.39 -01 09 44.7  3.667101  1.687860  248.548775  45.070412    7.800   9.284   99.98454  2.237449  324.806113 -20.607578  30.5209065513701  23.0566264   49.0183 /T    1.4287   0.0672815   65.284756   42.886000         n.a.     n.a.
 2026-Feb-02 12:00 Nm  00 01 25.73 -01 16 41.7  00 02 45.54 -01 08 01.8  3.911317  1.742241   72.932104 -43.944118    7.802   9.284   99.98569  2.235082  237.484499 -20.584971  30.5532272040402  21.6110676   46.5476 /T    1.3747   0.0713633   65.990093   39.348154         n.a.     n.a.
 2026-Feb-05 00:00 C   00 01 41.41 -01 14 55.5  00 03 01.22 -01 06 15.8  3.941908  1.797658  251.588171  40.817112    7.805   9.284   99.98685  2.232820  150.164943 -20.561589  30.5841751676199  21.3428944   44.0903 /T    1.3183   0.0722077   65.485230   38.640227         n.a.     n.a.
 2026-Feb-07 12:00 Nm  00 01 57.67 -01 13 06.2  00 03 17.41 -01 04 26.6  4.166326  1.847132   75.486140 -39.543562    7.807   9.284   99.98800  2.230650   62.846663 -20.537174  30.6139249861822  19.7713448   41.6281 /T    1.2595   0.0759572   66.090001   35.119475         n.a.     n.a.
 2026-Feb-10 00:00 C   00 02 14.36 -01 11 13.8  00 03 34.12 -01 02 34.4  4.194554  1.897472  254.248815  36.499716    7.809   9.284   99.98914  2.228592  335.530958 -20.512059  30.6422069401237  19.4820507   39.1791 /T    1.1986   0.0767295   65.659639   34.427401         n.a.     n.a.
 2026-Feb-12 12:00 Nm  00 02 31.58 -01 09 18.7  00 03 51.31 -01 00 39.2  4.397449  1.941317   77.734457 -35.102842    7.811   9.284   99.99026  2.226632  248.217095 -20.485962  30.6691772779912  17.7902463   36.7251 /T    1.1355   0.0801150   66.180255   30.917639         n.a.     n.a.
 2026-Feb-15 00:00 C   00 02 49.19 -01 07 20.8  00 04 08.95 -00 58 41.3  4.422582  1.986083  256.618454  32.135034    7.812   9.284   99.99135  2.224788  160.906341 -20.459248  30.6945873659101  17.4777326   34.2843 /T    1.0704   0.0808011   65.816220   30.238021         n.a.     n.a.
 2026-Feb-17 12:00 C   00 03 07.28 -01 05 20.5  00 04 27.00 -00 56 41.1  4.602104  2.023559   79.750539 -30.633172    7.814   9.284   99.99241  2.223051   73.597997 -20.431612  30.7185791690101  15.6776423   31.8390 /T    1.0034   0.0837890   66.264758   26.739587         n.a.     n.a.
 2026-Feb-20 00:00 Cm  00 03 25.70 -01 03 18.0  00 04 45.42 -00 54 38.6  4.623057  2.062006  258.763199  27.735109    7.816   9.284   99.99342  2.221435  346.293288 -20.403446  30.7409291991685  15.3441339   29.4072 /T    0.9347   0.0843678   65.961859   26.075002         n.a.     n.a.
 2026-Feb-22 12:00 C   00 03 44.54 -01 01 13.3  00 05 04.22 -00 52 34.1  4.777462  2.092596   81.589553 -26.142554    7.817   9.284   99.99438  2.219930  258.991541 -20.374431  30.7617681047117  13.4544221   26.9716 /T    0.8643   0.0869277   66.345906   22.594799         n.a.     n.a.
 2026-Feb-25 00:00 Cm  00 04 03.65 -00 59 06.8  00 05 23.35 -00 50 27.5  4.793635  2.124174  260.734317  23.308777    7.819   9.284   99.99528  2.218549  171.693906 -20.344981  30.7809064927079  13.1106933   24.5501 /T    0.7926   0.0873865   66.100726   21.956234         n.a.     n.a.
 2026-Feb-27 12:00 C   00 04 23.13 -00 56 58.6  00 05 42.83 -00 48 19.2  4.922557  2.148275   83.293755 -21.636667    7.820   9.284   99.99612  2.217285   84.399719 -20.314762  30.7984643938263  11.1544951   22.1252 /T    0.7194   0.0895151   66.422846   18.501393         n.a.     n.a.
 2026-Mar-02 00:00 *m  00 04 42.81 -00 54 48.9  00 06 02.53 -00 46 09.5  4.935097  2.173316  262.572279  18.862648    7.821   9.284   99.99688  2.216146  357.110027 -20.284200  30.8142886729440  10.8102086   19.7147 /T    0.6452   0.0898741   66.232285   17.891591         n.a.     n.a.
 2026-Mar-04 12:00 Cm  00 05 02.80 -00 52 38.0  00 06 22.50 -00 43 58.5  5.039304  2.191794   84.896894 -17.119934    7.822   9.284   99.99757  2.215126  269.824204 -20.252949  30.8284784190858   8.8004653   17.3011 /T    0.5698   0.0915887   66.493855   14.453500         n.a.     n.a.
 2026-Mar-07 00:00 *   00 05 22.94 -00 50 25.9  00 06 42.64 -00 41 46.5  5.049471  2.210632  264.309738  14.401844    7.823   9.284   99.99819  2.214233  182.543206 -20.221443  30.8409099210358   8.4537241   14.9021 /T    0.4937   0.0918696   66.356454   13.860067         n.a.     n.a.
 2026-Mar-09 12:00 Cm  00 05 43.34 -00 48 12.8  00 07 03.03 -00 39 33.5  5.128687  2.223511   86.426332 -12.595726    7.824   9.284   99.99871  2.213462   95.266488 -20.189325  30.8516540972396   6.3952583   12.5012 /T    0.4166   0.0931657   66.561148   10.424090         n.a.     n.a.
 2026-Mar-12 00:00 *   00 06 03.84 -00 45 59.0  00 07 23.55 -00 37 19.5  5.136378  2.235953  265.974343   9.930532    7.824   9.284   99.99915  2.212819    7.994925 -20.157043  30.8606160384064   6.0427062   10.1179 /T    0.3392   0.0933659   66.475691   9.8371823         n.a.     n.a.
 2026-Mar-14 12:00 Cm  00 06 24.53 -00 43 44.6  00 07 44.26 -00 35 05.0  5.189491  2.242649   87.905206  -8.066735    7.825   9.284   99.99950  2.212301  280.728050 -20.124231  30.8678430479176   3.9454309    7.7393 /T    0.2613   0.0942224   66.628321   6.3975718         n.a.     n.a.
 2026-Mar-17 00:00 *   00 06 45.26 -00 41 29.9  00 08 05.00 -00 32 50.2  5.194092  2.248444  267.589811   5.452086    7.825   9.284   99.99976  2.211912  193.466652 -20.091349  30.8732707683376   3.5875216    5.3962 /T    0.1839   0.0943311   66.592936   5.8132034         n.a.     n.a.
 2026-Mar-19 12:00 *   00 07 06.13 -00 39 15.0  00 08 25.87 -00 30 35.3  5.219993  2.248287   89.354187  -3.535304    7.825   9.284   99.99992  2.211650  106.210330 -20.058025  30.8769280618755   1.4671017    3.1236 /T    0.1082   0.0947264   66.698119   2.3705161         n.a.     n.a.
 2026-Mar-22 00:00 *m  00 07 26.98 -00 37 00.1  00 08 46.72 -00 28 20.6  5.220610  2.247114  269.177411   0.969327    7.825   9.284   99.99998  2.211517   18.959780 -20.024732  30.8787837098505   1.1093569    1.3827 /T    0.0477   0.0947281   66.711444   1.7913869         n.a.     n.a.
 2026-Mar-24 12:00 *   00 07 47.90 -00 34 45.4  00 09 07.65 -00 26 05.7  5.218857  2.239920   90.792245   0.996750    7.825   9.284   99.99995  2.211512  291.714635 -19.991093  30.8788552110830  -1.0098673    2.3362 /L    0.0740   0.0946539   66.771114   -1.643015         n.a.     n.a.
 2026-Mar-27 00:00 *m  00 08 08.73 -00 32 31.2  00 09 28.53 -00 23 51.1  5.215864  2.232106  270.757702  -3.515256    7.825   9.284   99.99983  2.211634  204.475474 -19.957586  30.8771491159869  -1.3564734    4.5092 /L    0.1459   0.0945568   66.831713   -2.206826         n.a.     n.a.
 2026-Mar-29 12:00 *   00 08 29.58 -00 30 17.7  00 09 49.41 -00 21 37.4  5.187953  2.218847   92.237566   5.527418    7.825   9.284   99.99960  2.211884  117.241956 -19.923831  30.8736679843425  -3.4537812    6.8241 /L    0.2229   0.0940422   66.843977   -5.625952         n.a.     n.a.
 2026-Apr-01 00:00 *m  00 08 50.29 -00 28 04.9  00 10 10.12 -00 19 24.5  5.182788  2.205037  272.350155  -7.999016    7.825   9.284   99.99929  2.212258   30.014550 -19.890300  30.8684496465053  -3.7884910    9.1625 /L    0.3005   0.0938727   66.952485   -6.178663         n.a.     n.a.
 2026-Apr-03 12:00 *m  00 09 10.96 -00 25 53.1  00 10 30.80 -00 17 12.7  5.130023  2.186492   93.709008  10.054673    7.824   9.284   99.99888  2.212758  302.792986 -19.856614  30.8614701182452  -5.8564479   11.5187 /L    0.3783   0.0929425   66.915576   -9.592754         n.a.     n.a.
 2026-Apr-06 00:00 *   00 09 31.42 -00 23 42.5  00 10 51.29 -00 15 01.9  5.123091  2.166682  273.975442 -12.479304    7.824   9.284   99.99838  2.213380  215.577636 -19.823236  30.8527956213717  -6.1844561   13.8710 /L    0.4554   0.0927071   67.075299   -10.14682         n.a.     n.a.
 2026-Apr-08 12:00 *m  00 09 51.80 -00 21 33.2  00 11 11.72 -00 12 52.3  5.045479  2.142857   95.226165  14.576311    7.823   9.284   99.99780  2.214128  128.368326 -19.789799  30.8423737175510  -8.2171454   16.2323 /L    0.5322   0.0913612   66.988659   -13.56846         n.a.     n.a.
 2026-Apr-11 00:00 *   00 10 11.93 -00 19 25.3  00 11 31.88 -00 10 44.2  5.036348  2.116796  275.655881 -16.953059    7.822   9.284   99.99713  2.214995   41.165323 -19.756755  30.8303023043085  -8.5396367   18.5858 /L    0.6080   0.0910519   67.202797   -14.13114         n.a.     n.a.
 2026-Apr-13 12:00 *m  00 10 31.91 -00 17 19.2  00 11 51.91 -00 08 37.8  4.933474  2.087324   96.811156  19.089618    7.821   9.284   99.99639  2.215987  313.968548 -19.723748  30.8165047434523 -10.5264526   20.9468 /L    0.6831   0.0892812   67.067064   -17.56801         n.a.     n.a.
 2026-Apr-16 00:00 *   00 10 51.59 -00 15 14.9  00 12 11.59 -00 06 33.4  4.921462  2.054873  277.416404 -21.416792    7.820   9.284   99.99558  2.217094  226.778153 -19.691225  30.8011116444976 -10.8407842   23.2989 /L    0.7568   0.0888871   67.337848   -18.14211         n.a.     n.a.
 2026-Apr-18 12:00 *   00 11 11.06 -00 13 12.6  00 12 31.11 -00 04 30.9  4.792922  2.019237   98.489710  23.591290    7.819   9.284   99.99469  2.218324  139.594138 -19.658839  30.7840288885295 -12.7647038   25.6578 /L    0.8296   0.0866818   67.154523   -21.59505         n.a.     n.a.
 2026-Apr-21 00:00 *m  00 11 30.16 -00 11 12.5  00 12 50.25 -00 02 30.5  4.777569  1.980605  279.286543 -25.866224    7.817   9.284   99.99375  2.219666   52.416526 -19.627031  30.7654224332257 -13.0613558   28.0070 /L    0.9007   0.0861974   67.482894   -22.17317         n.a.     n.a.
 2026-Apr-23 12:00 *   00 11 49.00 -00 09 14.9  00 13 09.18 -00 00 32.4  4.624546  1.939169  100.292566  28.077257    7.816   9.284   99.99275  2.221127  325.245357 -19.595462  30.7451887817659 -14.8984943   30.3626 /L    0.9707   0.0835776   67.250680   -25.62877         n.a.     n.a.
 2026-Apr-26 00:00 *m  00 12 07.43 -00 07 19.8  00 13 27.64 +00 01 23.0  4.607176  1.895478  281.302036 -30.295919    7.814   9.284   99.99171  2.222693  238.080523 -19.564557  30.7235245005680 -15.1716907   32.7082 /L    1.0387   0.0830310   67.636817   -26.20155         n.a.     n.a.
 2026-Apr-28 12:00 *   00 12 25.55 -00 05 27.4  00 13 45.81 +00 03 15.6  4.432195  1.849245  102.258273  32.541883    7.813   9.284   99.99062  2.224374  150.922114 -19.533987  30.7003083765590 -16.9107070   35.0603 /L    1.1054   0.0800418   67.352632   -29.65705         n.a.     n.a.
 2026-May-01 00:00 *m  00 12 43.21 -00 03 37.9  00 14 03.49 +00 05 05.3  4.413655  1.801059  283.507454 -34.698659    7.811   9.284   99.98950  2.226154   63.769931 -19.504154  30.6757572793704 -17.1672038   37.4028 /L    1.1698   0.0794498   67.801339   -30.23379         n.a.     n.a.
 2026-May-03 12:00 *m  00 13 00.51 -00 01 51.3  00 14 20.87 +00 06 52.3  4.218074  1.750467  104.435689  36.977684    7.809   9.284   99.98835  2.228045  336.624144 -19.474748  30.6497271982399 -18.8041075   39.7525 /L    1.2328   0.0761145   67.461937   -33.69924         n.a.     n.a.
 2026-May-06 00:00 *   00 13 17.31 -00 00 07.8  00 14 37.71 +00 08 36.2  4.197988  1.697610  285.960465 -39.064626    7.807   9.284   99.98718  2.230029  249.484468 -19.446148  30.6224568934427 -19.0491684   42.0933 /L    1.2933   0.0754707   67.982248   -34.29226         n.a.     n.a.
 2026-May-08 12:00 *m  00 13 33.70 +00 01 32.5  00 14 54.20 +00 10 16.9  3.982320  1.642737  106.888914  41.374366    7.805   9.284   99.98599  2.232119  162.351159 -19.418066  30.5937809315906 -20.5778683   44.4420 /L    1.3522   0.0717973   67.583487   -37.77875         n.a.     n.a.
 2026-May-11 00:00 *   00 13 49.56 +00 03 09.3  00 15 10.09 +00 11 54.1  3.959962  1.584931  288.736592 -43.380466    7.803   9.284   99.98481  2.234297   75.223831 -19.390857  30.5639640427452 -20.8110763   46.7823 /L    1.4084   0.0710894   68.186789   -38.39490         n.a.     n.a.
 2026-May-13 12:00 *m  00 14 04.96 +00 04 42.7  00 15 25.56 +00 13 27.7  3.724483  1.525647  109.704339  45.717396    7.801   9.284   99.98363  2.236575  348.102825 -19.364260  30.5328225495305 -22.2220234   49.1312 /L    1.4627   0.0670807   67.724695   -41.91233         n.a.     n.a.
 2026-May-16 00:00 *   00 14 19.78 +00 06 12.4  00 15 40.41 +00 14 57.8  3.699086  1.462823  291.937333 -47.627513    7.799   9.284   99.98246  2.238935  260.987640 -19.338604  30.5006494161098 -22.4374165   51.4719 /L    1.5141   0.0662971   68.423416   -42.55243         n.a.     n.a.
 2026-May-18 12:00 *   00 14 34.10 +00 07 38.3  00 15 54.84 +00 16 24.2  3.444423  1.399070  113.000194  49.986151    7.796   9.284   99.98131  2.241389  173.878682 -19.313655  30.4672506432665 -23.7137625   53.8212 /L    1.5635   0.0619620   67.893797   -46.10244         n.a.     n.a.
 2026-May-21 00:00 *m  00 14 47.80 +00 09 00.3  00 16 08.60 +00 17 46.7  3.416446  1.332100  295.701823 -51.778938    7.794   9.284   99.98019  2.243915   86.775310 -19.289713  30.4329489114468 -23.8996811   56.1620 /L    1.6098   0.0611160   68.698786   -46.75140         n.a.     n.a.
 2026-May-23 12:00 *   00 15 00.95 +00 10 18.2  00 16 21.85 +00 19 05.1  3.145415  1.264802  116.941720  54.150251    7.791   9.284   99.97910  2.246529  359.677969 -19.266565  30.3975425744388 -25.0263251   58.5112 /L    1.6538   0.0565031   68.094463   -50.32249         n.a.     n.a.
 2026-May-26 00:00 *m  00 15 13.45 +00 11 32.1  00 16 34.37 +00 20 19.3  3.116492  1.195093  300.221681 -55.795474    7.789   9.284   99.97806  2.249206  272.585914 -19.244478  30.3613693996643 -25.1850597   60.8520 /L    1.6947   0.0556297   69.019488   -50.97115         n.a.     n.a.
 2026-May-28 12:00 *   00 15 25.37 +00 12 41.7  00 16 46.39 +00 21 29.3  2.831688  1.124859  121.762036  58.163871    7.786   9.284   99.97706  2.251962  185.499653 -19.223259  30.3242128018589 -26.1608696   63.2018 /L    1.7332   0.0507821   68.335057   -54.56760         n.a.     n.a.
 2026-May-31 00:00 *   00 15 36.62 +00 13 47.1  00 16 57.68 +00 22 35.1  2.801844  1.052810  305.761712 -59.618140    7.783   9.284   99.97612  2.254772   98.418377 -19.203143  30.2864182693376 -26.3011228   65.5436 /L    1.7683   0.0498852   69.405983   -55.22561         n.a.     n.a.
 2026-Jun-02 12:00 *m  00 15 47.25 +00 14 48.1  00 17 08.43 +00 23 36.7  2.504728  0.979800  127.787725  61.956933    7.780   9.284   99.97525  2.257654   11.342658 -19.183967  30.2477572883190 -27.1242702   67.8951 /L    1.8009   0.0448258   68.635540   -58.85834         n.a.     n.a.
 2026-Jun-05 00:00 *   00 15 57.19 +00 15 44.7  00 17 18.42 +00 24 33.8  2.473180  0.905285  312.676531 -63.157684    7.778   9.284   99.97444  2.260581  284.271626 -19.165930  30.2085853330888 -27.2497934   70.2394 /L    1.8301   0.0438943   69.895300   -59.53650         n.a.     n.a.
 2026-Jun-07 12:00 *m  00 16 06.48 +00 16 36.8  00 17 27.82 +00 25 26.3  2.164867  0.829660  135.459217  65.420494    7.775   9.284   99.97371  2.263573  197.205911 -19.148903  30.1686648995406 -27.9156279   72.5942 /L    1.8566   0.0386400   69.031243   -63.21698         n.a.     n.a.
 2026-Jun-10 00:00 *   00 16 15.06 +00 17 24.2  00 17 36.43 +00 26 14.2  2.130702  0.752446  321.399054 -66.279920    7.772   9.284   99.97305  2.266600  110.144568 -19.133047  30.1283650648718 -28.0242082   74.9424 /L    1.8795   0.0376610   70.549596   -63.92218         n.a.     n.a.
 2026-Jun-12 12:00 *m  00 16 22.96 +00 18 07.1  00 17 44.44 +00 26 57.5  1.812232  0.674395  145.297198  68.387819    7.784   9.300   99.97248  2.269683   23.088278 -19.118272  30.0874425986740 -28.5245648   77.3016 /L    1.8997   0.0322275   69.587990   -67.66217         n.a.     n.a.
 2026-Jun-15 00:00 *m  00 16 30.13 +00 18 45.2  00 17 51.66 +00 27 36.2  1.775000  0.594652  332.332983 -68.791454    7.781   9.300   99.97201  2.272792  296.036000 -19.104698  30.0462844854118 -28.6062741   79.6545 /L    1.9162   0.0311993   71.478354   -68.39078         n.a.     n.a.
 2026-Jun-17 12:00 *   00 16 36.58 +00 19 18.5  00 17 58.26 +00 28 10.2  1.448573  0.514923  157.698994  70.620917    7.779   9.300   99.97162  2.275946  208.988442 -19.092272  30.0046478446372 -28.9281991   82.0183 /L    1.9298   0.0256229   70.431254   -72.19044         n.a.     n.a.
 2026-Jun-20 00:00 *m  00 16 42.30 +00 19 47.0  00 18 04.01 +00 28 39.2  1.409856  0.434057  345.541393 -70.446444    7.776   9.300   99.97133  2.279115  121.944453 -19.081067  29.9629337822399 -28.9747974   84.3754 /L    1.9398   0.0245860   72.887812   -72.91644         n.a.     n.a.
 2026-Jun-22 12:00 *   00 16 47.28 +00 20 10.6  00 18 09.10 +00 29 03.2  1.079159  0.353808  172.439157  71.836965    7.773   9.300   99.97114  2.282317   34.904774 -19.071057  29.9208937175937 -29.1179897   86.7433 /L    1.9467   0.0189280   71.847971   -76.76964         n.a.     n.a.
 2026-Jun-25 00:00 *m  00 16 51.52 +00 20 29.4  00 18 13.37 +00 29 22.5  1.040125  0.272952    0.293590 -71.010194    7.770   9.300   99.97104  2.285523  307.868199 -19.062275  29.8789261740309 -29.1371687   89.1045 /L    1.9499   0.0179224   75.295851   -77.47469         n.a.     n.a.
 2026-Jun-27 12:00 *   00 16 55.01 +00 20 43.4  00 18 16.99 +00 29 37.0  0.707381  0.192384  188.181041  71.821085    7.767   9.300   99.97105  2.288751  220.835523 -19.054722  29.8367767494353 -29.1078339   91.4771 /L    1.9501   0.0122179   74.785486   -81.39152         n.a.     n.a.
 2026-Jun-30 00:00 *   00 16 57.76 +00 20 52.5  00 18 19.79 +00 29 46.7  0.667637  0.111894   15.034081 -70.379123    7.763   9.300   99.97116  2.291973  133.805510 -19.048394  29.7948384786398 -29.1060789   93.8435 /L    1.9466   0.0112825   80.485822   -82.05241         n.a.     n.a.
 2026-Jul-02 12:00 *m  00 16 59.76 +00 20 56.8  00 18 21.92 +00 29 51.6  0.334496  0.031028  202.944544  70.567393    7.760   9.300   99.97136  2.295207   46.778985 -19.043326  29.7528584521817 -28.9057336   96.2218 /L    1.9399   0.0055989   84.700409   -86.01511         n.a.     n.a.
 2026-Jul-05 00:00 *   00 17 01.03 +00 20 56.3  00 18 23.21 +00 29 51.5  0.293213  -0.04905   28.214855 -68.650879    7.757   9.300   99.97167  2.298423  319.754691 -19.039473  29.7112245355980 -28.8848077   98.5948 /L    1.9297   0.0049548   99.496830   -86.47467         n.a.     n.a.
 2026-Jul-07 12:00 *m  00 17 01.53 +00 20 50.9  00 18 23.82 +00 29 46.5  -0.03875  -0.13000  215.380955  68.281265    7.754   9.300   99.97207  2.301641  232.733465 -19.036908  29.6696899204921 -28.5115432  100.9803 /L    1.9162   0.0022609   196.59895   -88.37098         n.a.     n.a.
 2026-Jul-10 00:00 *   00 17 01.29 +00 20 40.7  00 18 23.62 +00 29 36.8  -0.08234  -0.20969   39.119203 -66.054871    7.735   9.284   99.97257  2.304829  145.714018 -19.035544  29.6286404980660 -28.4667385  103.3610 /L    1.8992   0.0037546   201.43966   -87.29548         n.a.     n.a.
 2026-Jul-12 12:00 *m  00 17 00.29 +00 20 25.7  00 18 22.75 +00 29 22.4  -0.41115  -0.29007  225.254332  65.240412    7.732   9.284   99.97316  2.308008   58.697185 -19.035492  29.5878396989998 -27.9145184  105.7547 /L    1.8790   0.0083862   234.79646   -83.86724         n.a.     n.a.
 2026-Jul-15 00:00 *m  00 16 58.57 +00 20 06.0  00 18 21.09 +00 29 03.3  -0.45651  -0.36871   47.818315 -62.832625    7.730   9.284   99.97384  2.311145  331.681617 -19.036619  29.5476752443598 -27.8349701  108.1435 /L    1.8552   0.0097802   231.07336   -82.84705         n.a.     n.a.
 2026-Jul-17 12:00 *   00 16 56.09 +00 19 41.5  00 18 18.72 +00 28 39.3  -0.77843  -0.44700  232.958429  61.681208    7.727   9.284   99.97461  2.314259  244.668135 -19.039069  29.5079198194198 -27.1013994  110.5449 /L    1.8282   0.0149607   240.13443   -78.86094         n.a.     n.a.
 2026-Jul-20 00:00 *m  00 16 52.90 +00 19 12.3  00 18 15.55 +00 28 10.6  -0.82348  -0.52318   54.718131 -59.175025    7.724   9.284   99.97545  2.317319  157.655346 -19.042660  29.4689526591470 -26.9872546  112.9411 /L    1.7978   0.0162604   237.57099   -77.88663         n.a.     n.a.
 2026-Jul-22 12:00 *   00 16 48.96 +00 18 38.7  00 18 11.72 +00 27 37.3  -1.13518  -0.59841  239.013968  57.770189    7.721   9.284   99.97637  2.320343   70.644093 -19.047564  29.4305458992886 -26.0860321  115.3497 /L    1.7642   0.0213875   242.20408   -73.73956         n.a.     n.a.
 2026-Jul-25 00:00 *m  00 16 44.35 +00 18 00.6  00 18 07.15 +00 26 59.7  -1.17943  -0.67153   60.250922 -55.214991    7.718   9.284   99.97735  2.323302  343.632986 -19.053558  29.3930609652166 -25.9453959  117.7531 /L    1.7274   0.0226201   240.34437   -72.78923         n.a.     n.a.
 2026-Jul-27 12:00 *   00 16 39.01 +00 17 18.1  00 18 01.93 +00 26 17.8  -1.47916  -0.74369  243.863070  53.616975    7.715   9.284   99.97839  2.326213  256.622888 -19.060844  29.3562755587601 -24.8881382  120.1692 /L    1.6875   0.0275932   243.30763   -68.52458         n.a.     n.a.
 2026-Jul-30 00:00 *   00 16 33.03 +00 16 31.3  00 17 55.99 +00 25 31.5  -1.52299  -0.81340   64.769937 -51.041384    7.713   9.284   99.97948  2.329049  169.612419 -19.069164  29.3205324946970 -24.7245411  122.5805 /L    1.6444   0.0287765   241.89415   -67.58394         n.a.     n.a.
 2026-Aug-01 12:00 *m  00 16 26.34 +00 15 40.4  00 17 49.39 +00 24 41.0  -1.80921  -0.88257  247.833951  49.292587    7.710   9.284   99.98062  2.331825   82.602438 -19.078749  29.2856228811721 -23.5177936  125.0050 /L    1.5985   0.0335501   243.99593   -63.20642         n.a.     n.a.
 2026-Aug-04 00:00 *   00 16 19.04 +00 14 45.5  00 17 42.11 +00 23 46.4  -1.85326  -0.94866   68.539067 -46.713489    7.708   9.284   99.98180  2.334516  355.591586 -19.089308  29.2518699531676 -23.3307508  127.4253 /L    1.5495   0.0346993   242.89267   -62.26134         n.a.     n.a.
 2026-Aug-06 12:00 *m  00 16 11.05 +00 13 46.5  00 17 34.21 +00 22 47.8  -2.12431  -1.01460  251.160770  44.843824    7.705   9.284   99.98300  2.337136  268.580686 -19.101099  29.2190850115276 -21.9758811  129.8592 /L    1.4976   0.0392362   244.47025   -57.76538         n.a.     n.a.
 2026-Aug-09 00:00 *   00 16 02.50 +00 12 43.8  00 17 25.70 +00 21 45.6  -2.16867  -1.07668   71.749477 -42.271335    7.703   9.284   99.98423  2.339659  181.568396 -19.113800  29.1875742398723 -21.7586707  132.2893 /L    1.4430   0.0403538   243.59698   -56.80306         n.a.     n.a.
 2026-Aug-11 12:00 *m  00 15 53.28 +00 11 37.3  00 17 16.60 +00 20 39.7  -2.42167  -1.13825  254.009877  40.302396    7.701   9.284   99.98546  2.342098   94.555475 -19.127693  29.1571721179093 -20.2550804  134.7331 /L    1.3856   0.0445973   244.82516   -52.18958         n.a.     n.a.
 2026-Aug-14 00:00 *m  00 15 43.54 +00 10 27.2  00 17 06.89 +00 19 30.0  -2.46465  -1.19523   74.539839 -37.742820    7.698   9.284   99.98670  2.344431    7.540588 -19.142416  29.1281660739571 -20.0027330  137.1727 /L    1.3256   0.0456530   244.12904   -51.21614         n.a.     n.a.
 2026-Aug-16 12:00 *   00 15 33.18 +00 09 13.8  00 16 56.59 +00 18 16.8  -2.69571  -1.25079  256.500208  35.690377    7.696   9.284   99.98793  2.346667  280.524451 -19.158274  29.1004043289190 -18.3629352  139.6254 /L    1.2631   0.0495293   245.10905   -46.50749         n.a.     n.a.
 2026-Aug-19 00:00 *m  00 15 22.35 +00 07 57.2  00 16 45.78 +00 17 00.5  -2.73578  -1.30189   77.011761 -33.148033    7.694   9.284   99.98915  2.348787  193.505771 -19.174868  29.0741448928592 -18.0835376  142.0733 /L    1.1982   0.0504959   244.55148   -45.54114         n.a.     n.a.
 2026-Aug-21 12:00 *   00 15 10.96 +00 06 37.6  00 16 34.47 +00 15 41.3  -2.94288  -1.35091  258.719037  31.023954    7.693   9.284   99.99034  2.350800  106.485258 -19.192524  29.0492436872458 -16.3293686  144.5339 /L    1.1310   0.0539688   245.34275   -40.75327         n.a.     n.a.
 2026-Aug-24 00:00 *m  00 14 59.15 +00 05 15.1  00 16 22.70 +00 14 19.2  -2.98007  -1.39606   79.240760 -28.501806    7.691   9.284   99.99149  2.352688   19.461678 -19.210813  29.0259296291030 -16.0290735  146.9896 /L    1.0618   0.0548478   244.89853   -39.79508         n.a.     n.a.
 2026-Aug-26 12:00 *   00 14 46.82 +00 03 50.0  00 16 10.44 +00 12 54.5  -3.16228  -1.43866  260.731523  26.315241    7.689   9.284   99.99260  2.354461  292.435722 -19.230085  29.0040729773468 -14.1768375  149.4579 /L    0.9904   0.0579026   245.53710   -34.93185         n.a.     n.a.
 2026-Aug-29 00:00 *   00 14 34.14 +00 02 22.5  00 15 57.78 +00 11 27.2  -3.19691  -1.47772   81.284792 -23.815606    7.688   9.284   99.99366  2.356102  205.406216 -19.249890  28.9838738405213 -13.8572376  151.9214 /L    0.9173   0.0586986   245.19208   -33.97629         n.a.     n.a.
 2026-Aug-31 12:00 *m  00 14 21.00 +00 00 52.7  00 15 44.68 +00 09 57.6  -3.35356  -1.51413  262.587494  21.573573    7.686   9.284   99.99466  2.357619  118.373813 -19.270592  28.9652236729501 -11.9180461  154.3976 /L    0.8423   0.0613255   245.70079   -29.03674         n.a.     n.a.
 2026-Sep-03 00:00 *   00 14 07.56 -00 00 39.2  00 15 31.26 +00 08 25.9  -3.38594  -1.54682   83.189192 -19.098480    7.685   9.284   99.99559  2.358998   31.337400 -19.291725  28.9482940117418 -11.5760031  156.8690 /L    0.7659   0.0620422   245.44743   -28.07108         n.a.     n.a.
 2026-Sep-05 12:00 *m  00 13 53.71 -00 02 13.0  00 15 17.48 +00 06 52.6  -3.51570  -1.57680  264.326548  16.806529    7.684   9.284   99.99645  2.360244  304.297554 -19.313666  28.9330052959277  -9.5545036  159.3532 /L    0.6878   0.0642185   245.84365   -23.04979         n.a.     n.a.
 2026-Sep-08 00:00 *   00 13 39.63 -00 03 48.4  00 15 03.44 +00 05 17.5  -3.54489  -1.60227   84.990411 -14.357824    7.683   9.284   99.99723  2.361347  217.253223 -19.335935  28.9195000793029  -9.1848401  161.8318 /L    0.6085   0.0648363   245.67729   -22.06444         n.a.     n.a.
 2026-Sep-10 12:00 *m  00 13 25.20 -00 05 25.2  00 14 49.05 +00 03 40.8  -3.64492  -1.62463  265.980800  12.020423    7.682   9.284   99.99792  2.362308  130.204887 -19.358910  28.9077254828850  -7.0905301  164.3219 /L    0.5280   0.0665100   245.97632   -16.97148         n.a.     n.a.
 2026-Sep-13 00:00 Cm  00 13 10.62 -00 07 03.3  00 14 34.47 +00 02 02.9  -3.66905  -1.64194   86.719138  -9.600139    7.681   9.284   99.99852  2.363121   43.151582 -19.382094  28.8977866997335  -6.6988530  166.8038 /L    0.4467   0.0669948   245.89097   -15.97888         n.a.     n.a.
 2026-Sep-15 12:00 *   00 12 55.76 -00 08 42.3  00 14 19.64 +00 00 24.0  -3.73721  -1.65577  267.577431   7.220872    7.680   9.284   99.99902  2.363787  316.093730 -19.405872  28.8896462802617  -4.5553595  169.2929 /L    0.3645   0.0681263   246.10426   -10.84502         n.a.     n.a.
 2026-Sep-18 00:00 Cm  00 12 40.81 -00 10 21.9  00 14 04.72 -00 01 15.4  -3.75594  -1.66505   88.401631  -4.831190    7.680   9.284   99.99942  2.364300  229.030485 -19.429732  28.8833686072046  -4.1531457  171.7655 /L    0.2822   0.0684744   246.09173   -9.860567         n.a.     n.a.
 2026-Sep-20 12:00 *   00 12 25.67 -00 12 02.0  00 13 49.62 -00 02 55.3  -3.79210  -1.67039  269.140680   2.413109    7.680   9.284   99.99971  2.364664  141.962228 -19.454069  28.8789309771809  -1.9839658  174.2257 /L    0.1999   0.0690616   246.22682   -4.710104         n.a.     n.a.
 2026-Sep-23 00:00 Cm  00 12 10.52 -00 13 42.4  00 13 34.49 -00 04 35.5  -3.80593  -1.67214   90.061823  -0.056373    7.679   9.284   99.99990  2.364874   54.888223 -19.478363  28.8763631104494  -1.5758450  176.5999 /L    0.1199   0.0692843   246.28168   -3.733818         n.a.     n.a.
 2026-Sep-25 12:00 *   00 11 55.24 -00 15 22.6  00 13 19.21 -00 06 15.7  -3.81065  -1.66934  270.692719  -2.398045    7.679   9.284   99.99998  2.364932  327.808805 -19.503016  28.8756604320696   0.6005924  178.4710 /L    0.0540   0.0693376   246.34313   1.4158873         n.a.     n.a.
 2026-Sep-28 00:00 C   00 11 40.02 -00 17 02.7  00 13 03.99 -00 07 55.7  -3.82013  -1.66385   91.722653   4.719104    7.680   9.284   99.99995  2.364837  240.723336 -19.527510  28.8768208173177   1.0147059  177.5897 /T    0.0758   0.0694458   246.46458   2.3913140         n.a.     n.a.
 2026-Sep-30 12:00 *m  00 11 24.74 -00 18 42.2  00 12 48.73 -00 09 35.2  -3.79419  -1.65338  272.255274  -7.207870    7.680   9.284   99.99981  2.364587  153.632089 -19.552245  28.8798636245923   3.1865796  175.3064 /T    0.1511   0.0689797   246.45402   7.5326185         n.a.     n.a.
 2026-Oct-03 00:00 C   00 11 09.60 -00 20 21.1  00 12 33.62 -00 11 13.9  -3.79919  -1.64040   93.406849   9.490141    7.680   9.284   99.99957  2.364187   66.534513 -19.576709  28.8847577394760   3.6122894  172.8612 /T    0.2323   0.0689701   246.64651   8.5254840         n.a.     n.a.
 2026-Oct-05 12:00 *m  00 10 54.47 -00 21 59.0  00 12 18.51 -00 12 51.6  -3.74196  -1.62201  273.850756 -12.011538    7.681   9.284   99.99922  2.363631  339.430783 -19.601295  28.8915509033480   5.7712796  170.3645 /T    0.3148   0.0679730   246.56488   13.659218         n.a.     n.a.
 2026-Oct-08 00:00 N   00 10 39.54 -00 23 35.7  00 12 03.59 -00 14 28.3  -3.74089  -1.60060   95.138566  14.251323    7.681   9.284   99.99877  2.362925  252.320450 -19.625496  28.9001765155999   6.2071878  167.8572 /T    0.3969   0.0678154   246.83556   14.676793         n.a.     n.a.
 2026-Oct-10 12:00 *m  00 10 24.71 -00 25 11.0  00 11 48.74 -00 16 03.7  -3.65121  -1.57380  275.503067 -16.803950    7.682   9.284   99.99821  2.362065  165.203602 -19.649691  28.9107028451340   8.3338597  165.3309 /T    0.4789   0.0662658   246.68225   19.787576         n.a.     n.a.
 2026-Oct-13 00:00 Nm  00 10 10.16 -00 26 44.6  00 11 34.20 -00 17 37.3  -3.64329  -1.54378   96.944364  18.996718    7.683   9.284   99.99757  2.361059   78.079934 -19.673383  28.9230191341502   8.7668047  162.8064 /T    0.5596   0.0659479   247.03605   20.813596         n.a.     n.a.
 2026-Oct-15 12:00 *   00 09 55.79 -00 28 16.2  00 11 19.81 -00 19 08.9  -3.52178  -1.50882  277.239648 -21.579289    7.684   9.284   99.99683  2.359901  350.949477 -19.696937  28.9372091143866  10.8364140  160.2684 /T    0.6397   0.0638563   246.80841   25.876051         n.a.     n.a.
 2026-Oct-18 00:00 Nm  00 09 41.77 -00 29 45.6  00 11 05.82 -00 20 38.2  -3.50786  -1.47107   98.854664  23.719703    7.685   9.284   99.99602  2.358604  263.812081 -19.719874  28.9531221133314  11.2559342  157.7356 /T    0.7181   0.0633972   247.24849   26.894610         n.a.     n.a.
 2026-Oct-20 12:00 *   00 09 28.00 -00 31 12.6  00 10 52.03 -00 22 05.2  -3.35634  -1.42856  279.092752 -26.330984    7.687   9.284   99.99512  2.357160  176.667713 -19.742550  28.9708588501423  13.2490932  155.1912 /T    0.7955   0.0607952   246.94397   31.890704         n.a.     n.a.
 2026-Oct-23 00:00 Nm  00 09 14.65 -00 32 37.0  00 10 38.69 -00 23 29.8  -3.33749  -1.38410  100.906303  28.412494    7.688   9.284   99.99416  2.355585   89.516363 -19.764503  28.9902368490911  13.6519184  152.6535 /T    0.8708   0.0602186   247.47562   32.896768         n.a.     n.a.
 2026-Oct-25 12:00 *   00 09 01.61 -00 33 58.6  00 10 25.61 -00 24 51.5  -3.15828  -1.33471  281.101817 -31.051349    7.690   9.284   99.99313  2.353869    2.357937 -19.786081  29.0113742576489  15.5538851  150.1048 /T    0.9449   0.0571455   247.09083   37.813393         n.a.     n.a.
 2026-Oct-28 00:00 N   00 08 49.06 -00 35 17.2  00 10 13.07 -00 26 10.2  -3.13540  -1.28431  103.144854  33.065783    7.691   9.284   99.99205  2.352029  275.192536 -19.806842  29.0340637348518  15.9432845  147.5632 /T    1.0166   0.0564708   247.72517   38.811891         n.a.     n.a.
 2026-Oct-30 12:00 *m  00 08 36.89 -00 36 32.6  00 10 00.89 -00 27 25.5  -2.93040  -1.22852  283.317181 -35.730852    7.693   9.284   99.99093  2.350056  188.019991 -19.827121  29.0584450369799  17.7468072  145.0107 /T    1.0867   0.0529584   247.25507   43.650061         n.a.     n.a.
 2026-Nov-02 00:00 N   00 08 25.26 -00 37 44.7  00 09 49.29 -00 28 37.5  -2.90274  -1.17192  105.628456  37.667932    7.695   9.284   99.98977  2.347967  100.840489 -19.846499  29.0842890380177  18.1284336  142.4653 /T    1.1543   0.0521731   248.01458   44.661704         n.a.     n.a.
 2026-Nov-04 12:00 *m  00 08 14.07 -00 38 53.1  00 09 38.05 -00 29 46.1  -2.67231  -1.10959  285.804208 -40.357355    7.697   9.284   99.98859  2.345752   13.653780 -19.865284  29.1117529189100  19.8212460  139.9091 /T    1.2199   0.0482253   247.45085   49.428972         n.a.     n.a.
 2026-Nov-07 00:00 N   00 08 03.48 -00 39 57.8  00 09 27.46 -00 30 51.0  -2.63869  -1.04639  108.433608  42.203605    7.699   9.284   99.98739  2.343432  286.460172 -19.883086  29.1405747846542  20.1863881  137.3608 /T    1.2827   0.0473099   248.36883   50.457110         n.a.     n.a.
 2026-Nov-09 12:00 *   00 07 53.40 -00 40 58.6  00 09 17.33 -00 31 52.0  -2.38422  -0.97810  288.650614 -44.914565    7.701   9.284   99.98618  2.340994  199.259362 -19.900183  29.1709222597142  21.7472439  134.8023 /T    1.3433   0.0429508   247.69470   55.144898         n.a.     n.a.
 2026-Nov-12 00:00 Nm  00 07 43.97 -00 41 55.2  00 09 07.92 -00 32 48.6  -2.34526  -0.90892  111.662215  46.652295    7.704   9.284   99.98498  2.338463  112.051812 -19.916220  29.2024984463580  22.0830116  132.2527 /T    1.4007   0.0419205   248.81588   56.172938         n.a.     n.a.
 2026-Nov-14 12:00 *   00 07 35.11 -00 42 47.6  00 08 59.02 -00 33 41.1  -2.06958  -0.83579  291.976874 -49.379933    7.706   9.284   99.98378  2.335825   24.837166 -19.931448  29.2354834879500  23.4951845  129.6937 /T    1.4558   0.0371995   248.00892   60.771163         n.a.     n.a.
 2026-Nov-17 00:00 Nm  00 07 26.94 -00 43 35.5  00 08 50.87 -00 34 29.1  -2.02680  -0.76183  115.453535  50.985431    7.709   9.284   99.98262  2.333106  297.616032 -19.945552  29.2695524678990  23.7949097  127.1445 /T    1.5075   0.0360875   249.39976   61.781947         n.a.     n.a.
 2026-Nov-19 12:00 C   00 07 19.40 -00 44 18.9  00 08 43.26 -00 35 12.7  -1.73310  -0.68486  295.950917 -53.721481    7.711   9.284   99.98148  2.330292  210.387992 -19.958758  29.3048997116398  25.0482413  124.5866 /T    1.5565   0.0310586   248.43777   66.286893         n.a.     n.a.
 2026-Nov-22 00:00 Nm  00 07 12.58 -00 44 57.7  00 08 36.44 -00 35 51.8  -1.68802  -0.60743  119.999764  55.162072    7.714   9.284   99.98038  2.327410  123.153781 -19.970788  29.3411805788373  25.3116005  122.0390 /T    1.6021   0.0298997   250.20895   67.267719         n.a.     n.a.
 2026-Nov-24 12:00 Cm  00 07 06.42 -00 45 31.8  00 08 30.23 -00 36 25.9  -1.37958  -0.52741  300.810447 -57.891948    7.717   9.284   99.97933  2.324445   35.912914 -19.981845  29.3786034178319  26.4016386  119.4827 /T    1.6448   0.0246160   249.07822   71.679740         n.a.     n.a.
 2026-Nov-27 00:00 N   00 07 01.01 -00 46 01.0  00 08 24.86 -00 36 55.2  -1.33293  -0.44734  125.564941  59.122168    7.720   9.284   99.97834  2.321426  308.666213 -19.991686  29.4168139728423  26.6362715  116.9369 /T    1.6839   0.0234331   251.44798   72.628767         n.a.     n.a.
 2026-Nov-29 12:00 Cm  00 06 56.30 -00 46 25.4  00 08 20.11 -00 37 19.6  -1.01163  -0.36433  306.890196 -61.819482    7.723   9.284   99.97741  2.318335  221.413121 -20.000490  29.4560343288670  27.5624290  114.3821 /T    1.7201   0.0179206   250.19386   76.965281         n.a.     n.a.
 2026-Dec-02 00:00 N   00 06 52.37 -00 46 44.8  00 08 16.18 -00 37 39.2  -0.96218  -0.28142  132.502083  62.775609    7.725   9.284   99.97656  2.315202  134.154526 -20.008046  29.4958991915406  27.7699509  111.8376 /T    1.7524   0.0167081   253.69659   77.892442         n.a.     n.a.
 2026-Dec-04 12:00 Cm  00 06 49.17 -00 46 59.1  00 08 12.90 -00 37 53.8  -0.62946  -0.19560  314.641998 -65.393219    7.728   9.284   99.97578  2.312009   46.889833 -20.014496  29.5366319570659  28.5187782  109.2843 /T    1.7817   0.0109859   252.73744   82.168922         n.a.     n.a.
 2026-Dec-07 00:00 N   00 06 46.77 -00 47 08.3  00 08 10.51 -00 38 03.2  -0.57711  -0.11025  141.239869  65.988018    7.731   9.284   99.97509  2.308787  319.620034 -20.019670  29.5778486934371  28.6887892  106.7419 /T    1.8071   0.0097925   259.18432   83.042065         n.a.     n.a.
 2026-Dec-09 12:00 C   00 06 45.13 -00 47 12.2  00 08 08.82 -00 38 07.3  -0.23614  -0.02286  324.601364 -68.443422    7.735   9.284   99.97448  2.305519  232.344517 -20.023677  29.6197735320259  29.2470819  104.1914 /T    1.8294   0.0039541   264.46943   87.228751         n.a.     n.a.
 2026-Dec-12 00:00 Nm  00 06 44.31 -00 47 11.0  00 08 08.02 -00 38 06.1  -0.18219  0.063959  152.172905  68.567792    7.738   9.284   99.97397  2.302237  145.064380 -20.026393  29.6620077296023  29.3726686  101.6526 /T    1.8476   0.0032182   289.34389   87.750340         n.a.     n.a.
 2026-Dec-14 12:00 C   00 06 44.26 -00 47 04.5  00 08 07.91 -00 37 59.8  0.163396  0.151519  337.172325 -70.728671    7.741   9.284   99.97356  2.298922   57.778978 -20.027892  29.7047812169143  29.7358021   99.1065 /T    1.8626   0.0037139   47.159814   87.432188         n.a.     n.a.
 2026-Dec-17 00:00 Nm  00 06 45.03 -00 46 52.8  00 08 08.68 -00 37 48.4  0.217367  0.238708  165.353639  70.273882    7.744   9.284   99.97325  2.295606  330.489504 -20.028100  29.7476862560080  29.8156067   96.5728 /T    1.8736   0.0053808   42.320908   86.287064         n.a.     n.a.
 2026-Dec-19 12:00 C   00 06 46.59 -00 46 35.9  00 08 10.16 -00 37 31.7  0.564112  0.325368  352.102209 -71.965910    7.747   9.284   99.97304  2.292271  243.195265 -20.027059  29.7909608202809  29.9857080   94.0322 /T    1.8813   0.0108537   60.024506   82.573641         n.a.     n.a.
 2026-Dec-22 00:00 Nm  00 06 48.95 -00 46 13.8  00 08 12.54 -00 37 09.7  0.616733  0.411823  180.049100  70.880624    7.750   9.284   99.97294  2.288949  155.897527 -20.024737  29.8341957718747  30.0242807   91.5045 /T    1.8850   0.0123599   56.266983   81.555655         n.a.     n.a.
 2026-Dec-24 12:00 Cm  00 06 52.11 -00 45 46.5  00 08 15.65 -00 36 42.5  0.961848  0.497121    7.985415 -71.948527    7.753   9.284   99.97294  2.285621   68.595539 -20.021149  29.8776378486056  30.0099085   88.9701 /T    1.8855   0.0180453   62.668319   77.747452         n.a.     n.a.
 2026-Dec-27 00:00 N   00 06 56.06 -00 45 14.1  00 08 19.63 -00 36 10.1  1.013283  0.582461  194.720190  70.295819    7.756   9.284   99.97304  2.282318  341.290599 -20.016302  29.9208850113430  30.0166353   86.4482 /T    1.8820   0.0194794   60.108635   76.791046         n.a.     n.a.
 2026-Dec-29 12:00 Nm  00 07 00.80 -00 44 36.7  00 08 24.30 -00 35 32.9  1.355782  0.666838   22.789759 -70.689735    7.760   9.284   99.97324  2.279020  253.981905 -20.010174  29.9641845771757  29.8210758   83.9193 /T    1.8753   0.0251817   63.809837   72.993538         n.a.     n.a.
$$EOE
**********************************************************************************************************************************************************************************************************************************************************************************************
Column meaning:
 
TIME

  Times PRIOR to 1962 are UT1, a mean-solar time closely related to the
prior but now-deprecated GMT. Times AFTER 1962 are in UTC, the current
civil or "wall-clock" time-scale. UTC is kept within 0.9 seconds of UT1
using integer leap-seconds for 1972 and later years.

  Conversion from the internal Barycentric Dynamical Time (TDB) of solar
system dynamics to the non-uniform civil UT time-scale requested for output
has not been determined for UTC times after the next July or January 1st.
Therefore, the last known leap-second is used as a constant over future
intervals.

  Time tags refer to the UT time-scale conversion from TDB on Earth
regardless of observer location within the solar system, although clock
rates may differ due to the local gravity field and no analog to "UT"
may be defined for that location.

  Any 'b' symbol in the 1st-column denotes a B.C. date. First-column blank
(" ") denotes an A.D. date.
 
CALENDAR SYSTEM

  Mixed calendar mode was active such that calendar dates after AD 1582-Oct-15
(if any) are in the modern Gregorian system. Dates prior to 1582-Oct-5 (if any)
are in the Julian calendar system, which is automatically extended for dates
prior to its adoption on 45-Jan-1 BC.  The Julian calendar is useful for
matching historical dates. The Gregorian calendar more accurately corresponds
to the Earth's orbital motion and seasons. A "Gregorian-only" calendar mode is
available if such physical events are the primary interest.

  NOTE: "n.a." in output means quantity "not available" at the print-time.
 
SOLAR PRESENCE (OBSERVING SITE)
  Time tag is followed by a blank, then a solar-presence symbol:

       '*'  Daylight (refracted solar upper-limb on or above apparent horizon)
       'C'  Civil twilight/dawn
       'N'  Nautical twilight/dawn
       'A'  Astronomical twilight/dawn
       ' '  Night OR geocentric ephemeris

LUNAR PRESENCE (OBSERVING SITE)
  The solar-presence symbol is immediately followed by a lunar-presence symbol:

       'm'  Refracted upper-limb of Moon on or above apparent horizon
       ' '  Refracted upper-limb of Moon below apparent horizon OR geocentric
            ephemeris
 
 'R.A._____(ICRF)_____DEC' =
  Astrometric right ascension and declination of the target center with
respect to the observing site (coordinate origin) in the reference frame of
the planetary ephemeris (ICRF). Compensated for down-leg light-time delay
aberration.

  Units: RA  in hours-minutes-seconds of time,    HH MM SS.ff{ffff}
         DEC in degrees-minutes-seconds of arc,  sDD MN SC.f{ffff}
 
 'R.A.__(a-apparent)__DEC' =
  Airless apparent right ascension and declination of the target center
with respect to an instantaneous reference frame defined by the Earth equator
of-date (z-axis) and meridian containing the Earth equinox of-date (x-axis,
EOP-corrected IAU76/80). Compensated for down-leg light-time delay,
gravitational deflection of light, stellar aberration, precession & nutation.
Note: equinox (RA origin) is offset -53 mas from the of-date frame defined
by the IAU06/00a P & N system.

  Units: RA  in hours-minutes-seconds of time,   HH MM SS.ff{ffff}
         DEC in degrees-minutes-seconds of arc, sDD MN SC.f{ffff}
 
 'dRA*cosD d(DEC)/dt' =
  The angular rate of change in apparent RA and DEC of the target. This is
with respect to the non-inertial IAU76/80 Earth true equator and equinox
of-date reference frame.  d(RA)/dt is multiplied by the cosine of declination
to provide a linear rate in the plane-of-sky. Units: ARCSECONDS PER HOUR
 
 'Azi____(a-app)___Elev' =
  Airless apparent azimuth and elevation of target center. Compensated
for light-time, the gravitational deflection of light, stellar aberration,
precession and nutation. Azimuth is measured clockwise from north:

  North(0) -> East(90) -> South(180) -> West(270) -> North (360)

Elevation angle is with respect to a plane perpendicular to the reference
surface local zenith direction. TOPOCENTRIC ONLY.  Units: DEGREES
 
 'APmag   S-brt' =
  The targets' approximate apparent visual magnitude and surface brightness.
For planets and natural satellites, output is restricted to solar phase angles
covered by observational data. Outside the observed phase angle range, "n.a."
may be output to avoid extrapolation beyond the limit of model validity.

   For Earth-based observers, the estimated dimming due to atmospheric
absorption (extinction) is available as a separate, requestable quantity.

   Surface brightness is the average airless visual magnitude of a
square-arcsecond of the illuminated portion of the apparent disk. It is
computed only if the target radius is known.

   Units: MAGNITUDES & MAGNITUDES PER SQUARE ARCSECOND
 
 'Illu%' =
   Fraction of the target objects' assumed circular disk illuminated by Sun
(phase), as seen by the observer.  Units: PERCENT
 
 'Ang-diam' =
   The equatorial angular width of the target body full disk, if it were fully
illuminated and visible to the observer. If the target body diameter is unknown
"n.a." is output.

   Units: ARCSECONDS
 
 'ObsSub-LON ObsSub-LAT' =
   Apparent planetodetic longitude and latitude of the center of the target
disc seen by the OBSERVER at print-time. This is NOT exactly the same as the
"nearest" sub-point for a non-spherical target shape (since the center of the
disc might not be the point closest to the observer), but is generally very
close if not a very irregular body shape. Down-leg light travel-time from
target to observer is taken into account. Latitude is the angle between the
equatorial plane and the line perpendicular to the reference ellipsoid of the
body, so includes body oblateness. The reference ellipsoid is an oblate
spheroid with a single flatness coefficient in which the y-axis body radius
is taken to be the same value as the x-axis radius.  For Jupiter, Saturn, and
Uranus, IAU2015 longitude is based on the "System III" prime meridian rotation
angle of the magnetic field. By contrast, pole direction (thus latitude) is
relative to the body dynamical equator.  There can be an offset between the
magnetic pole and the dynamical pole of rotation. For Neptune, rotation is
IAU2015 "System II" rotation of optically observed features in the Neptunian
atmosphere. Positive longitude is to the WEST for this target. Cartographic
system is specified in the header.  Units: DEGREES DEGREES
 
 'delta      deldot' =
   Apparent range ("delta", light-time aberrated) and range-rate ("delta-dot")
of the target center relative to the observer. A positive "deldot" means the
target center is moving away from the observer, negative indicates movement
toward the observer.  Units: AU and KM/S
 
 'S-O-T /r' =
   Sun-Observer-Target apparent SOLAR ELONGATION ANGLE seen from the observers'
location at print-time.

   The '/r' column provides a code indicating the targets' apparent position
relative to the Sun in the observers' sky, as described below:

   Case A: For an observing location on the surface of a rotating body, that
body rotational sense is considered:

    /T indicates target TRAILS Sun   (evening sky: rises and sets AFTER Sun)
    /L indicates target LEADS Sun    (morning sky: rises and sets BEFORE Sun)

   Case B: For an observing point that does not have a rotational model (such
as a spacecraft), the "leading" and "trailing" condition is defined by the
observers' heliocentric ORBITAL motion:

    * If continuing in the observers' current direction of heliocentric
       motion would encounter the targets' apparent longitude first, followed
       by the Sun's, the target LEADS the Sun as seen by the observer.

    * If the Sun's apparent longitude would be encountered first, followed
       by the targets', the target TRAILS the Sun.

   Two other codes can be output:
    /* indicates observer is Sun-centered    (undefined)
    /? Target is aligned with Sun center     (no lead or trail)

   The S-O-T solar elongation angle is numerically the minimum separation
angle of the Sun and target in the sky in any direction. It does NOT indicate
the amount of separation in the leading or trailing directions, which would
be defined along the equator of a spherical coordinate system.

   Units: DEGREES
 
 'S-T-O' =
   The Sun-Target-Observer angle; the interior vertex angle at target center
formed by a vector from the target to the apparent center of the Sun (at
reflection time on the target) and the apparent vector from target to the
observer at print-time. Slightly different from true PHASE ANGLE (requestable
separately) at the few arcsecond level in that it includes stellar aberration
on the down-leg from target to observer.  Units: DEGREES
 
 'Sky_motion  Sky_mot_PA  RelVel-ANG' =
  Total apparent angular rate of the target in the plane-of-sky. "Sky_mot_PA"
is the position angle of the target's direction of motion in the plane-of-sky,
measured counter-clockwise from the apparent of-date north pole direction.
"RelVel-ANG" is the flight path angle of the target's relative motion with
respect to the observer's line-of-sight, in the range [-90,+90], where positive
values indicate motion away from the observer, negative values are toward the
observer:

  -90 = target is moving directly toward the observer
    0 = target is moving at right angles to the observer's line-of-sight
  +90 = target is moving directly away from the observer

UNITS:  ARCSECONDS/MINUTE, DEGREES, DEGREES
 
 'Lun_Sky_Brt  sky_SNR' =
  Sky brightness due to moonlight scattered by Earth's atmosphere at the
target's position in the sky. "sky_SNR" is the visual signal-to-noise ratio
(SNR) of the target's surface brightness relative to background sky. Output
only for topocentric Earth observers when both the Moon and target are above
the local horizon and the Sun is in astronomical twilight (or further) below
the horizon, and the target is not the Moon or Sun. If all conditions are
not met, "n.a." is output. Galactic brightness, local sky light-pollution
and weather are NOT considered. Lunar opposition surge is considered. The
value returned is accurate under ideal conditions at the approximately 8-23%
level, so is a useful but not definitive value.

  If the target-body radius is also known, "sky_SNR" is output. This is the
approximate visual signal-to-noise ratio of the target's brightness divided
by lunar sky brightness. When sky_SNR < 1, the target is dimmer than the
ideal moonlight-scattering background sky, so unlikely to be detectable at
visual wavelengths. In practice, visibility requires sky_SNR > 1 and a
detector sensitive enough to reach the target's magnitude, even if it isn't
washed out by moonlight. When relating magnitudes and brightness values,
keep in mind their logarithmic relationship m2-m1 = -2.5*log_10(b2/b1).

  UNITS: VISUAL MAGNITUDES / ARCSECOND^2, and unitless ratio

Computations by ...

    Solar System Dynamics Group, Horizons On-Line Ephemeris System
    4800 Oak Grove Drive, Jet Propulsion Laboratory
    Pasadena, CA  91109   USA

    General site: https://ssd.jpl.nasa.gov/
    Mailing list: https://ssd.jpl.nasa.gov/email_list.html
    System news : https://ssd.jpl.nasa.gov/horizons/news.html
    User Guide  : https://ssd.jpl.nasa.gov/horizons/manual.html
    Connect     : browser        https://ssd.jpl.nasa.gov/horizons/app.html#/x
                  API            https://ssd-api.jpl.nasa.gov/doc/horizons.html
                  command-line   telnet ssd.jpl.nasa.gov 6775
                  e-mail/batch   https://ssd.jpl.nasa.gov/ftp/ssd/horizons_batch.txt
                  scripts        https://ssd.jpl.nasa.gov/ftp/ssd/SCRIPTS
    Author      : Jon.D.Giorgini@jpl.nasa.gov

**********************************************************************************************************************************************************************************************************************************************************************************************
