*******************************************************************************
 Revised: April 22, 2021              Neptune                               899
 
 PHYSICAL DATA (update 2021-May-03):
  Mass x10^24 (kg)      = 102.409         Density (g/cm^3)       =  1.638
  Equat. radius (1 bar) = 24766+-15 km    Volume, 10^10 km^3     = 6254     
  Vol. mean radius (km) = 24624+-21       Polar radius (km)      = 24342+-30
  Geometric Albedo      = 0.41            Flattening             =  0.0171
  Sid. rot. period (III)= 16.11+-0.01 hr  Sid. rot. rate (rad/s) =  0.000108338 
  Mean solar day, h     =~16.11 h         
  GM (km^3/s^2)         = 6835099.97      GM 1-sigma (km^3/s^2)  = +-10 
  Equ. grav, ge (m/s^2) = 11.15           Pol. grav, gp (m/s^2)  = 11.41+-0.03
  Visual magnitude V(1,0)= -6.87
  Vis. mag. (opposition)=  +7.84          Obliquity to orbit     = 28.32 deg
  Sidereal orbit period = 164.788501027 y Sidereal orbit period  = 60189 d
  Mean daily motion     = 0.006020076dg/d Mean orbit velocity    =  5.43 km/s 
  Atmos. temp. (1 bar)  =  72+-2 K        Escape speed (1 bar)  =  23.5 km/s     
  Aroche(ice)/Rp        =  2.98           Hill's sphere rad., Rp = 4700
                                 Perihelion  Aphelion    Mean
  Solar Constant (W/m^2)         1.54        1.49        1.51
  Maximum Planetary IR (W/m^2)   0.52        0.52        0.52
  Minimum Planetary IR (W/m^2)   0.52        0.52        0.52
*******************************************************************************


*******************************************************************************
Ephemeris / WWW_USER Mon Apr  6 18:14:52 2026 Pasadena, USA      / Horizons    
*******************************************************************************
Target body name: Neptune (899)                   {source: nep097_merged}
Center body name: Earth (399)                     {source: nep097_merged}
Center-site name: (user defined site below)
*******************************************************************************
Start time      : A.D. 2026-Jan-01 00:00:00.0000 UT      
Stop  time      : A.D. 2026-Dec-31 00:00:00.0000 UT      
Step-size       : 3600 minutes
*******************************************************************************
Target pole/equ : IAU_NEPTUNE                     {West-longitude positive}
Target radii    : 24764.0, 24764.0, 24341.0 km    {Equator_a, b, pole_c}       
Center geodetic : 270.5, 21.0, .010               {E-lon(deg),Lat(deg),Alt(km)}
Center cylindric: 270.5, 5957.07452, 2271.3986    {E-lon(deg),Dxy(km),Dz(km)}
Center pole/equ : ITRF93                          {East-longitude positive}
Center radii    : 6378.137, 6378.137, 6356.752 km {Equator_a, b, pole_c}       
Target primary  : Sun
Vis. interferer : MOON (R_eq= 1737.400) km        {source: DE441}
Rel. light bend : Sun                             {source: nep097_merged}
Rel. lght bnd GM: 1.3271E+11 km^3/s^2                                          
Atmos refraction: NO (AIRLESS)
RA format       : HMS
Time format     : CAL 
Calendar mode   : Mixed Julian/Gregorian
EOP file        : eop.260406.p260703                                           
EOP coverage    : DATA-BASED 1962-JAN-20 TO 2026-APR-06. PREDICTS-> 2026-JUL-02
Units conversion: 1 au= 149597870.700 km, c= 299792.458 km/s, 1 day= 86400.0 s 
Table cut-offs 1: Elevation (-90.0deg=NO ),Airmass (>38.000=NO), Daylight (NO )
Table cut-offs 2: Solar elongation (  0.0,180.0=NO ),Local Hour Angle( 0.0=NO )
Table cut-offs 3: RA/DEC angular rate (     0.0=NO )                           
**********************************************************************************************************************************************************************************************************************************************************************************************
 Date__(UT)__HR:MN     R.A._____(ICRF)_____DEC  R.A.__(a-apparent)__DEC  dRA*cosD d(DEC)/dt  Azi____(a-app)___Elev    APmag   S-brt      Illu%  Ang-diam  ObsSub-LON ObsSub-LAT             delta      deldot     S-O-T /r     S-T-O  Sky_motion  Sky_mot_PA  RelVel-ANG  Lun_Sky_Brt  sky_SNR
**********************************************************************************************************************************************************************************************************************************************************************************************
$$SOE
 2026-Jan-01 00:00 Nm  23 58 58.56 -01 33 48.3  00 00 18.64 -01 25 07.1  1.604505  0.830380  207.156439  65.095385    7.767   9.284   99.97395  2.271916  292.675214 -20.796417  30.0578786522046  29.5595312   78.9437 /T    1.8506   0.0301108   62.637068   69.689826         n.a.     n.a.
 2026-Jan-03 12:00 Nm  23 59 05.65 -01 32 56.0  00 00 25.70 -01 24 14.8  1.934873  0.910813   35.682058 -66.379503    7.770   9.284   99.97445  2.268712  205.358391 -20.786893  30.1003208944147  29.0966276   76.4254 /T    1.8332   0.0356422   64.791989   65.977275         n.a.     n.a.
 2026-Jan-06 00:00 N   23 59 13.48 -01 31 59.0  00 00 33.55 -01 23 17.9  1.984091  0.991114  216.812118  62.708850    7.773   9.284   99.97503  2.265562  118.040045 -20.776226  30.1421726855900  28.9903474   73.9200 /T    1.8122   0.0369644   63.456460   65.081420         n.a.     n.a.
 2026-Jan-08 12:00 Nm  23 59 22.08 -01 30 57.2  00 00 42.07 -01 22 16.3  2.305759  1.068723   44.780396 -63.415840    7.776   9.284   99.97571  2.262448   30.719372 -20.764334  30.1836658706470  28.3532453   71.4083 /T    1.7881   0.0423566   65.132201   61.406810         n.a.     n.a.
 2026-Jan-11 00:00 N   23 59 31.39 -01 29 50.7  00 00 51.38 -01 21 10.1  2.353717  1.146840  224.850580  59.768924    7.779   9.284   99.97645  2.259397  303.397750 -20.751343  30.2244222620120  28.2132901   68.9093 /T    1.7604   0.0436375   64.022516   60.529427         n.a.     n.a.
 2026-Jan-13 12:00 Nm  23 59 41.44 -01 28 39.7  00 01 01.37 -01 19 59.2  2.664732  1.220999   52.047980 -59.998806    7.782   9.284   99.97728  2.256393  216.074383 -20.737133  30.2646643544171  27.4001380   66.4042 /T    1.7297   0.0488525   65.382416   56.884608         n.a.     n.a.
 2026-Jan-16 00:00 C   23 59 52.18 -01 27 24.2  00 01 12.13 -01 18 43.8  2.710587  1.296168  231.486936  56.426330    7.785   9.284   99.97817  2.253462  128.750686 -20.721872  30.3040184375431  27.2205529   63.9119 /T    1.6955   0.0500759   64.443475   56.024097         n.a.     n.a.
 2026-Jan-18 12:00 N   00 00 03.64 -01 26 04.3  00 01 23.55 -01 17 23.9  3.008330  1.366056   57.891468 -56.271172    7.787   9.284   99.97913  2.250590   41.425864 -20.705411  30.3426998852362  26.2354255   61.4141 /T    1.6584   0.0550660   65.577619   52.408544         n.a.     n.a.
 2026-Jan-21 00:00 Cm  00 00 15.74 -01 24 40.2  00 01 35.66 -01 15 59.9  3.050827  1.437174  236.990622  52.794318    7.790   9.284   99.98013  2.247801  314.101356 -20.687955  30.3803463047644  26.0155511   58.9295 /T    1.6181   0.0562065   64.775967   51.570196         n.a.     n.a.
 2026-Jan-23 12:00 N   00 00 28.54 -01 23 12.0  00 01 48.39 -01 14 32.0  3.332512  1.502056   62.664655 -52.329776    7.793   9.284   99.98119  2.245080  226.776369 -20.669331  30.4171656844126  24.8674779   56.4401 /T    1.5750   0.0609230   65.737585   47.986746         n.a.     n.a.
 2026-Jan-26 00:00 Cm  00 00 41.92 -01 21 40.0  00 02 01.77 -01 13 00.1  3.370425  1.567972  241.607857  48.953871    7.795   9.284   99.98228  2.242451  139.452335 -20.649780  30.4528164933597  24.6142651   53.9644 /T    1.5289   0.0619550   65.051452   47.182028         n.a.     n.a.
 2026-Jan-28 12:00 N   00 00 55.96 -01 20 04.1  00 02 15.77 -01 11 24.2  3.633720  1.627453   66.639447 -48.239064    7.798   9.284   99.98340  2.239900   52.128457 -20.629104  30.4875009004125  23.3195856   51.4844 /T    1.4801   0.0663587   65.873571   43.636583         n.a.     n.a.
 2026-Jan-31 00:00 Cm  00 01 10.54 -01 18 24.6  00 02 30.39 -01 09 44.7  3.667134  1.687827  245.539466  44.962042    7.800   9.284   99.98454  2.237449  324.806114 -20.607574  30.5209066053644  23.0463894   49.0183 /T    1.4287   0.0672818   65.285384   42.873198         n.a.     n.a.
 2026-Feb-02 12:00 Nm  00 01 25.73 -01 16 41.7  00 02 45.54 -01 08 01.8  3.911353  1.742274   70.016169 -44.042325    7.802   9.284   99.98569  2.235082  237.484503 -20.584970  30.5532272590440  21.6213030   46.5476 /T    1.3747   0.0713641   65.989888   39.361149         n.a.     n.a.
 2026-Feb-05 00:00 C   00 01 41.41 -01 14 55.5  00 03 01.22 -01 06 15.8  3.941802  1.797627  248.941006  40.858922    7.805   9.284   99.98685  2.232820  150.164944 -20.561585  30.5841751412647  21.3326761   44.0903 /T    1.3183   0.0722058   65.485029   38.627553         n.a.     n.a.
 2026-Feb-07 12:00 Nm  00 01 57.67 -01 13 06.2  00 03 17.41 -01 04 26.6  4.166502  1.847163   72.941226 -39.769286    7.807   9.284   99.98800  2.230650   62.846666 -20.537173  30.6139251177366  19.7815257   41.6282 /T    1.2595   0.0759601   66.090536   35.132334         n.a.     n.a.
 2026-Feb-10 00:00 C   00 02 14.36 -01 11 13.8  00 03 34.12 -01 02 34.4  4.194311  1.897443  251.931659  36.673185    7.809   9.284   99.98914  2.228592  335.530959 -20.512056  30.6422068338704  19.4719224   39.1791 /T    1.1986   0.0767256   65.658725   34.414868         n.a.     n.a.
 2026-Feb-12 12:00 Nm  00 02 31.58 -01 09 18.7  00 03 51.31 -01 00 39.2  4.397761  1.941346   75.521806 -35.440520    7.811   9.284   99.99026  2.226632  248.217098 -20.485961  30.6691774851711  17.8003017   36.7252 /T    1.1355   0.0801199   66.181441   30.930352         n.a.     n.a.
 2026-Feb-15 00:00 C   00 02 49.19 -01 07 20.8  00 04 08.95 -00 58 41.3  4.422203  1.986055  254.602672  32.425579    7.812   9.284   99.99135  2.224788  160.906342 -20.459244  30.6945871807466  17.4677648   34.2843 /T    1.0704   0.0807952   65.814678   30.225637         n.a.     n.a.
 2026-Feb-17 12:00 N   00 03 07.28 -01 05 20.5  00 04 27.00 -00 56 41.1  4.602549  2.023586   77.838074 -31.070780    7.814   9.284   99.99241  2.223051   73.598000 -20.431610  30.7185794503800  15.6875024   31.8390 /T    1.0034   0.0837960   66.266527   26.752148         n.a.     n.a.
 2026-Feb-20 00:00 Cm  00 03 25.70 -01 03 18.0  00 04 45.42 -00 54 38.6  4.622545  2.061981  257.024212  28.131226    7.816   9.284   99.99342  2.221435  346.293290 -20.403442  30.7409289366158  15.3343956   29.4072 /T    0.9347   0.0843598   65.959758   26.062773         n.a.     n.a.
 2026-Feb-22 12:00 N   00 03 44.54 -01 01 13.3  00 05 04.22 -00 52 34.1  4.778038  2.092619   79.951056 -26.670772    7.817   9.284   99.99438  2.219930  258.991544 -20.374430  30.7617684583422  13.4640188   26.9716 /T    0.8643   0.0869366   66.348205   22.607202         n.a.     n.a.
 2026-Feb-25 00:00 *m  00 04 03.65 -00 59 06.8  00 05 23.35 -00 50 27.5  4.792996  2.124152  259.251495  23.801406    7.819   9.284   99.99528  2.218549  171.693908 -20.344977  30.7809061547989  13.1012517   24.5500 /T    0.7926   0.0873766   66.098116   21.944171         n.a.     n.a.
 2026-Feb-27 12:00 C   00 04 23.13 -00 56 58.6  00 05 42.83 -00 48 19.2  4.923258  2.148296   81.907983 -22.248267    7.820   9.284   99.99612  2.217285   84.399721 -20.314760  30.7984648173039  11.1637622   22.1253 /T    0.7194   0.0895260   66.425634   18.513625         n.a.     n.a.
 2026-Mar-02 00:00 *m  00 04 42.81 -00 54 49.0  00 06 02.53 -00 46 09.5  4.934334  2.173297  261.328570  19.444680    7.821   9.284   99.99688  2.216146  357.110030 -20.284196  30.8142882622083  10.8011288   19.7147 /T    0.6452   0.0898624   66.229207   17.879710         n.a.     n.a.
 2026-Mar-04 12:00 Cm  00 05 02.80 -00 52 38.0  00 06 22.50 -00 43 58.6  5.040127  2.191813   83.746768 -17.809354    7.822   9.284   99.99757  2.215126  269.824206 -20.252947  30.8284789095388   8.8093391   17.3011 /T    0.5698   0.0916014   66.497100   14.465545         n.a.     n.a.
 2026-Mar-07 00:00 *   00 05 22.94 -00 50 25.9  00 06 42.64 -00 41 46.6  5.048590  2.210615  263.291246  15.067747    7.823   9.284   99.99819  2.214233  182.543209 -20.221440  30.8409094404877   8.4450684   14.9021 /T    0.4937   0.0918560   66.352941   13.848384         n.a.     n.a.
 2026-Mar-09 12:00 Cm  00 05 43.34 -00 48 12.8  00 07 03.03 -00 39 33.5  5.129625  2.223527   85.498268 -13.358750    7.824   9.284   99.99871  2.213462   95.266489 -20.189324  30.8516546513498   6.4036778   12.5013 /T    0.4166   0.0931801   66.564823   10.435936         n.a.     n.a.
 2026-Mar-12 00:00 *   00 06 03.84 -00 45 59.0  00 07 23.55 -00 37 19.6  5.135386  2.235938  265.169929  10.676101    7.824   9.284   99.99915  2.212819    7.994928 -20.157040  30.8606154915133   6.0345341   10.1179 /T    0.3392   0.0933506   66.471770   9.8257079         n.a.     n.a.
 2026-Mar-14 12:00 Cm  00 06 24.53 -00 43 44.7  00 07 44.26 -00 35 05.0  5.190538  2.242662   87.188586  -8.900262    7.825   9.284   99.99950  2.212301  280.728051 -20.124229  30.8678436619409   3.9533384    7.7394 /T    0.2613   0.0942385   66.632406   6.4092109         n.a.     n.a.
 2026-Mar-17 00:00 *   00 06 45.26 -00 41 29.9  00 08 05.00 -00 32 50.2  5.192994  2.248433  266.990753   6.274236    7.825   9.284   99.99976  2.211912  193.466656 -20.091345  30.8732701590050   3.5798891    5.3962 /T    0.1839   0.0943142   66.588629   5.8019410         n.a.     n.a.
 2026-Mar-19 12:00 C   00 07 06.13 -00 39 15.0  00 08 25.87 -00 30 35.3  5.221141  2.248298   88.840932  -4.437209    7.825   9.284   99.99992  2.211650  106.210331 -20.058023  30.8769287316743   1.4744430    3.1236 /T    0.1082   0.0947440   66.702597   2.3819474         n.a.     n.a.
 2026-Mar-22 00:00 *m  00 07 26.98 -00 37 00.1  00 08 46.72 -00 28 20.6  5.219414  2.247104  268.777117   1.865952    7.825   9.284   99.99998  2.211517   18.959783 -20.024728  30.8787830423971   1.1023164    1.3826 /T    0.0477   0.0947097   66.706764   1.7803365         n.a.     n.a.
 2026-Mar-24 12:00 *   00 07 47.90 -00 34 45.4  00 09 07.65 -00 26 05.7  5.220099  2.239928   90.476504   0.027727    7.825   9.284   99.99995  2.211512  291.714636 -19.991091  30.8788559321469  -1.0031428    2.3361 /L    0.0740   0.0946730   66.775978   -1.631793         n.a.     n.a.
 2026-Mar-27 00:00 *m  00 08 08.73 -00 32 31.2  00 09 28.53 -00 23 51.1  5.214579  2.232099  270.551480  -2.545351    7.825   9.284   99.99983  2.211634  204.475477 -19.957583  30.8771483951106  -1.3628734    4.5092 /L    0.1459   0.0945370   66.826672   -2.217661         n.a.     n.a.
 2026-Mar-29 12:00 *   00 08 29.58 -00 30 17.7  00 09 49.41 -00 21 37.4  5.189279  2.218853   92.115449   4.491743    7.825   9.284   99.99960  2.211884  117.241957 -19.923830  30.8736687518174  -3.4477198    6.8240 /L    0.2229   0.0940625   66.849218   -5.614946         n.a.     n.a.
 2026-Apr-01 00:00 *m  00 08 50.29 -00 28 04.9  00 10 10.12 -00 19 24.6  5.181421  2.205032  272.335009  -6.956202    7.825   9.284   99.99929  2.212258   30.014554 -19.890297  30.8684488772654  -3.7942063    9.1625 /L    0.3005   0.0938517   66.947090   -6.189274         n.a.     n.a.
 2026-Apr-03 12:00 *m  00 09 10.96 -00 25 53.1  00 10 30.80 -00 17 12.7  5.131427  2.186496   93.778396   8.952029    7.824   9.284   99.99888  2.212758  302.792987 -19.856612  30.8614709269652  -5.8510915   11.5186 /L    0.3783   0.0929640   66.921190   -9.581970         n.a.     n.a.
 2026-Apr-06 00:00 *   00 09 31.42 -00 23 42.5  00 10 51.29 -00 15 01.9  5.121653  2.166678  274.149908 -11.363124    7.824   9.284   99.99838  2.213380  215.577640 -19.823233  30.8527948091503  -6.1894472   13.8710 /L    0.4554   0.0926850   67.069559   -10.15720         n.a.     n.a.
 2026-Apr-08 12:00 *m  00 09 51.80 -00 21 33.2  00 11 11.72 -00 12 52.3  5.046950  2.142860   95.486547  13.405614    7.823   9.284   99.99780  2.214128  128.368327 -19.789797  30.8423745620590  -8.2125313   16.2323 /L    0.5322   0.0913837   66.994643   -13.55790         n.a.     n.a.
 2026-Apr-11 00:00 *   00 10 11.93 -00 19 25.3  00 11 31.88 -00 10 44.2  5.034847  2.116794  276.019859 -15.762215    7.822   9.284   99.99713  2.214995   41.165328 -19.756752  30.8303014547777  -8.5438687   18.5858 /L    0.6080   0.0910288   67.196716   -14.14129         n.a.     n.a.
 2026-Apr-13 12:00 *m  00 10 31.91 -00 17 19.2  00 11 51.91 -00 08 37.8  4.935003  2.087325   97.263474  17.848971    7.821   9.284   99.99639  2.215987  313.968548 -19.723746  30.8165056180409 -10.5226131   20.9467 /L    0.6831   0.0893047   67.073421   -17.55767         n.a.     n.a.
 2026-Apr-16 00:00 *   00 10 51.59 -00 15 14.9  00 12 11.59 -00 06 33.4  4.919908  2.054872  277.970983 -20.149112    7.820   9.284   99.99558  2.217094  226.778158 -19.691222  30.8011107635928 -10.8442273   23.2989 /L    0.7568   0.0888632   67.331424   -18.15206         n.a.     n.a.
 2026-Apr-18 12:00 *   00 11 11.06 -00 13 12.6  00 12 31.11 -00 04 30.9  4.794498  2.019237   99.136184  22.277911    7.819   9.284   99.99469  2.218324  139.594138 -19.658837  30.7840297872759 -12.7616661   25.6577 /L    0.8296   0.0867060   67.161260   -21.58492         n.a.     n.a.
 2026-Apr-21 00:00 *m  00 11 30.16 -00 11 12.6  00 12 50.25 -00 02 30.5  4.775972  1.980605  280.033747 -24.518578    7.817   9.284   99.99375  2.219666   52.416531 -19.627028  30.7654215271030 -13.0639854   28.0070 /L    0.9007   0.0861728   67.476121   -22.18291         n.a.     n.a.
 2026-Apr-23 12:00 *   00 11 49.00 -00 09 14.9  00 13 09.18 -00 00 32.4  4.626160  1.939169  101.136449  26.687382    7.816   9.284   99.99275  2.221127  325.245357 -19.595460  30.7451896985613 -14.8962803   30.3625 /L    0.9707   0.0836025   67.257811   -25.61882         n.a.     n.a.
 2026-Apr-26 00:00 *m  00 12 07.43 -00 07 19.8  00 13 27.64 +00 01 23.0  4.605547  1.895478  282.244427 -28.864110    7.814   9.284   99.99171  2.222693  238.080528 -19.564554  30.7235235755707 -15.1734877   32.7082 /L    1.0387   0.0830059   67.629687   -26.21110         n.a.     n.a.
 2026-Apr-28 12:00 *   00 12 25.55 -00 05 27.4  00 13 45.81 +00 03 15.5  4.433836  1.849245  103.303407  31.070619    7.813   9.284   99.99062  2.224374  150.922114 -19.533984  30.7003093051549 -16.9093330   35.0602 /L    1.1054   0.0800670   67.360171   -29.64728         n.a.     n.a.
 2026-May-01 00:00 *m  00 12 43.21 -00 03 37.9  00 14 03.49 +00 05 05.3  4.412005  1.801059  284.647456 -33.177294    7.811   9.284   99.98950  2.226154   63.769937 -19.504152  30.6757563419935 -17.1681546   37.4028 /L    1.1698   0.0794243   67.793844   -30.24315         n.a.     n.a.
 2026-May-03 12:00 *m  00 13 00.51 -00 01 51.3  00 14 20.87 +00 06 52.2  4.219730  1.750467  105.685749  35.418839    7.809   9.284   99.98835  2.228045  336.624144 -19.474746  30.6497281322767 -18.8035842   39.7524 /L    1.2328   0.0761400   67.469903   -33.68965         n.a.     n.a.
 2026-May-06 00:00 *   00 13 17.31 -00 00 07.8  00 14 37.71 +00 08 36.2  4.196329  1.697610  287.299166 -37.446936    7.807   9.284   99.98718  2.230029  249.484474 -19.446145  30.6224559502833 -19.0492652   42.0933 /L    1.2933   0.0754451   67.974374   -34.30146         n.a.     n.a.
 2026-May-08 12:00 *m  00 13 33.70 +00 01 32.5  00 14 54.20 +00 10 16.8  3.983980  1.642737  108.346002  39.720242    7.805   9.284   99.98599  2.232119  162.351159 -19.418064  30.5937818646378 -20.5782008   44.4419 /L    1.3521   0.0718229   67.591907   -37.76931         n.a.     n.a.
 2026-May-11 00:00 *   00 13 49.56 +00 03 09.3  00 15 10.09 +00 11 54.1  3.958304  1.584930  290.271621 -41.658149    7.803   9.284   99.98481  2.234297   75.223837 -19.390854  30.5639631004689 -20.8103170   46.7824 /L    1.4084   0.0710637   68.178515   -38.40395         n.a.     n.a.
 2026-May-13 12:00 *m  00 14 04.96 +00 04 42.7  00 15 25.56 +00 13 27.7  3.726137  1.525648  111.366362  43.958567    7.801   9.284   99.98363  2.236575  348.102825 -19.364258  30.5328234751349 -22.2232108   49.1311 /L    1.4627   0.0671063   67.733607   -41.90303         n.a.     n.a.
 2026-May-16 00:00 *   00 14 19.78 +00 06 12.4  00 15 40.41 +00 14 57.8  3.697440  1.462822  293.659035 -45.790633    7.799   9.284   99.98246  2.238935  260.987646 -19.338601  30.5006484814090 -22.4358049   51.4719 /L    1.5141   0.0662716   68.414713   -42.56137         n.a.     n.a.
 2026-May-18 12:00 *   00 14 34.10 +00 07 38.3  00 15 54.84 +00 16 24.2  3.446058  1.399071  114.856003  48.111331    7.796   9.284   99.98131  2.241389  173.878681 -19.313652  30.4672515549864 -23.7157979   53.8211 /L    1.5635   0.0619873   67.903256   -46.09324         n.a.     n.a.
 2026-May-21 00:00 *m  00 14 47.80 +00 09 00.3  00 16 08.60 +00 17 46.7  3.414825  1.332098  297.586329 -49.816018    7.794   9.284   99.98019  2.243915   86.775316 -19.289711  30.4329479909909 -23.8972269   56.1620 /L    1.6098   0.0610908   68.689611   -46.76025         n.a.     n.a.
 2026-May-23 12:00 *   00 15 00.95 +00 10 18.2  00 16 21.85 +00 19 05.1  3.147020  1.264804  118.962013  52.146427    7.791   9.284   99.97910  2.246529  359.677969 -19.266563  30.3975434658899 -25.0291960   58.5112 /L    1.6538   0.0565279   68.104542   -50.31334         n.a.     n.a.
 2026-May-26 00:00 *m  00 15 13.45 +00 11 32.1  00 16 34.37 +00 20 19.3  3.114906  1.195090  302.218533 -53.694168    7.789   9.284   99.97806  2.249206  272.585920 -19.244476  30.3613685000669 -25.1817786   60.8521 /L    1.6947   0.0556050   69.009791   -50.97995         n.a.     n.a.
 2026-May-28 12:00 *   00 15 25.37 +00 12 41.7  00 16 46.39 +00 21 29.3  2.833252  1.124863  123.882536  56.017199    7.786   9.284   99.97706  2.251962  185.499652 -19.223257  30.3242136667598 -26.1645573   63.2017 /L    1.7332   0.0508064   68.345846   -54.55850         n.a.     n.a.
 2026-May-31 00:00 *   00 15 36.62 +00 13 47.1  00 16 57.68 +00 22 35.1  2.800305  1.052805  307.772239 -57.367171    7.783   9.284   99.97612  2.254772   98.418382 -19.203142  30.2864173971004 -26.2970362   65.5436 /L    1.7683   0.0498612   69.395700   -55.23437         n.a.     n.a.
 2026-Jun-02 12:00 *m  00 15 47.25 +00 14 48.1  00 17 08.43 +00 23 36.7  2.506239  0.979805  129.879308  59.655491    7.780   9.284   99.97525  2.257654   11.342657 -19.183964  30.2477581205253 -27.1287502   67.8950 /L    1.8009   0.0448493   68.647167   -58.84925         n.a.     n.a.
 2026-Jun-05 00:00 *   00 15 57.19 +00 15 44.7  00 17 18.42 +00 24 33.8  2.471700  0.905280  314.519093 -60.751581    7.778   9.284   99.97444  2.260581  284.271632 -19.165928  30.2085844945577 -27.2449287   70.2394 /L    1.8301   0.0438711   69.884344   -59.54527         n.a.     n.a.
 2026-Jun-07 12:00 *m  00 16 06.48 +00 16 36.7  00 17 27.82 +00 25 26.3  2.166314  0.829666  137.279810  62.961056    7.775   9.284   99.97371  2.263573  197.205910 -19.148900  30.1686656930972 -27.9208701   72.5941 /L    1.8566   0.0386626   69.043896   -63.20785         n.a.     n.a.
 2026-Jun-10 00:00 *   00 16 15.06 +00 17 24.2  00 17 36.43 +00 26 14.2  2.129290  0.752439  322.763998 -63.729001    7.772   9.284   99.97305  2.266600  110.144573 -19.133045  30.1283642661984 -28.0185985   74.9424 /L    1.8795   0.0376388   70.537847   -63.93100         n.a.     n.a.
 2026-Jun-12 12:00 *m  00 16 22.96 +00 18 07.1  00 17 44.44 +00 26 57.5  1.813605  0.674403  146.435169  65.790145    7.784   9.300   99.97248  2.269683   23.088277 -19.118269  30.0874433478585 -28.5305334   77.3016 /L    1.8997   0.0322490   69.601961   -67.65296         n.a.     n.a.
 2026-Jun-15 00:00 *m  00 16 30.13 +00 18 45.2  00 17 51.66 +00 27 36.2  1.773668  0.594644  332.759814 -66.139043    7.781   9.300   99.97201  2.272792  296.036006 -19.104697  30.0462837325019 -28.5999579   79.6545 /L    1.9162   0.0311782   71.465649   -68.39971         n.a.     n.a.
 2026-Jun-17 12:00 *   00 16 36.58 +00 19 18.5  00 17 58.26 +00 28 10.1  1.449861  0.514932  157.574459  67.950870    7.779   9.300   99.97162  2.275946  208.988442 -19.092269  30.0046485439953 -28.9348528   82.0182 /L    1.9298   0.0256431   70.447010   -72.18107         n.a.     n.a.
 2026-Jun-20 00:00 *m  00 16 42.30 +00 19 47.0  00 18 04.01 +00 28 39.1  1.408614  0.434047  344.512832 -67.788154    7.776   9.300   99.97133  2.279115  121.944458 -19.081065  29.9629330807129 -28.9678187   84.3754 /L    1.9398   0.0245662   72.873979   -72.92554         n.a.     n.a.
 2026-Jun-22 12:00 *   00 16 47.28 +00 20 10.6  00 18 09.10 +00 29 03.2  1.080352  0.353818  170.515660  69.224871    7.773   9.300   99.97114  2.282317   34.904773 -19.071054  29.9208943619942 -29.1252818   86.7432 /L    1.9467   0.0189469   71.866224   -76.76006         n.a.     n.a.
 2026-Jun-25 00:00 *m  00 16 51.52 +00 20 29.4  00 18 13.37 +00 29 22.5  1.038983  0.272941  357.532438 -68.492245    7.770   9.300   99.97104  2.285523  307.868204 -19.062273  29.8789255291767 -29.1295765   89.1046 /L    1.9499   0.0179039   75.280965   -77.48402         n.a.     n.a.
 2026-Jun-27 12:00 *   00 16 55.01 +00 20 43.4  00 18 16.99 +00 29 37.0  0.708470  0.192395  184.401553  69.438188    7.767   9.300   99.97105  2.288751  220.835523 -19.054718  29.8367773341010 -29.1157131   91.4770 /L    1.9501   0.0122355   74.806948   -81.38164         n.a.     n.a.
 2026-Jun-30 00:00 *   00 16 57.76 +00 20 52.5  00 18 19.79 +00 29 46.7  0.666604  0.111882   10.795185 -68.151387    7.763   9.300   99.97116  2.291973  133.805515 -19.048393  29.7948378953659 -29.0979271   93.8435 /L    1.9466   0.0112655   80.472359   -82.06204         n.a.     n.a.
 2026-Jul-02 12:00 *m  00 16 59.76 +00 20 56.8  00 18 21.92 +00 29 51.5  0.335471  0.031040  197.897268  68.551123    7.760   9.300   99.97136  2.295207   46.778985 -19.043322  29.7528589727318 -28.9141436   96.2218 /L    1.9399   0.0056151   84.713707   -86.00478         n.a.     n.a.
 2026-Jul-05 00:00 *   00 17 01.02 +00 20 56.3  00 18 23.21 +00 29 51.5  0.292298  -0.04906   23.157937 -66.804234    7.757   9.300   99.97167  2.298423  319.754696 -19.039472  29.7112240183964 -28.8761548   98.5948 /L    1.9297   0.0049398   99.528467   -86.48427         n.a.     n.a.
 2026-Jul-07 12:00 *m  00 17 01.53 +00 20 50.9  00 18 23.82 +00 29 46.5  -0.03790  -0.12999  209.876985  66.681578    7.754   9.300   99.97207  2.301641  232.733465 -19.036904  29.6696903729872 -28.5204235  100.9803 /L    1.9162   0.0022567   196.25439   -88.37452         n.a.     n.a.
 2026-Jul-10 00:00 *   00 17 01.29 +00 20 40.7  00 18 23.62 +00 29 36.8  -0.08313  -0.20970   33.893834 -64.603914    7.735   9.284   99.97257  2.304829  145.714023 -19.035543  29.6286400509739 -28.4576470  103.3611 /L    1.8992   0.0037597   201.62515   -87.29099         n.a.     n.a.
 2026-Jul-12 12:00 *m  00 17 00.30 +00 20 25.7  00 18 22.75 +00 29 22.4  -0.41042  -0.29006  219.883857  64.034705    7.732   9.284   99.97316  2.308008   58.697185 -19.035488  29.5878400799697 -27.9238043  105.7547 /L    1.8790   0.0083762   234.75006   -83.87651         n.a.     n.a.
 2026-Jul-15 00:00 *m  00 16 58.57 +00 20 05.9  00 18 21.09 +00 29 03.3  -0.45717  -0.36872   42.833973 -61.743282    7.730   9.284   99.97384  2.311145  331.681622 -19.036618  29.5476748709176 -27.8255064  108.1435 /L    1.8552   0.0097889   231.11263   -82.83836         n.a.     n.a.
 2026-Jul-17 12:00 *   00 16 56.09 +00 19 41.5  00 18 18.72 +00 28 39.3  -0.77785  -0.44698  228.011607  60.815846    7.727   9.284   99.97461  2.314259  244.668135 -19.039065  29.5079201259009 -27.1110231  110.5449 /L    1.8282   0.0149521   240.11643   -78.87106         n.a.     n.a.
 2026-Jul-20 00:00 *m  00 16 52.90 +00 19 12.3  00 18 15.55 +00 28 10.5  -0.82400  -0.52319   50.161126 -58.396560    7.724   9.284   99.97545  2.317319  157.655351 -19.042659  29.4689523623735 -26.9774882  112.9412 /L    1.7978   0.0162678   237.58666   -77.87700         n.a.     n.a.
 2026-Jul-22 12:00 *   00 16 48.96 +00 18 38.7  00 18 11.72 +00 27 37.3  -1.13473  -0.59840  234.585050  57.188430    7.721   9.284   99.97637  2.320343   70.644094 -19.047560  29.4305461288579 -26.0959224  115.3497 /L    1.7642   0.0213808   242.19526   -73.75023         n.a.     n.a.
 2026-Jul-25 00:00 *m  00 16 44.35 +00 18 00.5  00 18 07.15 +00 26 59.7  -1.17981  -0.67154   56.174761 -54.697824    7.718   9.284   99.97735  2.323302  343.632991 -19.053557  29.3930607475655 -25.9353993  117.7532 /L    1.7274   0.0226257   240.35173   -72.77901         n.a.     n.a.
 2026-Jul-27 12:00 *   00 16 39.01 +00 17 18.1  00 18 01.93 +00 26 17.7  -1.47885  -0.74368  239.951775  53.269893    7.715   9.284   99.97839  2.326213  256.622889 -19.060840  29.3562757095531 -24.8982215  120.1692 /L    1.6875   0.0275886   243.30332   -68.53574         n.a.     n.a.
 2026-Jul-30 00:00 *   00 16 33.03 +00 16 31.3  00 17 55.99 +00 25 31.5  -1.52322  -0.81341   61.165292 -50.743426    7.713   9.284   99.97948  2.329049  169.612424 -19.069163  29.3205323580323 -24.7143890  122.5806 /L    1.6444   0.0287800   241.89735   -67.57322         n.a.     n.a.
 2026-Aug-01 12:00 *m  00 16 26.34 +00 15 40.4  00 17 49.39 +00 24 41.0  -1.80906  -0.88256  244.403460  49.141092    7.710   9.284   99.98062  2.331825   82.602439 -19.078745  29.2856229519145 -23.5279943  125.0050 /L    1.5985   0.0335477   243.99432   -63.21806         n.a.     n.a.
 2026-Aug-04 00:00 *   00 16 19.04 +00 14 45.5  00 17 42.10 +00 23 46.4  -1.85334  -0.94867   65.372340 -46.600998    7.708   9.284   99.98180  2.334516  355.591590 -19.089307  29.2518698987476 -23.3205196  127.4253 /L    1.5495   0.0347005   242.89336   -62.25013         n.a.     n.a.
 2026-Aug-06 12:00 *m  00 16 11.05 +00 13 46.5  00 17 34.21 +00 22 47.8  -2.12431  -1.01459  248.164701  44.857568    7.705   9.284   99.98300  2.337136  268.580687 -19.101095  29.2190850015507 -21.9861221  129.8592 /L    1.4976   0.0392361   244.47047   -57.77751         n.a.     n.a.
 2026-Aug-09 00:00 *   00 16 02.50 +00 12 43.7  00 17 25.70 +00 21 45.6  -2.16859  -1.07669   68.981025 -42.317842    7.703   9.284   99.98423  2.339659  181.568399 -19.113799  29.1875742683248 -21.7484380  132.2894 /L    1.4430   0.0403528   243.59598   -56.79136         n.a.     n.a.
 2026-Aug-11 12:00 *m  00 15 53.28 +00 11 37.3  00 17 16.60 +00 20 39.6  -2.42182  -1.13824  251.403334  40.458017    7.701   9.284   99.98546  2.342098   94.555476 -19.127689  29.1571720271581 -20.2652839  134.7331 /L    1.3856   0.0445995   244.82672   -52.20220         n.a.     n.a.
 2026-Aug-14 00:00 *m  00 15 43.54 +00 10 27.2  00 17 06.89 +00 19 30.0  -2.46443  -1.19524   72.131648 -37.927717    7.698   9.284   99.98670  2.344431    7.540592 -19.142415  29.1281661852709 -19.9925767  137.1727 /L    1.3256   0.0456497   244.12680   -51.20396         n.a.     n.a.
 2026-Aug-16 12:00 *   00 15 33.18 +00 09 13.8  00 16 56.59 +00 18 16.8  -2.69601  -1.25078  254.243631  35.969868    7.696   9.284   99.98793  2.346667  280.524452 -19.158270  29.1004041579713 -18.3730232  139.6254 /L    1.2631   0.0495337   245.11165   -46.52061         n.a.     n.a.
 2026-Aug-19 00:00 *m  00 15 22.35 +00 07 57.2  00 16 45.78 +00 17 00.5  -2.73541  -1.30189   74.930217 -33.455284    7.694   9.284   99.98915  2.348787  193.505775 -19.174867  29.0741450863761 -18.0735356  142.0734 /L    1.1982   0.0504903   244.54828   -45.52847         n.a.     n.a.
 2026-Aug-21 12:00 *   00 15 10.96 +00 06 37.5  00 16 34.47 +00 15 41.2  -2.94333  -1.35091  256.779010  31.413408    7.693   9.284   99.99034  2.350800  106.485260 -19.192520  29.0492434373049 -16.3392635  144.5339 /L    1.1310   0.0539756   245.34620   -40.76687         n.a.     n.a.
 2026-Aug-24 00:00 *m  00 14 59.15 +00 05 15.1  00 16 22.70 +00 14 19.2  -2.97955  -1.39607   77.457297 -28.918912    7.691   9.284   99.99149  2.352688   19.461681 -19.210812  29.0259299035061 -16.0193029  146.9897 /L    1.0618   0.0548399   244.89453   -39.78195         n.a.     n.a.
 2026-Aug-26 12:00 *   00 14 46.82 +00 03 50.0  00 16 10.44 +00 12 54.5  -3.16288  -1.43866  259.080457  26.803896    7.689   9.284   99.99260  2.354461  292.435724 -19.230082  29.0040726502410 -14.1864628  149.4579 /L    0.9904   0.0579116   245.54128   -34.94591         n.a.     n.a.
 2026-Aug-29 00:00 *   00 14 34.14 +00 02 22.5  00 15 57.78 +00 11 27.2  -3.19624  -1.47772   79.775665 -24.332841    7.688   9.284   99.99366  2.356102  205.406219 -19.249889  28.9838741938505 -13.8477740  151.9214 /L    0.9173   0.0586885   245.18742   -33.96272         n.a.     n.a.
 2026-Aug-31 12:00 *m  00 14 21.00 +00 00 52.7  00 15 44.68 +00 09 57.6  -3.35430  -1.51413  261.202943  22.153099    7.686   9.284   99.99466  2.357619  118.373815 -19.270588  28.9652232711281 -11.9273274  154.3976 /L    0.8423   0.0613367   245.70560   -29.05121         n.a.     n.a.
 2026-Sep-03 00:00 *   00 14 07.56 -00 00 39.2  00 15 31.26 +00 08 25.9  -3.38513  -1.54682   81.934974 -19.708315    7.685   9.284   99.99559  2.358998   31.337403 -19.291724  28.9482944414023 -11.5669201  156.8691 /L    0.7659   0.0620300   245.44218   -28.05712         n.a.     n.a.
 2026-Sep-05 12:00 *m  00 13 53.71 -00 02 13.0  00 15 17.48 +00 06 52.5  -3.51658  -1.57680  263.190478  17.470542    7.684   9.284   99.99645  2.360244  304.297557 -19.313663  28.9330048224345  -9.5633685  159.3532 /L    0.6878   0.0642319   245.84904   -23.06464         n.a.     n.a.
 2026-Sep-08 00:00 *   00 13 39.63 -00 03 48.4  00 15 03.44 +00 05 17.5  -3.54394  -1.60227   83.975438 -15.054496    7.683   9.284   99.99723  2.361347  217.253225 -19.335933  28.9195005820788  -9.1762084  161.8319 /L    0.6085   0.0648219   245.67152   -22.05010         n.a.     n.a.
 2026-Sep-10 12:00 *m  00 13 25.20 -00 05 25.2  00 14 49.06 +00 03 40.8  -3.64593  -1.62463  265.078945  12.764105    7.682   9.284   99.99792  2.362308  130.204890 -19.358906  28.9077249413458  -7.0989095  164.3218 /L    0.5280   0.0665254   245.98225   -16.98667         n.a.     n.a.
 2026-Sep-13 00:00 *m  00 13 10.62 -00 07 03.3  00 14 34.47 +00 02 02.9  -3.66798  -1.64194   85.930987 -10.379355    7.681   9.284   99.99852  2.363121   43.151584 -19.382092  28.8977872718198  -6.6907400  166.8038 /L    0.4467   0.0669785   245.88470   -15.96421         n.a.     n.a.
 2026-Sep-15 12:00 *   00 12 55.76 -00 08 42.3  00 14 19.64 +00 00 24.0  -3.73834  -1.65577  266.898742   8.040710    7.680   9.284   99.99902  2.363787  316.093733 -19.405868  28.8896456748555  -4.5631879  169.2928 /L    0.3645   0.0681436   246.11070   -10.86051         n.a.     n.a.
 2026-Sep-18 00:00 Cm  00 12 40.81 -00 10 21.9  00 14 04.72 -00 01 15.4  -3.75475  -1.66505   87.830687  -5.689893    7.680   9.284   99.99942  2.364300  229.030486 -19.429730  28.8833692442243  -4.1456147  171.7655 /L    0.2822   0.0684562   246.08499   -9.845606         n.a.     n.a.
 2026-Sep-20 12:00 *   00 12 25.67 -00 12 02.1  00 13 49.62 -00 02 55.3  -3.79335  -1.67040  268.676886   3.306728    7.680   9.284   99.99971  2.364664  141.962232 -19.454065  28.8789303125987  -1.9911821  174.2257 /L    0.1999   0.0690807   246.23377   -4.725843         n.a.     n.a.
 2026-Sep-23 00:00 Cm  00 12 10.52 -00 13 42.4  00 13 34.49 -00 04 35.5  -3.80462  -1.67214   89.700915  -0.992595    7.679   9.284   99.99990  2.364874   54.888224 -19.478362  28.8763638074940  -1.5689549  176.5999 /L    0.1199   0.0692644   246.27448   -3.718625         n.a.     n.a.
 2026-Sep-25 12:00 *   00 11 55.24 -00 15 22.7  00 13 19.21 -00 06 15.7  -3.81200  -1.66934  270.437997  -1.432017    7.679   9.284   99.99998  2.364932  327.808809 -19.503013  28.8756597134837   0.5940445  178.4709 /L    0.0540   0.0693583   246.35058   1.3999745         n.a.     n.a.
 2026-Sep-28 00:00 C   00 11 40.02 -00 17 02.7  00 13 03.99 -00 07 55.7  -3.81873  -1.66385   91.566760   3.706330    7.680   9.284   99.99995  2.364837  240.723337 -19.527508  28.8768215689941   1.0209014  177.5896 /T    0.0758   0.0694244   246.45691   2.4066774         n.a.     n.a.
 2026-Sep-30 12:00 *m  00 11 24.74 -00 18 42.3  00 12 48.73 -00 09 35.2  -3.79563  -1.65338  272.205980  -6.169864    7.680   9.284   99.99981  2.364587  153.632093 -19.552241  28.8798628576083   3.1807510  175.3064 /T    0.1511   0.0690018   246.46199   7.5166009         n.a.     n.a.
 2026-Oct-03 00:00 C   00 11 09.60 -00 20 21.1  00 12 33.62 -00 11 13.9  -3.79770  -1.64039   93.452862   8.400843    7.680   9.284   99.99957  2.364187   66.534514 -19.576707  28.8847585399463   3.6177422  172.8611 /T    0.2323   0.0689473   246.63837   8.5409590         n.a.     n.a.
 2026-Oct-05 12:00 *m  00 10 54.47 -00 21 59.0  00 12 18.51 -00 12 51.6  -3.74349  -1.62202  274.005211 -10.901067    7.681   9.284   99.99922  2.363631  339.430788 -19.601291  28.8915500939521   5.7662155  170.3645 /T    0.3148   0.0679964   246.57338   13.643151         n.a.     n.a.
 2026-Oct-08 00:00 C   00 10 39.54 -00 23 35.7  00 12 03.59 -00 14 28.3  -3.73932  -1.60059   95.385056  13.084591    7.681   9.284   99.99877  2.362925  252.320450 -19.625494  28.9001773586386   6.2118557  167.8571 /T    0.3969   0.0677914   246.82693   14.692338         n.a.     n.a.
 2026-Oct-10 12:00 *m  00 10 24.71 -00 25 11.0  00 11 48.74 -00 16 03.7  -3.65281  -1.57380  275.861374 -15.619606    7.682   9.284   99.99821  2.362065  165.203606 -19.649688  28.9107019996502   8.3295993  165.3309 /T    0.4789   0.0662903   246.69132   19.771498         n.a.     n.a.
 2026-Oct-13 00:00 Nm  00 10 10.16 -00 26 44.6  00 11 34.20 -00 17 37.3  -3.64167  -1.54378   97.391355  17.750683    7.683   9.284   99.99757  2.361059   78.079935 -19.673381  28.9230200131961   8.7706519  162.8063 /T    0.5596   0.0659229   247.02689   20.829176         n.a.     n.a.
 2026-Oct-15 12:00 *   00 09 55.79 -00 28 16.2  00 11 19.82 -00 19 08.9  -3.52343  -1.50883  277.803487 -20.318678    7.684   9.284   99.99683  2.359902  350.949482 -19.696934  28.9372082394088  10.8329896  160.2684 /T    0.6397   0.0638817   246.81812   25.859997         n.a.     n.a.
 2026-Oct-18 00:00 Nm  00 09 41.77 -00 29 45.6  00 11 05.82 -00 20 38.2  -3.50618  -1.47107   99.503344  22.391486    7.685   9.284   99.99602  2.358604  263.812081 -19.719872  28.9531230215399  11.2589315  157.7355 /T    0.7181   0.0633713   247.23875   26.910189         n.a.     n.a.
 2026-Oct-20 12:00 *   00 09 28.00 -00 31 12.6  00 10 52.03 -00 22 05.3  -3.35804  -1.42856  279.865122 -24.990636    7.687   9.284   99.99512  2.357161  176.667718 -19.742547  28.9708579524807  13.2465307  155.1912 /T    0.7955   0.0608213   246.95437   31.874712         n.a.     n.a.
 2026-Oct-23 00:00 Nm  00 09 14.65 -00 32 37.0  00 10 38.68 -00 23 29.8  -3.33578  -1.38410  101.758606  26.998092    7.688   9.284   99.99416  2.355585   89.516363 -19.764501  28.9902377794043  13.6540435  152.6534 /T    0.8708   0.0601921   247.46523   32.912309         n.a.     n.a.
 2026-Oct-25 12:00 *   00 09 01.61 -00 33 58.6  00 10 25.61 -00 24 51.5  -3.16001  -1.33471  282.086630 -29.626588    7.690   9.284   99.99313  2.353869    2.357942 -19.786078  29.0113733442732  15.5522033  150.1048 /T    0.9449   0.0571720   247.10204   37.797500         n.a.     n.a.
 2026-Oct-28 00:00 N   00 08 49.06 -00 35 17.2  00 10 13.07 -00 26 10.2  -3.13366  -1.28431  104.202770  31.559941    7.691   9.284   99.99205  2.352029  275.192536 -19.806840  29.0340646800579  15.9445221  147.5632 /T    1.0166   0.0564439   247.71406   38.827358         n.a.     n.a.
 2026-Oct-30 12:00 *m  00 08 36.89 -00 36 32.6  00 10 00.89 -00 27 25.5  -2.93215  -1.22852  284.518517 -34.215600    7.693   9.284   99.99093  2.350056  188.019996 -19.827118  29.0584441149502  17.7460177  145.0107 /T    1.0867   0.0529852   247.26721   43.634299         n.a.     n.a.
 2026-Nov-02 00:00 N   00 08 25.26 -00 37 44.7  00 09 49.29 -00 28 37.5  -2.90099  -1.17192  106.892847  36.063989    7.695   9.284   99.98977  2.347967  100.840489 -19.846497  29.0842899908109  18.1287755  142.4653 /T    1.1543   0.0521461   248.00261   44.677076         n.a.     n.a.
 2026-Nov-04 12:00 Cm  00 08 14.07 -00 38 53.1  00 09 38.05 -00 29 46.1  -2.67406  -1.10959  287.224961 -38.743925    7.697   9.284   99.98859  2.345752   13.653785 -19.865281  29.1117519953237  19.8213536  139.9091 /T    1.2199   0.0482521   247.46411   49.413352         n.a.     n.a.
 2026-Nov-07 00:00 N   00 08 03.48 -00 39 57.8  00 09 27.46 -00 30 51.1  -2.63695  -1.04639  109.902069  40.493320    7.699   9.284   99.98739  2.343432  286.460171 -19.883084  29.1405757377063  20.1858333  137.3607 /T    1.2827   0.0472829   248.35585   50.472387         n.a.     n.a.
 2026-Nov-09 12:00 C   00 07 53.40 -00 40 58.6  00 09 17.33 -00 31 52.0  -2.38595  -0.97810  290.289915 -43.193427    7.701   9.284   99.98618  2.340994  199.259368 -19.900180  29.1709213416417  21.7482461  134.8023 /T    1.3433   0.0429775   247.70936   55.129414         n.a.     n.a.
 2026-Nov-12 00:00 Nm  00 07 43.97 -00 41 55.2  00 09 07.92 -00 32 48.7  -2.34353  -0.90892  113.325268  44.825766    7.704   9.284   99.98498  2.338463  112.051812 -19.916217  29.2024993923687  22.0815658  132.2526 /T    1.4007   0.0418937   248.80164   56.188128         n.a.     n.a.
 2026-Nov-14 12:00 C   00 07 35.11 -00 42 47.6  00 08 59.02 -00 33 41.1  -2.07129  -0.83579  293.825226 -47.539536    7.706   9.284   99.98378  2.335825   24.837172 -19.931446  29.2354825823700  23.4970718  129.6937 /T    1.4558   0.0372259   248.02542   60.755804         n.a.     n.a.
 2026-Nov-17 00:00 Nm  00 07 26.94 -00 43 35.5  00 08 50.87 -00 34 29.1  -2.02511  -0.76184  117.287724  49.031199    7.709   9.284   99.98262  2.333106  297.616032 -19.945549  29.2695533996629  23.7925860  127.1445 /T    1.5075   0.0360611   249.38391   61.797062         n.a.     n.a.
 2026-Nov-19 12:00 C   00 07 19.40 -00 44 18.9  00 08 43.26 -00 35 12.7  -1.73477  -0.68486  297.981050 -51.748359    7.711   9.284   99.98148  2.330292  210.387998 -19.958756  29.3048988253910  25.0509975  124.5866 /T    1.5565   0.0310844   248.45678   66.271646         n.a.     n.a.
 2026-Nov-22 00:00 Nm  00 07 12.58 -00 44 57.7  00 08 36.44 -00 35 51.8  -1.68637  -0.60743  121.955272  53.067784    7.714   9.284   99.98038  2.327410  123.153780 -19.970785  29.3411814893057  25.3084183  122.0389 /T    1.6021   0.0298739   250.19097   67.282773         n.a.     n.a.
 2026-Nov-24 12:00 Cm  00 07 06.42 -00 45 31.8  00 08 30.23 -00 36 25.9  -1.38120  -0.52741  302.960147 -55.771567    7.717   9.284   99.97933  2.324446   35.912920 -19.981843  29.3786025575547  26.4052409  119.4827 /T    1.6448   0.0246412   249.10088   71.664587         n.a.     n.a.
 2026-Nov-27 00:00 N   00 07 01.01 -00 46 01.0  00 08 24.86 -00 36 55.2  -1.33134  -0.44734  127.544065  56.876561    7.720   9.284   99.97834  2.321426  308.666213 -19.991683  29.4168148551707  26.6322570  116.9368 /T    1.6839   0.0234081   251.42708   72.643785         n.a.     n.a.
 2026-Nov-29 12:00 Cm  00 06 56.30 -00 46 25.4  00 08 20.11 -00 37 19.6  -1.01319  -0.36432  309.031311 -59.538961    7.723   9.284   99.97741  2.318335  221.413127 -20.000488  29.4560335009512  27.5668482  114.3821 /T    1.7201   0.0179450   250.22235   76.950184         n.a.     n.a.
 2026-Dec-02 00:00 N   00 06 52.37 -00 46 44.8  00 08 16.18 -00 37 39.2  -0.96065  -0.28143  134.324517  60.373262    7.725   9.284   99.97656  2.315202  134.154525 -20.008043  29.4959000391494  27.7651362  111.8375 /T    1.7524   0.0166838   253.67167   77.907492         n.a.     n.a.
 2026-Dec-04 12:00 Cm  00 06 49.17 -00 46 59.1  00 08 12.90 -00 37 53.8  -0.63094  -0.19559  316.529945 -62.948258    7.728   9.284   99.97578  2.312009   46.889838 -20.014494  29.5366311676108  28.5239791  109.2843 /T    1.7817   0.0110094   252.77643   82.153756         n.a.     n.a.
 2026-Dec-07 00:00 N   00 06 46.77 -00 47 08.3  00 08 10.51 -00 38 03.2  -0.57567  -0.11026  142.597826  63.439359    7.731   9.284   99.97509  2.308787  319.620033 -20.019667  29.5778495000557  28.6832123  106.7419 /T    1.8071   0.0097690   259.15691   83.057310         n.a.     n.a.
 2026-Dec-09 12:00 C   00 06 45.13 -00 47 12.3  00 08 08.82 -00 38 07.3  -0.23754  -0.02285  325.814330 -65.853066    7.735   9.284   99.97448  2.305519  232.344522 -20.023675  29.6197727867842  29.2530239  104.1914 /T    1.8294   0.0039772   264.50448   87.213102         n.a.     n.a.
 2026-Dec-12 00:00 Nm  00 06 44.31 -00 47 11.0  00 08 08.02 -00 38 06.1  -0.18084  0.063948  152.608582  65.916246    7.738   9.284   99.97397  2.302237  145.064379 -20.026389  29.6620084893097  29.3663731  101.6526 /T    1.8476   0.0031969   289.47442   87.764744         n.a.     n.a.
 2026-Dec-14 12:00 N   00 06 44.26 -00 47 04.6  00 08 07.91 -00 37 59.8  0.162093  0.151532  337.110402 -68.059424    7.741   9.284   99.97356  2.298922   57.778984 -20.027891  29.7047805212595  29.7424390   99.1065 /T    1.8626   0.0036982   46.928610   87.443637         n.a.     n.a.
 2026-Dec-17 00:00 Nm  00 06 45.03 -00 46 52.9  00 08 08.68 -00 37 48.4  0.218620  0.238696  164.352288  67.614802    7.744   9.284   99.97325  2.295606  330.489503 -20.028097  29.7476869632810  29.8086410   96.5727 /T    1.8736   0.0053947   42.486345   86.276614         n.a.     n.a.
 2026-Dec-19 12:00 N   00 06 46.59 -00 46 35.9  00 08 10.16 -00 37 31.7  0.562912  0.325382  350.209230 -69.350727    7.747   9.284   99.97304  2.292271  243.195270 -20.027057  29.7909601791758  29.9929890   94.0323 /T    1.8813   0.0108364   59.970643   82.587063         n.a.     n.a.
 2026-Dec-22 00:00 Nm  00 06 48.95 -00 46 13.8  00 08 12.54 -00 37 09.7  0.617878  0.411810  177.331323  68.359232    7.750   9.284   99.97294  2.288949  155.897526 -20.024734  29.8341964216185  30.0166979   91.5045 /T    1.8850   0.0123756   56.316910   81.542942         n.a.     n.a.
 2026-Dec-24 12:00 Nm  00 06 52.11 -00 45 46.5  00 08 15.65 -00 36 42.5  0.960760  0.497135    4.205081 -69.561510    7.753   9.284   99.97294  2.285621   68.595545 -20.021148  29.8776372665652  30.0177784   88.9701 /T    1.8855   0.0180293   62.641176   77.761106         n.a.     n.a.
 2026-Dec-27 00:00 N   00 06 56.06 -00 45 14.2  00 08 19.63 -00 36 10.2  1.014314  0.582447  190.528831  68.060659    7.756   9.284   99.97304  2.282318  341.290598 -20.016298  29.9208855989200  30.0084924   86.4482 /T    1.8820   0.0194941   60.134376   76.777919         n.a.     n.a.
 2026-Dec-29 12:00 Nm  00 07 00.80 -00 44 36.7  00 08 24.30 -00 35 32.9  1.354812  0.666853   17.727635 -68.668498    7.760   9.284   99.97324  2.279020  253.981910 -20.010173  29.9641840582500  29.8294757   83.9193 /T    1.8753   0.0251673   63.793089   73.007214         n.a.     n.a.
$$EOE
**********************************************************************************************************************************************************************************************************************************************************************************************
Column meaning:
 
TIME

  Times PRIOR to 1962 are UT1, a mean-solar time closely related to the
prior but now-deprecated GMT. Times AFTER 1962 are in UTC, the current
civil or "wall-clock" time-scale. UTC is kept within 0.9 seconds of UT1
using integer leap-seconds for 1972 and later years.

  Conversion from the internal Barycentric Dynamical Time (TDB) of solar
system dynamics to the non-uniform civil UT time-scale requested for output
has not been determined for UTC times after the next July or January 1st.
Therefore, the last known leap-second is used as a constant over future
intervals.

  Time tags refer to the UT time-scale conversion from TDB on Earth
regardless of observer location within the solar system, although clock
rates may differ due to the local gravity field and no analog to "UT"
may be defined for that location.

  Any 'b' symbol in the 1st-column denotes a B.C. date. First-column blank
(" ") denotes an A.D. date.
 
CALENDAR SYSTEM

  Mixed calendar mode was active such that calendar dates after AD 1582-Oct-15
(if any) are in the modern Gregorian system. Dates prior to 1582-Oct-5 (if any)
are in the Julian calendar system, which is automatically extended for dates
prior to its adoption on 45-Jan-1 BC.  The Julian calendar is useful for
matching historical dates. The Gregorian calendar more accurately corresponds
to the Earth's orbital motion and seasons. A "Gregorian-only" calendar mode is
available if such physical events are the primary interest.

  NOTE: "n.a." in output means quantity "not available" at the print-time.
 
SOLAR PRESENCE (OBSERVING SITE)
  Time tag is followed by a blank, then a solar-presence symbol:

       '*'  Daylight (refracted solar upper-limb on or above apparent horizon)
       'C'  Civil twilight/dawn
       'N'  Nautical twilight/dawn
       'A'  Astronomical twilight/dawn
       ' '  Night OR geocentric ephemeris

LUNAR PRESENCE (OBSERVING SITE)
  The solar-presence symbol is immediately followed by a lunar-presence symbol:

       'm'  Refracted upper-limb of Moon on or above apparent horizon
       ' '  Refracted upper-limb of Moon below apparent horizon OR geocentric
            ephemeris
 
 'R.A._____(ICRF)_____DEC' =
  Astrometric right ascension and declination of the target center with
respect to the observing site (coordinate origin) in the reference frame of
the planetary ephemeris (ICRF). Compensated for down-leg light-time delay
aberration.

  Units: RA  in hours-minutes-seconds of time,    HH MM SS.ff{ffff}
         DEC in degrees-minutes-seconds of arc,  sDD MN SC.f{ffff}
 
 'R.A.__(a-apparent)__DEC' =
  Airless apparent right ascension and declination of the target center
with respect to an instantaneous reference frame defined by the Earth equator
of-date (z-axis) and meridian containing the Earth equinox of-date (x-axis,
EOP-corrected IAU76/80). Compensated for down-leg light-time delay,
gravitational deflection of light, stellar aberration, precession & nutation.
Note: equinox (RA origin) is offset -53 mas from the of-date frame defined
by the IAU06/00a P & N system.

  Units: RA  in hours-minutes-seconds of time,   HH MM SS.ff{ffff}
         DEC in degrees-minutes-seconds of arc, sDD MN SC.f{ffff}
 
 'dRA*cosD d(DEC)/dt' =
  The angular rate of change in apparent RA and DEC of the target. This is
with respect to the non-inertial IAU76/80 Earth true equator and equinox
of-date reference frame.  d(RA)/dt is multiplied by the cosine of declination
to provide a linear rate in the plane-of-sky. Units: ARCSECONDS PER HOUR
 
 'Azi____(a-app)___Elev' =
  Airless apparent azimuth and elevation of target center. Compensated
for light-time, the gravitational deflection of light, stellar aberration,
precession and nutation. Azimuth is measured clockwise from north:

  North(0) -> East(90) -> South(180) -> West(270) -> North (360)

Elevation angle is with respect to a plane perpendicular to the reference
surface local zenith direction. TOPOCENTRIC ONLY.  Units: DEGREES
 
 'APmag   S-brt' =
  The targets' approximate apparent visual magnitude and surface brightness.
For planets and natural satellites, output is restricted to solar phase angles
covered by observational data. Outside the observed phase angle range, "n.a."
may be output to avoid extrapolation beyond the limit of model validity.

   For Earth-based observers, the estimated dimming due to atmospheric
absorption (extinction) is available as a separate, requestable quantity.

   Surface brightness is the average airless visual magnitude of a
square-arcsecond of the illuminated portion of the apparent disk. It is
computed only if the target radius is known.

   Units: MAGNITUDES & MAGNITUDES PER SQUARE ARCSECOND
 
 'Illu%' =
   Fraction of the target objects' assumed circular disk illuminated by Sun
(phase), as seen by the observer.  Units: PERCENT
 
 'Ang-diam' =
   The equatorial angular width of the target body full disk, if it were fully
illuminated and visible to the observer. If the target body diameter is unknown
"n.a." is output.

   Units: ARCSECONDS
 
 'ObsSub-LON ObsSub-LAT' =
   Apparent planetodetic longitude and latitude of the center of the target
disc seen by the OBSERVER at print-time. This is NOT exactly the same as the
"nearest" sub-point for a non-spherical target shape (since the center of the
disc might not be the point closest to the observer), but is generally very
close if not a very irregular body shape. Down-leg light travel-time from
target to observer is taken into account. Latitude is the angle between the
equatorial plane and the line perpendicular to the reference ellipsoid of the
body, so includes body oblateness. The reference ellipsoid is an oblate
spheroid with a single flatness coefficient in which the y-axis body radius
is taken to be the same value as the x-axis radius.  For Jupiter, Saturn, and
Uranus, IAU2015 longitude is based on the "System III" prime meridian rotation
angle of the magnetic field. By contrast, pole direction (thus latitude) is
relative to the body dynamical equator.  There can be an offset between the
magnetic pole and the dynamical pole of rotation. For Neptune, rotation is
IAU2015 "System II" rotation of optically observed features in the Neptunian
atmosphere. Positive longitude is to the WEST for this target. Cartographic
system is specified in the header.  Units: DEGREES DEGREES
 
 'delta      deldot' =
   Apparent range ("delta", light-time aberrated) and range-rate ("delta-dot")
of the target center relative to the observer. A positive "deldot" means the
target center is moving away from the observer, negative indicates movement
toward the observer.  Units: AU and KM/S
 
 'S-O-T /r' =
   Sun-Observer-Target apparent SOLAR ELONGATION ANGLE seen from the observers'
location at print-time.

   The '/r' column provides a code indicating the targets' apparent position
relative to the Sun in the observers' sky, as described below:

   Case A: For an observing location on the surface of a rotating body, that
body rotational sense is considered:

    /T indicates target TRAILS Sun   (evening sky: rises and sets AFTER Sun)
    /L indicates target LEADS Sun    (morning sky: rises and sets BEFORE Sun)

   Case B: For an observing point that does not have a rotational model (such
as a spacecraft), the "leading" and "trailing" condition is defined by the
observers' heliocentric ORBITAL motion:

    * If continuing in the observers' current direction of heliocentric
       motion would encounter the targets' apparent longitude first, followed
       by the Sun's, the target LEADS the Sun as seen by the observer.

    * If the Sun's apparent longitude would be encountered first, followed
       by the targets', the target TRAILS the Sun.

   Two other codes can be output:
    /* indicates observer is Sun-centered    (undefined)
    /? Target is aligned with Sun center     (no lead or trail)

   The S-O-T solar elongation angle is numerically the minimum separation
angle of the Sun and target in the sky in any direction. It does NOT indicate
the amount of separation in the leading or trailing directions, which would
be defined along the equator of a spherical coordinate system.

   Units: DEGREES
 
 'S-T-O' =
   The Sun-Target-Observer angle; the interior vertex angle at target center
formed by a vector from the target to the apparent center of the Sun (at
reflection time on the target) and the apparent vector from target to the
observer at print-time. Slightly different from true PHASE ANGLE (requestable
separately) at the few arcsecond level in that it includes stellar aberration
on the down-leg from target to observer.  Units: DEGREES
 
 'Sky_motion  Sky_mot_PA  RelVel-ANG' =
  Total apparent angular rate of the target in the plane-of-sky. "Sky_mot_PA"
is the position angle of the target's direction of motion in the plane-of-sky,
measured counter-clockwise from the apparent of-date north pole direction.
"RelVel-ANG" is the flight path angle of the target's relative motion with
respect to the observer's line-of-sight, in the range [-90,+90], where positive
values indicate motion away from the observer, negative values are toward the
observer:

  -90 = target is moving directly toward the observer
    0 = target is moving at right angles to the observer's line-of-sight
  +90 = target is moving directly away from the observer

UNITS:  ARCSECONDS/MINUTE, DEGREES, DEGREES
 
 'Lun_Sky_Brt  sky_SNR' =
  Sky brightness due to moonlight scattered by Earth's atmosphere at the
target's position in the sky. "sky_SNR" is the visual signal-to-noise ratio
(SNR) of the target's surface brightness relative to background sky. Output
only for topocentric Earth observers when both the Moon and target are above
the local horizon and the Sun is in astronomical twilight (or further) below
the horizon, and the target is not the Moon or Sun. If all conditions are
not met, "n.a." is output. Galactic brightness, local sky light-pollution
and weather are NOT considered. Lunar opposition surge is considered. The
value returned is accurate under ideal conditions at the approximately 8-23%
level, so is a useful but not definitive value.

  If the target-body radius is also known, "sky_SNR" is output. This is the
approximate visual signal-to-noise ratio of the target's brightness divided
by lunar sky brightness. When sky_SNR < 1, the target is dimmer than the
ideal moonlight-scattering background sky, so unlikely to be detectable at
visual wavelengths. In practice, visibility requires sky_SNR > 1 and a
detector sensitive enough to reach the target's magnitude, even if it isn't
washed out by moonlight. When relating magnitudes and brightness values,
keep in mind their logarithmic relationship m2-m1 = -2.5*log_10(b2/b1).

  UNITS: VISUAL MAGNITUDES / ARCSECOND^2, and unitless ratio

Computations by ...

    Solar System Dynamics Group, Horizons On-Line Ephemeris System
    4800 Oak Grove Drive, Jet Propulsion Laboratory
    Pasadena, CA  91109   USA

    General site: https://ssd.jpl.nasa.gov/
    Mailing list: https://ssd.jpl.nasa.gov/email_list.html
    System news : https://ssd.jpl.nasa.gov/horizons/news.html
    User Guide  : https://ssd.jpl.nasa.gov/horizons/manual.html
    Connect     : browser        https://ssd.jpl.nasa.gov/horizons/app.html#/x
                  API            https://ssd-api.jpl.nasa.gov/doc/horizons.html
                  command-line   telnet ssd.jpl.nasa.gov 6775
                  e-mail/batch   https://ssd.jpl.nasa.gov/ftp/ssd/horizons_batch.txt
                  scripts        https://ssd.jpl.nasa.gov/ftp/ssd/SCRIPTS
    Author      : Jon.D.Giorgini@jpl.nasa.gov

**********************************************************************************************************************************************************************************************************************************************************************************************
