*******************************************************************************
 Revised: April 22, 2021              Neptune                               899
 
 PHYSICAL DATA (update 2021-May-03):
  Mass x10^24 (kg)      = 102.409         Density (g/cm^3)       =  1.638
  Equat. radius (1 bar) = 24766+-15 km    Volume, 10^10 km^3     = 6254     
  Vol. mean radius (km) = 24624+-21       Polar radius (km)      = 24342+-30
  Geometric Albedo      = 0.41            Flattening             =  0.0171
  Sid. rot. period (III)= 16.11+-0.01 hr  Sid. rot. rate (rad/s) =  0.000108338 
  Mean solar day, h     =~16.11 h         
  GM (km^3/s^2)         = 6835099.97      GM 1-sigma (km^3/s^2)  = +-10 
  Equ. grav, ge (m/s^2) = 11.15           Pol. grav, gp (m/s^2)  = 11.41+-0.03
  Visual magnitude V(1,0)= -6.87
  Vis. mag. (opposition)=  +7.84          Obliquity to orbit     = 28.32 deg
  Sidereal orbit period = 164.788501027 y Sidereal orbit period  = 60189 d
  Mean daily motion     = 0.006020076dg/d Mean orbit velocity    =  5.43 km/s 
  Atmos. temp. (1 bar)  =  72+-2 K        Escape speed (1 bar)  =  23.5 km/s     
  Aroche(ice)/Rp        =  2.98           Hill's sphere rad., Rp = 4700
                                 Perihelion  Aphelion    Mean
  Solar Constant (W/m^2)         1.54        1.49        1.51
  Maximum Planetary IR (W/m^2)   0.52        0.52        0.52
  Minimum Planetary IR (W/m^2)   0.52        0.52        0.52
*******************************************************************************


*******************************************************************************
Ephemeris / WWW_USER Mon Apr  6 18:02:18 2026 Pasadena, USA      / Horizons    
*******************************************************************************
Target body name: Neptune (899)                   {source: nep097_merged}
Center body name: Earth (399)                     {source: nep097_merged}
Center-site name: (user defined site below)
*******************************************************************************
Start time      : A.D. 2026-Jan-01 00:00:00.0000 UT      
Stop  time      : A.D. 2026-Dec-31 00:00:00.0000 UT      
Step-size       : 3600 minutes
*******************************************************************************
Target pole/equ : IAU_NEPTUNE                     {West-longitude positive}
Target radii    : 24764.0, 24764.0, 24341.0 km    {Equator_a, b, pole_c}       
Center geodetic : 259.0, 22.0, 1.85               {E-lon(deg),Lat(deg),Alt(km)}
Center cylindric: 259.0, 5918.20063, 2375.10592   {E-lon(deg),Dxy(km),Dz(km)}
Center pole/equ : ITRF93                          {East-longitude positive}
Center radii    : 6378.137, 6378.137, 6356.752 km {Equator_a, b, pole_c}       
Target primary  : Sun
Vis. interferer : MOON (R_eq= 1737.400) km        {source: DE441}
Rel. light bend : Sun                             {source: nep097_merged}
Rel. lght bnd GM: 1.3271E+11 km^3/s^2                                          
Atmos refraction: NO (AIRLESS)
RA format       : HMS
Time format     : CAL 
Calendar mode   : Mixed Julian/Gregorian
EOP file        : eop.260406.p260703                                           
EOP coverage    : DATA-BASED 1962-JAN-20 TO 2026-APR-06. PREDICTS-> 2026-JUL-02
Units conversion: 1 au= 149597870.700 km, c= 299792.458 km/s, 1 day= 86400.0 s 
Table cut-offs 1: Elevation (-90.0deg=NO ),Airmass (>38.000=NO), Daylight (NO )
Table cut-offs 2: Solar elongation (  0.0,180.0=NO ),Local Hour Angle( 0.0=NO )
Table cut-offs 3: RA/DEC angular rate (     0.0=NO )                           
**********************************************************************************************************************************************************************************************************************************************************************************************
 Date__(UT)__HR:MN     R.A._____(ICRF)_____DEC  R.A.__(a-apparent)__DEC  dRA*cosD d(DEC)/dt  Azi____(a-app)___Elev    APmag   S-brt      Illu%  Ang-diam  ObsSub-LON ObsSub-LAT             delta      deldot     S-O-T /r     S-T-O  Sky_motion  Sky_mot_PA  RelVel-ANG  Lun_Sky_Brt  sky_SNR
**********************************************************************************************************************************************************************************************************************************************************************************************
$$SOE
 2026-Jan-01 00:00 *m  23 58 58.57 -01 33 48.3  00 00 18.65 -01 25 07.1  1.603636  0.830026  178.955760  66.577850    7.767   9.284   99.97395  2.271916  292.675204 -20.796405  30.0578781876178  29.4729150   78.9437 /T    1.8505   0.0300952   62.634364   69.644709         n.a.     n.a.
 2026-Jan-03 12:00  m  23 59 05.65 -01 32 56.0  00 00 25.69 -01 24 14.8  1.936348  0.911162    5.723274 -69.310538    7.770   9.284   99.97445  2.268712  205.358401 -20.786902  30.1003217299868  29.1829422   76.4254 /T    1.8332   0.0356669   64.800350   66.025576         n.a.     n.a.
 2026-Jan-06 00:00 *   23 59 13.49 -01 31 59.0  00 00 33.56 -01 23 17.9  1.982016  0.990772  191.089862  66.211413    7.773   9.284   99.97503  2.265562  118.040037 -20.776215  30.1421715488343  28.9044885   73.9199 /T    1.8122   0.0369309   63.440412   65.036294         n.a.     n.a.
 2026-Jan-08 12:00  m  23 59 22.08 -01 30 57.2  00 00 42.07 -01 22 16.3  2.308427  1.069058   18.907592 -68.311756    7.776   9.284   99.97570  2.262447   30.719380 -20.764344  30.1836673732140  28.4384938   71.4084 /T    1.7881   0.0423993   65.150614   61.454803         n.a.     n.a.
 2026-Jan-11 00:00 *   23 59 31.39 -01 29 50.7  00 00 51.38 -01 21 10.1  2.350462  1.146512  202.436992  64.942681    7.779   9.284   99.97645  2.259397  303.397746 -20.751332  30.2244204630004  28.1288030   68.9092 /T    1.7604   0.0435863   63.997730   60.484593         n.a.     n.a.
 2026-Jan-13 12:00  m  23 59 41.44 -01 28 39.7  00 01 01.37 -01 19 59.2  2.668566  1.221318   30.489443 -66.390812    7.782   9.284   99.97728  2.256392  216.074388 -20.737142  30.2646665116190  27.4837125   66.4042 /T    1.7297   0.0489128   65.407931   56.932092         n.a.     n.a.
 2026-Jan-16 00:00 *   23 59 52.18 -01 27 24.2  00 01 12.14 -01 18 43.8  2.706184  1.295858  212.443350  62.904737    7.785   9.284   99.97817  2.253462  128.750684 -20.721861  30.3040159907958  27.1380378   63.9119 /T    1.6955   0.0500074   64.412531   55.979779         n.a.     n.a.
 2026-Jan-18 12:00     00 00 03.64 -01 26 04.3  00 01 23.54 -01 17 23.9  3.013293  1.366356   40.129929 -63.755805    7.787   9.284   99.97913  2.250589   41.425867 -20.705420  30.3427026801866  26.3167347   61.4141 /T    1.6584   0.0551434   65.608431   52.455337         n.a.     n.a.
 2026-Jan-21 00:00 *m  00 00 15.75 -01 24 40.2  00 01 35.67 -01 15 59.9  3.045315  1.436885  220.950261  60.261057    7.790   9.284   99.98013  2.247801  314.101356 -20.687944  30.3803432292465  25.9355897   58.9295 /T    1.6181   0.0561214   64.740441   51.526607         n.a.     n.a.
 2026-Jan-23 12:00     00 00 28.53 -01 23 12.1  00 01 48.38 -01 14 32.0  3.338561  1.502333   47.970745 -60.603903    7.793   9.284   99.98119  2.245079  226.776370 -20.669340  30.4171690958828  24.9459502   56.4401 /T    1.5750   0.0610168   65.772528   48.032659         n.a.     n.a.
 2026-Jan-26 00:00 *m  00 00 41.93 -01 21 40.0  00 02 01.78 -01 13 00.1  3.363851  1.567706  228.066979  57.162608    7.795   9.284   99.98228  2.242452  139.452338 -20.649769  30.4528128122853  24.5374178   53.9644 /T    1.5289   0.0618538   65.012357   47.139409         n.a.     n.a.
 2026-Jan-28 12:00     00 00 55.96 -01 20 04.1  00 02 15.76 -01 11 24.2  3.640807  1.627707   54.336866 -57.088079    7.798   9.284   99.98340  2.239900   52.128456 -20.629112  30.4875049030435  23.3946731   51.4845 /T    1.4801   0.0664683   65.911858   43.681376         n.a.     n.a.
 2026-Jan-31 00:00 *m  00 01 10.55 -01 18 24.6  00 02 30.39 -01 09 44.7  3.659549  1.687585  234.012534  53.730200    7.800   9.284   99.98454  2.237449  324.806118 -20.607564  30.5209023459724  22.9731911   49.0182 /T    1.4286   0.0671653   65.243413   42.831832         n.a.     n.a.
 2026-Feb-02 12:00  m  00 01 25.73 -01 16 41.7  00 02 45.53 -01 08 01.8  3.919422  1.742503   59.558963 -53.316920    7.802   9.284   99.98569  2.235081  237.484499 -20.584978  30.5532318235645  21.6924843   46.5477 /T    1.3747   0.0714885   66.030951   39.404557         n.a.     n.a.
 2026-Feb-05 00:00 *   00 01 41.42 -01 14 55.5  00 03 01.23 -01 06 15.8  3.933265  1.797411  239.016557  50.053527    7.805   9.284   99.98685  2.232820  150.164951 -20.561576  30.5841703346091  21.2636336   44.0903 /T    1.3183   0.0720749   65.440699   38.587695         n.a.     n.a.
 2026-Feb-07 12:00  m  00 01 57.66 -01 13 06.2  00 03 17.41 -01 04 26.6  4.175491  1.847366   63.911348 -49.365129    7.807   9.284   99.98800  2.230650   62.846660 -20.537180  30.6139302111875  19.8483094   41.6283 /T    1.2596   0.0760984   66.133927   35.174153         n.a.     n.a.
 2026-Feb-10 00:00 *   00 02 14.36 -01 11 13.8  00 03 34.12 -01 02 34.4  4.184886  1.897253  243.279603  46.197435    7.809   9.284   99.98914  2.228592  335.530968 -20.512047  30.6422015145791  19.4075112   39.1790 /T    1.1985   0.0765812   65.612439   34.376692         n.a.     n.a.
 2026-Feb-12 12:00  m  00 02 31.58 -01 09 18.7  00 03 51.30 -01 00 39.2  4.407604  1.941522   67.604263 -45.283569    7.811   9.284   99.99026  2.226631  248.217090 -20.485968  30.6691830711531  17.8622290   36.7252 /T    1.1355   0.0802712   66.226810   30.970435         n.a.     n.a.
 2026-Feb-15 00:00 *   00 02 49.20 -01 07 20.8  00 04 08.95 -00 58 41.3  4.411958  1.985892  246.963782  42.208344    7.812   9.284   99.99135  2.224789  160.906354 -20.459236  30.6945813867626  17.4084264   34.2843 /T    1.0704   0.0806383   65.766742   30.189279         n.a.     n.a.
 2026-Feb-17 12:00 A   00 03 07.28 -01 05 20.5  00 04 27.00 -00 56 41.1  4.613176  2.023736   70.795195 -41.107454    7.814   9.284   99.99241  2.223050   73.597989 -20.431616  30.7185854893196  15.7441496   31.8391 /T    1.0034   0.0839592   66.313607   26.790368         n.a.     n.a.
 2026-Feb-20 00:00 *m  00 03 25.70 -01 03 18.0  00 04 45.42 -00 54 38.6  4.611554  2.061843  250.195686  38.119450    7.816   9.284   99.99342  2.221435  346.293304 -20.403435  30.7409227089302  15.2805351   29.4071 /T    0.9347   0.0841916   65.910399   26.028363         n.a.     n.a.
 2026-Feb-22 12:00 A   00 03 44.54 -01 01 13.3  00 05 04.22 -00 52 34.1  4.789374  2.092745   73.601624 -36.861449    7.817   9.284   99.99438  2.219929  258.991531 -20.374435  30.7617749077745  13.5149999   26.9717 /T    0.8644   0.0871105   66.396799   22.643424         n.a.     n.a.
 2026-Feb-25 00:00 *m  00 04 03.66 -00 59 06.8  00 05 23.36 -00 50 27.5  4.781335  2.124039  253.073758  33.954845    7.819   9.284   99.99528  2.218550  171.693924 -20.344970  30.7808995371575  13.0532358   24.5500 /T    0.7926   0.0871982   66.047508   21.911870         n.a.     n.a.
 2026-Feb-27 12:00 A   00 04 23.13 -00 56 58.6  00 05 42.83 -00 48 19.2  4.935224  2.148397   76.111615 -32.562962    7.820   9.284   99.99612  2.217284   84.399707 -20.314765  30.7984716321619  11.2087305   22.1253 /T    0.7195   0.0897095   66.475586   18.547674         n.a.     n.a.
 2026-Mar-02 00:00 *m  00 04 42.81 -00 54 49.0  00 06 02.54 -00 46 09.5  4.922084  2.173207  255.674525  29.732212    7.821   9.284   99.99688  2.216147  357.110047 -20.284190  30.8142813008259  10.7592835   19.7146 /T    0.6452   0.0896749   66.177502   17.849707         n.a.     n.a.
 2026-Mar-04 12:00 Am  00 05 02.80 -00 52 38.0  00 06 22.49 -00 43 58.6  5.052640  2.191892   78.392594 -28.224854    7.822   9.284   99.99757  2.215125  269.824189 -20.252951  30.8284860424409   8.8479894   17.3012 /T    0.5698   0.0917932   66.548262   14.497252         n.a.     n.a.
 2026-Mar-07 00:00 *   00 05 22.94 -00 50 25.9  00 06 42.64 -00 41 46.6  5.035834  2.210546  258.057941  25.464795    7.823   9.284   99.99819  2.214234  182.543228 -20.221434  30.8409021837606   8.4096777   14.9021 /T    0.4936   0.0916608   66.300292   13.820819         n.a.     n.a.
 2026-Mar-09 12:00 Am  00 05 43.34 -00 48 12.8  00 07 03.02 -00 39 33.5  5.142601  2.223586   80.496713 -23.856622    7.824   9.284   99.99871  2.213461   95.266472 -20.189327  30.8516620528969   6.4357481   12.5014 /T    0.4166   0.0933790   66.617051   10.465202         n.a.     n.a.
 2026-Mar-12 00:00 *   00 06 03.84 -00 45 59.0  00 07 23.55 -00 37 19.6  5.122209  2.235889  260.272236  21.162828    7.824   9.284   99.99915  2.212820    7.994949 -20.157035  30.8606079897067   6.0058378   10.1178 /T    0.3391   0.0931490   66.418313   9.8006495         n.a.     n.a.
 2026-Mar-14 12:00 Am  00 06 24.53 -00 43 44.7  00 07 44.25 -00 35 05.0  5.203890  2.242702   82.465378 -19.465481    7.825   9.284   99.99950  2.212300  280.728032 -20.124232  30.8678512810275   3.9786112    7.7394 /T    0.2613   0.0944431   66.685576   6.4359910         n.a.     n.a.
 2026-Mar-17 00:00 *   00 06 45.26 -00 41 29.9  00 08 05.01 -00 32 50.2  5.179486  2.248400  262.356492  16.834213    7.825   9.284   99.99976  2.211913  193.466678 -20.091342  30.8732624639422   3.5580819    5.3961 /T    0.1838   0.0941075   66.534475   5.7794160         n.a.     n.a.
 2026-Mar-19 12:00 A   00 07 06.13 -00 39 15.0  00 08 25.87 -00 30 35.3  5.234780  2.248324   84.332632 -15.057165    7.825   9.284   99.99992  2.211650  106.210310 -20.058024  30.8769365158090   1.4927466    3.1237 /T    0.1082   0.0949530   66.756613   2.4062225         n.a.     n.a.
 2026-Mar-22 00:00 *m  00 07 26.98 -00 37 00.1  00 08 46.73 -00 28 20.6  5.205665  2.247085  264.343261  12.485174    7.825   9.284   99.99998  2.211518   18.959807 -20.024726  30.8787752071386   1.0875468    1.3825 /T    0.0477   0.0944992   66.652000   1.7603604         n.a.     n.a.
 2026-Mar-24 12:00 N   00 07 47.90 -00 34 45.4  00 09 07.65 -00 26 05.7  5.233934  2.239941   86.127037 -10.636026    7.825   9.284   99.99995  2.211511  291.714614 -19.991092  30.8788638277748  -0.9919335    2.3360 /L    0.0740   0.0948850   66.830763   -1.610057         n.a.     n.a.
 2026-Mar-27 00:00 *m  00 08 08.73 -00 32 31.2  00 09 28.53 -00 23 51.1  5.200680  2.232091  266.261083   8.120793    7.825   9.284   99.99983  2.211635  204.475502 -19.957581  30.8771404736264  -1.3705038    4.5092 /L    0.1459   0.0943241   66.771373   -2.235035         n.a.     n.a.
 2026-Mar-29 12:00 N   00 08 29.58 -00 30 17.7  00 09 49.40 -00 21 37.4  5.203219  2.218857   87.873274  -6.205938    7.825   9.284   99.99960  2.211883  117.241934 -19.923829  30.8736767046433  -3.4436826    6.8239 /L    0.2229   0.0942762   66.904695   -5.595815         n.a.     n.a.
 2026-Apr-01 00:00 *m  00 08 50.29 -00 28 04.9  00 10 10.12 -00 19 24.6  5.167465  2.205032  268.134560   3.745578    7.825   9.284   99.99929  2.212258   30.014580 -19.890296  30.8684409241164  -3.7946437    9.1625 /L    0.3005   0.0936377   66.891355   -6.203991         n.a.     n.a.
 2026-Apr-03 12:00 Nm  00 09 10.96 -00 25 53.1  00 10 30.80 -00 17 12.7  5.145377  2.186493   89.594060  -1.770297    7.824   9.284   99.99888  2.212757  302.792962 -19.856611  30.8614788822823  -5.8542563   11.5185 /L    0.3783   0.0931779   66.977263   -9.565475         n.a.     n.a.
 2026-Apr-06 00:00 *   00 09 31.42 -00 23 42.5  00 10 51.29 -00 15 01.9  5.107732  2.166684  269.986948  -0.636489    7.824   9.284   99.99838  2.213381  215.577667 -19.823233  30.8527868791521  -6.1826857   13.8710 /L    0.4554   0.0924714   67.013497   -10.16927         n.a.     n.a.
 2026-Apr-08 12:00 Nm  00 09 51.80 -00 21 33.2  00 11 11.72 -00 12 52.3  5.060819  2.142853   91.310389   2.667811    7.823   9.284   99.99780  2.214127  128.368301 -19.789794  30.8423824650802  -8.2228797   16.2322 /L    0.5322   0.0915965   67.051215   -13.54400         n.a.     n.a.
 2026-Apr-11 00:00 *   00 10 11.93 -00 19 25.3  00 11 31.88 -00 10 44.2  5.021054  2.116802  271.840612  -5.021520    7.822   9.284   99.99713  2.214996   41.165355 -19.756753  30.8302936026639  -8.5299509   18.5859 /L    0.6080   0.0908170   67.140434   -14.15078         n.a.     n.a.
 2026-Apr-13 12:00 Nm  00 10 31.91 -00 17 19.2  00 11 51.91 -00 08 37.8  4.948697  2.087318   93.043258   7.105198    7.821   9.284   99.99639  2.215986  313.968523 -19.723743  30.8165134142385 -10.5400784   20.9466 /L    0.6831   0.0895149   67.130403   -17.54627         n.a.     n.a.
 2026-Apr-16 00:00 *   00 10 51.59 -00 15 14.9  00 12 11.59 -00 06 33.4  4.906336  2.054879  273.717816  -9.405715    7.820   9.284   99.99558  2.217095  226.778186 -19.691224  30.8011030436805 -10.8232439   23.2989 /L    0.7568   0.0886545   67.275015   -18.15906         n.a.     n.a.
 2026-Apr-18 12:00 C   00 11 11.06 -00 13 12.6  00 12 31.10 -00 04 30.9  4.807925  2.019232   94.814436  11.538537    7.819   9.284   99.99469  2.218324  139.594112 -19.658833  30.7840374227191 -12.7861337   25.6576 /L    0.8296   0.0869122   67.218579   -21.57590         n.a.     n.a.
 2026-Apr-21 00:00 *m  00 11 30.16 -00 11 12.6  00 12 50.26 -00 02 30.5  4.762713  1.980608  275.642210 -13.785027    7.817   9.284   99.99375  2.219667   52.416559 -19.627030  30.7654139929558 -13.0360749   28.0071 /L    0.9007   0.0859687   67.419664   -22.18755         n.a.     n.a.
 2026-Apr-23 12:00 C   00 11 49.01 -00 09 14.9  00 13 09.18 -00 00 32.5  4.639229  1.939167   96.647260  15.964265    7.816   9.284   99.99275  2.221126  325.245330 -19.595455  30.7451971202451 -14.9275881   30.3624 /L    0.9707   0.0838034   67.315394   -25.61211         n.a.     n.a.
 2026-Apr-26 00:00 *m  00 12 07.43 -00 07 19.8  00 13 27.64 +00 01 23.0  4.592691  1.895477  277.639600 -18.154928    7.814   9.284   99.99171  2.222694  238.080556 -19.564558  30.7235162796651 -15.1388355   32.7083 /L    1.0387   0.0828077   67.573283   -26.21344         n.a.     n.a.
 2026-Apr-28 12:00 C   00 12 25.55 -00 05 27.5  00 13 45.81 +00 03 15.5  4.446457  1.849250   98.568293  20.377932    7.813   9.284   99.99062  2.224373  150.922087 -19.533979  30.7003164613434 -16.9472722   35.0601 /L    1.1054   0.0802612   67.417916   -29.64282         n.a.     n.a.
 2026-May-01 00:00 *   00 12 43.21 -00 03 37.9  00 14 03.49 +00 05 05.3  4.399641  1.801049  279.739215 -22.510005    7.811   9.284   99.98950  2.226155   63.769965 -19.504156  30.6757493353800 -17.1269929   37.4029 /L    1.1698   0.0792335   67.737632   -30.24327         n.a.     n.a.
 2026-May-03 12:00 Cm  00 13 00.51 -00 01 51.3  00 14 20.86 +00 06 52.2  4.231815  1.750481  100.608171  24.774200    7.809   9.284   99.98834  2.228044  336.624118 -19.474740  30.6497349728365 -18.8479000   39.7523 /L    1.2328   0.0763261   67.527680   -33.68732         n.a.     n.a.
 2026-May-06 00:00 *   00 13 17.31 -00 00 07.8  00 14 37.71 +00 08 36.1  4.184543  1.697591  281.975794 -26.843512    7.807   9.284   99.98718  2.230029  249.484502 -19.446150  30.6224492822468 -19.0018711   42.0934 /L    1.2933   0.0752629   67.918516   -34.29950         n.a.     n.a.
 2026-May-08 12:00 Cm  00 13 33.71 +00 01 32.4  00 14 54.20 +00 10 16.8  3.995446  1.642761  102.803801  29.146323    7.805   9.284   99.98599  2.232119  162.351133 -19.418057  30.5937883413717 -20.6285937   44.4418 /L    1.3521   0.0719997   67.649579   -37.76894         n.a.     n.a.
 2026-May-11 00:00 *   00 13 49.56 +00 03 09.3  00 15 10.09 +00 11 54.1  3.947180  1.584901  284.391119 -31.147063    7.803   9.284   99.98481  2.234297   75.223864 -19.390860  30.5639568182003 -20.7570119   46.7824 /L    1.4084   0.0708914   68.123188   -38.40011         n.a.     n.a.
 2026-May-13 12:00 *m  00 14 04.96 +00 04 42.7  00 15 25.56 +00 13 27.7  3.736900  1.525683  105.201119  33.485484    7.801   9.284   99.98363  2.236575  348.102799 -19.364250  30.5328295421119 -22.2793381   49.1310 /L    1.4626   0.0672725   67.791032   -41.90439         n.a.     n.a.
 2026-May-16 00:00 *m  00 14 19.78 +00 06 12.4  00 15 40.41 +00 14 57.7  3.687058  1.462781  287.037108 -35.409888    7.799   9.284   99.98246  2.238935  260.987672 -19.338608  30.5006426296849 -22.3769523   51.4720 /L    1.5141   0.0661104   68.360102   -42.55588         n.a.     n.a.
 2026-May-18 12:00 *   00 14 34.10 +00 07 38.3  00 15 54.84 +00 16 24.2  3.456040  1.399118  107.858104  37.780233    7.796   9.284   99.98131  2.241389  173.878656 -19.313644  30.4672571688505 -23.7772758   53.8210 /L    1.5635   0.0621417   67.960283   -46.09610         n.a.     n.a.
 2026-May-21 00:00 *m  00 14 47.79 +00 09 00.3  00 16 08.60 +00 17 46.7  3.405262  1.332044  289.979920 -39.617712    7.794   9.284   99.98019  2.243916   86.775342 -19.289718  30.4329426118640 -23.8332305   56.1621 /L    1.6098   0.0609420   68.635938   -46.75330         n.a.     n.a.
 2026-May-23 12:00 *   00 15 00.95 +00 10 18.2  00 16 21.85 +00 19 05.1  3.156147  1.264864  110.849824  42.015025    7.791   9.284   99.97910  2.246529  359.677945 -19.266553  30.3975485861714 -25.0956013   58.5111 /L    1.6538   0.0566695   68.160959   -50.31753         n.a.     n.a.
 2026-May-26 00:00 *m  00 15 13.45 +00 11 32.1  00 16 34.37 +00 20 19.3  3.106234  1.195024  293.304355 -43.751357    7.789   9.284   99.97806  2.249206  272.585945 -19.244483  30.3613636325537 -25.1130802   60.8522 /L    1.6947   0.0554696   68.957374   -50.97168         n.a.     n.a.
 2026-May-28 12:00 *   00 15 25.37 +00 12 41.7  00 16 46.39 +00 21 29.3  2.841454  1.124935  114.274852  46.168320    7.786   9.284   99.97706  2.251961  185.499630 -19.223247  30.3242182561887 -26.2354300   63.2016 /L    1.7332   0.0509339   68.401332   -54.56386         n.a.     n.a.
 2026-May-31 00:00 *   00 15 36.61 +00 13 47.1  00 16 57.68 +00 22 35.1  2.792589  1.052727  297.121442 -47.784248    7.783   9.284   99.97612  2.254772   98.418406 -19.203150  30.2864130768761 -26.2241136   65.5437 /L    1.7683   0.0497404   69.344984   -55.22495         n.a.     n.a.
 2026-Jun-02 12:00 *m  00 15 47.25 +00 14 48.1  00 17 08.43 +00 23 36.7  2.513453  0.979889  118.263525  50.210162    7.780   9.284   99.97525  2.257653   11.342636 -19.183954  30.2477621453178 -27.2035960   67.8949 /L    1.8009   0.0449618   68.701285   -58.85558         n.a.     n.a.
 2026-Jun-05 00:00 *   00 15 57.19 +00 15 44.6  00 17 18.42 +00 24 33.8  2.465003  0.905190  301.576398 -51.679346    7.778   9.284   99.97444  2.260582  284.271655 -19.165937  30.2085807536716 -27.1682922   70.2395 /L    1.8301   0.0437658   69.835938   -59.53492         n.a.     n.a.
 2026-Jun-07 12:00 *m  00 16 06.49 +00 16 36.7  00 17 27.83 +00 25 26.3  2.172480  0.829761  122.989402  54.097729    7.775   9.284   99.97371  2.263572  197.205890 -19.148889  30.1686691232360 -27.9991630   72.5940 /L    1.8566   0.0387591   69.096039   -63.21491         n.a.     n.a.
 2026-Jun-10 00:00 *   00 16 15.06 +00 17 24.2  00 17 36.43 +00 26 14.2  2.123668  0.752338  306.857063 -55.384519    7.772   9.284   99.97305  2.266601  110.144595 -19.133054  30.1283611328108 -27.9387885   74.9425 /L    1.8795   0.0375499   70.492616   -63.91997         n.a.     n.a.
 2026-Jun-12 12:00 *m  00 16 22.96 +00 18 07.1  00 17 44.44 +00 26 57.5  1.818671  0.674508  128.679680  57.769408    7.784   9.300   99.97248  2.269683   23.088258 -19.118258  30.0874461573427 -28.6117195   77.3015 /L    1.8997   0.0323287   69.651218   -67.66043         n.a.     n.a.
 2026-Jun-15 00:00 *m  00 16 30.12 +00 18 45.2  00 17 51.66 +00 27 36.2  1.769169  0.594534  313.198727 -58.825671    7.781   9.300   99.97201  2.272792  296.036026 -19.104706  30.0462812306457 -28.5175412   79.6546 /L    1.9162   0.0311066   71.424928   -68.38824         n.a.     n.a.
 2026-Jun-17 12:00 *   00 16 36.59 +00 19 18.5  00 17 58.26 +00 28 10.1  1.453782  0.515045  135.617434  61.136416    7.779   9.300   99.97162  2.275946  208.988425 -19.092257  30.0046507110645 -29.0183535   82.0182 /L    1.9299   0.0257054   70.491812   -72.18871         n.a.     n.a.
 2026-Jun-20 00:00 *m  00 16 42.29 +00 19 46.9  00 18 04.01 +00 28 39.1  1.405280  0.433930  320.870063 -61.898711    7.776   9.300   99.97133  2.279115  121.944476 -19.081075  29.9629312300675 -28.8833847   84.3755 /L    1.9398   0.0245125   72.840067   -72.91378         n.a.     n.a.
 2026-Jun-22 12:00 *   00 16 47.28 +00 20 10.6  00 18 09.10 +00 29 03.2  1.083091  0.353938  144.114481  64.072300    7.773   9.300   99.97114  2.282317   34.904758 -19.071042  29.9208958693608 -29.2104975   86.7431 /L    1.9467   0.0189909   71.903394   -76.76774         n.a.     n.a.
 2026-Jun-25 00:00 *m  00 16 51.51 +00 20 29.4  00 18 13.36 +00 29 22.4  1.036847  0.272819  330.114293 -64.462773    7.770   9.300   99.97104  2.285523  307.868220 -19.062283  29.8789243448511 -29.0437340   89.1047 /L    1.9499   0.0178690   75.258257   -77.47193         n.a.     n.a.
 2026-Jun-27 12:00 *   00 16 55.01 +00 20 43.4  00 18 16.99 +00 29 36.9  0.709997  0.192518  154.409082  66.407650    7.767   9.300   99.97105  2.288751  220.835509 -19.054707  29.8367781691412 -29.2020272   91.4769 /L    1.9501   0.0122606   74.828838   -81.38936         n.a.     n.a.
 2026-Jun-30 00:00 *   00 16 57.76 +00 20 52.5  00 18 19.79 +00 29 46.7  0.665691  0.111757  341.009873 -66.343338    7.763   9.300   99.97116  2.291973  133.805529 -19.048403  29.7948373877174 -29.0112995   93.8436 /L    1.9465   0.0112501   80.470006   -82.04935         n.a.     n.a.
 2026-Jul-02 12:00 *m  00 16 59.77 +00 20 56.8  00 18 21.92 +00 29 51.5  0.335766  0.031165  166.451107  67.942443    7.760   9.300   99.97136  2.295207   46.778974 -19.043310  29.7528591276501 -29.0009266   96.2217 /L    1.9399   0.0056201   84.697060   -86.01310         n.a.     n.a.
 2026-Jul-05 00:00 *   00 17 01.02 +00 20 56.3  00 18 23.21 +00 29 51.5  0.292626  -0.04919  353.261516 -67.361104    7.757   9.300   99.97167  2.298423  319.754708 -19.039482  29.7112241928845 -28.7893763   98.5949 /L    1.9296   0.0049455   99.541996   -86.46962         n.a.     n.a.
 2026-Jul-07 12:00 *m  00 17 01.53 +00 20 50.9  00 18 23.82 +00 29 46.5  -0.03885  -0.12986  179.652837  68.495896    7.754   9.300   99.97207  2.301641  232.733456 -19.036892  29.6696898449456 -28.6070378  100.9802 /L    1.9162   0.0022592   196.65521   -88.37766         n.a.     n.a.
 2026-Jul-10 00:00 *   00 17 01.29 +00 20 40.7  00 18 23.61 +00 29 36.8  -0.08156  -0.20983    6.090437 -67.391175    7.735   9.284   99.97257  2.304829  145.714033 -19.035553  29.6286409080582 -28.3713575  103.3612 /L    1.8992   0.0037520   201.24066   -87.28830         n.a.     n.a.
 2026-Jul-12 12:00 Cm  00 17 00.30 +00 20 25.7  00 18 22.76 +00 29 22.4  -0.41262  -0.28993  192.913893  67.985898    7.732   9.284   99.97316  2.308008   58.697178 -19.035476  29.5878388711666 -28.0096088  105.7546 /L    1.8790   0.0084050   234.90570   -83.87431         n.a.     n.a.
 2026-Jul-15 00:00 *m  00 16 58.57 +00 20 05.9  00 18 21.09 +00 29 03.3  -0.45435  -0.36884   18.460209 -66.422162    7.730   9.284   99.97384  2.311145  331.681630 -19.036628  29.5476764059829 -27.7403473  108.1436 /L    1.8551   0.0097536   230.92995   -82.84224         n.a.     n.a.
 2026-Jul-17 12:00 C   00 16 56.09 +00 19 41.5  00 18 18.73 +00 28 39.3  -0.78129  -0.44687  205.104943  66.474210    7.727   9.284   99.97461  2.314259  244.668130 -19.039054  29.5079182436345 -27.1953775  110.5448 /L    1.8282   0.0150009   240.23210   -78.86942         n.a.     n.a.
 2026-Jul-20 00:00 *m  00 16 52.90 +00 19 12.3  00 18 15.55 +00 28 10.5  -0.81994  -0.52331   29.542831 -64.561617    7.724   9.284   99.97545  2.317319  157.655356 -19.042668  29.4689545656844 -26.8940972  112.9412 /L    1.7977   0.0162118   237.45283   -77.88115         n.a.     n.a.
 2026-Jul-22 12:00 C   00 16 48.97 +00 18 38.7  00 18 11.72 +00 27 37.3  -1.13940  -0.59828  215.581130  64.129552    7.721   9.284   99.97636  2.320343   70.644092 -19.047548  29.4305435855601 -26.1781928  115.3496 /L    1.7643   0.0214487   242.29657   -73.74982         n.a.     n.a.
 2026-Jul-25 00:00 *m  00 16 44.35 +00 18 00.5  00 18 07.14 +00 26 59.7  -1.17454  -0.67165   38.987567 -61.980972    7.718   9.284   99.97735  2.323302  343.632994 -19.053566  29.3930636042505 -25.8544053  117.7533 /L    1.7274   0.0225503   240.23736   -72.78242         n.a.     n.a.
 2026-Jul-27 12:00 C   00 16 39.01 +00 17 18.1  00 18 01.93 +00 26 17.7  -1.48472  -0.74358  224.251143  61.149363    7.715   9.284   99.97839  2.326214  256.622889 -19.060829  29.3562725227681 -24.9777852  120.1691 /L    1.6875   0.0276752   243.39743   -68.53683         n.a.     n.a.
 2026-Jul-30 00:00 *   00 16 33.03 +00 16 31.3  00 17 55.98 +00 25 31.5  -1.51677  -0.81351   46.840111 -58.854226    7.713   9.284   99.97948  2.329049  169.612424 -19.069172  29.3205358481303 -24.6364071  122.5807 /L    1.6444   0.0286860   241.79328   -67.57550         n.a.     n.a.
 2026-Aug-01 12:00 Cm  00 16 26.34 +00 15 40.4  00 17 49.39 +00 24 41.0  -1.81609  -0.88247  231.337290  57.704958    7.710   9.284   99.98062  2.331826   82.602442 -19.078734  29.2856191442293 -23.6042449  125.0049 /L    1.5985   0.0336523   244.08414   -63.22085         n.a.     n.a.
 2026-Aug-04 00:00 *   00 16 19.04 +00 14 45.4  00 17 42.10 +00 23 46.4  -1.84575  -0.94876   53.333926 -55.325388    7.708   9.284   99.98180  2.334516  355.591588 -19.089316  29.2518739973062 -23.2461464  127.4254 /L    1.5494   0.0345886   242.79569   -62.25100         n.a.     n.a.
 2026-Aug-06 12:00 Cm  00 16 11.06 +00 13 46.5  00 17 34.21 +00 22 47.8  -2.13246  -1.01451  237.150297  53.925840    7.705   9.284   99.98300  2.337136  268.580692 -19.101085  29.2190806004754 -22.0584745  129.8592 /L    1.4977   0.0393580   244.55742   -57.78221         n.a.     n.a.
 2026-Aug-09 00:00 *   00 16 02.49 +00 12 43.7  00 17 25.70 +00 21 45.6  -2.15991  -1.07676   58.739085 -51.502134    7.703   9.284   99.98423  2.339658  181.568395 -19.113807  29.1875789455372 -21.6782458  132.2894 /L    1.4430   0.0402238   243.50270   -56.79056         n.a.     n.a.
 2026-Aug-11 12:00 Cm  00 15 53.29 +00 11 37.3  00 17 16.60 +00 20 39.6  -2.43103  -1.13817  241.978421  49.904204    7.701   9.284   99.98546  2.342099   94.555483 -19.127679  29.1571670649618 -20.3331794  134.7330 /L    1.3856   0.0447379   244.91164   -52.20903         n.a.     n.a.
 2026-Aug-14 00:00 *m  00 15 43.54 +00 10 27.2  00 17 06.88 +00 19 30.0  -2.45472  -1.19530   63.296209 -47.461927    7.698   9.284   99.98670  2.344430    7.540586 -19.142422  29.1281714066581 -19.9271093  137.1728 /L    1.3256   0.0455045   244.03667   -51.20127         n.a.     n.a.
 2026-Aug-16 12:00 C   00 15 33.19 +00 09 13.8  00 16 56.60 +00 18 16.8  -2.70621  -1.25072  246.054255  45.704331    7.696   9.284   99.98793  2.346668  280.524462 -19.158261  29.1003986714881 -18.4359343  139.6253 /L    1.2631   0.0496876   245.19514   -46.52968         n.a.     n.a.
 2026-Aug-19 00:00 *m  00 15 22.35 +00 07 57.2  00 16 45.78 +00 17 00.5  -2.72474  -1.30195   67.199137 -43.259962    7.694   9.284   99.98915  2.348786  193.505766 -19.174873  29.0741508130040 -18.0133029  142.0734 /L    1.1982   0.0503302   244.46041   -45.52384         n.a.     n.a.
 2026-Aug-21 12:00 N   00 15 10.96 +00 06 37.5  00 16 34.47 +00 15 41.2  -2.95445  -1.35086  249.556516  41.371630    7.693   9.284   99.99034  2.350801  106.485272 -19.192511  29.0492374676853 -16.3966991  144.5339 /L    1.1311   0.0541438   245.42872   -40.77816         n.a.     n.a.
 2026-Aug-24 00:00 *m  00 14 59.15 +00 05 15.1  00 16 22.69 +00 14 19.2  -2.96800  -1.39611   70.597641 -38.935729    7.691   9.284   99.99149  2.352688   19.461670 -19.210818  29.0259360922560 -15.9647763  146.9897 /L    1.0618   0.0546659   244.80832   -39.77540         n.a.     n.a.
 2026-Aug-26 12:00 N   00 14 46.82 +00 03 50.0  00 16 10.45 +00 12 54.5  -3.17483  -1.43862  252.619883  36.938502    7.689   9.284   99.99260  2.354462  292.435738 -19.230074  29.0040662426500 -14.2379722  149.4579 /L    0.9905   0.0580929   245.62315   -34.95936         n.a.     n.a.
 2026-Aug-29 00:00 *   00 14 34.14 +00 02 22.5  00 15 57.77 +00 11 27.2  -3.18390  -1.47775   73.606706 -34.518169    7.688   9.284   99.99366  2.356101  205.406206 -19.249894  28.9838807977497 -13.7993823  151.9215 /L    0.9173   0.0585020   245.10248   -33.95424         n.a.     n.a.
 2026-Aug-31 12:00 Nm  00 14 21.00 +00 00 52.7  00 15 44.68 +00 09 57.6  -3.36700  -1.51411  255.345879  32.428531    7.686   9.284   99.99466  2.357620  118.373831 -19.270581  28.9652164743974 -11.9725048  154.3976 /L    0.8423   0.0615296   245.78702   -29.06682         n.a.     n.a.
 2026-Sep-03 00:00 *   00 14 07.56 -00 00 39.2  00 15 31.25 +00 08 25.9  -3.37209  -1.54684   76.314565 -30.028810    7.685   9.284   99.99559  2.358997   31.337388 -19.291728  28.9483014099927 -11.5250451  156.8692 /L    0.7658   0.0618325   245.35826   -28.04667         n.a.     n.a.
 2026-Sep-05 12:00 Nm  00 13 53.71 -00 02 13.0  00 15 17.49 +00 06 52.5  -3.52993  -1.57679  257.812272  27.859496    7.684   9.284   99.99645  2.360245  304.297575 -19.313657  28.9329976886705  -9.6018569  159.3531 /L    0.6878   0.0644349   245.93015   -23.08245         n.a.     n.a.
 2026-Sep-08 00:00 *   00 13 39.63 -00 03 48.4  00 15 03.44 +00 05 17.5  -3.53031  -1.60228   78.789639 -25.484068    7.683   9.284   99.99723  2.361346  217.253208 -19.335937  28.9195078618204  -9.1411817  161.8320 /L    0.6085   0.0646150   245.58840   -22.03758         n.a.     n.a.
 2026-Sep-10 12:00 Nm  00 13 25.21 -00 05 25.3  00 14 49.06 +00 03 40.8  -3.65982  -1.62462  260.079265  23.245081    7.682   9.284   99.99792  2.362309  130.204910 -19.358901  28.9077175255113  -7.1304037  164.3218 /L    0.5280   0.0667368   246.06321   -17.00675         n.a.     n.a.
 2026-Sep-13 00:00 *m  00 13 10.62 -00 07 03.3  00 14 34.47 +00 02 02.9  -3.65386  -1.64194   81.086297 -20.897071    7.681   9.284   99.99852  2.363120   43.151565 -19.382095  28.8977948065299  -6.6628395  166.8039 /L    0.4467   0.0667638   245.80216   -15.94954         n.a.     n.a.
 2026-Sep-15 12:00 N   00 12 55.76 -00 08 42.3  00 14 19.64 +00 00 24.0  -3.75266  -1.65577  262.194632  18.596312    7.680   9.284   99.99902  2.363787  316.093755 -19.405864  28.8896380343165  -4.5874379  169.2928 /L    0.3645   0.0683619   246.19171   -10.88282         n.a.     n.a.
 2026-Sep-18 00:00 *m  00 12 40.81 -00 10 22.0  00 14 04.72 -00 01 15.5  -3.74025  -1.66505   83.248143 -16.278448    7.680   9.284   99.99942  2.364300  229.030466 -19.429732  28.8833769755426  -4.1250619  171.7656 /L    0.2822   0.0682355   246.00279   -9.828818         n.a.     n.a.
 2026-Sep-20 12:00 N   00 12 25.67 -00 12 02.1  00 13 49.62 -00 02 55.3  -3.80798  -1.67040  264.197550  13.922442    7.680   9.284   99.99971  2.364664  141.962255 -19.454062  28.8789225066332  -2.0079956  174.2256 /L    0.1999   0.0693040   246.31501   -4.750263         n.a.     n.a.
 2026-Sep-23 00:00 *m  00 12 10.52 -00 13 42.4  00 13 34.48 -00 04 35.5  -3.78987  -1.67213   85.311558 -11.637203    7.679   9.284   99.99990  2.364873   54.888203 -19.478362  28.8763716753884  -1.5559126  176.6000 /L    0.1199   0.0690394   246.19242   -3.699799         n.a.     n.a.
 2026-Sep-25 12:00 N   00 11 55.24 -00 15 22.7  00 13 19.22 -00 06 15.7  -3.82684  -1.66934  266.120722   9.231255    7.679   9.284   99.99998  2.364932  327.808833 -19.503011  28.8756518027698   0.5848004  178.4708 /L    0.0540   0.0695849   246.43222   1.3735898         n.a.     n.a.
 2026-Sep-28 00:00 *   00 11 40.02 -00 17 02.7  00 13 03.99 -00 07 55.8  -3.80384  -1.66384   87.307973  -6.981208    7.680   9.284   99.99995  2.364836  240.723314 -19.527508  28.8768295122861   1.0263305  177.5896 /T    0.0758   0.0691969   246.37485   2.4274691         n.a.     n.a.
 2026-Sep-30 12:00 Nm  00 11 24.74 -00 18 42.3  00 12 48.73 -00 09 35.2  -3.81055  -1.65339  267.992794   4.529647    7.680   9.284   99.99981  2.364588  153.632119 -19.552240  28.8798549036931   3.1791486  175.3064 /T    0.1511   0.0692299   246.54415   7.4883594         n.a.     n.a.
 2026-Oct-03 00:00 *   00 11 09.60 -00 20 21.1  00 12 33.61 -00 11 13.9  -3.78279  -1.64039   89.265219  -2.317441    7.680   9.284   99.99957  2.364186   66.534489 -19.576706  28.8847664968416   3.6155164  172.8610 /T    0.2323   0.0687192   246.55619   8.5637227         n.a.     n.a.
 2026-Oct-05 12:00 Nm  00 10 54.47 -00 21 59.0  00 12 18.51 -00 12 51.6  -3.75837  -1.62201  269.839934  -0.176009    7.681   9.284   99.99922  2.363632  339.430814 -19.601291  28.8915421587138   5.7722659  170.3646 /T    0.3148   0.0682240   246.65622   13.613049         n.a.     n.a.
 2026-Oct-08 00:00 *   00 10 39.54 -00 23 35.7  00 12 03.59 -00 14 28.3  -3.72451  -1.60060   91.209414   2.347438    7.681   9.284   99.99877  2.362925  252.320425 -19.625492  28.9001852672690   6.2019947  167.8570 /T    0.3969   0.0675645   246.74445   14.717164         n.a.     n.a.
 2026-Oct-10 12:00 N   00 10 24.71 -00 25 11.0  00 11 48.74 -00 16 03.7  -3.66753  -1.57379  271.686765  -4.879658    7.682   9.284   99.99821  2.362066  165.203634 -19.649688  28.9106941447607   8.3432520  165.3309 /T    0.4788   0.0665156   246.77507   19.739488         n.a.     n.a.
 2026-Oct-13 00:00 *m  00 10 10.16 -00 26 44.6  00 11 34.19 -00 17 37.3  -3.62707  -1.54379   93.165911   7.006868    7.683   9.284   99.99757  2.361059   78.079909 -19.673377  28.9230278121606   8.7532365  162.8062 /T    0.5596   0.0656991   246.94389   20.856113         n.a.     n.a.
 2026-Oct-15 12:00 N   00 09 55.79 -00 28 16.2  00 11 19.82 -00 19 08.9  -3.53787  -1.50881  273.558219  -9.575047    7.684   9.284   99.99683  2.359902  350.949510 -19.696936  28.9372005257880  10.8541334  160.2684 /T    0.6396   0.0641029   246.90308   25.826108         n.a.     n.a.
 2026-Oct-18 00:00 *m  00 09 41.77 -00 29 45.6  00 11 05.82 -00 20 38.2  -3.49192  -1.47110   95.160397  11.654235    7.685   9.284   99.99602  2.358604  263.812054 -19.719868  28.9531306504399  11.2341032  157.7354 /T    0.7181   0.0631524   247.15497   26.939194         n.a.     n.a.
 2026-Oct-20 12:00 N   00 09 28.00 -00 31 12.6  00 10 52.04 -00 22 05.3  -3.37209  -1.42853  275.480283 -14.255779    7.687   9.284   99.99512  2.357161  176.667747 -19.742550  28.9708504397674  13.2749946  155.1913 /T    0.7954   0.0610367   247.04088   31.839042         n.a.     n.a.
 2026-Oct-23 00:00 *m  00 09 14.65 -00 32 37.1  00 10 38.68 -00 23 29.8  -3.32196  -1.38413   97.220663  16.282483    7.688   9.284   99.99416  2.355584   89.516336 -19.764496  28.9902451793695  13.6220023  152.6533 /T    0.8709   0.0599798   247.38040   32.943292         n.a.     n.a.
 2026-Oct-25 12:00 Nm  00 09 01.61 -00 33 58.6  00 10 25.61 -00 24 51.5  -3.17356  -1.33466  277.481364 -18.915074    7.690   9.284   99.99313  2.353869    2.357971 -19.786082  29.0113660903174  15.5877586  150.1049 /T    0.9449   0.0573799   247.19045   37.760181         n.a.     n.a.
 2026-Oct-28 00:00 *   00 08 49.06 -00 35 17.2  00 10 13.07 -00 26 10.2  -3.12040  -1.28436   99.377627  20.883978    7.691   9.284   99.99205  2.352028  275.192509 -19.806834  29.0340717942413  15.9055247  147.5631 /T    1.0166   0.0562398   247.62788   38.860219         n.a.     n.a.
 2026-Oct-30 12:00 Nm  00 08 36.89 -00 36 32.6  00 10 00.89 -00 27 25.5  -2.94509  -1.22846  279.594252 -23.545279    7.693   9.284   99.99093  2.350056  188.020025 -19.827122  29.0584371753269  17.7883805  145.0107 /T    1.0867   0.0531839   247.35797   43.595433         n.a.     n.a.
 2026-Nov-02 00:00 *   00 08 25.26 -00 37 44.7  00 09 49.28 -00 28 37.5  -2.88839  -1.17199  101.667071  25.450071    7.695   9.284   99.98977  2.347967  100.840462 -19.846490  29.0842967648582  18.0831325  142.4652 /T    1.1543   0.0519518   247.91475   44.711798         n.a.     n.a.
 2026-Nov-04 12:00 Nm  00 08 14.07 -00 38 53.1  00 09 38.05 -00 29 46.2  -2.68629  -1.10952  281.857563 -28.137574    7.697   9.284   99.98859  2.345753   13.653814 -19.865286  29.1117454228801  19.8701872  139.9092 /T    1.2199   0.0484401   247.55788   49.372925         n.a.     n.a.
 2026-Nov-07 00:00 *   00 08 03.48 -00 39 57.8  00 09 27.46 -00 30 51.1  -2.62510  -1.04647  104.132123  29.970342    7.699   9.284   99.98739  2.343432  286.460145 -19.883076  29.1405821202039  20.1339063  137.3606 /T    1.2827   0.0470999   248.26575   50.509024         n.a.     n.a.
 2026-Nov-09 12:00 A   00 07 53.40 -00 40 58.6  00 09 17.33 -00 31 52.0  -2.39739  -0.97801  284.318686 -32.681171    7.701   9.284   99.98618  2.340995  199.259396 -19.900186  29.1709151860658  21.8031649  134.8024 /T    1.3433   0.0431535   247.80715   55.087390         n.a.     n.a.
 2026-Nov-12 00:00 *m  00 07 43.97 -00 41 55.2  00 09 07.92 -00 32 48.7  -2.33253  -0.90901  106.825405  34.432172    7.704   9.284   99.98498  2.338462  112.051786 -19.916209  29.2025053352507  22.0237638  132.2525 /T    1.4007   0.0417232   248.70853   56.226681         n.a.     n.a.
 2026-Nov-14 12:00 A   00 07 35.11 -00 42 47.6  00 08 59.02 -00 33 41.1  -2.08184  -0.83568  287.037372 -37.162505    7.706   9.284   99.98378  2.335825   24.837199 -19.931453  29.2354768898002  23.5576444  129.6938 /T    1.4558   0.0373885   248.12870   60.712212         n.a.     n.a.
 2026-Nov-17 00:00 *m  00 07 26.95 -00 43 35.5  00 08 50.87 -00 34 29.1  -2.01502  -0.76194  109.813452  38.819570    7.709   9.284   99.98262  2.333105  297.616007 -19.945541  29.2695588585782  23.7293613  127.1444 /T    1.5075   0.0359044   249.28677   61.837451         n.a.     n.a.
 2026-Nov-19 12:00 A   00 07 19.39 -00 44 18.9  00 08 43.26 -00 35 12.7  -1.74437  -0.68474  290.090055 -41.564301    7.711   9.284   99.98148  2.330292  210.388024 -19.958763  29.3048936380809  25.1167516  124.5867 /T    1.5565   0.0312326   248.56780   66.226572         n.a.     n.a.
 2026-Nov-22 00:00 *m  00 07 12.58 -00 44 57.7  00 08 36.44 -00 35 51.8  -1.67728  -0.60755  113.181721  43.111756    7.714   9.284   99.98038  2.327410  123.153756 -19.970775  29.3411864239356  25.2402626  122.0388 /T    1.6021   0.0297321   250.08835   67.324866         n.a.     n.a.
 2026-Nov-24 12:00 Am  00 07 06.42 -00 45 31.8  00 08 30.23 -00 36 26.0  -1.38977  -0.52728  293.576871 -45.863569    7.717   9.284   99.97933  2.324446   35.912945 -19.981850  29.3785979135803  26.4756670  119.4828 /T    1.6448   0.0247740   249.22331   71.618148         n.a.     n.a.
 2026-Nov-27 00:00 *   00 07 01.02 -00 46 01.0  00 08 24.86 -00 36 55.2  -1.32330  -0.44748  117.040757  47.281177    7.720   9.284   99.97834  2.321426  308.666190 -19.991673  29.4168192294943  26.5596961  116.9367 /T    1.6839   0.0232818   251.31695   72.687464         n.a.     n.a.
 2026-Nov-29 12:00 Am  00 06 56.30 -00 46 25.4  00 08 20.11 -00 37 19.6  -1.02068  -0.36419  297.630243 -50.028879    7.723   9.284   99.97741  2.318336  221.413151 -20.000497  29.4560294339627  27.6414049  114.3822 /T    1.7201   0.0180618   250.36315   76.902402         n.a.     n.a.
 2026-Dec-02 00:00 *   00 06 52.37 -00 46 44.8  00 08 16.18 -00 37 39.2  -0.95372  -0.28157  121.534756  51.289981    7.725   9.284   99.97656  2.315202  134.154504 -20.008032  29.4959038216783  27.6887259  111.8374 /T    1.7524   0.0165737   253.55163   77.952813         n.a.     n.a.
 2026-Dec-04 12:00 Am  00 06 49.17 -00 46 59.1  00 08 12.90 -00 37 53.8  -0.63730  -0.19545  302.424903 -54.016374    7.728   9.284   99.97578  2.312009   46.889861 -20.014503  29.5366277066236  28.6020976  109.2844 /T    1.7817   0.0111100   252.95016   82.104337         n.a.     n.a.
 2026-Dec-07 00:00 *   00 06 46.78 -00 47 08.3  00 08 10.51 -00 38 03.2  -0.56989  -0.11041  126.848875  55.085617    7.731   9.284   99.97509  2.308787  319.620013 -20.019656  29.5778526640252  28.6035335  106.7418 /T    1.8071   0.0096749   259.03528   83.104571         n.a.     n.a.
 2026-Dec-09 12:00 A   00 06 45.13 -00 47 12.3  00 08 08.82 -00 38 07.3  -0.24273  -0.02270  308.188706 -57.763380    7.735   9.284   99.97448  2.305520  232.344543 -20.023684  29.6197699560068  29.3341125  104.1915 /T    1.8294   0.0040631   264.65656   87.160895         n.a.     n.a.
 2026-Dec-12 00:00 *m  00 06 44.31 -00 47 11.0  00 08 08.02 -00 38 06.1  -0.17625  0.063795  133.212173  58.594648    7.738   9.284   99.97397  2.302236  145.064361 -20.026378  29.6620110128171  29.2840266  101.6525 /T    1.8476   0.0031239   289.89844   87.809546         n.a.     n.a.
 2026-Dec-14 12:00 A   00 06 44.26 -00 47 04.6  00 08 07.91 -00 37 59.8  0.158103  0.151686  315.202666 -61.180626    7.741   9.284   99.97356  2.298922   57.779003 -20.027900  29.7047783399858  29.8258888   99.1066 /T    1.8626   0.0036517   46.186627   87.482800         n.a.     n.a.
 2026-Dec-17 00:00 *m  00 06 45.03 -00 46 52.9  00 08 08.68 -00 37 48.4  0.222002  0.238541  140.883169  61.715058    7.744   9.284   99.97325  2.295606  330.489486 -20.028085  29.7476888293748  29.7242429   96.5726 /T    1.8736   0.0054310   42.943285   86.240989         n.a.     n.a.
 2026-Dec-19 12:00 A   00 06 46.58 -00 46 35.9  00 08 10.15 -00 37 31.7  0.560141  0.325537  323.770333 -64.142988    7.747   9.284   99.97304  2.292271  243.195288 -20.027067  29.7909586617257  30.0781782   94.0323 /T    1.8813   0.0107978   59.836126   82.633909         n.a.     n.a.
 2026-Dec-22 00:00 *m  00 06 48.95 -00 46 13.8  00 08 12.54 -00 37 09.7  0.620035  0.411656  150.090039  64.310932    7.750   9.284   99.97294  2.288949  155.897512 -20.024722  29.8341976183365  29.9308743   91.5044 /T    1.8850   0.0124041   56.418908   81.499788         n.a.     n.a.
 2026-Dec-24 12:00  m  00 06 52.10 -00 45 46.5  00 08 15.65 -00 36 42.5  0.959217  0.497288  334.113027 -66.484740    7.753   9.284   99.97293  2.285621   68.595560 -20.021157  29.8776364222617  30.1040777   88.9702 /T    1.8855   0.0180077   62.596370   77.809357         n.a.     n.a.
 2026-Dec-27 00:00 *   00 06 56.06 -00 45 14.2  00 08 19.64 -00 36 10.2  1.015241  0.582296  160.895278  66.216940    7.756   9.284   99.97304  2.282318  341.290586 -20.016287  29.9208861192933  29.9218748   86.4481 /T    1.8820   0.0195063   60.163396   76.733021         n.a.     n.a.
 2026-Dec-29 12:00  m  00 07 00.79 -00 44 36.7  00 08 24.30 -00 35 32.9  1.354499  0.667002  346.154168 -68.014578    7.760   9.284   99.97324  2.279020  253.981923 -20.010182  29.9641838914328  29.9162526   83.9194 /T    1.8753   0.0251637   63.782778   73.055952         n.a.     n.a.
$$EOE
**********************************************************************************************************************************************************************************************************************************************************************************************
Column meaning:
 
TIME

  Times PRIOR to 1962 are UT1, a mean-solar time closely related to the
prior but now-deprecated GMT. Times AFTER 1962 are in UTC, the current
civil or "wall-clock" time-scale. UTC is kept within 0.9 seconds of UT1
using integer leap-seconds for 1972 and later years.

  Conversion from the internal Barycentric Dynamical Time (TDB) of solar
system dynamics to the non-uniform civil UT time-scale requested for output
has not been determined for UTC times after the next July or January 1st.
Therefore, the last known leap-second is used as a constant over future
intervals.

  Time tags refer to the UT time-scale conversion from TDB on Earth
regardless of observer location within the solar system, although clock
rates may differ due to the local gravity field and no analog to "UT"
may be defined for that location.

  Any 'b' symbol in the 1st-column denotes a B.C. date. First-column blank
(" ") denotes an A.D. date.
 
CALENDAR SYSTEM

  Mixed calendar mode was active such that calendar dates after AD 1582-Oct-15
(if any) are in the modern Gregorian system. Dates prior to 1582-Oct-5 (if any)
are in the Julian calendar system, which is automatically extended for dates
prior to its adoption on 45-Jan-1 BC.  The Julian calendar is useful for
matching historical dates. The Gregorian calendar more accurately corresponds
to the Earth's orbital motion and seasons. A "Gregorian-only" calendar mode is
available if such physical events are the primary interest.

  NOTE: "n.a." in output means quantity "not available" at the print-time.
 
SOLAR PRESENCE (OBSERVING SITE)
  Time tag is followed by a blank, then a solar-presence symbol:

       '*'  Daylight (refracted solar upper-limb on or above apparent horizon)
       'C'  Civil twilight/dawn
       'N'  Nautical twilight/dawn
       'A'  Astronomical twilight/dawn
       ' '  Night OR geocentric ephemeris

LUNAR PRESENCE (OBSERVING SITE)
  The solar-presence symbol is immediately followed by a lunar-presence symbol:

       'm'  Refracted upper-limb of Moon on or above apparent horizon
       ' '  Refracted upper-limb of Moon below apparent horizon OR geocentric
            ephemeris
 
 'R.A._____(ICRF)_____DEC' =
  Astrometric right ascension and declination of the target center with
respect to the observing site (coordinate origin) in the reference frame of
the planetary ephemeris (ICRF). Compensated for down-leg light-time delay
aberration.

  Units: RA  in hours-minutes-seconds of time,    HH MM SS.ff{ffff}
         DEC in degrees-minutes-seconds of arc,  sDD MN SC.f{ffff}
 
 'R.A.__(a-apparent)__DEC' =
  Airless apparent right ascension and declination of the target center
with respect to an instantaneous reference frame defined by the Earth equator
of-date (z-axis) and meridian containing the Earth equinox of-date (x-axis,
EOP-corrected IAU76/80). Compensated for down-leg light-time delay,
gravitational deflection of light, stellar aberration, precession & nutation.
Note: equinox (RA origin) is offset -53 mas from the of-date frame defined
by the IAU06/00a P & N system.

  Units: RA  in hours-minutes-seconds of time,   HH MM SS.ff{ffff}
         DEC in degrees-minutes-seconds of arc, sDD MN SC.f{ffff}
 
 'dRA*cosD d(DEC)/dt' =
  The angular rate of change in apparent RA and DEC of the target. This is
with respect to the non-inertial IAU76/80 Earth true equator and equinox
of-date reference frame.  d(RA)/dt is multiplied by the cosine of declination
to provide a linear rate in the plane-of-sky. Units: ARCSECONDS PER HOUR
 
 'Azi____(a-app)___Elev' =
  Airless apparent azimuth and elevation of target center. Compensated
for light-time, the gravitational deflection of light, stellar aberration,
precession and nutation. Azimuth is measured clockwise from north:

  North(0) -> East(90) -> South(180) -> West(270) -> North (360)

Elevation angle is with respect to a plane perpendicular to the reference
surface local zenith direction. TOPOCENTRIC ONLY.  Units: DEGREES
 
 'APmag   S-brt' =
  The targets' approximate apparent visual magnitude and surface brightness.
For planets and natural satellites, output is restricted to solar phase angles
covered by observational data. Outside the observed phase angle range, "n.a."
may be output to avoid extrapolation beyond the limit of model validity.

   For Earth-based observers, the estimated dimming due to atmospheric
absorption (extinction) is available as a separate, requestable quantity.

   Surface brightness is the average airless visual magnitude of a
square-arcsecond of the illuminated portion of the apparent disk. It is
computed only if the target radius is known.

   Units: MAGNITUDES & MAGNITUDES PER SQUARE ARCSECOND
 
 'Illu%' =
   Fraction of the target objects' assumed circular disk illuminated by Sun
(phase), as seen by the observer.  Units: PERCENT
 
 'Ang-diam' =
   The equatorial angular width of the target body full disk, if it were fully
illuminated and visible to the observer. If the target body diameter is unknown
"n.a." is output.

   Units: ARCSECONDS
 
 'ObsSub-LON ObsSub-LAT' =
   Apparent planetodetic longitude and latitude of the center of the target
disc seen by the OBSERVER at print-time. This is NOT exactly the same as the
"nearest" sub-point for a non-spherical target shape (since the center of the
disc might not be the point closest to the observer), but is generally very
close if not a very irregular body shape. Down-leg light travel-time from
target to observer is taken into account. Latitude is the angle between the
equatorial plane and the line perpendicular to the reference ellipsoid of the
body, so includes body oblateness. The reference ellipsoid is an oblate
spheroid with a single flatness coefficient in which the y-axis body radius
is taken to be the same value as the x-axis radius.  For Jupiter, Saturn, and
Uranus, IAU2015 longitude is based on the "System III" prime meridian rotation
angle of the magnetic field. By contrast, pole direction (thus latitude) is
relative to the body dynamical equator.  There can be an offset between the
magnetic pole and the dynamical pole of rotation. For Neptune, rotation is
IAU2015 "System II" rotation of optically observed features in the Neptunian
atmosphere. Positive longitude is to the WEST for this target. Cartographic
system is specified in the header.  Units: DEGREES DEGREES
 
 'delta      deldot' =
   Apparent range ("delta", light-time aberrated) and range-rate ("delta-dot")
of the target center relative to the observer. A positive "deldot" means the
target center is moving away from the observer, negative indicates movement
toward the observer.  Units: AU and KM/S
 
 'S-O-T /r' =
   Sun-Observer-Target apparent SOLAR ELONGATION ANGLE seen from the observers'
location at print-time.

   The '/r' column provides a code indicating the targets' apparent position
relative to the Sun in the observers' sky, as described below:

   Case A: For an observing location on the surface of a rotating body, that
body rotational sense is considered:

    /T indicates target TRAILS Sun   (evening sky: rises and sets AFTER Sun)
    /L indicates target LEADS Sun    (morning sky: rises and sets BEFORE Sun)

   Case B: For an observing point that does not have a rotational model (such
as a spacecraft), the "leading" and "trailing" condition is defined by the
observers' heliocentric ORBITAL motion:

    * If continuing in the observers' current direction of heliocentric
       motion would encounter the targets' apparent longitude first, followed
       by the Sun's, the target LEADS the Sun as seen by the observer.

    * If the Sun's apparent longitude would be encountered first, followed
       by the targets', the target TRAILS the Sun.

   Two other codes can be output:
    /* indicates observer is Sun-centered    (undefined)
    /? Target is aligned with Sun center     (no lead or trail)

   The S-O-T solar elongation angle is numerically the minimum separation
angle of the Sun and target in the sky in any direction. It does NOT indicate
the amount of separation in the leading or trailing directions, which would
be defined along the equator of a spherical coordinate system.

   Units: DEGREES
 
 'S-T-O' =
   The Sun-Target-Observer angle; the interior vertex angle at target center
formed by a vector from the target to the apparent center of the Sun (at
reflection time on the target) and the apparent vector from target to the
observer at print-time. Slightly different from true PHASE ANGLE (requestable
separately) at the few arcsecond level in that it includes stellar aberration
on the down-leg from target to observer.  Units: DEGREES
 
 'Sky_motion  Sky_mot_PA  RelVel-ANG' =
  Total apparent angular rate of the target in the plane-of-sky. "Sky_mot_PA"
is the position angle of the target's direction of motion in the plane-of-sky,
measured counter-clockwise from the apparent of-date north pole direction.
"RelVel-ANG" is the flight path angle of the target's relative motion with
respect to the observer's line-of-sight, in the range [-90,+90], where positive
values indicate motion away from the observer, negative values are toward the
observer:

  -90 = target is moving directly toward the observer
    0 = target is moving at right angles to the observer's line-of-sight
  +90 = target is moving directly away from the observer

UNITS:  ARCSECONDS/MINUTE, DEGREES, DEGREES
 
 'Lun_Sky_Brt  sky_SNR' =
  Sky brightness due to moonlight scattered by Earth's atmosphere at the
target's position in the sky. "sky_SNR" is the visual signal-to-noise ratio
(SNR) of the target's surface brightness relative to background sky. Output
only for topocentric Earth observers when both the Moon and target are above
the local horizon and the Sun is in astronomical twilight (or further) below
the horizon, and the target is not the Moon or Sun. If all conditions are
not met, "n.a." is output. Galactic brightness, local sky light-pollution
and weather are NOT considered. Lunar opposition surge is considered. The
value returned is accurate under ideal conditions at the approximately 8-23%
level, so is a useful but not definitive value.

  If the target-body radius is also known, "sky_SNR" is output. This is the
approximate visual signal-to-noise ratio of the target's brightness divided
by lunar sky brightness. When sky_SNR < 1, the target is dimmer than the
ideal moonlight-scattering background sky, so unlikely to be detectable at
visual wavelengths. In practice, visibility requires sky_SNR > 1 and a
detector sensitive enough to reach the target's magnitude, even if it isn't
washed out by moonlight. When relating magnitudes and brightness values,
keep in mind their logarithmic relationship m2-m1 = -2.5*log_10(b2/b1).

  UNITS: VISUAL MAGNITUDES / ARCSECOND^2, and unitless ratio

Computations by ...

    Solar System Dynamics Group, Horizons On-Line Ephemeris System
    4800 Oak Grove Drive, Jet Propulsion Laboratory
    Pasadena, CA  91109   USA

    General site: https://ssd.jpl.nasa.gov/
    Mailing list: https://ssd.jpl.nasa.gov/email_list.html
    System news : https://ssd.jpl.nasa.gov/horizons/news.html
    User Guide  : https://ssd.jpl.nasa.gov/horizons/manual.html
    Connect     : browser        https://ssd.jpl.nasa.gov/horizons/app.html#/x
                  API            https://ssd-api.jpl.nasa.gov/doc/horizons.html
                  command-line   telnet ssd.jpl.nasa.gov 6775
                  e-mail/batch   https://ssd.jpl.nasa.gov/ftp/ssd/horizons_batch.txt
                  scripts        https://ssd.jpl.nasa.gov/ftp/ssd/SCRIPTS
    Author      : Jon.D.Giorgini@jpl.nasa.gov

**********************************************************************************************************************************************************************************************************************************************************************************************
