*******************************************************************************
 Revised: September 25, 2025           Uranus                               799
 
 PHYSICAL DATA:
  Mass x10^24 (kg)      = 86.813          Density (g/cm^3)       =  1.271
  Equat. radius (1 bar) = 25559+-4 km     Polar radius (km)      = 24973+-20
  Vol. Mean Radius (km) = 25362+-12       Flattening             =  0.02293
  Geometric Albedo      = 0.51
  Sid. rot. period (III)= 17.24+-0.01 h   Sid. rot. rate (rad/s) = -0.000101237
  Mean solar day, h     =~17.24           Rocky core mass (Mc/M) =  0.0012        
  GM (km^3/s^2)         = 5793950.6103    GM 1-sigma (km^3/s^2)  = +-4.3 
  Equ. grav, ge (m/s^2) =  8.87           Pol. grav, gp (m/s^2)  =   9.19+-0.02
  Visual magnitude V(1,0)= -7.11
  Vis. mag. (opposition)=  +5.52          Obliquity to orbit     = 97.77 deg
  Sidereal orbit period = 84.0120465 y    Sidereal orbit period  = 30685.4 d
  Mean daily motion     = 0.01176904 dg/d Mean orbit velocity    =  6.8 km/s
  Atmos. temp. (1 bar)  =  76+-2 K        Escape speed, km/s     =  21.3           
  Aroche(ice)/Rp        =  2.20           Hill's sphere rad., Rp = 2700
                                 Perihelion   Aphelion    Mean
  Solar Constant (W/m^2)         4.09         3.39        3.71
  Maximum Planetary IR (W/m^2)   0.72         0.55        0.63
  Minimum Planetary IR (W/m^2)   0.72         0.55        0.63
*******************************************************************************


*******************************************************************************
Ephemeris / WWW_USER Mon Apr  6 16:57:03 2026 Pasadena, USA      / Horizons    
*******************************************************************************
Target body name: Uranus (799)                    {source: ura184_merged}
Center body name: Earth (399)                     {source: DE441}
Center-site name: (user defined site below)
*******************************************************************************
Start time      : A.D. 2026-Jan-01 00:00:00.0000 UT      
Stop  time      : A.D. 2026-Dec-31 00:00:00.0000 UT      
Step-size       : 3600 minutes
*******************************************************************************
Target pole/equ : IAU_URANUS                      {East-longitude positive}
Target radii    : 25559.0, 25559.0, 24973.0 km    {Equator_a, b, pole_c}       
Center geodetic : 270.5, 21.0, .010               {E-lon(deg),Lat(deg),Alt(km)}
Center cylindric: 270.5, 5957.07452, 2271.3986    {E-lon(deg),Dxy(km),Dz(km)}
Center pole/equ : ITRF93                          {East-longitude positive}
Center radii    : 6378.137, 6378.137, 6356.752 km {Equator_a, b, pole_c}       
Target primary  : Sun
Vis. interferer : MOON (R_eq= 1737.400) km        {source: DE441}
Rel. light bend : Sun                             {source: DE441}
Rel. lght bnd GM: 1.3271E+11 km^3/s^2                                          
Atmos refraction: NO (AIRLESS)
RA format       : HMS
Time format     : CAL 
Calendar mode   : Mixed Julian/Gregorian
EOP file        : eop.260406.p260703                                           
EOP coverage    : DATA-BASED 1962-JAN-20 TO 2026-APR-06. PREDICTS-> 2026-JUL-02
Units conversion: 1 au= 149597870.700 km, c= 299792.458 km/s, 1 day= 86400.0 s 
Table cut-offs 1: Elevation (-90.0deg=NO ),Airmass (>38.000=NO), Daylight (NO )
Table cut-offs 2: Solar elongation (  0.0,180.0=NO ),Local Hour Angle( 0.0=NO )
Table cut-offs 3: RA/DEC angular rate (     0.0=NO )                           
**********************************************************************************************************************************************************************************************************************************************************************************************
 Date__(UT)__HR:MN     R.A._____(ICRF)_____DEC  R.A.__(a-apparent)__DEC  dRA*cosD d(DEC)/dt  Azi____(a-app)___Elev    APmag   S-brt      Illu%  Ang-diam  ObsSub-LON ObsSub-LAT             delta      deldot     S-O-T /r     S-T-O  Sky_motion  Sky_mot_PA  RelVel-ANG  Lun_Sky_Brt  sky_SNR
**********************************************************************************************************************************************************************************************************************************************************************************************
$$SOE
 2026-Jan-01 00:00 Nm  03 41 25.53 +19 25 28.6  03 42 56.94 +19 30 34.6  -4.10615  -0.85481   83.860347  48.290069    5.646   8.236   99.97084  3.757946    3.751320  69.516094  18.7552598890885  19.7036466  137.3828 /T    1.9525   0.0699031   258.24022   51.188329         n.a.     n.a.
 2026-Jan-03 12:00 Nm  03 41 08.95 +19 24 36.7  03 42 40.33 +19 29 43.4  -3.69069  -0.85143  311.700442 -32.275222    5.649   8.236   99.96794  3.752020  176.501874  69.455703  18.7848778623928  21.2262755  134.7643 /T    2.0479   0.0631271   257.00926   55.967428         n.a.     n.a.
 2026-Jan-06 00:00 N   03 40 53.53 +19 23 48.6  03 42 24.92 +19 28 55.8  -3.60662  -0.74293   85.166987  52.989331    5.652   8.236   99.96505  3.745866  349.253869  69.399478  18.8157419673559  21.6110563  132.1599 /T    2.1385   0.0613723   258.36038   57.140316         n.a.     n.a.
 2026-Jan-08 12:00 Nm  03 40 39.15 +19 23 03.7  03 42 10.46 +19 28 11.4  -3.15967  -0.72915  315.688619 -35.705110    5.656   8.236   99.96217  3.739451  162.006011  69.346996  18.8480193930798  22.9952966  129.5501 /T    2.2252   0.0540452   257.00541   61.831621         n.a.     n.a.
 2026-Jan-11 00:00 N   03 40 25.99 +19 22 23.1  03 41 57.29 +19 27 30.9  -3.06886  -0.62117   86.522713  57.681462    5.660   8.235   99.95936  3.732838  334.760170  69.298948  18.8814112805715  23.3491029  126.9545 /T    2.3066   0.0521850   258.55727   62.972946         n.a.     n.a.
 2026-Jan-13 12:00 Nm  03 40 13.95 +19 21 45.8  03 41 45.18 +19 26 54.1  -2.59274  -0.59700  320.132710 -38.872715    5.664   8.235   99.95661  3.725994  147.515009  69.254974  18.9160935824969  24.5811311  124.3540 /T    2.3839   0.0443431   257.03324   67.584302         n.a.     n.a.
 2026-Jan-16 00:00 C   03 40 03.20 +19 21 13.2  03 41 34.45 +19 26 21.6  -2.49541  -0.49034   87.971461  62.362851    5.668   8.235   99.95397  3.718985  320.272472  69.215678  18.9517431108187  24.8953043  121.7683 /T    2.4556   0.0423854   258.88325   68.692341         n.a.     n.a.
 2026-Jan-18 12:00 N   03 39 53.65 +19 20 44.2  03 41 24.84 +19 25 53.0  -1.99470  -0.45631  325.072269 -41.730694    5.672   8.235   99.95143  3.711778  133.031181  69.180749  18.9885420707030  25.9605676  119.1787 /T    2.5228   0.0341037   257.11459   73.220214         n.a.     n.a.
 2026-Jan-21 00:00 Cm  03 39 45.45 +19 20 19.9  03 41 16.64 +19 25 29.0  -1.89246  -0.35246   89.588633  67.029803    5.676   8.235   99.94904  3.704442  305.793112  69.150693  19.0261459457200  26.2269957  116.6048 /T    2.5843   0.0320834   259.44977   74.286374         n.a.     n.a.
 2026-Jan-23 12:00 N   03 39 38.50 +19 19 59.6  03 41 09.60 +19 25 08.8  -1.37260  -0.30962  330.530370 -44.226486    5.681   8.235   99.94680  3.696942  118.556851  69.125243  19.0647417106654  27.1125744  114.0279 /T    2.6410   0.0234515   257.28850   78.726719         n.a.     n.a.
 2026-Jan-26 00:00 Cm  03 39 32.93 +19 19 44.1  03 41 04.02 +19 24 53.3  -1.26857  -0.20970   91.522060  71.677891    5.685   8.235   99.94474  3.689351  291.324396  69.104793  19.1039683734219  27.3268208  111.4676 /T    2.6919   0.0214297   260.61369   79.735369         n.a.     n.a.
 2026-Jan-28 12:00 N   03 39 28.66 +19 19 32.6  03 40 59.68 +19 24 41.8  -0.73671  -0.15928  336.501895 -46.304390    5.690   8.235   99.94285  3.681632  104.094281  69.089104  19.1440221228461  28.0288877  108.9052 /T    2.7378   0.0125622   257.80028   84.078694         n.a.     n.a.
 2026-Jan-31 00:00 Cm  03 39 25.77 +19 19 26.1  03 40 56.83 +19 24 35.4  -0.63399  -0.06476   94.110872  76.300500    5.694   8.235   99.94118  3.673857  276.868482  69.078457  19.1845354160262  28.1966991  106.3597 /T    2.7778   0.0106216   264.16784   85.007560         n.a.     n.a.
 2026-Feb-02 12:00 Nm  03 39 24.21 +19 19 23.6  03 40 55.20 +19 24 33.0  -0.09507  -0.00731  342.941288 -47.909407    5.699   8.235   99.93970  3.665988   89.645495  69.072663  19.2257186455491  28.7214943  103.8123 /T    2.8128   0.0015892   265.60614   89.263259         n.a.     n.a.
 2026-Feb-05 00:00 C   03 39 24.04 +19 19 26.1  03 40 55.02 +19 24 35.5  0.006343  0.081570   98.362707  80.882110    5.703   8.235   99.93846  3.658094  262.427297  69.071911  19.2672033574276  28.8521924  101.2815 /T    2.8418   0.0013636   4.4461989   89.369360         n.a.     n.a.
 2026-Feb-07 12:00 Nm  03 39 25.21 +19 19 32.6  03 40 56.09 +19 24 41.8  0.550166  0.145946  349.752908 -48.993738    5.708   8.235   99.93743  3.650137   75.212387  69.076086  19.3092076873188  29.2011042   98.7486 /T    2.8658   0.0094866   75.142951   85.663736         n.a.     n.a.
 2026-Feb-10 00:00 C   03 39 27.76 +19 19 44.3  03 40 58.65 +19 24 53.2  0.651480  0.228869  109.127160  85.352576    5.713   8.235   99.93664  3.642187  248.002758  69.085294  19.3513553754217  29.2917734   96.2322 /T    2.8839   0.0115085   70.643311   84.749044         n.a.     n.a.
 2026-Feb-12 12:00 Nm  03 39 31.67 +19 19 59.9  03 41 02.50 +19 25 08.6  1.196772  0.299715  356.791962 -49.523236    5.717   8.235   99.93609  3.634203   60.796932  69.099483  19.3938638878738  29.4585346   93.7139 /T    2.8968   0.0205622   75.940252   80.706879         n.a.     n.a.
 2026-Feb-15 00:00 C   03 39 36.95 +19 20 20.7  03 41 07.80 +19 25 29.2  1.297099  0.375701  187.996804  88.409468    5.722   8.235   99.93579  3.626259  233.596883  69.118660  19.4363505995693  29.5040103   91.2122 /T    2.9038   0.0225069   73.846492   79.839058         n.a.     n.a.
 2026-Feb-17 12:00 N   03 39 43.60 +19 20 45.4  03 41 14.37 +19 25 53.7  1.839518  0.451739    3.879233 -49.483969    5.727   8.234   99.93572  3.618314   46.401150  69.142830  19.4790306966972  29.4834781   88.7093 /T    2.9057   0.0315696   76.202635   75.849513         n.a.     n.a.
 2026-Feb-20 00:00 Cm  03 39 51.59 +19 21 15.1  03 41 22.36 +19 26 23.1  1.937243  0.520057  252.843649  84.964893    5.731   8.234   99.93590  3.610439  219.211675  69.171895  19.5215179992987  29.4794893   86.2235 /T    2.9017   0.0334306   74.973108   75.018642         n.a.     n.a.
 2026-Feb-22 12:00 N   03 40 00.94 +19 21 48.7  03 41 31.63 +19 26 56.1  2.470916  0.600187   10.827698 -48.885599    5.736   8.234   99.93632  3.602594   32.027015  69.205902  19.5640264894005  29.2714053   83.7370 /T    2.8927   0.0423794   76.347220   71.099342         n.a.     n.a.
 2026-Feb-25 00:00 *m  03 40 11.60 +19 22 27.2  03 41 42.31 +19 27 34.1  2.562964  0.659609  262.374863  80.541921    5.741   8.234   99.93696  3.594849  204.849034  69.244641  19.6061748596442  29.2217547   81.2682 /T    2.8781   0.0441080   75.567450   70.316350         n.a.     n.a.
 2026-Feb-27 12:00 C   03 40 23.58 +19 23 09.3  03 41 54.24 +19 28 15.8  3.082753  0.742781   17.472295 -47.759318    5.745   8.234   99.93784  3.587164   17.676295  69.288203  19.6481816309130  28.8370157   78.7991 /T    2.8584   0.0528496   76.452954   66.477574         n.a.     n.a.
 2026-Mar-02 00:00 *m  03 40 36.81 +19 23 56.1  03 42 07.49 +19 29 02.3  3.168357  0.793155  266.359413  76.064148    5.750   8.234   99.93893  3.579604  190.510585  69.336284  19.6896793842496  28.7539408   76.3475 /T    2.8334   0.0544354   75.945622   65.744419         n.a.     n.a.
 2026-Mar-04 12:00 Cm  03 40 51.32 +19 24 46.4  03 42 21.93 +19 29 52.0  3.672118  0.879206   23.691406 -46.152828    5.754   8.234   99.94022  3.572127    3.350507  69.389044  19.7308907696235  28.2061729   73.8954 /T    2.8035   0.0629317   76.535279   61.980673         n.a.     n.a.
 2026-Mar-07 00:00 *   03 41 07.04 +19 25 41.2  03 42 37.65 +19 30 46.1  3.753247  0.920729  268.832619  71.588923    5.759   8.234   99.94171  3.564797  176.197788  69.446111  19.7714591982988  28.0946347   71.4600 /T    2.7685   0.0644089   76.216661   61.280797         n.a.     n.a.
 2026-Mar-09 12:00 Cm  03 41 24.01 +19 26 39.3  03 42 54.56 +19 31 43.5  4.239825  1.009617   29.414208 -44.123141    5.763   8.234   99.94339  3.557574  349.051116  69.507715  19.8116010604949  27.3872351   69.0238 /T    2.7287   0.0726396   76.605777   57.576688         n.a.     n.a.
 2026-Mar-12 00:00 *   03 41 42.12 +19 27 41.8  03 43 12.70 +19 32 45.3  4.317027  1.042223  270.689747  67.129153    5.767   8.234   99.94523  3.550520  161.912147  69.573409  19.8509669978678  27.2441125   66.6038 /T    2.6840   0.0740175   76.427286   56.898330         n.a.     n.a.
 2026-Mar-14 12:00 Cm  03 42 01.45 +19 28 47.3  03 43 31.99 +19 33 50.2  4.783722  1.132854   34.615950 -41.729331    5.771   8.234   99.94724  3.543594  334.779640  69.643479  19.8897633621334  26.3779538   64.1828 /T    2.6348   0.0819338   76.676975   53.246952         n.a.     n.a.
 2026-Mar-17 00:00 *   03 42 21.86 +19 29 56.9  03 43 52.42 +19 34 59.2  4.856717  1.156187  272.241371  62.689505    5.775   8.234   99.94938  3.536857  147.655158  69.717400  19.9276497620184  26.1996154   61.7779 /T    2.5809   0.0832074   76.609450   52.582403         n.a.     n.a.
 2026-Mar-19 12:00 C   03 42 43.43 +19 31 09.4  03 44 13.93 +19 36 10.8  5.300033  1.247852   39.306889 -39.028012    5.779   8.233   99.95166  3.530272  320.537544  69.795502  19.9648218605370  25.1775081   59.3722 /T    2.5227   0.0907492   76.751432   48.980370         n.a.     n.a.
 2026-Mar-22 00:00 *m  03 43 06.02 +19 32 25.7  03 44 36.53 +19 37 26.2  5.366715  1.261335  273.624105  58.272159    5.783   8.233   99.95403  3.523894  133.428239  69.877175  20.0009527170298  24.9638266   56.9828 /T    2.4600   0.0918825   76.773858   48.334114         n.a.     n.a.
 2026-Mar-24 12:00 *   03 43 29.71 +19 33 44.6  03 45 00.20 +19 38 44.1  5.782158  1.352832   43.519441 -36.070083    5.787   8.233   99.95651  3.517690  306.326140  69.962781  20.0362307493899  23.7964048   54.5929 /T    2.3933   0.0989718   76.831570   44.789549         n.a.     n.a.
 2026-Mar-27 00:00 *m  03 43 54.33 +19 35 06.9  03 45 24.87 +19 40 05.8  5.841004  1.356326  274.909121  53.878256    5.790   8.233   99.95905  3.511709  119.232540  70.051630  20.0703526854896  23.5579450   52.2195 /T    2.3225   0.0999402   76.927158   44.173386         n.a.     n.a.
 2026-Mar-29 12:00 *   03 44 19.98 +19 36 31.6  03 45 50.49 +19 41 29.6  6.226386  1.447455   47.297381 -32.899199    5.794   8.233   99.96165  3.505918  292.146411  70.144132  20.1035052243194  22.2655010   49.8455 /T    2.2479   0.1065403   76.912835   40.693373         n.a.     n.a.
 2026-Apr-01 00:00 *m  03 44 46.48 +19 37 59.3  03 46 17.01 +19 42 56.5  6.279077  1.441469  276.137624  49.508400    5.797   8.233   99.96428  3.500363  105.068910  70.239548  20.1354104311462  22.0125061   47.4875 /T    2.1696   0.1073735   77.070798   40.105009         n.a.     n.a.
 2026-Apr-03 12:00 *m  03 45 13.93 +19 39 29.2  03 46 44.42 +19 44 25.2  6.634850  1.532425   50.688520 -29.552343    5.801   8.233   99.96694  3.495011  277.999133  70.338350  20.1662449696281  20.6071787   45.1283 /T    2.0878   0.1134920   76.994677   36.678663         n.a.     n.a.
 2026-Apr-06 00:00 *   03 45 42.16 +19 41 01.8  03 47 12.69 +19 45 56.9  6.683237  1.517777  277.335949  45.163199    5.804   8.233   99.96958  3.489905   90.938119  70.439759  20.1957502100493  20.3395810   42.7843 /T    2.0027   0.1142236   77.205033   36.105087         n.a.     n.a.
 2026-Apr-08 12:00 *m  03 46 11.28 +19 42 36.3  03 47 41.81 +19 47 30.2  7.008606  1.607973   53.739437 -26.059958    5.807   8.233   99.97222  3.485015  263.885089  70.544293  20.2240863158328  18.8265796   40.4383 /T    1.9142   0.1198450   77.078349   32.721322         n.a.     n.a.
 2026-Apr-11 00:00 *   03 46 41.09 +19 44 13.2  03 48 11.67 +19 49 06.3  7.053229  1.584614  278.522923  40.843300    5.809   8.233   99.97482  3.480381   76.840931  70.651128  20.2510125181557  18.5403837   38.1069 /T    1.8228   0.1204840   77.337884   32.151481         n.a.     n.a.
 2026-Apr-13 12:00 *m  03 47 11.73 +19 45 51.7  03 48 42.30 +19 50 43.7  7.346689  1.673566   56.493404 -22.446948    5.812   8.232   99.97738  3.475977  249.804999  70.760819  20.2766710008142  16.9247308   35.7730 /T    1.7283   0.1255816   77.167086   28.800986         n.a.     n.a.
 2026-Apr-16 00:00 *   03 47 42.98 +19 47 32.4  03 49 13.57 +19 52 23.5  7.386657  1.641644  279.712499  36.549339    5.814   8.232   99.97985  3.471839   62.778021  70.872489  20.3008416157928  16.6175909   33.4533 /T    1.6312   0.1261147   77.469976   28.230280         n.a.     n.a.
 2026-Apr-18 12:00 *   03 48 14.97 +19 49 14.3  03 49 45.56 +19 54 04.0  7.645332  1.728392   58.989480 -18.733698    5.817   8.232   99.98226  3.467942  235.759456  70.986715  20.3236492106296  14.9074050   31.1311 /T    1.5313   0.1306378   77.261194   24.910714         n.a.     n.a.
 2026-Apr-21 00:00 *m  03 48 47.48 +19 50 58.0  03 50 18.13 +19 55 46.8  7.678750  1.687732  280.916109  32.282022    5.819   8.232   99.98455  3.464320   48.749835  71.102568  20.3448996518624  14.5829225   28.8232 /T    1.4292   0.1310340   77.603918   24.344565         n.a.     n.a.
 2026-Apr-23 12:00 *   03 49 20.65 +19 52 42.7  03 50 51.34 +19 57 30.3  7.899879  1.771838   61.261827 -14.936438    5.821   8.232   99.98674  3.460950  221.748718  71.220636  20.3647081928833  12.7981757   26.5129 /T    1.3247   0.1349357   77.358521   21.067043         n.a.     n.a.
 2026-Apr-26 00:00 *m  03 49 54.24 +19 54 28.8  03 51 24.98 +19 59 15.5  7.926998  1.723017  282.144108  28.042052    5.823   8.232   99.98879  3.457859   34.756428  71.339962  20.3829156823982  12.4695937   24.2167 /T    1.2183   0.1352016   77.736908   20.517948         n.a.     n.a.
 2026-Apr-28 12:00 *   03 50 28.41 +19 56 15.6  03 51 59.15 +20 01 01.0  8.111665  1.804647   63.340309 -11.068245    5.824   8.232   99.99071  3.455026  207.772666  71.461174  20.3996259470582  10.6294648   21.9177 /T    1.1099   0.1384998   77.457364   17.283292         n.a.     n.a.
 2026-May-01 00:00 *m  03 51 02.90 +19 58 03.4  03 52 33.68 +20 02 47.8  8.134988  1.748983  283.405719  23.830370    5.826   8.232   99.99246  3.452474   20.797592  71.583309  20.4147078210415  10.3001065   19.6322 /T    1.0001   0.1386813   77.866384   16.745710         n.a.     n.a.
 2026-May-03 12:00 *m  03 51 37.89 +19 59 51.7  03 53 08.70 +20 04 34.7  8.284018  1.828118   65.250582  -7.139810    5.827   8.231   99.99406  3.450186  193.831073  71.707024  20.4282454885785   8.4136028   17.3430 /T    0.8884   0.1413889   77.555420   13.543889         n.a.     n.a.
 2026-May-06 00:00 *   03 52 13.12 +20 01 40.8  03 53 44.00 +20 06 22.8  8.304623  1.765947  284.710365  19.648412    5.828   8.231   99.99548  3.448180    6.873080  71.831346  20.4401313450414   8.0797230   15.0664 /T    0.7757   0.1415051   77.995086   13.007245         n.a.     n.a.
 2026-May-08 12:00 *m  03 52 48.77 +20 03 30.1  03 54 19.70 +20 08 10.9  8.418070  1.842131   67.014436  -3.159655    5.829   8.231   99.99672  3.446444  179.923635  71.956952  20.4504267056008   6.1523399   12.7852 /T    0.6615   0.1436212   77.656509   9.8257495         n.a.     n.a.
 2026-May-11 00:00 *   03 53 24.58 +20 05 19.8  03 54 55.56 +20 09 59.7  8.435757  1.773983  286.067622  15.497950    5.830   8.231   99.99777  3.444991  352.982522  72.082854  20.4590482258151   5.8100861   10.5159 /T    0.5467   0.1436711   78.124127   9.2816221         n.a.     n.a.
 2026-May-13 12:00 *m  03 54 00.72 +20 07 09.6  03 55 31.74 +20 11 48.1  8.512285  1.846621   68.650789   0.865239    5.831   8.231   99.99862  3.443815  166.049902  72.209732  20.4660353004796   3.8492519    8.2414 /T    0.4306   0.1451714   77.760139   6.1120859         n.a.     n.a.
 2026-May-16 00:00 *   03 54 36.94 +20 08 59.3  03 56 08.01 +20 13 36.8  8.525720  1.772534  287.487362  11.381140    5.831   8.231   99.99927  3.442925  339.125335  72.336582  20.4713306698420   3.4968724    5.9785 /T    0.3142   0.1451338   78.255272   5.5557318         n.a.     n.a.
 2026-May-18 12:00 *   03 55 13.40 +20 10 48.9  03 56 44.55 +20 15 25.0  8.562993  1.841036   70.175898   4.929275    5.832   8.231   99.99972  3.442315  152.209106  72.464070  20.4749552340152   1.5158200    3.7108 /T    0.1970   0.1459778   77.866169   2.3968818         n.a.     n.a.
 2026-May-21 00:00 *m  03 55 49.83 +20 12 38.2  03 57 21.08 +20 17 13.5  8.570392  1.761358  288.980630   7.300677    5.832   8.231   99.99996  3.441990  325.300525  72.591181  20.4768867013230   1.1627138    1.4587 /T    0.0801   0.1458252   78.386468   1.8394847         n.a.     n.a.
 2026-May-23 12:00 *   03 56 26.41 +20 14 27.0  03 57 57.68 +20 19 00.8  8.568396  1.825501   71.603756   9.028422    5.832   8.230   99.99999  3.441949  138.399992  72.718580  20.4771354364780  -0.8151813    0.8290 /L    0.0387   0.1460117   77.972926   -1.297872         n.a.     n.a.
 2026-May-26 00:00 *m  03 57 02.87 +20 16 15.2  03 58 34.21 +20 20 48.2  8.571898  1.741634  290.559515   3.259456    5.831   8.230   99.99980  3.442188  311.506616  72.845274  20.4757137986136  -1.1599206    3.0697 /L    0.1553   0.1457840   78.515008   -1.846859         n.a.     n.a.
 2026-May-28 12:00 *   03 57 39.40 +20 18 02.7  03 59 10.80 +20 22 34.3  8.532934  1.801851   72.946300  13.158765    5.831   8.230   99.99941  3.442709  124.620978  72.971941  20.4726135921008  -3.1215622    5.3261 /L    0.2726   0.1453517   78.076345   -4.965389         n.a.     n.a.
 2026-May-31 00:00 *   03 58 15.72 +20 19 49.4  03 59 47.19 +20 24 20.0  8.534007  1.714568  292.237369  -0.738057    5.830   8.230   99.99881  3.443506  297.741986  73.097612  20.4678730726394  -3.4603022    7.5733 /L    0.3890   0.1450757   78.639941   -5.512103         n.a.     n.a.
 2026-Jun-02 12:00 *m  03 58 52.02 +20 21 35.2  04 00 23.59 +20 26 04.5  8.459373  1.770416   74.214069  17.317809    5.829   8.230   99.99801  3.444585  110.870378  73.222962  20.4614603542789  -5.4000014    9.8280 /L    0.5053   0.1440441   78.179487   -8.624124         n.a.     n.a.
 2026-Jun-05 00:00 *   03 59 28.03 +20 23 19.8  04 00 59.68 +20 27 48.4  8.458321  1.680351  294.029640  -4.686787    5.828   8.230   99.99702  3.445936  284.004867  73.347046  20.4534376206261  -5.7376819   12.0735 /L    0.6205   0.1437270   78.763776   -9.177575         n.a.     n.a.
 2026-Jun-07 12:00 *m  04 00 03.95 +20 25 03.4  04 01 35.68 +20 29 30.8  8.347905  1.731492   75.415943  21.503249    5.827   8.229   99.99582  3.447569   97.146333  73.470517  20.4437500670661  -7.6492171   14.3272 /L    0.7352   0.1420931   78.282075   -12.29443         n.a.     n.a.
 2026-Jun-10 00:00 *   04 00 39.49 +20 26 45.6  04 02 11.28 +20 31 12.1  8.343761  1.638861  295.953605  -8.580380    5.826   8.229   99.99445  3.449470  270.293268  73.592451  20.4324845966961  -7.9893231   16.5725 /L    0.8484   0.1417198   78.887571   -12.86260         n.a.     n.a.
 2026-Jun-12 12:00 *m  04 01 14.85 +20 28 26.6  04 02 46.73 +20 32 51.7  8.196604  1.684751   76.559959  25.713263    5.825   8.229   99.99289  3.451653   83.446672  73.713470  20.4195653661178  -9.8641208   18.8266 /L    0.9608   0.1394660   78.385043   -15.99436         n.a.     n.a.
 2026-Jun-15 00:00 *m  04 01 49.76 +20 30 05.9  04 03 21.72 +20 34 30.1  8.187107  1.589903  298.029082 -12.411046    5.823   8.229   99.99117  3.454098  256.604803  73.832664  20.4051076030020 -10.2042561   21.0728 /L    1.0713   0.1390009   79.010178   -16.57940         n.a.     n.a.
 2026-Jun-17 12:00 *   04 02 24.38 +20 31 43.8  04 03 56.48 +20 36 07.0  8.001908  1.629843   77.652888  29.946646    5.821   8.229   99.98929  3.456823   69.768736  73.950614  20.3890225910503 -12.0237710   23.3279 /L    1.1807   0.1361034   78.487376   -19.72467         n.a.     n.a.
 2026-Jun-20 00:00 *m  04 02 58.46 +20 33 19.7  04 04 30.62 +20 37 42.2  7.986991  1.533646  300.279076 -16.169293    5.819   8.229   99.98727  3.459803  242.936501  74.066449  20.3714608689696 -12.3515897   25.5751 /L    1.2878   0.1355484   79.130479   -20.31135         n.a.     n.a.
 2026-Jun-22 12:00 *   04 03 32.16 +20 34 54.1  04 05 04.41 +20 39 15.4  7.766440  1.568205   78.700940  34.202578    5.817   8.229   99.98511  3.463057   56.109314  74.180734  20.3523227113441 -14.0963336   27.8314 /L    1.3935   0.1320531   78.584293   -23.46041         n.a.     n.a.
 2026-Jun-25 00:00 *m  04 04 05.24 +20 36 26.2  04 05 37.55 +20 40 46.6  7.748086  1.471908  302.729490 -19.843515    5.815   8.228   99.98283  3.466555  229.285045  74.292655  20.3317853645821 -14.4091798   30.0801 /L    1.4965   0.1314443   79.243665   -24.04283         n.a.     n.a.
 2026-Jun-27 12:00 *   04 04 37.86 +20 37 56.7  04 06 10.29 +20 42 15.9  7.494851  1.500822   79.709513  38.480305    5.812   8.228   99.98044  3.470319   42.465036  74.402756  20.3097287850933 -16.0730179   32.3387 /L    1.5979   0.1273940   78.676459   -27.20324         n.a.     n.a.
 2026-Jun-30 00:00 *   04 05 09.78 +20 39 24.7  04 06 42.30 +20 43 43.3  7.473843  1.405005  305.410085 -23.419117    5.810   8.228   99.97797  3.474319  215.647006  74.510280  20.2863503757543 -16.3759567   34.5905 /L    1.6962   0.1267460   79.353242   -27.78792         n.a.     n.a.
 2026-Jul-02 12:00 *m  04 05 41.17 +20 40 51.0  04 07 13.82 +20 45 08.6  7.189134  1.428095   80.683044  42.779307    5.807   8.228   99.97541  3.478578   28.832407  74.615731  20.2615098413479 -17.9545295   36.8531 /L    1.7926   0.1221601   78.764666   -30.97125         n.a.     n.a.
 2026-Jul-05 00:00 *   04 06 11.80 +20 42 14.7  04 07 44.50 +20 46 31.7  7.164782  1.333056  308.354239 -26.878302    5.804   8.228   99.97280  3.483062  202.018793  74.718402  20.2354244136210 -18.2517638   39.1100 /L    1.8857   0.1214623   79.460249   -31.56686         n.a.     n.a.
 2026-Jul-07 12:00 *m  04 06 41.80 +20 43 36.4  04 08 14.61 +20 47 52.4  6.848915  1.349794   81.625719  47.099168    5.801   8.228   99.97013  3.487800   15.207697  74.818747  20.2079353501016 -19.7396599   41.3785 /L    1.9766   0.1163443   78.850944   -34.78595         n.a.     n.a.
 2026-Jul-10 00:00 *   04 07 10.98 +20 44 55.3  04 08 43.85 +20 49 10.6  6.819401  1.255996  311.598633 -30.199522    5.798   8.227   99.96744  3.492753  188.396514  74.916105  20.1792806902668 -20.0320484   43.6422 /L    2.0638   0.1155683   79.564227   -35.40074         n.a.     n.a.
 2026-Jul-12 12:00 *m  04 07 39.44 +20 46 12.2  04 09 12.47 +20 50 26.5  6.471531  1.265695   82.541086  51.439656    5.794   8.227   99.96472  3.497952    1.586812  75.010868  20.1492890136599 -21.4179956   45.9182 /L    2.1485   0.1099023   78.933842   -38.66685         n.a.     n.a.
 2026-Jul-15 00:00 *m  04 08 07.00 +20 47 26.0  04 09 40.11 +20 51 39.9  6.434980  1.173349  315.182993 -33.356541    5.791   8.227   99.96203  3.503353  174.775809  75.102424  20.1182242656051 -21.6972308   48.1898 /L    2.2293   0.1090180   79.666257   -39.29928         n.a.     n.a.
 2026-Jul-17 12:00 *   04 08 33.76 +20 48 37.7  04 10 07.00 +20 52 50.9  6.056697  1.176116   83.431794  55.800867    5.787   8.227   99.95934  3.508989  347.965119  75.191113  20.0859107454613 -22.9613193   50.4737 /L    2.3072   0.1028305   79.010816   -42.60585         n.a.     n.a.
 2026-Jul-20 00:00 *m  04 08 59.54 +20 49 46.2  04 10 32.83 +20 53 58.8  6.014390  1.086611  319.147878 -36.318125    5.784   8.227   99.95671  3.514812  161.151881  75.276401  20.0526389004532 -23.2165844   52.7532 /L    2.3809   0.1018627   79.758927   -43.23924         n.a.     n.a.
 2026-Jul-22 12:00 *   04 09 24.45 +20 50 52.4  04 10 57.86 +20 55 04.2  5.609821  1.082658   84.300293  60.182824    5.780   8.227   99.95413  3.520854  334.337784  75.358590  20.0182229682658 -24.3485075   55.0451 /L    2.4514   0.0952223   79.076594   -46.58112         n.a.     n.a.
 2026-Jul-25 00:00 *m  04 09 48.32 +20 51 55.3  04 11 21.80 +20 56 06.5  5.563510  0.996557  323.531299 -39.047087    5.776   8.227   99.95163  3.527066  147.519929  75.437232  19.9829673144500 -24.5828891   57.3331 /L    2.5175   0.0942010   79.844661   -47.21353         n.a.     n.a.
 2026-Jul-27 12:00 *   04 10 11.25 +20 52 55.9  04 11 44.88 +20 57 06.5  5.135505  0.985838   85.147091  64.585465    5.772   8.226   99.94921  3.533484  320.700068  75.512579  19.9466715455721 -25.5810623   59.6341 /L    2.5801   0.0871545   79.133402   -50.59908         n.a.     n.a.
 2026-Jul-30 00:00 *   04 10 33.09 +20 53 53.0  04 12 06.79 +20 58 03.3  5.085001  0.903478  328.363761 -41.500222    5.768   8.226   99.94690  3.540054  133.875266  75.584254  19.9096517550634 -25.7988300   61.9320 /L    2.6381   0.0860773   79.925104   -51.23749         n.a.     n.a.
 2026-Aug-01 12:00 *m  04 10 53.93 +20 54 47.7  04 12 27.75 +20 58 57.5  4.635284  0.885533   85.970587  69.008770    5.763   8.226   99.94471  3.546816  307.047297  75.652451  19.8716950882472 -26.6613555   64.2437 /L    2.6924   0.0786519   79.184431   -54.67879         n.a.     n.a.
 2026-Aug-04 00:00 *   04 11 13.63 +20 55 38.9  04 12 47.49 +20 59 48.2  4.579511  0.807309  333.660306 -43.629458    5.759   8.226   99.94266  3.553713  120.213207  75.716860  19.8331283696409 -26.8650970   66.5533 /L    2.7419   0.0775021   80.002210   -55.33236         n.a.     n.a.
 2026-Aug-06 12:00 *m  04 11 32.25 +20 56 27.5  04 13 06.24 +21 00 36.3  4.108518  0.781750   86.764681  73.452657    5.755   8.226   99.94076  3.560786  293.374759  75.777599  19.7937308098066 -27.5868111   68.8775 /L    2.7874   0.0697038   79.226804   -58.84547         n.a.     n.a.
 2026-Aug-09 00:00 *   04 11 49.69 +20 57 12.5  04 13 23.76 +21 01 20.9  4.045235  0.707590  339.411467 -45.383419    5.750   8.226   99.93903  3.567976  106.528966  75.834423  19.7538427196247 -27.7722961   71.2003 /L    2.8279   0.0684442   80.078231   -59.52486         n.a.     n.a.
 2026-Aug-11 12:00 *m  04 12 05.98 +20 57 54.8  04 13 40.21 +21 02 03.0  3.554262  0.674083   87.508285  77.917142    5.746   8.226   99.93748  3.575325  279.677548  75.887379  19.7132433067599 -28.3402187   73.5383 /L    2.8642   0.0602936   79.261126   -63.11702         n.a.     n.a.
 2026-Aug-14 00:00 *m  04 12 21.03 +20 58 33.4  04 13 55.31 +21 02 41.4  3.483310  0.604928  345.574113 -46.710806    5.741   8.226   99.93612  3.582768   92.817563  75.936298  19.6722906595295 -28.4947738   75.8750 /L    2.8952   0.0589241   80.148004   -63.81527         n.a.     n.a.
 2026-Aug-16 12:00 *   04 12 34.88 +20 59 09.3  04 14 09.28 +21 03 17.0  2.976599  0.564050   88.125422  82.402268    5.736   8.225   99.93495  3.590346  265.950728  75.981174  19.6307676062937 -28.8946128   78.2267 /L    2.9219   0.0504928   79.269968   -67.47799         n.a.     n.a.
 2026-Aug-19 00:00 *m  04 12 47.46 +20 59 41.3  04 14 21.89 +21 03 48.8  2.900528  0.500553  352.064644 -47.565642    5.732   8.225   99.93401  3.597994   79.074226  76.021938  19.5890410751152 -29.0142591   80.5770 /L    2.9431   0.0490567   80.208736   -68.18102         n.a.     n.a.
 2026-Aug-21 12:00 *   04 12 58.78 +21 00 10.7  04 14 33.36 +21 04 17.9  2.383221  0.452612   88.078562  86.907418    5.727   8.225   99.93328  3.605753  252.189793  76.058538  19.5468885510804 -29.2460667   82.9423 /L    2.9597   0.0404303   79.246678   -71.91106         n.a.     n.a.
 2026-Aug-24 00:00 *m  04 13 08.81 +21 00 36.1  04 14 43.46 +21 04 43.2  2.303019  0.395157  358.760313 -47.912332    5.722   8.225   99.93278  3.613556   65.294759  76.090990  19.5046773054486 -29.3353897   85.3065 /L    2.9709   0.0389446   80.263877   -72.61998         n.a.     n.a.
 2026-Aug-26 12:00 *   04 13 17.55 +21 00 58.8  04 14 52.33 +21 05 06.0  1.778361  0.339905  273.667184  88.563300    5.717   8.225   99.93251  3.621447  238.390827  76.119181  19.4621803059486 -29.4019181   87.6862 /L    2.9773   0.0301759   79.179342   -76.42581         n.a.     n.a.
 2026-Aug-29 00:00 *   04 13 25.00 +21 01 17.6  04 14 59.81 +21 05 24.8  1.694023  0.288663    5.510561 -47.731474    5.713   8.225   99.93247  3.629357   51.475483  76.143209  19.4197634131076 -29.4645843   90.0653 /L    2.9782   0.0286407   80.329635   -77.14636         n.a.     n.a.
 2026-Aug-31 12:00 *m  04 13 31.11 +21 01 33.6  04 15 06.03 +21 05 40.7  1.164257  0.226149  272.057467  84.019466    5.708   8.225   99.93267  3.637329  224.550380  76.162891  19.3771982653233 -29.3675525   92.4606 /L    2.9743   0.0197670   79.007571   -81.04068         n.a.     n.a.
 2026-Sep-03 00:00 *   04 13 35.92 +21 01 45.6  04 15 10.88 +21 05 52.7  1.074032  0.181028   12.156955 -47.022906    5.703   8.225   99.93310  3.645296   37.613146  76.178391  19.3348497161406 -29.4030475   94.8561 /L    2.9648   0.0181530   80.432701   -81.78926         n.a.     n.a.
 2026-Sep-05 12:00 *m  04 13 39.37 +21 01 54.8  04 15 14.47 +21 06 02.0  0.540916  0.110845  272.579797  79.455098    5.698   8.225   99.93377  3.653299  210.665326  76.189453  19.2924948621216 -29.1383340   97.2683 /L    2.9502   0.0092026   78.419177   -85.78766         n.a.     n.a.
 2026-Sep-08 00:00 *   04 13 41.49 +21 02 00.1  04 15 16.66 +21 06 07.4  0.444116  0.072141   18.555926 -45.804893    5.693   8.225   99.93467  3.661268   23.704731  76.196316  19.2505017526610 -29.1371347   99.6813 /L    2.9301   0.0074989   80.773633   -86.57272         n.a.     n.a.
 2026-Sep-10 12:00 *m  04 13 42.23 +21 02 02.4  04 15 17.52 +21 06 10.2  -0.08849  -0.00492  273.316229  74.872158    5.689   8.225   99.93581  3.669243  196.732828  76.198662  19.2086606252147 -28.6939903  102.1112 /L    2.9049   0.0014771   266.82037   -89.31519         n.a.     n.a.
 2026-Sep-13 00:00 *m  04 13 41.66 +21 02 00.8  04 15 16.96 +21 06 08.7  -0.18968  -0.03662   24.596499 -44.111221    5.684   8.225   99.93717  3.677153    9.747676  76.196825  19.1673406756996 -28.6463256  104.5414 /L    2.8742   0.0032197   259.07281   -88.50829         n.a.     n.a.
 2026-Sep-15 12:00 *   04 13 39.70 +21 01 56.4  04 15 15.11 +21 06 04.5  -0.71511  -0.11974  274.127750  70.271656    5.679   8.225   99.93874  3.685036  182.750708  76.190449  19.1263400785742 -28.0239410  106.9881 /L    2.8382   0.0120845   260.49422   -84.30665         n.a.     n.a.
 2026-Sep-18 00:00 Cm  04 13 36.44 +21 01 48.0  04 15 11.89 +21 05 56.3  -0.81781  -0.14391   30.207752 -41.985726    5.674   8.225   99.94052  3.692821  355.740284  76.179964  19.0860170716648 -27.9326518  109.4348 /L    2.7969   0.0138396   260.01957   -83.47898         n.a.     n.a.
 2026-Sep-20 12:00 *   04 13 31.81 +21 01 36.9  04 15 07.38 +21 05 45.6  -1.33109  -0.23281  274.983284  65.654953    5.670   8.225   99.94250  3.700546  168.717770  76.164968  19.0461731434784 -27.1399672  111.8978 /L    2.7504   0.0225216   260.07917   -79.18406         n.a.     n.a.
 2026-Sep-23 00:00 Cm  04 13 25.91 +21 01 21.9  04 15 01.53 +21 05 31.0  -1.43415  -0.24954   35.357525 -39.476655    5.665   8.225   99.94465  3.708144  341.681795  76.145974  19.0071512308734 -27.0106450  114.3607 /L    2.6986   0.0242616   260.12933   -78.33957         n.a.     n.a.
 2026-Sep-25 12:00 *   04 13 18.67 +21 01 04.2  04 14 54.38 +21 05 13.9  -1.93137  -0.34371  275.873336  61.023615    5.661   8.225   99.94697  3.715649  154.633639  76.122529  18.9687586814264 -26.0568341  116.8400 /L    2.6418   0.0326952   259.90905   -73.94931         n.a.     n.a.
 2026-Sep-28 00:00 C   04 13 10.21 +21 00 42.6  04 14 45.93 +21 04 52.6  -2.03521  -0.35296   40.045145 -36.632629    5.657   8.225   99.94943  3.722996  327.572192  76.095213  18.9313222418807 -25.8928326  119.3194 /L    2.5798   0.0344266   260.16115   -73.07736         n.a.     n.a.
 2026-Sep-30 12:00 *m  04 13 00.42 +21 00 18.4  04 14 36.24 +21 04 28.9  -2.51403  -0.45245  276.795403  56.379505    5.652   8.225   99.95204  3.730221  140.498578  76.063514  18.8946591257232 -24.7846729  121.8157 /L    2.5130   0.0425736   259.79773   -68.57914         n.a.     n.a.
 2026-Oct-03 00:00 C   04 12 49.47 +20 59 50.5  04 14 25.34 +21 04 01.4  -2.61948  -0.45456   44.291437 -33.499204    5.648   8.224   99.95474  3.737257  313.411928  76.028076  18.8590823646251 -24.5825497  124.3125 /L    2.4411   0.0443104   260.15556   -67.66212         n.a.     n.a.
 2026-Oct-05 12:00 *m  04 12 37.23 +20 59 20.0  04 14 13.20 +21 03 31.7  -3.07668  -0.55839  277.750770  51.724696    5.644   8.224   99.95756  3.744137  126.313217  75.988336  18.8244282110647 -23.3178677  126.8265 /L    2.3645   0.0521156   259.71334   -63.04424         n.a.     n.a.
 2026-Oct-08 00:00 C   04 12 23.87 +20 58 45.9  04 13 59.87 +21 02 58.2  -3.18225  -0.55297   48.129946 -30.117171    5.640   8.224   99.96043  3.750798  299.201850  75.945012  18.7909992469830 -23.0673403  129.3407 /L    2.2832   0.0538323   260.14232   -62.07348         n.a.     n.a.
 2026-Oct-10 12:00 *m  04 12 09.27 +20 58 09.3  04 13 45.33 +21 02 22.3  -3.61153  -0.65993  278.741852  47.061478    5.636   8.224   99.96337  3.757266  112.078695  75.897519  18.7586505224447 -21.6470625  131.8719 /L    2.1972   0.0611889   259.64469   -57.34332         n.a.     n.a.
 2026-Oct-13 00:00 Nm  04 11 53.64 +20 57 29.3  04 13 29.72 +21 01 42.7  -3.71326  -0.64638   51.600102 -26.522525    5.633   8.224   99.96633  3.763483  284.943481  75.846665  18.7276643540048 -21.3478685  134.4026 /L    2.1069   0.0628183   260.12521   -56.33213         n.a.     n.a.
 2026-Oct-15 12:00 *   04 11 36.83 +20 56 46.8  04 13 13.00 +21 01 01.1  -4.10856  -0.75535  279.772364  42.392801    5.629   8.225   99.96930  3.769472   97.796978  75.791848  18.6979072730688 -19.7855761  136.9494 /L    2.0121   0.0696236   259.58263   -51.50523         n.a.     n.a.
 2026-Oct-18 00:00 Nm  04 11 19.09 +20 56 01.3  04 12 55.29 +21 00 16.2  -4.20405  -0.73387   54.742062 -22.746146    5.626   8.225   99.97225  3.775181  270.639192  75.733949  18.6696329938611 -19.4459083  139.4948 /L    1.9134   0.0711271   260.09803   -50.46372         n.a.     n.a.
 2026-Oct-20 12:00 *   04 11 00.27 +20 55 13.5  04 12 36.54 +20 59 29.5  -4.56097  -0.84405  280.847152  37.722072    5.623   8.225   99.97516  3.780631   83.470760  75.672346  18.6427186306093 -17.7593665  142.0559 /L    1.8106   0.0773068   259.51544   -45.55311         n.a.     n.a.
 2026-Oct-23 00:00 Nm  04 10 40.61 +20 54 22.8  04 12 16.89 +20 58 39.5  -4.64957  -0.81456   57.594591 -18.814509    5.620   8.225   99.97800  3.785775  256.291948  75.607974  18.6173883659723 -17.3863374  144.6150 /L    1.7043   0.0786731   260.06314   -44.48222         n.a.     n.a.
 2026-Oct-25 12:00 *   04 10 19.97 +20 53 30.1  04 11 56.29 +20 57 47.6  -4.96574  -0.92530  281.971500  33.053113    5.617   8.225   99.98076  3.790632   69.103211  75.540180  18.5935327966318 -15.5919380  147.1895 /L    1.5943   0.0841870   259.44472   -39.49255         n.a.     n.a.
 2026-Oct-28 00:00 N   04 09 58.60 +20 52 34.7  04 11 34.95 +20 56 52.8  -5.04802  -0.88854   60.193538 -14.750274    5.614   8.225   99.98341  3.795161  241.905022  75.469945  18.5713465230255 -15.1899674  149.7618 /L    1.4811   0.0854270   260.01720   -38.38511         n.a.     n.a.
 2026-Oct-30 12:00 *m  04 09 36.34 +20 51 37.5  04 11 12.77 +20 55 56.6  -5.32194  -0.99895  283.151795  28.390248    5.612   8.225   99.98593  3.799377   54.697632  75.396584  18.5507393611637 -13.2980890  152.3497 /L    1.3646   0.0902481   259.36910   -33.31309         n.a.     n.a.
 2026-Nov-02 00:00 N   04 09 13.48 +20 50 37.9  04 10 49.93 +20 54 57.9  -5.39794  -0.95494   62.570922 -10.572489    5.610   8.225   99.98828  3.803242  227.481711  75.321115  18.5318833719067 -12.8608442  154.9353 /L    1.2455   0.0913627   259.96770   -32.14873         n.a.     n.a.
 2026-Nov-04 12:00 Cm  04 08 49.82 +20 49 36.6  04 10 26.31 +20 53 57.8  -5.62590  -1.06362  284.395524  23.738146    5.608   8.225   99.99048  3.806769   40.257334  75.242849  18.5147139122066 -10.8756693  157.5364 /L    1.1234   0.0954260   259.29418   -26.99131         n.a.     n.a.
 2026-Nov-07 00:00 N   04 08 25.68 +20 48 33.4  04 10 02.16 +20 52 55.2  -5.69198  -1.01194   64.755367  -6.297546    5.606   8.225   99.99248  3.809926  213.025412  75.162862  18.4993760594634 -10.4007684  160.1343 /L    0.9992   0.0963539   259.91909   -25.77165         n.a.     n.a.
 2026-Nov-09 12:00 C   04 08 00.88 +20 47 28.7  04 09 37.39 +20 51 51.6  -5.86886  -1.11719  285.710936  19.102205    5.604   8.225   99.99428  3.812719   25.785898  75.080479  18.4858228174727  -8.3383367  162.7470 /L    0.8725   0.0995708   259.22219   -20.54911         n.a.     n.a.
 2026-Nov-12 00:00 Nm  04 07 35.73 +20 46 22.5  04 09 12.27 +20 50 46.0  -5.92222  -1.05799   66.771692  -1.939722    5.603   8.225   99.99584  3.815125  198.539914  74.996820  18.4741627659022  -7.8347642  165.3552 /L    0.7443   0.1002663   259.87108   -19.29044         n.a.     n.a.
 2026-Nov-14 12:00 C   04 07 10.07 +20 45 15.1  04 08 46.64 +20 49 39.9  -6.04477  -1.15897  287.107936  14.488741    5.602   8.225   99.99718  3.817150   11.287260  74.911222  18.4643616493125  -5.7191926  167.9770 /L    0.6140   0.1025811   259.14637   -14.03052         n.a.     n.a.
 2026-Nov-17 00:00 Nm  04 06 44.21 +20 44 06.6  04 08 20.80 +20 48 32.2  -6.08442  -1.09241   68.641435   2.488602    5.601   8.225   99.99827  3.818779  184.029246  74.824830  18.4564890426321  -5.1982567  170.5932 /L    0.4829   0.1030285   259.82147   -12.74865         n.a.     n.a.
 2026-Nov-19 12:00 C   04 06 17.97 +20 42 57.3  04 07 54.56 +20 47 24.1  -6.15199  -1.18807  288.597713   9.904775    5.600   8.225   99.99910  3.820013  356.765501  74.736976  18.4505253490508  -3.0523538  173.2219 /L    0.3504   0.1044276   259.06961   -7.472121         n.a.     n.a.
 2026-Nov-22 00:00 Nm  04 05 51.69 +20 41 47.2  04 07 28.27 +20 46 14.7  -6.17872  -1.11509   70.383611   6.976446    5.600   8.225   99.99966  3.820846  169.497466  74.648811  18.4465024276022  -2.5230067  175.8434 /L    0.2176   0.1046422   259.76980   -6.177123         n.a.     n.a.
 2026-Nov-24 12:00 Cm  04 05 25.17 +20 40 36.7  04 07 01.77 +20 45 05.3  -6.19207  -1.20484  290.193085   5.358201    5.599   8.225   99.99995  3.821278  342.224575  74.559667  18.4444171853210  -0.3669438  178.4736 /L    0.0840   0.1051366   258.98906   -0.902609         n.a.     n.a.
 2026-Nov-27 00:00 N   04 04 58.75 +20 39 25.8  04 06 35.38 +20 43 55.2  -6.20762  -1.12606   72.014697  11.514181    5.599   8.225   99.99998  3.821309  154.948382  74.470678  18.4442684326214   0.1686885  178.8814 /T    0.0504   0.1051488   259.71833   0.4065114         n.a.     n.a.
 2026-Nov-29 12:00 Cm  04 04 32.23 +20 38 14.8  04 06 08.88 +20 42 45.5  -6.16795  -1.20900  291.909281   0.857907    5.599   8.225   99.99973  3.820934  327.668122  74.381177  18.4460783039495   2.3259067  176.2485 /T    0.1839   0.1047553   258.90989   5.6809575         n.a.     n.a.
 2026-Dec-02 00:00 N   04 04 05.94 +20 37 03.9  04 05 42.59 +20 41 35.4  -6.17110  -1.12457   73.549175  16.093464    5.600   8.225   99.99921  3.820159  140.385471  74.292299  18.4498185896708   2.8731086  173.6171 /T    0.3168   0.1045455   259.67227   7.0193143         n.a.     n.a.
 2026-Dec-04 12:00 Cm  04 03 39.71 +20 35 53.2  04 05 16.33 +20 40 25.7  -6.07620  -1.19907  293.763637  -3.586173    5.600   8.225   99.99842  3.818976  313.099553  74.203414  18.4555334495230   5.0185602  170.9735 /T    0.4496   0.1032231   258.83681   12.289081         n.a.     n.a.
 2026-Dec-07 00:00 N   04 03 13.85 +20 34 43.1  04 04 50.47 +20 39 16.3  -6.06462  -1.10905   75.000020  20.706568    5.601   8.225   99.99738  3.817399  125.812190  74.115655  18.4631583019636   5.5703798  168.3380 /T    0.5810   0.1027532   259.63667   13.647598         n.a.     n.a.
 2026-Dec-09 12:00 C   04 02 48.20 +20 33 33.6  04 04 24.81 +20 38 07.8  -5.91377  -1.17456  295.776417  -7.962299    5.602   8.225   99.99608  3.815417  298.522382  74.028427  18.4727503314177   7.6795140  165.6920 /T    0.7116   0.1004880   258.76644   18.888338         n.a.     n.a.
 2026-Dec-12 00:00 Nm  04 02 23.07 +20 32 25.2  04 03 59.70 +20 37 00.2  -5.88681  -1.07963   76.378423  25.346525    5.604   8.225   99.99455  3.813053  111.232073  73.942843  18.4842047590863   8.2229750  163.0558 /T    0.8401   0.0997498   259.60755   20.246642         n.a.     n.a.
 2026-Dec-14 12:00 N   04 01 58.30 +20 31 17.7  04 03 34.90 +20 35 53.9  -5.68186  -1.13539  297.971206 -12.256926    5.605   8.225   99.99280  3.810293  283.940140  73.858328  18.4975912678595  10.2711973  160.4103 /T    0.9673   0.0965698   258.69961   25.435125         n.a.     n.a.
 2026-Dec-17 00:00 Nm  04 01 34.19 +20 30 11.9  04 03 10.79 +20 34 48.7  -5.64122  -1.03663   77.694746  30.006994    5.607   8.225   99.99083  3.807170   96.648610  73.775949  18.5127677999250  10.7958343  157.7758 /T    1.0918   0.0955946   259.58747   26.774172         n.a.     n.a.
 2026-Dec-19 12:00 N   04 01 10.59 +20 29 07.3  04 02 47.13 +20 33 45.1  -5.38576  -1.08265  300.375001 -16.454482    5.609   8.224   99.98867  3.803666  269.356214  73.695151  18.5298178499936  12.7619604  155.1332 /T    1.2144   0.0915583   258.63387   31.890246         n.a.     n.a.
 2026-Dec-22 00:00 Nm  04 00 47.78 +20 28 04.8  04 02 24.33 +20 32 43.0  -5.33390  -0.98117   78.958713  34.682187    5.611   8.224   99.98635  3.799822   82.065041  73.616935  18.5485658242347  13.2610999  152.5025 /T    1.3338   0.0903898   259.57698   33.194548         n.a.     n.a.
 2026-Dec-24 12:00 Nm  04 00 25.59 +20 27 03.8  04 02 02.13 +20 31 43.1  -5.03303  -1.01738  303.019032 -20.536734    5.614   8.224   99.98386  3.795617  254.773682  73.540761  18.5691133869045  15.1317972  149.8644 /T    1.4508   0.0855805   258.57217   38.225373         n.a.     n.a.
 2026-Dec-27 00:00 N   04 00 04.30 +20 26 05.4  04 01 40.86 +20 30 45.3  -4.97220  -0.91419   80.179330  39.367082    5.616   8.224   99.98125  3.791096   67.484254  73.467560  18.5912607687181  15.6094065  147.2384 /T    1.5642   0.0842590   259.58189   39.497585         n.a.     n.a.
 2026-Dec-29 12:00 Nm  03 59 43.76 +20 25 08.8  04 01 20.26 +20 29 49.7  -4.62836  -0.93993  305.938933 -24.482454    5.619   8.224   99.97852  3.786234  240.195255  73.396831  18.6151334551031  17.3801325  144.6050 /T    1.6748   0.0787140   258.52041   44.455837         n.a.     n.a.
$$EOE
**********************************************************************************************************************************************************************************************************************************************************************************************
Column meaning:
 
TIME

  Times PRIOR to 1962 are UT1, a mean-solar time closely related to the
prior but now-deprecated GMT. Times AFTER 1962 are in UTC, the current
civil or "wall-clock" time-scale. UTC is kept within 0.9 seconds of UT1
using integer leap-seconds for 1972 and later years.

  Conversion from the internal Barycentric Dynamical Time (TDB) of solar
system dynamics to the non-uniform civil UT time-scale requested for output
has not been determined for UTC times after the next July or January 1st.
Therefore, the last known leap-second is used as a constant over future
intervals.

  Time tags refer to the UT time-scale conversion from TDB on Earth
regardless of observer location within the solar system, although clock
rates may differ due to the local gravity field and no analog to "UT"
may be defined for that location.

  Any 'b' symbol in the 1st-column denotes a B.C. date. First-column blank
(" ") denotes an A.D. date.
 
CALENDAR SYSTEM

  Mixed calendar mode was active such that calendar dates after AD 1582-Oct-15
(if any) are in the modern Gregorian system. Dates prior to 1582-Oct-5 (if any)
are in the Julian calendar system, which is automatically extended for dates
prior to its adoption on 45-Jan-1 BC.  The Julian calendar is useful for
matching historical dates. The Gregorian calendar more accurately corresponds
to the Earth's orbital motion and seasons. A "Gregorian-only" calendar mode is
available if such physical events are the primary interest.

  NOTE: "n.a." in output means quantity "not available" at the print-time.
 
SOLAR PRESENCE (OBSERVING SITE)
  Time tag is followed by a blank, then a solar-presence symbol:

       '*'  Daylight (refracted solar upper-limb on or above apparent horizon)
       'C'  Civil twilight/dawn
       'N'  Nautical twilight/dawn
       'A'  Astronomical twilight/dawn
       ' '  Night OR geocentric ephemeris

LUNAR PRESENCE (OBSERVING SITE)
  The solar-presence symbol is immediately followed by a lunar-presence symbol:

       'm'  Refracted upper-limb of Moon on or above apparent horizon
       ' '  Refracted upper-limb of Moon below apparent horizon OR geocentric
            ephemeris
 
 'R.A._____(ICRF)_____DEC' =
  Astrometric right ascension and declination of the target center with
respect to the observing site (coordinate origin) in the reference frame of
the planetary ephemeris (ICRF). Compensated for down-leg light-time delay
aberration.

  Units: RA  in hours-minutes-seconds of time,    HH MM SS.ff{ffff}
         DEC in degrees-minutes-seconds of arc,  sDD MN SC.f{ffff}
 
 'R.A.__(a-apparent)__DEC' =
  Airless apparent right ascension and declination of the target center
with respect to an instantaneous reference frame defined by the Earth equator
of-date (z-axis) and meridian containing the Earth equinox of-date (x-axis,
EOP-corrected IAU76/80). Compensated for down-leg light-time delay,
gravitational deflection of light, stellar aberration, precession & nutation.
Note: equinox (RA origin) is offset -53 mas from the of-date frame defined
by the IAU06/00a P & N system.

  Units: RA  in hours-minutes-seconds of time,   HH MM SS.ff{ffff}
         DEC in degrees-minutes-seconds of arc, sDD MN SC.f{ffff}
 
 'dRA*cosD d(DEC)/dt' =
  The angular rate of change in apparent RA and DEC of the target. This is
with respect to the non-inertial IAU76/80 Earth true equator and equinox
of-date reference frame.  d(RA)/dt is multiplied by the cosine of declination
to provide a linear rate in the plane-of-sky. Units: ARCSECONDS PER HOUR
 
 'Azi____(a-app)___Elev' =
  Airless apparent azimuth and elevation of target center. Compensated
for light-time, the gravitational deflection of light, stellar aberration,
precession and nutation. Azimuth is measured clockwise from north:

  North(0) -> East(90) -> South(180) -> West(270) -> North (360)

Elevation angle is with respect to a plane perpendicular to the reference
surface local zenith direction. TOPOCENTRIC ONLY.  Units: DEGREES
 
 'APmag   S-brt' =
  The targets' approximate apparent visual magnitude and surface brightness.
For planets and natural satellites, output is restricted to solar phase angles
covered by observational data. Outside the observed phase angle range, "n.a."
may be output to avoid extrapolation beyond the limit of model validity.

   For Earth-based observers, the estimated dimming due to atmospheric
absorption (extinction) is available as a separate, requestable quantity.

   Surface brightness is the average airless visual magnitude of a
square-arcsecond of the illuminated portion of the apparent disk. It is
computed only if the target radius is known.

   Units: MAGNITUDES & MAGNITUDES PER SQUARE ARCSECOND
 
 'Illu%' =
   Fraction of the target objects' assumed circular disk illuminated by Sun
(phase), as seen by the observer.  Units: PERCENT
 
 'Ang-diam' =
   The equatorial angular width of the target body full disk, if it were fully
illuminated and visible to the observer. If the target body diameter is unknown
"n.a." is output.

   Units: ARCSECONDS
 
 'ObsSub-LON ObsSub-LAT' =
   Apparent planetodetic longitude and latitude of the center of the target
disc seen by the OBSERVER at print-time. This is NOT exactly the same as the
"nearest" sub-point for a non-spherical target shape (since the center of the
disc might not be the point closest to the observer), but is generally very
close if not a very irregular body shape. Down-leg light travel-time from
target to observer is taken into account. Latitude is the angle between the
equatorial plane and the line perpendicular to the reference ellipsoid of the
body, so includes body oblateness. The reference ellipsoid is an oblate
spheroid with a single flatness coefficient in which the y-axis body radius
is taken to be the same value as the x-axis radius. For Jupiter, Saturn, and
Uranus, IAU2015 longitude is based on the "System III" prime meridian rotation
angle of the magnetic field. By contrast, pole direction (thus latitude) is
relative to the body dynamical equator.  There can be an offset between the
magnetic pole and the dynamical pole of rotation. For Neptune, rotation is
IAU2015 "System II" rotation of optically observed features in the Neptunian
atmosphere. Positive longitude is to the EAST for this target. Cartographic
system is specified in the header. Units: DEGREES DEGREES
 
 'delta      deldot' =
   Apparent range ("delta", light-time aberrated) and range-rate ("delta-dot")
of the target center relative to the observer. A positive "deldot" means the
target center is moving away from the observer, negative indicates movement
toward the observer.  Units: AU and KM/S
 
 'S-O-T /r' =
   Sun-Observer-Target apparent SOLAR ELONGATION ANGLE seen from the observers'
location at print-time.

   The '/r' column provides a code indicating the targets' apparent position
relative to the Sun in the observers' sky, as described below:

   Case A: For an observing location on the surface of a rotating body, that
body rotational sense is considered:

    /T indicates target TRAILS Sun   (evening sky: rises and sets AFTER Sun)
    /L indicates target LEADS Sun    (morning sky: rises and sets BEFORE Sun)

   Case B: For an observing point that does not have a rotational model (such
as a spacecraft), the "leading" and "trailing" condition is defined by the
observers' heliocentric ORBITAL motion:

    * If continuing in the observers' current direction of heliocentric
       motion would encounter the targets' apparent longitude first, followed
       by the Sun's, the target LEADS the Sun as seen by the observer.

    * If the Sun's apparent longitude would be encountered first, followed
       by the targets', the target TRAILS the Sun.

   Two other codes can be output:
    /* indicates observer is Sun-centered    (undefined)
    /? Target is aligned with Sun center     (no lead or trail)

   The S-O-T solar elongation angle is numerically the minimum separation
angle of the Sun and target in the sky in any direction. It does NOT indicate
the amount of separation in the leading or trailing directions, which would
be defined along the equator of a spherical coordinate system.

   Units: DEGREES
 
 'S-T-O' =
   The Sun-Target-Observer angle; the interior vertex angle at target center
formed by a vector from the target to the apparent center of the Sun (at
reflection time on the target) and the apparent vector from target to the
observer at print-time. Slightly different from true PHASE ANGLE (requestable
separately) at the few arcsecond level in that it includes stellar aberration
on the down-leg from target to observer.  Units: DEGREES
 
 'Sky_motion  Sky_mot_PA  RelVel-ANG' =
  Total apparent angular rate of the target in the plane-of-sky. "Sky_mot_PA"
is the position angle of the target's direction of motion in the plane-of-sky,
measured counter-clockwise from the apparent of-date north pole direction.
"RelVel-ANG" is the flight path angle of the target's relative motion with
respect to the observer's line-of-sight, in the range [-90,+90], where positive
values indicate motion away from the observer, negative values are toward the
observer:

  -90 = target is moving directly toward the observer
    0 = target is moving at right angles to the observer's line-of-sight
  +90 = target is moving directly away from the observer

UNITS:  ARCSECONDS/MINUTE, DEGREES, DEGREES
 
 'Lun_Sky_Brt  sky_SNR' =
  Sky brightness due to moonlight scattered by Earth's atmosphere at the
target's position in the sky. "sky_SNR" is the visual signal-to-noise ratio
(SNR) of the target's surface brightness relative to background sky. Output
only for topocentric Earth observers when both the Moon and target are above
the local horizon and the Sun is in astronomical twilight (or further) below
the horizon, and the target is not the Moon or Sun. If all conditions are
not met, "n.a." is output. Galactic brightness, local sky light-pollution
and weather are NOT considered. Lunar opposition surge is considered. The
value returned is accurate under ideal conditions at the approximately 8-23%
level, so is a useful but not definitive value.

  If the target-body radius is also known, "sky_SNR" is output. This is the
approximate visual signal-to-noise ratio of the target's brightness divided
by lunar sky brightness. When sky_SNR < 1, the target is dimmer than the
ideal moonlight-scattering background sky, so unlikely to be detectable at
visual wavelengths. In practice, visibility requires sky_SNR > 1 and a
detector sensitive enough to reach the target's magnitude, even if it isn't
washed out by moonlight. When relating magnitudes and brightness values,
keep in mind their logarithmic relationship m2-m1 = -2.5*log_10(b2/b1).

  UNITS: VISUAL MAGNITUDES / ARCSECOND^2, and unitless ratio

Computations by ...

    Solar System Dynamics Group, Horizons On-Line Ephemeris System
    4800 Oak Grove Drive, Jet Propulsion Laboratory
    Pasadena, CA  91109   USA

    General site: https://ssd.jpl.nasa.gov/
    Mailing list: https://ssd.jpl.nasa.gov/email_list.html
    System news : https://ssd.jpl.nasa.gov/horizons/news.html
    User Guide  : https://ssd.jpl.nasa.gov/horizons/manual.html
    Connect     : browser        https://ssd.jpl.nasa.gov/horizons/app.html#/x
                  API            https://ssd-api.jpl.nasa.gov/doc/horizons.html
                  command-line   telnet ssd.jpl.nasa.gov 6775
                  e-mail/batch   https://ssd.jpl.nasa.gov/ftp/ssd/horizons_batch.txt
                  scripts        https://ssd.jpl.nasa.gov/ftp/ssd/SCRIPTS
    Author      : Jon.D.Giorgini@jpl.nasa.gov

**********************************************************************************************************************************************************************************************************************************************************************************************
