*******************************************************************************
 Revised: September 25, 2025           Uranus                               799
 
 PHYSICAL DATA:
  Mass x10^24 (kg)      = 86.813          Density (g/cm^3)       =  1.271
  Equat. radius (1 bar) = 25559+-4 km     Polar radius (km)      = 24973+-20
  Vol. Mean Radius (km) = 25362+-12       Flattening             =  0.02293
  Geometric Albedo      = 0.51
  Sid. rot. period (III)= 17.24+-0.01 h   Sid. rot. rate (rad/s) = -0.000101237
  Mean solar day, h     =~17.24           Rocky core mass (Mc/M) =  0.0012        
  GM (km^3/s^2)         = 5793950.6103    GM 1-sigma (km^3/s^2)  = +-4.3 
  Equ. grav, ge (m/s^2) =  8.87           Pol. grav, gp (m/s^2)  =   9.19+-0.02
  Visual magnitude V(1,0)= -7.11
  Vis. mag. (opposition)=  +5.52          Obliquity to orbit     = 97.77 deg
  Sidereal orbit period = 84.0120465 y    Sidereal orbit period  = 30685.4 d
  Mean daily motion     = 0.01176904 dg/d Mean orbit velocity    =  6.8 km/s
  Atmos. temp. (1 bar)  =  76+-2 K        Escape speed, km/s     =  21.3           
  Aroche(ice)/Rp        =  2.20           Hill's sphere rad., Rp = 2700
                                 Perihelion   Aphelion    Mean
  Solar Constant (W/m^2)         4.09         3.39        3.71
  Maximum Planetary IR (W/m^2)   0.72         0.55        0.63
  Minimum Planetary IR (W/m^2)   0.72         0.55        0.63
*******************************************************************************


*******************************************************************************
Ephemeris / WWW_USER Mon Apr  6 16:44:50 2026 Pasadena, USA      / Horizons    
*******************************************************************************
Target body name: Uranus (799)                    {source: ura184_merged}
Center body name: Earth (399)                     {source: DE441}
Center-site name: (user defined site below)
*******************************************************************************
Start time      : A.D. 2026-Jan-01 00:00:00.0000 UT      
Stop  time      : A.D. 2026-Dec-31 00:00:00.0000 UT      
Step-size       : 3600 minutes
*******************************************************************************
Target pole/equ : IAU_URANUS                      {East-longitude positive}
Target radii    : 25559.0, 25559.0, 24973.0 km    {Equator_a, b, pole_c}       
Center geodetic : 254.0, 28.5, 1.4                {E-lon(deg),Lat(deg),Alt(km)}
Center cylindric: 254.0, 5610.72285, 3025.98484   {E-lon(deg),Dxy(km),Dz(km)}
Center pole/equ : ITRF93                          {East-longitude positive}
Center radii    : 6378.137, 6378.137, 6356.752 km {Equator_a, b, pole_c}       
Target primary  : Sun
Vis. interferer : MOON (R_eq= 1737.400) km        {source: DE441}
Rel. light bend : Sun                             {source: DE441}
Rel. lght bnd GM: 1.3271E+11 km^3/s^2                                          
Atmos refraction: NO (AIRLESS)
RA format       : HMS
Time format     : CAL 
Calendar mode   : Mixed Julian/Gregorian
EOP file        : eop.260406.p260703                                           
EOP coverage    : DATA-BASED 1962-JAN-20 TO 2026-APR-06. PREDICTS-> 2026-JUL-02
Units conversion: 1 au= 149597870.700 km, c= 299792.458 km/s, 1 day= 86400.0 s 
Table cut-offs 1: Elevation (-90.0deg=NO ),Airmass (>38.000=NO), Daylight (NO )
Table cut-offs 2: Solar elongation (  0.0,180.0=NO ),Local Hour Angle( 0.0=NO )
Table cut-offs 3: RA/DEC angular rate (     0.0=NO )                           
**********************************************************************************************************************************************************************************************************************************************************************************************
 Date__(UT)__HR:MN     R.A._____(ICRF)_____DEC  R.A.__(a-apparent)__DEC  dRA*cosD d(DEC)/dt  Azi____(a-app)___Elev    APmag   S-brt      Illu%  Ang-diam  ObsSub-LON ObsSub-LAT             delta      deldot     S-O-T /r     S-T-O  Sky_motion  Sky_mot_PA  RelVel-ANG  Lun_Sky_Brt  sky_SNR
**********************************************************************************************************************************************************************************************************************************************************************************************
$$SOE
 2026-Jan-01 00:00 *m  03 41 25.54 +19 25 28.6  03 42 56.94 +19 30 34.5  -4.07663  -0.85011   84.739603  34.056183    5.646   8.236   99.97084  3.757944    3.751235  69.516112  18.7552678427061  19.6534673  137.3826 /T    1.9525   0.0694054   258.22083   51.316867         n.a.     n.a.
 2026-Jan-03 12:00  m  03 41 08.95 +19 24 36.7  03 42 40.33 +19 29 43.4  -3.71951  -0.85656  303.291545 -15.849011    5.649   8.236   99.96794  3.752023  176.501888  69.455688  18.7848667528899  21.2810591  134.7646 /T    2.0479   0.0636144   257.03159   55.831426         n.a.     n.a.
 2026-Jan-06 00:00 *   03 40 53.54 +19 23 48.5  03 42 24.92 +19 28 55.7  -3.57854  -0.73740   86.951236  38.482511    5.652   8.236   99.96505  3.745864  349.253788  69.399498  18.8157494814177  21.5517863  132.1597 /T    2.1385   0.0608954   258.35654   57.272175         n.a.     n.a.
 2026-Jan-08 12:00  m  03 40 39.14 +19 23 03.7  03 42 10.46 +19 28 11.4  -3.18694  -0.73508  306.493175 -19.508073    5.656   8.236   99.96217  3.739453  162.006022  69.346979  18.8480087631361  23.0589331  129.5503 /T    2.2252   0.0545102   257.01171   61.692991         n.a.     n.a.
 2026-Jan-11 00:00 *   03 40 25.99 +19 22 23.0  03 41 57.29 +19 27 30.8  -3.04245  -0.61487   89.261886  42.903360    5.660   8.235   99.95936  3.732836  334.760093  69.298971  18.8814182846755  23.2812340  126.9543 /T    2.3066   0.0517326   258.57462   63.107122         n.a.     n.a.
 2026-Jan-13 12:00  m  03 40 13.94 +19 21 45.8  03 41 45.18 +19 26 54.1  -2.61825  -0.60366  309.944178 -22.998675    5.664   8.235   99.95661  3.725996  147.515016  69.254954  18.9160834994730  24.6530958  124.3542 /T    2.3839   0.0447824   257.01677   67.443892         n.a.     n.a.
 2026-Jan-16 00:00 *   03 40 03.21 +19 21 13.1  03 41 34.45 +19 26 21.5  -2.47084  -0.48332   91.723664  47.310605    5.668   8.235   99.95397  3.718984  320.272400  69.215702  18.9517495394161  24.8193924  121.7682 /T    2.4556   0.0419611   258.93221   68.827894         n.a.     n.a.
 2026-Jan-18 12:00     03 39 53.65 +19 20 44.1  03 41 24.84 +19 25 53.0  -2.01827  -0.46366  313.672615 -26.295454    5.672   8.235   99.95143  3.711780  133.031184  69.180727  18.9885325967929  26.0402750  119.1789 /T    2.5228   0.0345141   257.06181   73.078829         n.a.     n.a.
 2026-Jan-21 00:00 *m  03 39 45.45 +19 20 19.9  03 41 16.64 +19 25 28.9  -1.86992  -0.34479   94.408244  51.694989    5.676   8.235   99.94904  3.704440  305.793044  69.150720  19.0261517385875  26.1436546  116.6046 /T    2.5843   0.0316907   259.55261   74.422280         n.a.     n.a.
 2026-Jan-23 12:00     03 39 38.50 +19 19 59.5  03 41 09.60 +19 25 08.8  -1.39408  -0.31759  317.704642 -29.370077    5.681   8.235   99.94680  3.696944  118.556849  69.125220  19.0647329024735  27.1993843  114.0281 /T    2.6410   0.0238299   257.16642   78.585159         n.a.     n.a.
 2026-Jan-26 00:00 *m  03 39 32.94 +19 19 44.0  03 41 04.02 +19 24 53.2  -1.24819  -0.20144   97.419630  56.044886    5.685   8.235   99.94474  3.689350  291.324333  69.104821  19.1039734761035  27.2367149  111.4674 /T    2.6919   0.0210724   260.83217   79.870246         n.a.     n.a.
 2026-Jan-28 12:00     03 39 28.65 +19 19 32.6  03 40 59.68 +19 24 41.8  -0.75595  -0.16780  322.062160 -32.191170    5.690   8.235   99.94285  3.681634  104.094275  69.089079  19.1440140310431  28.1221128  108.9055 /T    2.7378   0.0129058   257.48512   83.937948         n.a.     n.a.
 2026-Jan-31 00:00 *m  03 39 25.78 +19 19 26.0  03 40 56.83 +19 24 35.3  -0.61592  -0.05599  100.915324  60.344706    5.694   8.235   99.94118  3.673857  276.868424  69.078486  19.1845397800987  28.1005370  106.3596 /T    2.7778   0.0103077   264.80595   85.137887         n.a.     n.a.
 2026-Feb-02 12:00  m  03 39 24.21 +19 19 23.5  03 40 55.20 +19 24 33.0  -0.11196  -0.01630  326.759717 -34.724527    5.699   8.235   99.93970  3.665989   89.645484  69.072637  19.2257113146215  28.8204069  103.8126 /T    2.8128   0.0018857   261.71525   89.128867         n.a.     n.a.
 2026-Feb-05 00:00 *   03 39 24.05 +19 19 26.0  03 40 55.02 +19 24 35.4  0.022013  0.090784  105.147930  64.571029    5.703   8.235   99.93846  3.658094  262.427245  69.071941  19.2672069407331  28.7507191  101.2814 /T    2.8418   0.0015569   13.629736   89.277425         n.a.     n.a.
 2026-Feb-07 12:00  m  03 39 25.20 +19 19 32.6  03 40 56.09 +19 24 41.8  0.535731  0.136540  331.799454 -36.934389    5.708   8.235   99.93743  3.650138   75.212372  69.076058  19.3092011553844  29.3049435   98.7489 /T    2.8658   0.0092143   75.701587   85.802617         n.a.     n.a.
 2026-Feb-10 00:00 *   03 39 27.77 +19 19 44.2  03 40 58.65 +19 24 53.1  0.664660  0.238456  110.545856  68.684541    5.713   8.235   99.93665  3.642186  248.002710  69.085325  19.3513581422839  29.1857639   96.2321 /T    2.8839   0.0117690   70.263886   84.611494         n.a.     n.a.
 2026-Feb-12 12:00  m  03 39 31.66 +19 19 59.9  03 41 02.49 +19 25 08.6  1.184861  0.289973  337.166607 -38.784417    5.717   8.235   99.93609  3.634204   60.796912  69.099455  19.3938581865092  29.5665130   93.7142 /T    2.8968   0.0203305   76.248228   80.842802         n.a.     n.a.
 2026-Feb-15 00:00 *   03 39 36.96 +19 20 20.6  03 41 07.81 +19 25 29.1  1.307727  0.385588  117.876694  72.613170    5.722   8.235   99.93579  3.626259  233.596841  69.118692  19.4363525208681  29.3942629   91.2121 /T    2.9038   0.0227231   73.571663   79.706017         n.a.     n.a.
 2026-Feb-17 12:00     03 39 43.59 +19 20 45.4  03 41 14.37 +19 25 53.7  1.830185  0.441734  342.825262 -40.240383    5.727   8.234   99.93572  3.618315   46.401124  69.142801  19.4790258508710  29.5947884   88.7096 /T    2.9057   0.0313790   76.430604   75.982370         n.a.     n.a.
 2026-Feb-20 00:00 *m  03 39 51.60 +19 21 15.1  03 41 22.37 +19 26 23.0  1.945276  0.530172  128.568663  76.210846    5.731   8.234   99.93590  3.610439  219.211638  69.171928  19.5215190525457  29.3668187   86.2234 /T    2.9017   0.0336038   74.754700   74.889394         n.a.     n.a.
 2026-Feb-22 12:00     03 40 00.93 +19 21 48.7  03 41 31.62 +19 26 56.1  2.464192  0.589991  348.716097 -41.273401    5.736   8.234   99.93632  3.602595   32.026984  69.205873  19.5640225174814  29.3852273   83.7373 /T    2.8927   0.0422306   76.535389   71.228871         n.a.     n.a.
 2026-Feb-25 00:00 *m  03 40 11.61 +19 22 27.1  03 41 42.31 +19 27 34.0  2.568378  0.669879  145.091571  79.162377    5.741   8.234   99.93697  3.594849  204.849003  69.244674  19.6061750289633  29.1069850   81.2681 /T    2.8780   0.0442383   75.381902   70.190917         n.a.     n.a.
 2026-Feb-27 12:00     03 40 23.57 +19 23 09.2  03 41 54.23 +19 28 15.8  3.078652  0.732465  354.758346 -41.862537    5.745   8.234   99.93784  3.587164   17.676259  69.288173  19.6481785447289  28.9525226   78.7994 /T    2.8585   0.0527431   76.617139   66.603437         n.a.     n.a.
 2026-Mar-02 00:00 *m  03 40 36.82 +19 23 56.0  03 42 07.50 +19 29 02.2  3.171148  0.803508  169.696356  80.846986    5.750   8.234   99.93893  3.579604  190.510560  69.336318  19.6896786602462  28.6378999   76.3474 /T    2.8334   0.0545227   75.781601   65.623040         n.a.     n.a.
 2026-Mar-04 12:00  m  03 40 51.32 +19 24 46.4  03 42 21.92 +19 29 52.0  3.670634  0.868842    0.855524 -41.997806    5.754   8.234   99.94022  3.572127    3.350465  69.389014  19.7308885745893  28.3225374   73.8957 /T    2.8036   0.0628677   76.683134   62.102527         n.a.     n.a.
 2026-Mar-07 00:00 *   03 41 07.05 +19 25 41.2  03 42 37.66 +19 30 46.1  3.753430  0.931095  197.993839  80.585984    5.759   8.234   99.94171  3.564798  176.197768  69.446144  19.7714575779994  27.9781481   71.4599 /T    2.7684   0.0644532   76.068149   61.163709         n.a.     n.a.
 2026-Mar-09 12:00  m  03 41 24.00 +19 26 39.3  03 42 54.55 +19 31 43.5  4.240937  0.999274    6.904761 -41.681614    5.763   8.234   99.94339  3.557575  349.051068  69.507686  19.8115997557195  27.5036350   69.0241 /T    2.7288   0.0726179   76.741473   57.694309         n.a.     n.a.
 2026-Mar-12 00:00 *   03 41 42.13 +19 27 41.7  03 43 12.71 +19 32 45.2  4.314633  1.052533  220.382601  78.533887    5.767   8.234   99.94524  3.550520  161.912132  69.573442  19.8509644845706  27.1279977   66.6037 /T    2.6840   0.0740193   76.290739   56.785660         n.a.     n.a.
 2026-Mar-14 12:00 Am  03 42 01.44 +19 28 47.3  03 43 31.98 +19 33 50.1  4.787390  1.122601   12.808211 -40.928280    5.771   8.234   99.94724  3.543594  334.779587  69.643450  19.8897629405560  26.4935774   64.1831 /T    2.6349   0.0819541   76.803081   53.360229         n.a.     n.a.
 2026-Mar-17 00:00 *   03 42 21.87 +19 29 56.9  03 43 52.43 +19 34 59.1  4.851792  1.166374  234.993695  75.447388    5.775   8.234   99.94938  3.536858  147.655148  69.717432  19.9276463651087  26.0846769   61.7779 /T    2.5809   0.0831670   76.482564   52.474185         n.a.     n.a.
 2026-Mar-19 12:00 A   03 42 43.42 +19 31 09.4  03 44 13.92 +19 36 10.8  5.306202  1.237755   18.483096 -39.762964    5.779   8.233   99.95165  3.530272  320.537486  69.795474  19.9648223091532  25.2915595   59.3725 /T    2.5227   0.0908109   76.869656   49.089290         n.a.     n.a.
 2026-Mar-22 00:00 *m  03 43 06.03 +19 32 25.7  03 44 36.54 +19 37 26.2  5.359321  1.271334  244.541024  71.861971    5.783   8.233   99.95403  3.523895  133.428234  69.877207  20.0009484517904  24.8508509   56.9827 /T    2.4600   0.0918008   76.655010   48.230326         n.a.     n.a.
 2026-Mar-24 12:00 A   03 43 29.70 +19 33 44.6  03 45 00.19 +19 38 44.1  5.790760  1.342954   23.868086 -38.218529    5.787   8.233   99.95651  3.517690  306.326076  69.962754  20.0362320494916  23.9081083   54.5932 /T    2.3933   0.0990741   76.943161   44.894121         n.a.     n.a.
 2026-Mar-27 00:00 *m  03 43 54.34 +19 35 06.9  03 45 24.88 +19 40 05.7  5.831217  1.366073  251.199183  68.033429    5.790   8.233   99.95905  3.511710  119.232540  70.051661  20.0703475728149  23.4476959   52.2194 /T    2.3225   0.0998182   76.815147   44.074035         n.a.     n.a.
 2026-Mar-29 12:00 A   03 44 19.97 +19 36 31.5  03 45 50.49 +19 41 29.5  6.237340  1.437860   28.925202 -36.331962    5.794   8.233   99.96165  3.505918  292.146343  70.144106  20.1035073517582  22.3741054   49.8459 /T    2.2479   0.1066821   77.018696   40.793556         n.a.     n.a.
 2026-Apr-01 00:00 *   03 44 46.48 +19 37 59.3  03 46 17.02 +19 42 56.4  6.266983  1.450904  256.172924  64.080214    5.797   8.233   99.96428  3.500364  105.068915  70.239577  20.1354044972800  21.9057210   47.4874 /T    2.1696   0.1072124   76.964793   40.010140         n.a.     n.a.
 2026-Apr-03 12:00 Am  03 45 13.93 +19 39 29.1  03 46 44.41 +19 44 25.1  6.648060  1.523171   33.637891 -34.141991    5.801   8.233   99.96693  3.495010  277.999059  70.338325  20.1662478951016  20.7119617   45.1287 /T    2.0879   0.1136720   77.095395   36.774427         n.a.     n.a.
 2026-Apr-06 00:00 *   03 45 42.17 +19 41 01.8  03 47 12.70 +19 45 56.8  6.668938  1.526841  260.112701  60.061383    5.804   8.233   99.96958  3.489906   90.938128  70.439787  20.1957434863521  20.2369665   42.7842 /T    2.0026   0.1140248   77.104491   36.014680         n.a.     n.a.
 2026-Apr-08 12:00 Nm  03 46 11.27 +19 42 36.2  03 47 41.80 +19 47 30.1  7.023968  1.599118   38.006566 -31.686125    5.807   8.233   99.97222  3.485014  263.885010  70.544270  20.2240900051061  18.9268512   40.4386 /T    1.9143   0.1200617   77.174314   32.812724         n.a.     n.a.
 2026-Apr-11 00:00 *   03 46 41.10 +19 44 13.2  03 48 11.68 +19 49 06.3  7.036836  1.593251  263.386573  56.009060    5.809   8.233   99.97482  3.480383   76.840945  70.651155  20.2510050408052  18.4426124   38.1067 /T    1.8227   0.1202492   77.242426   32.065427         n.a.     n.a.
 2026-Apr-13 12:00 Nm  03 47 11.72 +19 45 51.7  03 48 42.29 +19 50 43.7  7.364086  1.665164   42.044163 -28.999350    5.812   8.232   99.97737  3.475976  249.804917  70.760797  20.2766754150184  17.0198366   35.7733 /T    1.7283   0.1258334   77.258573   28.888168         n.a.     n.a.
 2026-Apr-16 00:00 *   03 47 42.98 +19 47 32.4  03 49 13.58 +19 52 23.4  7.368290  1.649801  266.214300  51.941974    5.814   8.232   99.97985  3.471840   62.778038  70.872515  20.3008334254997  16.5252981   33.4532 /T    1.6311   0.1258455   77.379315   28.148397         n.a.     n.a.
 2026-Apr-18 12:00 N   03 48 14.97 +19 49 14.3  03 49 45.55 +19 54 04.0  7.664639  1.720496   45.771838 -26.113422    5.817   8.232   99.98226  3.467942  235.759369  70.986695  20.3236543065974  14.9967297   31.1315 /T    1.5313   0.1309228   77.348422   24.993878         n.a.     n.a.
 2026-Apr-21 00:00 *m  03 48 47.49 +19 50 58.0  03 50 18.14 +19 55 46.7  7.658538  1.695359  268.734725  47.871844    5.819   8.232   99.98455  3.464322   48.749856  71.102591  20.3448907935541  14.4967029   28.8230 /T    1.4292   0.1307324   77.517813   24.266642         n.a.     n.a.
 2026-Apr-23 12:00 N   03 49 20.65 +19 52 42.6  03 50 51.33 +19 57 30.2  7.920962  1.764496   49.215070 -23.055985    5.821   8.232   99.98674  3.460949  221.748627  71.220618  20.3647139234477  12.8811456   26.5132 /T    1.3247   0.1352519   77.441681   21.146370         n.a.     n.a.
 2026-Apr-26 00:00 *m  03 49 54.25 +19 54 28.8  03 51 24.99 +19 59 15.5  7.905081  1.730067  271.040479  43.806392    5.823   8.232   99.98879  3.457861   34.756452  71.339983  20.3829062048627  12.3899994   24.2165 /T    1.2183   0.1348697   77.655170   20.443846         n.a.     n.a.
 2026-Apr-28 12:00 N   03 50 28.40 +19 56 15.5  03 51 59.14 +20 01 01.0  8.134382  1.797904   52.401318 -19.850984    5.824   8.232   99.99071  3.455025  207.772572  71.461158  20.3996322614075  10.7055503   21.9180 /T    1.1100   0.1388451   77.536562   17.358895         n.a.     n.a.
 2026-May-01 00:00 *   03 51 02.90 +19 58 03.4  03 52 33.69 +20 02 47.8  8.111512  1.755412  273.195509  39.751072    5.826   8.232   99.99246  3.452476   20.797619  71.583328  20.4146977766422  10.2276442   19.6320 /T    1.0000   0.1383214   77.788928   16.675315         n.a.     n.a.
 2026-May-03 12:00 Cm  03 51 37.88 +19 59 51.7  03 53 08.69 +20 04 34.7  8.308220  1.822017   55.357882 -16.519004    5.827   8.231   99.99406  3.450185  193.830975  71.707010  20.4282523325491   8.4823207   17.3433 /T    0.8885   0.1417610   77.630683   13.615899         n.a.     n.a.
 2026-May-06 00:00 *   03 52 13.12 +20 01 40.8  03 53 44.01 +20 06 22.8  8.279739  1.771713  275.246635  35.710287    5.828   8.231   99.99548  3.448181    6.873109  71.831363  20.4401207893948   8.0148518   15.0662 /T    0.7757   0.1411196   77.921897   12.940395         n.a.     n.a.
 2026-May-08 12:00 Cm  03 52 48.77 +20 03 30.0  03 54 19.69 +20 08 10.8  8.443600  1.836711   58.110775 -13.077332    5.829   8.231   99.99672  3.446443  179.923535  71.956941  20.4504340219672   6.2132556   12.7855 /T    0.6616   0.1440176   77.727802   9.8943579         n.a.     n.a.
 2026-May-11 00:00 *   03 53 24.58 +20 05 19.8  03 54 55.57 +20 09 59.7  8.409625  1.779050  277.229323  31.687679    5.830   8.231   99.99777  3.444993  352.982553  72.082870  20.4590372174580   5.7532155   10.5157 /T    0.5466   0.1432624   78.055232   9.2180927         n.a.     n.a.
 2026-May-13 12:00 Cm  03 54 00.72 +20 07 09.5  03 55 31.73 +20 11 48.0  8.538982  1.841918   60.684602  -9.540708    5.831   8.231   99.99862  3.443814  166.049799  72.209723  20.4660430293257   3.9019815    8.2417 /T    0.4306   0.1455897   77.827408   6.1775422         n.a.     n.a.
 2026-May-16 00:00 *m  03 54 36.94 +20 08 59.3  03 56 08.02 +20 13 36.8  8.498504  1.776867  279.171372  27.686448    5.831   8.231   99.99927  3.442926  339.125367  72.336595  20.4713192698994   3.4483603    5.9783 /T    0.3142   0.1447045   78.190718   5.4952484         n.a.     n.a.
 2026-May-18 12:00 C   03 55 13.40 +20 10 48.8  03 56 44.54 +20 15 24.9  8.590688  1.837081   63.102135  -5.921490    5.832   8.231   99.99972  3.442314  152.209002  72.464064  20.4749633130761   1.5600319    3.7111 /T    0.1970   0.1464153   77.929352   2.4594687         n.a.     n.a.
 2026-May-21 00:00 *m  03 55 49.83 +20 12 38.2  03 57 21.09 +20 17 13.4  8.542262  1.764928  281.096089  23.709709    5.832   8.231   99.99996  3.441992  325.300558  72.591192  20.4768749731477   1.1228654    1.4585 /T    0.0800   0.1453781   78.326305   1.7817931         n.a.     n.a.
 2026-May-23 12:00 C   03 56 26.41 +20 14 26.9  03 57 57.67 +20 19 00.7  8.596919  1.822324   65.384404  -2.229584    5.832   8.230   99.99999  3.441947  138.399886  72.718576  20.4771438014629  -0.7797655    0.8286 /L    0.0387   0.1464657   78.031937   -1.237945         n.a.     n.a.
 2026-May-26 00:00 *m  03 57 02.88 +20 16 15.2  03 58 34.22 +20 20 48.2  8.543028  1.744414  283.023502  19.760200    5.831   8.230   99.99980  3.442190  311.506649  72.845283  20.4757018074447  -1.1908540    3.0698 /L    0.1553   0.1453218   78.459337   -1.901913         n.a.     n.a.
 2026-May-28 12:00 C   03 57 39.40 +20 18 02.6  03 59 10.79 +20 22 34.3  8.562108  1.799475   67.550428   1.526048    5.831   8.230   99.99941  3.442707  124.620871  72.971940  20.4726221770767  -3.0951663    5.3258 /L    0.2725   0.1458193   78.131042   -4.907982         n.a.     n.a.
 2026-May-31 00:00 *   03 58 15.72 +20 19 49.4  03 59 47.20 +20 24 20.0  8.504576  1.716535  284.971397  15.841665    5.830   8.230   99.99881  3.443508  297.742018  73.097618  20.4678608852734  -3.4821247    7.5735 /L    0.3890   0.1446013   78.588920   -5.564659         n.a.     n.a.
 2026-Jun-02 12:00 Cm  03 58 52.02 +20 21 35.1  04 00 23.58 +20 26 04.4  8.489018  1.768861   69.618121   5.338473    5.829   8.230   99.99801  3.444584  110.870271  73.222963  20.4614690919551  -5.3827931    9.8277 /L    0.5053   0.1445225   78.229667   -8.569074         n.a.     n.a.
 2026-Jun-05 00:00 *   03 59 28.03 +20 23 19.8  04 00 59.69 +20 27 48.4  8.428510  1.681488  286.956796  11.957901    5.828   8.230   99.99702  3.445939  284.004899  73.347050  20.4534253050602  -5.7502540   12.0737 /L    0.6205   0.1432434   78.717616   -9.227811         n.a.     n.a.
 2026-Jun-07 12:00 *m  04 00 03.95 +20 25 03.4  04 01 35.67 +20 29 30.7  8.377839  1.730775   71.603861   9.201580    5.827   8.229   99.99582  3.447568   97.146226  73.470521  20.4437588891605  -7.6413074   14.3269 /L    0.7352   0.1425792   78.327495   -12.24153         n.a.     n.a.
 2026-Jun-10 00:00 *   04 00 39.49 +20 26 45.6  04 02 11.28 +20 31 12.1  8.313754  1.639154  288.995929   8.113328    5.826   8.229   99.99445  3.449472  270.293298  73.592452  20.4324722217727  -7.9925628   16.5727 /L    0.8484   0.1412300   78.846521   -12.91074         n.a.     n.a.
 2026-Jun-12 12:00 *m  04 01 14.85 +20 28 26.6  04 02 46.72 +20 32 51.6  8.226641  1.684883   73.523472  13.110144    5.825   8.229   99.99289  3.451651   83.446566  73.713476  20.4195742037513  -9.8655628   18.8263 /L    0.9608   0.1399568   78.425425   -15.94336         n.a.     n.a.
 2026-Jun-15 00:00 *m  04 01 49.76 +20 30 05.9  04 03 21.73 +20 34 30.1  8.157090  1.589343  291.105129   4.313062    5.823   8.229   99.99117  3.454100  256.604830  73.832663  20.4050952380447 -10.1981390   21.0730 /L    1.0713   0.1385081   78.974517   -16.62569         n.a.     n.a.
 2026-Jun-17 12:00 C   04 02 24.38 +20 31 43.7  04 03 56.47 +20 36 06.9  8.031861  1.630830   75.392103  17.059979    5.821   8.229   99.98929  3.456822   69.768632  73.950623  20.3890313750617 -12.0345603   23.3277 /L    1.1807   0.1365959   78.522405   -19.67532         n.a.     n.a.
 2026-Jun-20 00:00 *m  04 02 58.46 +20 33 19.7  04 04 30.63 +20 37 42.2  7.957152  1.532229  293.301504   0.563023    5.819   8.229   99.98727  3.459805  242.936525  74.066446  20.3714485834194 -12.3361491   25.5753 /L    1.2878   0.1350555   79.100538   -20.35598         n.a.     n.a.
 2026-Jun-22 12:00 C   04 03 32.16 +20 34 54.0  04 05 04.41 +20 39 15.3  7.796121  1.570050   77.225142  21.047527    5.817   8.229   99.98511  3.463055   56.109212  74.180745  20.3523313726824 -14.1164077   27.8312 /L    1.3935   0.1325441   78.613586   -23.41259         n.a.     n.a.
 2026-Jun-25 00:00 *m  04 04 05.24 +20 36 26.2  04 05 37.56 +20 40 46.6  7.718613  1.469633  295.602651  -3.129859    5.815   8.228   99.98283  3.466557  229.285065  74.292650  20.3317732276401 -14.3845074   30.0804 /L    1.4966   0.1309546   79.219852   -24.08587         n.a.     n.a.
 2026-Jun-27 12:00 C   04 04 37.86 +20 37 56.6  04 06 10.29 +20 42 15.8  7.524070  1.503522   79.038365  25.069531    5.812   8.228   99.98044  3.470318   42.464938  74.402770  20.3097372551821 -16.1022561   32.3385 /L    1.5978   0.1278804   78.699530   -27.15685         n.a.     n.a.
 2026-Jun-30 00:00 *   04 05 09.78 +20 39 24.7  04 06 42.30 +20 43 43.3  7.444926  1.401879  298.027611  -6.757008    5.810   8.228   99.97797  3.474321  215.647022  74.510272  20.2863384559994 -16.3422024   34.5908 /L    1.6962   0.1262627   79.336078   -27.82945         n.a.     n.a.
 2026-Jul-02 12:00 Cm  04 05 41.17 +20 40 50.9  04 07 13.81 +20 45 08.5  7.217703  1.431642   80.848448  29.123145    5.807   8.228   99.97541  3.478577   28.832312  74.615748  20.2615180524260 -17.9927527   36.8529 /L    1.7926   0.1226386   78.780919   -30.92620         n.a.     n.a.
 2026-Jul-05 00:00 *   04 06 11.79 +20 42 14.6  04 07 44.51 +20 46 31.7  7.136609  1.329088  300.596771 -10.308301    5.804   8.228   99.97280  3.483064  202.018804  74.718392  20.2354127786274 -18.2091360   39.1102 /L    1.8857   0.1209886   79.450365   -31.60698         n.a.     n.a.
 2026-Jul-07 12:00 Cm  04 06 41.81 +20 43 36.3  04 08 14.61 +20 47 52.3  6.876647  1.354175   82.674413  33.205615    5.801   8.228   99.97013  3.487799   15.207606  74.818766  20.2079432356508 -19.7866307   41.3783 /L    1.9765   0.1168119   78.859643   -34.74210         n.a.     n.a.
 2026-Jul-10 00:00 *   04 07 10.97 +20 44 55.3  04 08 43.85 +20 49 10.6  6.792159  1.251203  303.331943 -13.771846    5.798   8.227   99.96744  3.492755  188.396520  74.916093  20.1792694062207 -19.9808130   43.6424 /L    2.0638   0.1151074   79.562399   -35.43959         n.a.     n.a.
 2026-Jul-12 12:00 Cm  04 07 39.45 +20 46 12.1  04 09 12.46 +20 50 26.4  6.498239  1.270891   84.538524  37.314311    5.794   8.227   99.96472  3.497951    1.586726  75.010889  20.1492965087789 -21.4734193   45.9180 /L    2.1485   0.1103558   78.934078   -38.62401         n.a.     n.a.
 2026-Jul-15 00:00 *m  04 08 07.00 +20 47 26.0  04 09 40.12 +20 51 39.9  6.408853  1.167752  306.256920 -17.133421    5.791   8.227   99.96203  3.503355  174.775808  75.102410  20.1182133969190 -21.6377108   48.1901 /L    2.2293   0.1085729   79.673467   -39.33704         n.a.     n.a.
 2026-Jul-17 12:00 C   04 08 33.77 +20 48 37.6  04 10 07.00 +20 52 50.8  6.082199  1.182103   86.468030  41.446751    5.787   8.227   99.95934  3.508988  347.965039  75.191136  20.0859177872069 -23.0248452   50.4735 /L    2.3072   0.1032668   79.001424   -42.56387         n.a.     n.a.
 2026-Jul-20 00:00 *m  04 08 59.54 +20 49 46.2  04 10 32.83 +20 53 58.8  5.989560  1.080237  309.396929 -20.376449    5.784   8.227   99.95671  3.514813  161.151873  75.276385  20.0526285093982 -23.1491584   52.7535 /L    2.3809   0.1014365   79.776418   -43.27594         n.a.     n.a.
 2026-Jul-22 12:00 C   04 09 24.45 +20 50 52.3  04 10 57.86 +20 55 04.1  5.633936  1.089406   88.498485  45.599892    5.780   8.227   99.95413  3.520853  334.337709  75.358615  20.0182294961009 -24.4197295   55.0450 /L    2.4514   0.0956383   79.056069   -46.53999         n.a.     n.a.
 2026-Jul-25 00:00 *m  04 09 48.32 +20 51 55.3  04 11 21.80 +20 56 06.5  5.540155  0.989439  312.778142 -23.481137    5.776   8.227   99.95163  3.527068  147.519914  75.437214  19.9829574607366 -24.5079904   57.3334 /L    2.5175   0.0937969   79.874069   -47.24916         n.a.     n.a.
 2026-Jul-27 12:00 C   04 10 11.26 +20 52 55.8  04 11 44.88 +20 57 06.4  5.158059  0.993311   90.677218  49.769976    5.772   8.226   99.94921  3.533483  320.700000  75.512606  19.9466775017262 -25.6595200   59.6340 /L    2.5801   0.0875472   79.099729   -50.55880         n.a.     n.a.
 2026-Jul-30 00:00 *   04 10 33.09 +20 53 53.0  04 12 06.79 +20 58 03.3  5.063291  0.895654  316.427105 -26.424158    5.768   8.226   99.94690  3.540056  133.875243  75.584235  19.9096424954310 -25.7169455   61.9323 /L    2.6381   0.0856983   79.968620   -51.27201         n.a.     n.a.
 2026-Aug-01 12:00 Nm  04 10 53.93 +20 54 47.7  04 12 27.75 +20 58 57.4  4.656109  0.893691   93.071494  53.952020    5.763   8.226   99.94471  3.546815  307.047235  75.652480  19.8717004181293 -26.7465360   64.2436 /L    2.6924   0.0790183   79.134827   -54.63935         n.a.     n.a.
 2026-Aug-04 00:00 *   04 11 13.62 +20 55 38.9  04 12 47.49 +20 59 48.2  4.559613  0.798824  320.368858 -29.178791    5.759   8.226   99.94267  3.553715  120.213176  75.716839  19.8331197574643 -26.7767649   66.5536 /L    2.7419   0.0771510   80.062880   -55.36579         n.a.     n.a.
 2026-Aug-06 12:00 Nm  04 11 32.26 +20 56 27.4  04 13 06.25 +21 00 36.2  4.127452  0.790544   95.781826  58.138776    5.755   8.226   99.94076  3.560786  293.374705  75.777629  19.7937354624364 -27.6781513   68.8774 /L    2.7874   0.0700413   79.157270   -58.80680         n.a.     n.a.
 2026-Aug-09 00:00 *   04 11 49.68 +20 57 12.5  04 13 23.75 +21 01 20.9  4.027306  0.698494  324.625003 -31.714537    5.750   8.226   99.93903  3.567978  106.528927  75.834401  19.7538348045098 -27.6781040   71.2006 /L    2.8279   0.0681238   80.160530   -59.55728         n.a.     n.a.
 2026-Aug-11 12:00 Nm  04 12 05.98 +20 57 54.8  04 13 40.21 +21 02 02.9  3.571151  0.683461   98.965855  62.319311    5.746   8.226   99.93747  3.575324  279.677502  75.887411  19.7132472351076 -28.4371074   73.5382 /L    2.8642   0.0605994   79.165522   -63.07898         n.a.     n.a.
 2026-Aug-14 00:00 *m  04 12 21.03 +20 58 33.4  04 13 55.31 +21 02 41.4  3.467498  0.595276  329.210829 -33.997383    5.741   8.226   99.93612  3.582769   92.817516  75.936275  19.6722834869446 -28.3953556   75.8753 /L    2.8952   0.0586371   80.258814   -63.84677         n.a.     n.a.
 2026-Aug-16 12:00 N   04 12 34.89 +20 59 09.2  04 14 09.28 +21 03 16.9  2.991301  0.573954  102.888520  66.475292    5.736   8.225   99.93495  3.590345  265.950689  75.981207  19.6307707676794 -28.9963940   78.2266 /L    2.9219   0.0507644   79.138412   -67.44049         n.a.     n.a.
 2026-Aug-19 00:00 *m  04 12 47.45 +20 59 41.3  04 14 21.89 +21 03 48.8  2.886971  0.490406  334.130761 -35.990734    5.732   8.225   99.93401  3.597995   79.074170  76.021915  19.5890346860019 -28.9102922   80.5773 /L    2.9431   0.0488055   80.359261   -68.21155         n.a.     n.a.
 2026-Aug-21 12:00 N   04 12 58.79 +21 00 10.6  04 14 33.36 +21 04 17.8  2.395602  0.462977  108.027058  70.572850    5.727   8.225   99.93328  3.605752  252.189762  76.058572  19.5468909075953 -29.3520423   82.9422 /L    2.9597   0.0406655   79.061793   -71.87411         n.a.     n.a.
 2026-Aug-24 00:00 *m  04 13 08.80 +21 00 36.1  04 14 43.45 +21 04 43.2  2.291844  0.384583  339.374253 -37.656094    5.722   8.225   99.93278  3.613557   65.294695  76.090966  19.5046717357880 -29.2275921   85.3068 /L    2.9709   0.0387315   80.474231   -72.64946         n.a.     n.a.
 2026-Aug-26 12:00 N   04 13 17.56 +21 00 58.7  04 14 52.34 +21 05 05.9  1.788304  0.350663  115.315407  74.543420    5.717   8.225   99.93250  3.621446  238.390804  76.119215  19.4621818248095 -29.5113513   87.6861 /L    2.9773   0.0303727   78.905812   -76.38937         n.a.     n.a.
 2026-Aug-29 00:00 *   04 13 24.99 +21 01 17.5  04 14 59.80 +21 05 24.7  1.685340  0.277733  344.911589 -38.955725    5.713   8.225   99.93247  3.629357   51.475410  76.143185  19.4197586935600 -29.3537103   90.0656 /L    2.9782   0.0284678   80.642137   -77.17470         n.a.     n.a.
 2026-Aug-31 12:00 Nm  04 13 31.12 +21 01 33.5  04 15 06.04 +21 05 40.6  1.171657  0.237225  126.730735  78.229339    5.708   8.225   99.93266  3.637329  224.550364  76.162926  19.3771989192708 -29.4796724   92.4604 /L    2.9743   0.0199239   78.554073   -81.00451         n.a.     n.a.
 2026-Sep-03 00:00 *   04 13 35.91 +21 01 45.6  04 15 10.87 +21 05 52.6  1.067939  0.169819  350.691335 -39.855433    5.703   8.225   99.93310  3.645297   37.613065  76.178366  19.3348458716943 -29.2898836   94.8564 /L    2.9647   0.0180226   80.964710   -81.81638         n.a.     n.a.
 2026-Sep-05 12:00 Nm  04 13 39.37 +21 01 54.8  04 15 14.48 +21 06 01.9  0.545684  0.122161  146.338907  81.226472    5.698   8.225   99.93377  3.653299  210.665318  76.189488  19.2924946297464 -29.2523399   97.2682 /L    2.9503   0.0093198   77.381406   -85.75076         n.a.     n.a.
 2026-Sep-08 00:00 *   04 13 41.48 +21 02 00.0  04 15 16.65 +21 06 07.4  0.440691  0.060733  356.641223 -40.327242    5.693   8.225   99.93467  3.661269   23.704643  76.196291  19.2504988023053 -29.0224946   99.6816 /L    2.9301   0.0074143   82.153319   -86.59798         n.a.     n.a.
 2026-Sep-10 12:00 N   04 13 42.24 +21 02 02.4  04 15 17.53 +21 06 10.1  -0.08642  0.006556  177.945070  82.598332    5.689   8.225   99.93581  3.669243  196.732826  76.198698  19.2086594912217 -28.8090568  102.1111 /L    2.9050   0.0014445   274.33823   -89.33296         n.a.     n.a.
 2026-Sep-13 00:00 *m  04 13 41.65 +21 02 00.8  04 15 16.95 +21 06 08.7  -0.19037  -0.04814    2.672446 -40.352856    5.684   8.225   99.93717  3.677153    9.747580  76.196800  19.1673386321619 -28.5310449  104.5417 /L    2.8741   0.0032728   255.80860   -88.47760         n.a.     n.a.
 2026-Sep-15 12:00 N   04 13 39.71 +21 01 56.4  04 15 15.12 +21 06 04.4  -0.71580  -0.10820  210.738536  81.482275    5.679   8.225   99.93874  3.685036  182.750712  76.190484  19.1263380341210 -28.1392234  106.9880 /L    2.8383   0.0120655   261.40422   -84.33865         n.a.     n.a.
 2026-Sep-18 00:00 *m  04 13 36.43 +21 01 48.0  04 15 11.88 +21 05 56.2  -0.81573  -0.15546    8.687448 -39.925418    5.674   8.225   99.94052  3.692821  355.740181  76.179939  19.0860159410839 -27.8175826  109.4352 /L    2.7968   0.0138402   259.21000   -83.45195         n.a.     n.a.
 2026-Sep-20 12:00 A   04 13 31.81 +21 01 36.9  04 15 07.39 +21 05 45.5  -1.33456  -0.22129  231.803471  78.563326    5.670   8.225   99.94250  3.700547  168.717781  76.165003  19.0461701864233 -27.2546077  111.8977 /L    2.7504   0.0225464   260.58529   -79.21690         n.a.     n.a.
 2026-Sep-23 00:00 *m  04 13 25.90 +21 01 21.8  04 15 01.52 +21 05 31.0  -1.42928  -0.26103   14.590451 -39.050134    5.665   8.225   99.94465  3.708144  341.681686  76.145950  19.0071510125495 -26.8966496  114.3611 /L    2.6986   0.0242153   259.65026   -78.31324         n.a.     n.a.
 2026-Sep-25 12:00 A   04 13 18.68 +21 01 04.1  04 14 54.39 +21 05 13.8  -1.93763  -0.33230  244.008155  74.834619    5.661   8.225   99.94697  3.715650  154.633655  76.122563  18.9687548165373 -26.1699677  116.8399 /L    2.6418   0.0327654   260.26855   -73.98261        1.865    4.411
 2026-Sep-28 00:00 *   04 13 10.20 +21 00 42.6  04 14 45.92 +21 04 52.6  -2.02755  -0.36429   20.297402 -37.743928    5.657   8.225   99.94943  3.722996  327.572078  76.095189  18.9313229281203 -25.7807766  119.3198 /L    2.5798   0.0343337   259.81434   -73.05125         n.a.     n.a.
 2026-Sep-30 12:00 Am  04 13 00.43 +21 00 18.4  04 14 36.25 +21 04 28.8  -2.52307  -0.44124  251.715086  70.750981    5.652   8.225   99.95204  3.730222  140.498600  76.063547  18.8946543648438 -24.8954349  121.8156 /L    2.5130   0.0426894   260.08039   -68.61307        3.131    2.627
 2026-Oct-03 00:00 *   04 12 49.46 +20 59 50.5  04 14 25.33 +21 04 01.4  -2.60906  -0.46563   25.742970 -36.032797    5.648   8.224   99.95475  3.737257  313.411809  76.028053  18.8590839406106 -24.4732951  124.3128 /L    2.4411   0.0441714   259.88106   -67.63570         n.a.     n.a.
 2026-Oct-05 12:00 Am  04 12 37.23 +20 59 20.0  04 14 13.22 +21 03 31.7  -3.08846  -0.54747  257.106799  66.489939    5.644   8.224   99.95756  3.744139  126.313243  75.988368  18.8244225731534 -23.4254008  126.8263 /L    2.3645   0.0522769   259.94798   -63.07924        0.417   19.715
 2026-Oct-08 00:00 *   04 12 23.86 +20 58 45.8  04 13 59.86 +21 02 58.2  -3.16912  -0.56371   30.883750 -33.948852    5.640   8.224   99.96043  3.750798  299.201727  75.944990  18.7910016907420 -22.9617382  129.3411 /L    2.2831   0.0536477   259.91400   -62.04611         n.a.     n.a.
 2026-Oct-10 12:00 A   04 12 09.28 +20 58 09.2  04 13 45.34 +21 02 22.2  -3.62600  -0.64940  261.207968  62.128522    5.636   8.224   99.96337  3.757268  112.078725  75.897550  18.7586440336009 -21.7505238  131.8718 /L    2.1972   0.0613948   259.84623   -57.37996         n.a.     n.a.
 2026-Oct-13 00:00 *m  04 11 53.63 +20 57 29.2  04 13 29.71 +21 01 42.7  -3.69749  -0.65669   35.697358 -31.527848    5.633   8.224   99.96633  3.763482  284.943355  75.846645  18.7276676364212 -21.2467513  134.4029 /L    2.1068   0.0625892   259.92906   -56.30319         n.a.     n.a.
 2026-Oct-15 12:00 A   04 11 36.84 +20 56 46.8  04 13 13.01 +21 01 01.1  -4.12561  -0.74530  264.536440  57.705610    5.629   8.225   99.96930  3.769474   97.797011  75.791877  18.6978999665233 -19.8841453  136.9493 /L    2.0122   0.0698731   259.75989   -51.54409         n.a.     n.a.
 2026-Oct-18 00:00 *m  04 11 19.09 +20 56 01.2  04 12 55.28 +21 00 16.1  -4.18575  -0.74366   40.178872 -28.806081    5.626   8.225   99.97225  3.775180  270.639063  75.733931  18.6696370786903 -19.3500821  139.4952 /L    1.9134   0.0708550   259.92572   -50.43258         n.a.     n.a.
 2026-Oct-20 12:00 A   04 11 00.28 +20 55 13.5  04 12 36.55 +20 59 29.4  -4.58049  -0.83457  267.377300  53.243684    5.623   8.225   99.97516  3.780633   83.470795  75.672373  18.6427105465836 -17.8522539  142.0558 /L    1.8107   0.0775983   259.67399   -45.59475         n.a.     n.a.
 2026-Oct-23 00:00 *m  04 10 40.61 +20 54 22.8  04 12 16.88 +20 58 39.4  -4.62886  -0.82374   44.337039 -25.818937    5.620   8.225   99.97800  3.785774  256.291817  75.607957  18.6173932100361 -17.2965738  144.6154 /L    1.7043   0.0783598   259.90942   -44.44824         n.a.     n.a.
 2026-Oct-25 12:00 Am  04 10 19.98 +20 53 30.1  04 11 56.30 +20 57 47.6  -4.98760  -0.91646  269.899228  48.757393    5.617   8.225   99.98076  3.790634   69.103249  75.540206  18.5935239821348 -15.6783922  147.1894 /L    1.5943   0.0845184   259.58817   -39.53758        2.649    3.105
 2026-Oct-28 00:00 *   04 09 58.60 +20 52 34.7  04 11 34.94 +20 56 52.8  -5.02505  -0.89703   48.189904 -22.599668    5.614   8.225   99.98341  3.795160  241.904890  75.469930  18.5713520764838 -15.1069955  149.7622 /L    1.4811   0.0850748   259.87864   -38.34755         n.a.     n.a.
 2026-Oct-30 12:00 Am  04 09 36.35 +20 51 37.5  04 11 12.78 +20 55 56.6  -5.34597  -0.99083  272.209308  44.257552    5.612   8.225   99.98593  3.799379   54.697671  75.396608  18.5507298696749 -13.3774048  152.3495 /L    1.3647   0.0906170   259.49989   -33.36224        2.281    3.606
 2026-Nov-02 00:00 *   04 09 13.47 +20 50 37.8  04 10 49.92 +20 54 57.8  -5.37290  -0.96267   51.760917 -19.178291    5.610   8.225   99.98829  3.803241  227.481578  75.321102  18.5318895785817 -12.7853435  154.9356 /L    1.2455   0.0909743   259.84200   -32.10670         n.a.     n.a.
 2026-Nov-04 12:00 Am  04 08 49.83 +20 49 36.6  04 10 26.32 +20 53 57.8  -5.65191  -1.05629  274.379696  39.752800    5.608   8.225   99.99048  3.806771   40.257374  75.242871  18.5147038032540 -10.9471950  157.5362 /L    1.1235   0.0958296   259.41403   -27.04547        0.235   34.927
 2026-Nov-07 00:00 *   04 08 25.67 +20 48 33.3  04 10 02.15 +20 52 55.1  -5.66505  -1.01884   55.076527 -15.581893    5.606   8.225   99.99248  3.809924  213.025280  75.162851  18.4993828573166 -10.3333614  160.1347 /L    0.9992   0.0959323   259.80453   -25.72416         n.a.     n.a.
 2026-Nov-09 12:00     04 08 00.88 +20 47 28.7  04 09 37.40 +20 51 51.5  -5.89665  -1.11073  276.461239  35.250878    5.604   8.225   99.99428  3.812721   25.785937  75.080498  18.4858121561959  -8.4014809  162.7468 /L    0.8725   0.1000059   259.33244   -20.60917         n.a.     n.a.
 2026-Nov-12 00:00 *m  04 07 35.73 +20 46 22.4  04 09 12.26 +20 50 46.0  -5.89363  -1.06400   58.163620 -11.834602    5.603   8.225   99.99584  3.815124  198.539783  74.996812  18.4741700874864  -7.7760091  165.3556 /L    0.7442   0.0998150   259.76635   -19.23661         n.a.     n.a.
 2026-Nov-14 12:00     04 07 10.07 +20 45 15.1  04 08 46.65 +20 49 39.9  -6.07410  -1.15342  278.492373  30.759383    5.602   8.225   99.99718  3.817153   11.287298  74.911238  18.4643505059079  -5.7734316  167.9768 /L    0.6141   0.1030441   259.24806   -14.09718         n.a.     n.a.
 2026-Nov-17 00:00 *m  04 06 44.20 +20 44 06.5  04 08 20.79 +20 48 32.2  -6.05440  -1.09748   61.048544  -7.957668    5.601   8.225   99.99827  3.818777  184.029116  74.824824  18.4564968156696  -5.1486414  170.5935 /L    0.4829   0.1025511   259.72558   -12.68779         n.a.     n.a.
 2026-Nov-19 12:00     04 06 17.98 +20 42 57.3  04 07 54.57 +20 47 24.1  -6.18263  -1.18349  280.503241  26.285759    5.600   8.225   99.99910  3.820015  356.765539  74.736989  18.4505137981344  -3.0972372  173.2216 /L    0.3504   0.1049147   259.16347   -7.545906         n.a.     n.a.
 2026-Nov-22 00:00 *m  04 05 51.69 +20 41 47.1  04 07 28.26 +20 46 14.7  -6.14752  -1.11918   63.756769  -3.970012    5.600   8.225   99.99966  3.820844  169.497339  74.648808  18.4465105756960  -2.4829432  175.8437 /L    0.2175   0.1041427   259.68209   -6.108752         n.a.     n.a.
 2026-Nov-24 12:00  m  04 05 25.18 +20 40 36.7  04 07 01.78 +20 45 05.2  -6.22376  -1.20126  282.518770  21.837612    5.599   8.225   99.99995  3.821280  342.224612  74.559677  18.4444053052242  -0.4020995  178.4734 /L    0.0840   0.1056438   259.07559   -0.983822        4.352    1.890
 2026-Nov-27 00:00 *   04 04 58.75 +20 39 25.7  04 06 35.38 +20 43 55.1  -6.17551  -1.12914   66.312247   0.111781    5.599   8.225   99.99998  3.821307  154.948257  74.470677  18.4442768759653   0.1988691  178.8810 /T    0.0505   0.1046314   259.63840   0.4826941         n.a.     n.a.
 2026-Nov-29 12:00  m  04 04 32.23 +20 38 14.8  04 06 08.89 +20 42 45.5  -6.20041  -1.20644  284.561147  17.422878    5.599   8.225   99.99973  3.820936  327.668156  74.381185  18.4460661759428   2.3007685  176.2488 /T    0.1838   0.1052782   258.98931   5.5921095        1.467    5.606
 2026-Dec-02 00:00 *   04 04 05.94 +20 37 03.8  04 05 42.58 +20 41 35.3  -6.13835  -1.12660   68.737592   4.273258    5.600   8.225   99.99921  3.820158  140.385349  74.292301  18.4498272458344   2.8931585  173.6168 /T    0.3168   0.1040147   259.59995   7.1035943         n.a.     n.a.
 2026-Dec-04 12:00  m  04 03 39.71 +20 35 53.2  04 05 16.33 +20 40 25.7  -6.10917  -1.19755  286.650425  13.049816    5.600   8.225   99.99842  3.818979  313.099585  74.203419  18.4555211570234   5.0036442  170.9737 /T    0.4496   0.1037574   258.90923   12.192400        0.266   30.919
 2026-Dec-07 00:00 *   04 03 13.85 +20 34 43.0  04 04 50.46 +20 39 16.2  -6.03151  -1.11004   71.054283   8.501311    5.601   8.225   99.99738  3.817397  125.812071  74.115660  18.4631670867295   5.5801378  168.3377 /T    0.5810   0.1022134   259.57192   13.740134         n.a.     n.a.
 2026-Dec-09 12:00     04 02 48.20 +20 33 33.6  04 04 24.82 +20 38 07.8  -5.94696  -1.17409  288.805930   8.727694    5.602   8.225   99.99608  3.815420  298.522412  74.028429  18.4727379591671   7.6749373  165.6923 /T    0.7116   0.1010291   258.83186   18.783838         n.a.     n.a.
 2026-Dec-12 00:00 *m  04 02 23.07 +20 32 25.1  04 03 59.69 +20 37 00.1  -5.85361  -1.07957   73.282475  12.784311    5.604   8.225   99.99455  3.813051  111.231958  73.942850  18.4842135872320   8.2223685  163.0555 /T    0.8401   0.0992055   259.55049   20.347296         n.a.     n.a.
 2026-Dec-14 12:00     04 01 58.30 +20 31 17.7  04 03 34.91 +20 35 53.9  -5.71499  -1.13597  291.046949   4.466635    5.605   8.225   99.99280  3.810296  283.940167  73.858327  18.4975789010699  10.2769882  160.4105 /T    0.9673   0.0971132   258.75782   25.323105         n.a.     n.a.
 2026-Dec-17 00:00 *m  04 01 34.19 +20 30 11.8  04 03 10.78 +20 34 48.6  -5.60822  -1.03553   75.442031  17.111737    5.607   8.225   99.99083  3.807168   96.648499  73.775959  18.5127765861114  10.7848791  157.7755 /T    1.0918   0.0950504   259.53846   26.882493         n.a.     n.a.
 2026-Dec-19 12:00     04 01 10.59 +20 29 07.3  04 02 47.14 +20 33 45.1  -5.41855  -1.08426  293.392952   0.277633    5.609   8.224   99.98867  3.803669  269.356237  73.695147  18.5298055734995  12.7780589  155.1334 /T    1.2144   0.0920994   258.68445   31.771297         n.a.     n.a.
 2026-Dec-22 00:00 *m  04 00 47.78 +20 28 04.7  04 02 24.32 +20 32 42.9  -5.30138  -0.97904   77.552949  21.474012    5.611   8.224   99.98635  3.799820   82.064934  73.616948  18.5485744838662  13.2398996  152.5023 /T    1.3338   0.0898504   259.53668   33.309793         n.a.     n.a.
 2026-Dec-24 12:00  m  04 00 25.59 +20 27 03.8  04 02 02.13 +20 31 43.1  -5.06522  -1.02001  295.864460  -3.827075    5.614   8.224   99.98386  3.795620  254.773701  73.540754  18.5691012843273  15.1580565  149.8646 /T    1.4508   0.0861150   258.61432   38.100339         n.a.     n.a.
 2026-Dec-27 00:00 *   04 00 04.30 +20 26 05.3  04 01 40.86 +20 30 45.2  -4.94042  -0.91107   79.635757  25.862671    5.616   8.224   99.98125  3.791094   67.484152  73.467575  18.5912692187124  15.5781503  147.2381 /T    1.5642   0.0837287   259.55139   39.618823         n.a.     n.a.
 2026-Dec-29 12:00  m  03 59 43.76 +20 25 08.8  04 01 20.26 +20 29 49.7  -4.65967  -0.94354  298.483322  -7.834019    5.619   8.224   99.97852  3.786236  240.195270  73.396822  18.6151216080641  17.4163219  144.6053 /T    1.6748   0.0792373   258.55292   44.325603         n.a.     n.a.
$$EOE
**********************************************************************************************************************************************************************************************************************************************************************************************
Column meaning:
 
TIME

  Times PRIOR to 1962 are UT1, a mean-solar time closely related to the
prior but now-deprecated GMT. Times AFTER 1962 are in UTC, the current
civil or "wall-clock" time-scale. UTC is kept within 0.9 seconds of UT1
using integer leap-seconds for 1972 and later years.

  Conversion from the internal Barycentric Dynamical Time (TDB) of solar
system dynamics to the non-uniform civil UT time-scale requested for output
has not been determined for UTC times after the next July or January 1st.
Therefore, the last known leap-second is used as a constant over future
intervals.

  Time tags refer to the UT time-scale conversion from TDB on Earth
regardless of observer location within the solar system, although clock
rates may differ due to the local gravity field and no analog to "UT"
may be defined for that location.

  Any 'b' symbol in the 1st-column denotes a B.C. date. First-column blank
(" ") denotes an A.D. date.
 
CALENDAR SYSTEM

  Mixed calendar mode was active such that calendar dates after AD 1582-Oct-15
(if any) are in the modern Gregorian system. Dates prior to 1582-Oct-5 (if any)
are in the Julian calendar system, which is automatically extended for dates
prior to its adoption on 45-Jan-1 BC.  The Julian calendar is useful for
matching historical dates. The Gregorian calendar more accurately corresponds
to the Earth's orbital motion and seasons. A "Gregorian-only" calendar mode is
available if such physical events are the primary interest.

  NOTE: "n.a." in output means quantity "not available" at the print-time.
 
SOLAR PRESENCE (OBSERVING SITE)
  Time tag is followed by a blank, then a solar-presence symbol:

       '*'  Daylight (refracted solar upper-limb on or above apparent horizon)
       'C'  Civil twilight/dawn
       'N'  Nautical twilight/dawn
       'A'  Astronomical twilight/dawn
       ' '  Night OR geocentric ephemeris

LUNAR PRESENCE (OBSERVING SITE)
  The solar-presence symbol is immediately followed by a lunar-presence symbol:

       'm'  Refracted upper-limb of Moon on or above apparent horizon
       ' '  Refracted upper-limb of Moon below apparent horizon OR geocentric
            ephemeris
 
 'R.A._____(ICRF)_____DEC' =
  Astrometric right ascension and declination of the target center with
respect to the observing site (coordinate origin) in the reference frame of
the planetary ephemeris (ICRF). Compensated for down-leg light-time delay
aberration.

  Units: RA  in hours-minutes-seconds of time,    HH MM SS.ff{ffff}
         DEC in degrees-minutes-seconds of arc,  sDD MN SC.f{ffff}
 
 'R.A.__(a-apparent)__DEC' =
  Airless apparent right ascension and declination of the target center
with respect to an instantaneous reference frame defined by the Earth equator
of-date (z-axis) and meridian containing the Earth equinox of-date (x-axis,
EOP-corrected IAU76/80). Compensated for down-leg light-time delay,
gravitational deflection of light, stellar aberration, precession & nutation.
Note: equinox (RA origin) is offset -53 mas from the of-date frame defined
by the IAU06/00a P & N system.

  Units: RA  in hours-minutes-seconds of time,   HH MM SS.ff{ffff}
         DEC in degrees-minutes-seconds of arc, sDD MN SC.f{ffff}
 
 'dRA*cosD d(DEC)/dt' =
  The angular rate of change in apparent RA and DEC of the target. This is
with respect to the non-inertial IAU76/80 Earth true equator and equinox
of-date reference frame.  d(RA)/dt is multiplied by the cosine of declination
to provide a linear rate in the plane-of-sky. Units: ARCSECONDS PER HOUR
 
 'Azi____(a-app)___Elev' =
  Airless apparent azimuth and elevation of target center. Compensated
for light-time, the gravitational deflection of light, stellar aberration,
precession and nutation. Azimuth is measured clockwise from north:

  North(0) -> East(90) -> South(180) -> West(270) -> North (360)

Elevation angle is with respect to a plane perpendicular to the reference
surface local zenith direction. TOPOCENTRIC ONLY.  Units: DEGREES
 
 'APmag   S-brt' =
  The targets' approximate apparent visual magnitude and surface brightness.
For planets and natural satellites, output is restricted to solar phase angles
covered by observational data. Outside the observed phase angle range, "n.a."
may be output to avoid extrapolation beyond the limit of model validity.

   For Earth-based observers, the estimated dimming due to atmospheric
absorption (extinction) is available as a separate, requestable quantity.

   Surface brightness is the average airless visual magnitude of a
square-arcsecond of the illuminated portion of the apparent disk. It is
computed only if the target radius is known.

   Units: MAGNITUDES & MAGNITUDES PER SQUARE ARCSECOND
 
 'Illu%' =
   Fraction of the target objects' assumed circular disk illuminated by Sun
(phase), as seen by the observer.  Units: PERCENT
 
 'Ang-diam' =
   The equatorial angular width of the target body full disk, if it were fully
illuminated and visible to the observer. If the target body diameter is unknown
"n.a." is output.

   Units: ARCSECONDS
 
 'ObsSub-LON ObsSub-LAT' =
   Apparent planetodetic longitude and latitude of the center of the target
disc seen by the OBSERVER at print-time. This is NOT exactly the same as the
"nearest" sub-point for a non-spherical target shape (since the center of the
disc might not be the point closest to the observer), but is generally very
close if not a very irregular body shape. Down-leg light travel-time from
target to observer is taken into account. Latitude is the angle between the
equatorial plane and the line perpendicular to the reference ellipsoid of the
body, so includes body oblateness. The reference ellipsoid is an oblate
spheroid with a single flatness coefficient in which the y-axis body radius
is taken to be the same value as the x-axis radius. For Jupiter, Saturn, and
Uranus, IAU2015 longitude is based on the "System III" prime meridian rotation
angle of the magnetic field. By contrast, pole direction (thus latitude) is
relative to the body dynamical equator.  There can be an offset between the
magnetic pole and the dynamical pole of rotation. For Neptune, rotation is
IAU2015 "System II" rotation of optically observed features in the Neptunian
atmosphere. Positive longitude is to the EAST for this target. Cartographic
system is specified in the header. Units: DEGREES DEGREES
 
 'delta      deldot' =
   Apparent range ("delta", light-time aberrated) and range-rate ("delta-dot")
of the target center relative to the observer. A positive "deldot" means the
target center is moving away from the observer, negative indicates movement
toward the observer.  Units: AU and KM/S
 
 'S-O-T /r' =
   Sun-Observer-Target apparent SOLAR ELONGATION ANGLE seen from the observers'
location at print-time.

   The '/r' column provides a code indicating the targets' apparent position
relative to the Sun in the observers' sky, as described below:

   Case A: For an observing location on the surface of a rotating body, that
body rotational sense is considered:

    /T indicates target TRAILS Sun   (evening sky: rises and sets AFTER Sun)
    /L indicates target LEADS Sun    (morning sky: rises and sets BEFORE Sun)

   Case B: For an observing point that does not have a rotational model (such
as a spacecraft), the "leading" and "trailing" condition is defined by the
observers' heliocentric ORBITAL motion:

    * If continuing in the observers' current direction of heliocentric
       motion would encounter the targets' apparent longitude first, followed
       by the Sun's, the target LEADS the Sun as seen by the observer.

    * If the Sun's apparent longitude would be encountered first, followed
       by the targets', the target TRAILS the Sun.

   Two other codes can be output:
    /* indicates observer is Sun-centered    (undefined)
    /? Target is aligned with Sun center     (no lead or trail)

   The S-O-T solar elongation angle is numerically the minimum separation
angle of the Sun and target in the sky in any direction. It does NOT indicate
the amount of separation in the leading or trailing directions, which would
be defined along the equator of a spherical coordinate system.

   Units: DEGREES
 
 'S-T-O' =
   The Sun-Target-Observer angle; the interior vertex angle at target center
formed by a vector from the target to the apparent center of the Sun (at
reflection time on the target) and the apparent vector from target to the
observer at print-time. Slightly different from true PHASE ANGLE (requestable
separately) at the few arcsecond level in that it includes stellar aberration
on the down-leg from target to observer.  Units: DEGREES
 
 'Sky_motion  Sky_mot_PA  RelVel-ANG' =
  Total apparent angular rate of the target in the plane-of-sky. "Sky_mot_PA"
is the position angle of the target's direction of motion in the plane-of-sky,
measured counter-clockwise from the apparent of-date north pole direction.
"RelVel-ANG" is the flight path angle of the target's relative motion with
respect to the observer's line-of-sight, in the range [-90,+90], where positive
values indicate motion away from the observer, negative values are toward the
observer:

  -90 = target is moving directly toward the observer
    0 = target is moving at right angles to the observer's line-of-sight
  +90 = target is moving directly away from the observer

UNITS:  ARCSECONDS/MINUTE, DEGREES, DEGREES
 
 'Lun_Sky_Brt  sky_SNR' =
  Sky brightness due to moonlight scattered by Earth's atmosphere at the
target's position in the sky. "sky_SNR" is the visual signal-to-noise ratio
(SNR) of the target's surface brightness relative to background sky. Output
only for topocentric Earth observers when both the Moon and target are above
the local horizon and the Sun is in astronomical twilight (or further) below
the horizon, and the target is not the Moon or Sun. If all conditions are
not met, "n.a." is output. Galactic brightness, local sky light-pollution
and weather are NOT considered. Lunar opposition surge is considered. The
value returned is accurate under ideal conditions at the approximately 8-23%
level, so is a useful but not definitive value.

  If the target-body radius is also known, "sky_SNR" is output. This is the
approximate visual signal-to-noise ratio of the target's brightness divided
by lunar sky brightness. When sky_SNR < 1, the target is dimmer than the
ideal moonlight-scattering background sky, so unlikely to be detectable at
visual wavelengths. In practice, visibility requires sky_SNR > 1 and a
detector sensitive enough to reach the target's magnitude, even if it isn't
washed out by moonlight. When relating magnitudes and brightness values,
keep in mind their logarithmic relationship m2-m1 = -2.5*log_10(b2/b1).

  UNITS: VISUAL MAGNITUDES / ARCSECOND^2, and unitless ratio

Computations by ...

    Solar System Dynamics Group, Horizons On-Line Ephemeris System
    4800 Oak Grove Drive, Jet Propulsion Laboratory
    Pasadena, CA  91109   USA

    General site: https://ssd.jpl.nasa.gov/
    Mailing list: https://ssd.jpl.nasa.gov/email_list.html
    System news : https://ssd.jpl.nasa.gov/horizons/news.html
    User Guide  : https://ssd.jpl.nasa.gov/horizons/manual.html
    Connect     : browser        https://ssd.jpl.nasa.gov/horizons/app.html#/x
                  API            https://ssd-api.jpl.nasa.gov/doc/horizons.html
                  command-line   telnet ssd.jpl.nasa.gov 6775
                  e-mail/batch   https://ssd.jpl.nasa.gov/ftp/ssd/horizons_batch.txt
                  scripts        https://ssd.jpl.nasa.gov/ftp/ssd/SCRIPTS
    Author      : Jon.D.Giorgini@jpl.nasa.gov

**********************************************************************************************************************************************************************************************************************************************************************************************
