*******************************************************************************
 Revised: September 25, 2025           Uranus                               799
 
 PHYSICAL DATA:
  Mass x10^24 (kg)      = 86.813          Density (g/cm^3)       =  1.271
  Equat. radius (1 bar) = 25559+-4 km     Polar radius (km)      = 24973+-20
  Vol. Mean Radius (km) = 25362+-12       Flattening             =  0.02293
  Geometric Albedo      = 0.51
  Sid. rot. period (III)= 17.24+-0.01 h   Sid. rot. rate (rad/s) = -0.000101237
  Mean solar day, h     =~17.24           Rocky core mass (Mc/M) =  0.0012        
  GM (km^3/s^2)         = 5793950.6103    GM 1-sigma (km^3/s^2)  = +-4.3 
  Equ. grav, ge (m/s^2) =  8.87           Pol. grav, gp (m/s^2)  =   9.19+-0.02
  Visual magnitude V(1,0)= -7.11
  Vis. mag. (opposition)=  +5.52          Obliquity to orbit     = 97.77 deg
  Sidereal orbit period = 84.0120465 y    Sidereal orbit period  = 30685.4 d
  Mean daily motion     = 0.01176904 dg/d Mean orbit velocity    =  6.8 km/s
  Atmos. temp. (1 bar)  =  76+-2 K        Escape speed, km/s     =  21.3           
  Aroche(ice)/Rp        =  2.20           Hill's sphere rad., Rp = 2700
                                 Perihelion   Aphelion    Mean
  Solar Constant (W/m^2)         4.09         3.39        3.71
  Maximum Planetary IR (W/m^2)   0.72         0.55        0.63
  Minimum Planetary IR (W/m^2)   0.72         0.55        0.63
*******************************************************************************


*******************************************************************************
Ephemeris / WWW_USER Mon Apr  6 16:51:18 2026 Pasadena, USA      / Horizons    
*******************************************************************************
Target body name: Uranus (799)                    {source: ura184_merged}
Center body name: Earth (399)                     {source: DE441}
Center-site name: (user defined site below)
*******************************************************************************
Start time      : A.D. 2026-Jan-01 00:00:00.0000 UT      
Stop  time      : A.D. 2026-Dec-31 00:00:00.0000 UT      
Step-size       : 3600 minutes
*******************************************************************************
Target pole/equ : IAU_URANUS                      {East-longitude positive}
Target radii    : 25559.0, 25559.0, 24973.0 km    {Equator_a, b, pole_c}       
Center geodetic : 258.5, 19.5, 1.9                {E-lon(deg),Lat(deg),Alt(km)}
Center cylindric: 258.5, 6016.33124, 2116.23653   {E-lon(deg),Dxy(km),Dz(km)}
Center pole/equ : ITRF93                          {East-longitude positive}
Center radii    : 6378.137, 6378.137, 6356.752 km {Equator_a, b, pole_c}       
Target primary  : Sun
Vis. interferer : MOON (R_eq= 1737.400) km        {source: DE441}
Rel. light bend : Sun                             {source: DE441}
Rel. lght bnd GM: 1.3271E+11 km^3/s^2                                          
Atmos refraction: NO (AIRLESS)
RA format       : HMS
Time format     : CAL 
Calendar mode   : Mixed Julian/Gregorian
EOP file        : eop.260406.p260703                                           
EOP coverage    : DATA-BASED 1962-JAN-20 TO 2026-APR-06. PREDICTS-> 2026-JUL-02
Units conversion: 1 au= 149597870.700 km, c= 299792.458 km/s, 1 day= 86400.0 s 
Table cut-offs 1: Elevation (-90.0deg=NO ),Airmass (>38.000=NO), Daylight (NO )
Table cut-offs 2: Solar elongation (  0.0,180.0=NO ),Local Hour Angle( 0.0=NO )
Table cut-offs 3: RA/DEC angular rate (     0.0=NO )                           
**********************************************************************************************************************************************************************************************************************************************************************************************
 Date__(UT)__HR:MN     R.A._____(ICRF)_____DEC  R.A.__(a-apparent)__DEC  dRA*cosD d(DEC)/dt  Azi____(a-app)___Elev    APmag   S-brt      Illu%  Ang-diam  ObsSub-LON ObsSub-LAT             delta      deldot     S-O-T /r     S-T-O  Sky_motion  Sky_mot_PA  RelVel-ANG  Lun_Sky_Brt  sky_SNR
**********************************************************************************************************************************************************************************************************************************************************************************************
$$SOE
 2026-Jan-01 00:00 *m  03 41 25.54 +19 25 28.6  03 42 56.94 +19 30 34.6  -4.08822  -0.84940   79.804087  36.935804    5.646   8.236   99.97084  3.757944    3.751300  69.516111  18.7552660907186  19.6458756  137.3828 /T    1.9525   0.0695921   258.26283   51.230951         n.a.     n.a.
 2026-Jan-03 12:00  m  03 41 08.95 +19 24 36.7  03 42 40.33 +19 29 43.4  -3.70786  -0.85710  303.202513 -24.229032    5.649   8.236   99.96794  3.752022  176.501907  69.455685  18.7848725925375  21.2868178  134.7644 /T    2.0479   0.0634272   256.98429   55.917050         n.a.     n.a.
 2026-Jan-06 00:00 *   03 40 53.54 +19 23 48.6  03 42 24.93 +19 28 55.7  -3.59023  -0.73703   80.874339  41.635013    5.652   8.236   99.96505  3.745865  349.253852  69.399496  18.8157476794111  21.5478648  132.1599 /T    2.1385   0.0610851   258.39901   57.186334         n.a.     n.a.
 2026-Jan-08 12:00  m  03 40 39.14 +19 23 03.7  03 42 10.46 +19 28 11.5  -3.17523  -0.73527  306.201416 -28.160154    5.656   8.236   99.96217  3.739452  162.006040  69.346977  18.8480146325296  23.0610091  129.5501 /T    2.2252   0.0543208   256.96211   61.778329         n.a.     n.a.
 2026-Jan-11 00:00 *   03 40 25.99 +19 22 23.1  03 41 57.29 +19 27 30.9  -3.05415  -0.61485   81.903851  46.331890    5.660   8.235   99.95936  3.732837  334.760156  69.298968  18.8814164630002  23.2810008  126.9545 /T    2.3066   0.0519238   258.61761   63.021555         n.a.     n.a.
 2026-Jan-13 12:00  m  03 40 13.94 +19 21 45.9  03 41 45.18 +19 26 54.1  -2.60658  -0.60352  309.548525 -31.919779    5.664   8.235   99.95661  3.725995  147.515035  69.254953  18.9160893691163  24.6514860  124.3540 /T    2.3839   0.0445922   256.96368   67.528791         n.a.     n.a.
 2026-Jan-16 00:00 *   03 40 03.21 +19 21 13.2  03 41 34.45 +19 26 21.5  -2.48246  -0.48364   82.898018  51.023021    5.668   8.235   99.95397  3.718984  320.272462  69.215699  18.9517477282791  24.8228357  121.7683 /T    2.4556   0.0421523   258.97562   68.742745         n.a.     n.a.
 2026-Jan-18 12:00     03 39 53.65 +19 20 44.2  03 41 24.84 +19 25 53.0  -2.00672  -0.46318  313.293693 -35.475916    5.672   8.235   99.95143  3.711778  133.031203  69.180727  18.9885384375505  26.0350059  119.1787 /T    2.5228   0.0343247   257.00302   73.163171         n.a.     n.a.
 2026-Jan-21 00:00 *m  03 39 45.45 +19 20 19.9  03 41 16.64 +19 25 29.0  -1.88137  -0.34545   83.861716  55.705417    5.676   8.235   99.94904  3.704441  305.793106  69.150715  19.0261499677908  26.1507334  116.6047 /T    2.5843   0.0318803   259.59553   74.337668         n.a.     n.a.
 2026-Jan-23 12:00     03 39 38.50 +19 19 59.6  03 41 09.60 +19 25 08.9  -1.38275  -0.31677  317.488170 -38.790735    5.681   8.235   99.94680  3.696943  118.556869  69.125221  19.0647386858004  27.1905112  114.0279 /T    2.6410   0.0236428   257.09678   78.668849         n.a.     n.a.
 2026-Jan-26 00:00 *m  03 39 32.94 +19 19 44.1  03 41 04.02 +19 24 53.3  -1.25938  -0.20242   84.800089  60.376418    5.685   8.235   99.94474  3.689350  291.324393  69.104815  19.1039717747554  27.2473600  111.4676 /T    2.6918   0.0212591   260.86890   79.786290         n.a.     n.a.
 2026-Jan-28 12:00     03 39 28.65 +19 19 32.6  03 40 59.68 +19 24 41.9  -0.74492  -0.16667  322.180039 -41.819935    5.690   8.235   99.94285  3.681633  104.094295  69.089081  19.1440197292110  28.1097185  108.9052 /T    2.7378   0.0127223   257.38860   84.020895         n.a.     n.a.
 2026-Jan-31 00:00 *m  03 39 25.78 +19 19 26.1  03 40 56.83 +19 24 35.4  -0.62677  -0.05728   85.717944  65.033881    5.694   8.235   99.94118  3.673857  276.868483  69.078480  19.1845381764167  28.1146525  106.3597 /T    2.7778   0.0104896   264.77844   85.054935         n.a.     n.a.
 2026-Feb-02 12:00  m  03 39 24.21 +19 19 23.6  03 40 55.20 +19 24 33.0  -0.10131  -0.01487  327.406704 -44.512674    5.699   8.235   99.93970  3.665988   89.645505  69.072639  19.2257169009458  28.8046000  103.8123 /T    2.8128   0.0017066   261.65201   89.211143         n.a.     n.a.
 2026-Feb-05 00:00 *   03 39 24.04 +19 19 26.1  03 40 55.02 +19 24 35.5  0.011584  0.089196   86.620928  69.676116    5.703   8.235   99.93846  3.658094  262.427303  69.071934  19.2672054618245  28.7681840  101.2815 /T    2.8418   0.0014991   7.3996174   89.304683         n.a.     n.a.
 2026-Feb-07 12:00  m  03 39 25.20 +19 19 32.7  03 40 56.09 +19 24 41.8  0.545923  0.138268  333.182485 -46.813193    5.708   8.235   99.93743  3.650137   75.212393  69.076062  19.3092066043819  29.2858571   98.7486 /T    2.8658   0.0093860   75.787396   85.721901         n.a.     n.a.
 2026-Feb-10 00:00 *   03 39 27.76 +19 19 44.3  03 40 58.65 +19 24 53.2  0.654722  0.236584   87.517235  74.301528    5.713   8.235   99.93665  3.642186  248.002767  69.085317  19.3513568139374  29.2064335   96.2321 /T    2.8839   0.0116026   70.132641   84.690987         n.a.     n.a.
 2026-Feb-12 12:00  m  03 39 31.66 +19 20 00.0  03 41 02.49 +19 25 08.6  1.194529  0.291975  339.484652 -48.663381    5.717   8.235   99.93609  3.634203   60.796935  69.099459  19.3938634740955  29.5443032   93.7139 /T    2.8968   0.0204949   76.264687   80.763182         n.a.     n.a.
 2026-Feb-15 00:00 *   03 39 36.96 +19 20 20.7  03 41 07.81 +19 25 29.2  1.298345  0.383450   88.420976  78.908755    5.722   8.235   99.93579  3.626259  233.596896  69.118683  19.4363513674264  29.4179703   91.2122 /T    2.9038   0.0225631   73.546155   79.785055         n.a.     n.a.
 2026-Feb-17 12:00 A   03 39 43.59 +19 20 45.4  03 41 14.37 +19 25 53.7  1.839264  0.443993  346.239935 -50.008543    5.727   8.234   99.93572  3.618314   46.401149  69.142806  19.4790309545106  29.5696320   88.7093 /T    2.9057   0.0315349   76.428592   75.903964         n.a.     n.a.
 2026-Feb-20 00:00 *m  03 39 51.60 +19 21 15.1  03 41 22.37 +19 26 23.1  1.936511  0.527785   89.379407  83.496658    5.731   8.234   99.93590  3.610439  219.211691  69.171918  19.5215180967243  29.3933773   86.2234 /T    2.9017   0.0334524   74.754630   74.967358         n.a.     n.a.
 2026-Feb-22 12:00 A   03 40 00.94 +19 21 48.7  03 41 31.62 +19 26 56.1  2.472626  0.592489  353.318392 -50.805033    5.736   8.234   99.93632  3.602594   32.027010  69.205878  19.5640274162926  29.3573202   83.7370 /T    2.8927   0.0423770   76.524888   71.151728         n.a.     n.a.
 2026-Feb-25 00:00 *m  03 40 11.60 +19 22 27.2  03 41 42.31 +19 27 34.1  2.560284  0.667263   90.857325  88.064240    5.741   8.234   99.93697  3.594850  204.849055  69.244664  19.6061742917226  29.1361902   81.2681 /T    2.8780   0.0440968   75.392471   70.267648         n.a.     n.a.
 2026-Feb-27 12:00 A   03 40 23.57 +19 23 09.3  03 41 54.23 +19 28 15.8  3.086390  0.735183    0.542170 -51.027326    5.745   8.234   99.93784  3.587164   17.676286  69.288179  19.6481832196058  28.9220779   78.7991 /T    2.8585   0.0528791   76.601737   66.527612         n.a.     n.a.
 2026-Mar-02 00:00 *m  03 40 36.81 +19 23 56.1  03 42 07.50 +19 29 02.3  3.163775  0.800684  270.110555  87.388230    5.750   8.234   99.93893  3.579604  190.510610  69.336307  19.6896781607272  28.6695309   76.3475 /T    2.8334   0.0543920   75.797865   65.698425         n.a.     n.a.
 2026-Mar-04 12:00 Am  03 40 51.32 +19 24 46.4  03 42 21.92 +19 29 52.0  3.677631  0.871758    7.709589 -50.673670    5.754   8.234   99.94022  3.572127    3.350494  69.389021  19.7308930082699  28.2897829   73.8954 /T    2.8035   0.0629924   76.664547   62.028098         n.a.     n.a.
 2026-Mar-07 00:00 *   03 41 07.05 +19 25 41.2  03 42 37.66 +19 30 46.1  3.746818  0.928083  271.368716  82.862269    5.759   8.234   99.94171  3.564798  176.197816  69.446133  19.7714573333923  28.0119700   71.4600 /T    2.7684   0.0643342   76.087908   61.237648         n.a.     n.a.
 2026-Mar-09 12:00 Am  03 41 24.00 +19 26 39.3  03 42 54.55 +19 31 43.5  4.247153  1.002367   14.628169 -49.766873    5.763   8.234   99.94339  3.557574  349.051099  69.507693  19.8116039328550  27.4688118   69.0238 /T    2.7288   0.0727306   76.720663   57.621341         n.a.     n.a.
 2026-Mar-12 00:00 *   03 41 42.13 +19 27 41.8  03 43 12.71 +19 32 45.3  4.308818  1.049355  272.296614  78.357641    5.767   8.234   99.94523  3.550520  161.912179  69.573430  19.8509645100776  27.1637638   66.6038 /T    2.6840   0.0739126   76.312820   56.858094         n.a.     n.a.
 2026-Mar-14 12:00 Am  03 42 01.44 +19 28 47.3  03 43 31.98 +19 33 50.2  4.792793  1.125849   21.144463 -48.349808    5.771   8.234   99.94724  3.543593  334.779619  69.643458  19.8897668477951  26.4569378   64.1828 /T    2.6349   0.0820542   76.780633   53.288752         n.a.     n.a.
 2026-Mar-17 00:00 *   03 42 21.86 +19 29 56.9  03 43 52.43 +19 34 59.2  4.846805  1.163053  273.174920  73.874682    5.775   8.234   99.94938  3.536857  147.655193  69.717419  19.9276466738933  26.1221301   61.7779 /T    2.5809   0.0830733   76.506285   52.545095         n.a.     n.a.
 2026-Mar-19 12:00 A   03 42 43.43 +19 31 09.4  03 44 13.92 +19 36 10.8  5.310765  1.241135   27.159952 -46.478684    5.779   8.233   99.95166  3.530271  320.537521  69.795482  19.9648259351554  25.2533648   59.3722 /T    2.5227   0.0908977   76.845958   49.019300         n.a.     n.a.
 2026-Mar-22 00:00 *m  03 43 06.03 +19 32 25.7  03 44 36.54 +19 37 26.2  5.355185  1.267892  274.040488  69.413576    5.783   8.233   99.95403  3.523895  133.428277  69.877194  20.0009490549101  24.8897258   56.9827 /T    2.4600   0.0917205   76.679942   48.299727         n.a.     n.a.
 2026-Mar-24 12:00 N   03 43 29.71 +19 33 44.6  03 45 00.19 +19 38 44.1  5.794462  1.346445   32.630763 -44.214848    5.787   8.233   99.95651  3.517689  306.326113  69.962762  20.0362353849466  23.8686273   54.5929 /T    2.3933   0.0991473   76.918467   44.825591         n.a.     n.a.
 2026-Mar-27 00:00 *m  03 43 54.34 +19 35 06.9  03 45 24.88 +19 40 05.8  5.827950  1.362533  274.906427  64.974305    5.790   8.233   99.95905  3.511710  119.232581  70.051648  20.0703484792426  23.4877210   52.2194 /T    2.3225   0.0997518   76.841012   44.141944         n.a.     n.a.
 2026-Mar-29 12:00 N   03 44 19.98 +19 36 31.6  03 45 50.49 +19 41 29.6  6.240165  1.441437   37.556591 -41.618097    5.794   8.233   99.96165  3.505917  292.146382  70.144114  20.1035103894046  22.3336122   49.8455 /T    2.2479   0.1067414   76.993191   40.726476         n.a.     n.a.
 2026-Apr-01 00:00 *m  03 44 46.48 +19 37 59.4  03 46 17.01 +19 42 56.5  6.264599  1.447289  275.779354  60.556694    5.797   8.233   99.96428  3.500364  105.068954  70.239564  20.1354057138850  21.9466200   47.4875 /T    2.1696   0.1071601   76.991385   40.076552         n.a.     n.a.
 2026-Apr-03 12:00 Nm  03 45 13.93 +19 39 29.2  03 46 44.42 +19 44 25.2  6.649999  1.526812   41.966247 -38.743310    5.801   8.233   99.96693  3.495010  277.999101  70.338334  20.1662506296965  20.6707339   45.1283 /T    2.0879   0.1137170   77.069233   36.708805         n.a.     n.a.
 2026-Apr-06 00:00 *   03 45 42.16 +19 41 01.8  03 47 12.69 +19 45 56.9  6.667443  1.523174  276.663944  56.160737    5.804   8.233   99.96958  3.489906   90.938166  70.439774  20.1957450178856  20.2784605   42.7842 /T    2.0026   0.1139869   77.131637   36.079588         n.a.     n.a.
 2026-Apr-08 12:00 Nm  03 46 11.28 +19 42 36.3  03 47 41.80 +19 47 30.2  7.025015  1.602798   45.903999 -35.638067    5.807   8.233   99.97222  3.485014  263.885054  70.544278  20.2240924334545  18.8851685   40.4383 /T    1.9142   0.1200923   77.147628   32.748551         n.a.     n.a.
 2026-Apr-11 00:00 *   03 46 41.09 +19 44 13.2  03 48 11.68 +19 49 06.3  7.036232  1.589557  277.564761  51.786500    5.809   8.233   99.97482  3.480382   76.840980  70.651141  20.2510068899446  18.4844214   38.1068 /T    1.8227   0.1202258   77.269989   32.128854         n.a.     n.a.
 2026-Apr-13 12:00 Nm  03 47 11.73 +19 45 51.7  03 48 42.29 +19 50 43.7  7.364244  1.668862   49.420400 -32.342504    5.812   8.232   99.97738  3.475976  249.804963  70.760805  20.2766775359510  16.9779790   35.7730 /T    1.7283   0.1258495   77.231473   28.825409         n.a.     n.a.
 2026-Apr-16 00:00 *   03 47 42.98 +19 47 32.4  03 49 13.57 +19 52 23.5  7.368574  1.646102  278.485646  47.434063    5.814   8.232   99.97985  3.471840   62.778072  70.872501  20.3008355928430  16.5671425   33.4533 /T    1.6311   0.1258367   77.407183   28.210393         n.a.     n.a.
 2026-Apr-18 12:00 N   03 48 14.97 +19 49 14.3  03 49 45.55 +19 54 04.0  7.663912  1.724187   52.566373 -28.889951    5.817   8.232   99.98226  3.467941  235.759417  70.986703  20.3236561209166  14.9549758   31.1312 /T    1.5313   0.1309245   77.320994   24.932466         n.a.     n.a.
 2026-Apr-21 00:00 *m  03 48 47.48 +19 50 58.0  03 50 18.14 +19 55 46.8  7.659703  1.691678  279.430551  43.103541    5.819   8.232   99.98455  3.464321   48.749888  71.102577  20.3448932776546  14.5383054   28.8231 /T    1.4292   0.1307381   77.545905   24.327288         n.a.     n.a.
 2026-Apr-23 12:00 C   03 49 20.65 +19 52 42.7  03 50 51.33 +19 57 30.3  7.919361  1.768157   55.389422 -25.307297    5.821   8.232   99.98674  3.460949  221.748678  71.220626  20.3647154339108  12.8397711   26.5129 /T    1.3247   0.1352391   77.413987   21.086225         n.a.     n.a.
 2026-Apr-26 00:00 *m  03 49 54.24 +19 54 28.8  03 51 24.99 +19 59 15.6  7.907113  1.726427  280.404014  38.794963    5.823   8.232   99.98879  3.457860   34.756483  71.339970  20.3829090023074  12.4310863   24.2166 /T    1.2183   0.1348899   77.683420   20.503211         n.a.     n.a.
 2026-Apr-28 12:00 C   03 50 28.41 +19 56 15.6  03 51 59.14 +20 01 01.0  8.131921  1.801513   57.932477 -21.616285    5.824   8.232   99.99071  3.455025  207.772625  71.461166  20.3996334726564  10.6648266   21.9177 /T    1.1099   0.1388180   77.508666   17.299961         n.a.     n.a.
 2026-May-01 00:00 *   03 51 02.90 +19 58 03.4  03 52 33.68 +20 02 47.8  8.114394  1.751835  281.410373  34.508541    5.826   8.232   99.99246  3.452475   20.797648  71.583315  20.4147008820531  10.2679467   19.6321 /T    1.0001   0.1383557   77.817261   16.733446         n.a.     n.a.
 2026-May-03 12:00 Cm  03 51 37.89 +19 59 51.7  03 53 08.69 +20 04 34.7  8.304919  1.825551   60.233086 -17.834563    5.827   8.231   99.99406  3.450185  193.831031  71.707017  20.4282532510740   8.4425133   17.3430 /T    0.8885   0.1417199   77.602655   13.558128         n.a.     n.a.
 2026-May-06 00:00 *   03 52 13.12 +20 01 40.8  03 53 44.01 +20 06 22.8  8.283450  1.768223  282.454833  30.244844    5.828   8.231   99.99548  3.448181    6.873136  71.831350  20.4401241955073   8.0541077   15.0663 /T    0.7757   0.1411679   77.950237   12.997346         n.a.     n.a.
 2026-May-08 12:00 Cm  03 52 48.77 +20 03 30.1  03 54 19.69 +20 08 10.9  8.439483  1.840149   62.323448 -13.976201    5.829   8.231   99.99672  3.446442  179.923593  71.956947  20.4504346560834   6.1746231   12.7852 /T    0.6616   0.1439628   77.699715   9.8376874         n.a.     n.a.
 2026-May-11 00:00 *   03 53 24.58 +20 05 19.9  03 54 55.57 +20 09 59.8  8.414138  1.775667  283.543050  26.004640    5.830   8.231   99.99777  3.444993  352.982579  72.082857  20.4590409151754   5.7911704   10.5158 /T    0.5466   0.1433243   78.083503   9.2739394         n.a.     n.a.
 2026-May-13 12:00 Cm  03 54 00.72 +20 07 09.5  03 55 31.73 +20 11 48.1  8.534076  1.845237   64.231365 -10.052635    5.831   8.231   99.99862  3.443814  166.049859  72.209729  20.4660433890842   3.8647739    8.2414 /T    0.4306   0.1455214   77.799328   6.1218859         n.a.     n.a.
 2026-May-16 00:00 *m  03 54 36.94 +20 08 59.4  03 56 08.01 +20 13 36.8  8.503791  1.773614  284.681053  21.788931    5.831   8.231   99.99927  3.442926  339.125392  72.336582  20.4713232483350   3.4847688    5.9784 /T    0.3142   0.1447797   78.218855   5.5500929         n.a.     n.a.
 2026-May-18 12:00 C   03 55 13.40 +20 10 48.9  03 56 44.55 +20 15 25.0  8.585026  1.840261   65.980532  -6.073025    5.832   8.231   99.99972  3.442314  152.209065  72.464069  20.4749634101972   1.5244895    3.7109 /T    0.1970   0.1463341   77.901333   2.4047121         n.a.     n.a.
 2026-May-21 00:00 *m  03 55 49.83 +20 12 38.2  03 57 21.09 +20 17 13.5  8.548289  1.761825  285.876008  17.599023    5.832   8.231   99.99996  3.441992  325.300581  72.591180  20.4768792197305   1.1574925    1.4586 /T    0.0800   0.1454660   78.354256   1.8357559         n.a.     n.a.
 2026-May-23 12:00 C   03 56 26.41 +20 14 27.0  03 57 57.67 +20 19 00.8  8.590535  1.825343   67.591098  -2.044261    5.832   8.230   99.99999  3.441947  138.399951  72.718580  20.4771436492773  -0.8134133    0.8289 /L    0.0387   0.1463720   78.004029   -1.291914         n.a.     n.a.
 2026-May-26 00:00 *m  03 57 02.87 +20 16 15.2  03 58 34.21 +20 20 48.3  8.549757  1.741481  287.135864  13.436168    5.831   8.230   99.99980  3.442189  311.506672  72.845271  20.4757063079808  -1.1582317    3.0697 /L    0.1553   0.1454219   78.487042   -1.848739         n.a.     n.a.
 2026-May-28 12:00 C   03 57 39.40 +20 18 02.7  03 59 10.79 +20 22 34.3  8.555042  1.802315   69.079968   2.027442    5.831   8.230   99.99941  3.442707  124.620938  72.971943  20.4726217904163  -3.1267022    5.3260 /L    0.2725   0.1457138   78.103306   -4.961246         n.a.     n.a.
 2026-May-31 00:00 *   03 58 15.72 +20 19 49.4  03 59 47.19 +20 24 20.0  8.511965  1.713792  288.469572   9.302888    5.830   8.230   99.99881  3.443507  297.742040  73.097607  20.4678656240130  -3.4517183    7.5734 /L    0.3890   0.1447130   78.616306   -5.512194         n.a.     n.a.
 2026-Jun-02 12:00 Cm  03 58 52.02 +20 21 35.2  04 00 23.58 +20 26 04.5  8.481314  1.771503   70.461669   6.137726    5.829   8.230   99.99801  3.444584  110.870340  73.222966  20.4614684871231  -5.4120128    9.8279 /L    0.5053   0.1444058   78.202176   -8.621713         n.a.     n.a.
 2026-Jun-05 00:00 *   03 59 28.03 +20 23 19.9  04 00 59.68 +20 27 48.4  8.436515  1.678953  289.887704   5.201902    5.828   8.230   99.99702  3.445938  284.004920  73.347039  20.4534302648030  -5.7222607   12.0736 /L    0.6205   0.1433660   78.744602   -9.175970         n.a.     n.a.
 2026-Jun-07 12:00 Cm  04 00 03.95 +20 25 03.4  04 01 35.67 +20 29 30.8  8.369542  1.733199   71.748172  10.282781    5.827   8.229   99.99582  3.447568   97.146297  73.470523  20.4437580838373  -7.6680210   14.3271 /L    0.7352   0.1424519   78.300328   -12.29364         n.a.     n.a.
 2026-Jun-10 00:00 *   04 00 39.49 +20 26 45.7  04 02 11.28 +20 31 12.2  8.322327  1.636845  291.402115   1.136757    5.826   8.229   99.99445  3.449471  270.293319  73.592442  20.4324773839353  -7.9671649   16.5725 /L    0.8484   0.1413628   78.873023   -12.85942         n.a.     n.a.
 2026-Jun-12 12:00 Cm  04 01 14.86 +20 28 26.6  04 02 46.72 +20 32 51.7  8.217802  1.687073   72.949790  14.459547    5.825   8.229   99.99289  3.451651   83.446639  73.713477  20.4195732168772  -9.8895958   18.8265 /L    0.9608   0.1398198   78.398658   -15.99505         n.a.     n.a.
 2026-Jun-15 00:00 *m  04 01 49.76 +20 30 06.0  04 03 21.73 +20 34 30.2  8.166179  1.587277  293.026566  -2.888142    5.823   8.229   99.99117  3.454099  256.604850  73.832654  20.4051005827604 -10.1755032   21.0728 /L    1.0713   0.1386502   79.000455   -16.57476         n.a.     n.a.
 2026-Jun-17 12:00 C   04 02 24.38 +20 31 43.8  04 03 56.47 +20 36 06.9  8.022532  1.632770   74.074848  18.665810    5.821   8.229   99.98929  3.456822   69.768705  73.950623  20.3890302267731 -12.0557543   23.3279 /L    1.1807   0.1364500   78.496108   -19.72674         n.a.     n.a.
 2026-Jun-20 00:00 *m  04 02 58.46 +20 33 19.8  04 04 30.62 +20 37 42.2  7.966703  1.530421  294.777307  -6.867428    5.819   8.229   99.98727  3.459804  242.936546  74.066437  20.3714540896623 -12.3164254   25.5751 /L    1.2878   0.1352062   79.125831   -20.30532         n.a.     n.a.
 2026-Jun-22 12:00 C   04 03 32.16 +20 34 54.0  04 05 04.41 +20 39 15.3  7.786359  1.571725   75.130357  22.899913    5.817   8.229   99.98511  3.463055   56.109287  74.180745  20.3523300841814 -14.1346213   27.8313 /L    1.3935   0.1323901   78.587839   -23.46384         n.a.     n.a.
 2026-Jun-25 00:00 *m  04 04 05.24 +20 36 26.2  04 05 37.55 +20 40 46.7  7.728568  1.468097  296.672808 -10.794436    5.815   8.228   99.98283  3.466556  229.285086  74.292642  20.3317788732933 -14.3678281   30.0802 /L    1.4966   0.1311128   79.244402   -24.03538         n.a.     n.a.
 2026-Jun-27 12:00 C   04 04 37.86 +20 37 56.7  04 06 10.29 +20 42 15.9  7.513934  1.504918   76.121757  27.160407    5.812   8.228   99.98044  3.470318   42.465014  74.402769  20.3097358486441 -16.1173661   32.3386 /L    1.5979   0.1277193   78.674440   -27.20803         n.a.     n.a.
 2026-Jun-30 00:00 *   04 05 09.78 +20 39 24.8  04 06 42.30 +20 43 43.3  7.455225  1.400628  298.734888 -14.660568    5.810   8.228   99.97797  3.474320  215.647043  74.510266  20.2863442179900 -16.3286815   34.5906 /L    1.6962   0.1264276   79.359755   -27.77905         n.a.     n.a.
 2026-Jul-02 12:00 Cm  04 05 41.17 +20 40 51.0  04 07 13.82 +20 45 08.6  7.207255  1.432748   77.052719  31.446196    5.807   8.228   99.97541  3.478577   28.832389  74.615745  20.2615165509206 -18.0046546   36.8531 /L    1.7926   0.1224714   78.756611   -30.97738         n.a.     n.a.
 2026-Jul-05 00:00 *   04 06 11.79 +20 42 14.7  04 07 44.50 +20 46 31.7  7.147188  1.328134  300.988791 -18.455226    5.804   8.228   99.97280  3.483063  202.018826  74.718385  20.2354186330362 -18.1988681   39.1100 /L    1.8857   0.1211590   79.473024   -31.55658         n.a.     n.a.
 2026-Jul-07 12:00 Cm  04 06 41.81 +20 43 36.4  04 08 14.61 +20 47 52.4  6.865951  1.354980   77.925627  35.756367    5.801   8.228   99.97013  3.487799   15.207684  74.818762  20.2079416629880 -19.7952400   41.3784 /L    1.9766   0.1166396   78.836261   -34.79339         n.a.     n.a.
 2026-Jul-10 00:00 *   04 07 10.97 +20 44 55.3  04 08 43.85 +20 49 10.6  6.802952  1.250555  303.463552 -22.165406    5.798   8.227   99.96744  3.492754  188.396542  74.916088  20.1792753283889 -19.9738726   43.6422 /L    2.0638   0.1152823   79.583872   -35.38910         n.a.     n.a.
 2026-Jul-12 12:00 Cm  04 07 39.45 +20 46 12.2  04 09 12.47 +20 50 26.5  6.487363  1.271385   78.740940  40.090258    5.794   8.227   99.96472  3.497951    1.586803  75.010884  20.1492948893936 -21.4786718   45.9182 /L    2.1485   0.1101795   78.911782   -38.67552         n.a.     n.a.
 2026-Jul-15 00:00 *m  04 08 07.00 +20 47 26.1  04 09 40.11 +20 51 39.9  6.419793  1.167419  306.192936 -25.774955    5.791   8.227   99.96203  3.503354  174.775832  75.102405  20.1182193616018 -21.6341517   48.1898 /L    2.2293   0.1087513   79.693564   -39.28631         n.a.     n.a.
 2026-Jul-17 12:00 C   04 08 33.77 +20 48 37.7  04 10 07.01 +20 52 50.8  6.071211  1.182279   79.496526  44.447581    5.787   8.227   99.95934  3.508988  347.965116  75.191130  20.0859161460518 -23.0266976   50.4737 /L    2.3072   0.1030876   78.980402   -42.61574         n.a.     n.a.
 2026-Jul-20 00:00 *m  04 08 59.54 +20 49 46.2  04 10 32.83 +20 53 58.8  6.000576  1.080225  309.215185 -29.264173    5.784   8.227   99.95671  3.514812  161.151899  75.276381  20.0526344908789 -23.1490131   52.7532 /L    2.3809   0.1016172   79.794904   -43.22488         n.a.     n.a.
 2026-Jul-22 12:00 C   04 09 24.45 +20 50 52.4  04 10 57.86 +20 55 04.1  5.622908  1.089259   80.187410  48.827993    5.780   8.227   99.95413  3.520853  334.337786  75.358608  20.0182278584692 -24.4181600   55.0451 /L    2.4514   0.0954573   79.036567   -46.59231         n.a.     n.a.
 2026-Jul-25 00:00 *m  04 09 48.32 +20 51 55.4  04 11 21.80 +20 56 06.6  5.551175  0.989752  312.572747 -32.608550    5.776   8.227   99.95163  3.527067  147.519941  75.437211  19.9829634329666 -24.5112698   57.3332 /L    2.5174   0.0939787   79.890622   -47.19769         n.a.     n.a.
 2026-Jul-27 12:00 C   04 10 11.25 +20 52 55.9  04 11 44.88 +20 57 06.4  5.147063  0.992837   80.803033  53.231048    5.772   8.226   99.94921  3.533483  320.700076  75.512598  19.9466758931589 -25.6545291   59.6341 /L    2.5801   0.0873658   79.082084   -50.61164         n.a.     n.a.
 2026-Jul-30 00:00 *   04 10 33.09 +20 53 53.0  04 12 06.79 +20 58 03.3  5.074242  0.896295  316.311522 -35.777965    5.768   8.226   99.94690  3.540055  133.875273  75.584233  19.9096484321966 -25.7236378   61.9320 /L    2.6381   0.0858799   79.982812   -51.22008         n.a.     n.a.
 2026-Aug-01 12:00 Cm  04 10 53.93 +20 54 47.7  04 12 27.75 +20 58 57.5  4.645220  0.892889   81.324772  57.656283    5.763   8.226   99.94471  3.546815  307.047311  75.652471  19.8716988642511 -26.7381469   64.2437 /L    2.6924   0.0788376   79.119498   -54.69278         n.a.     n.a.
 2026-Aug-04 00:00 *   04 11 13.62 +20 55 38.9  04 12 47.48 +20 59 48.3  4.570420  0.799793  320.477949 -38.736269    5.759   8.226   99.94267  3.553713  120.213208  75.716838  19.8331256325192 -26.7868356   66.5533 /L    2.7419   0.0773312   80.074123   -55.31334         n.a.     n.a.
 2026-Aug-06 12:00 Nm  04 11 32.25 +20 56 27.5  04 13 06.25 +21 00 36.2  4.116745  0.789416   81.719823  62.103013    5.755   8.226   99.94076  3.560786  293.374780  75.777620  19.7937339887743 -27.6664099   68.8775 /L    2.7874   0.0698625   79.144889   -58.86088         n.a.     n.a.
 2026-Aug-09 00:00 *   04 11 49.68 +20 57 12.5  04 13 23.75 +21 01 20.9  4.037892  0.699789  325.114869 -41.440463    5.750   8.226   99.93903  3.567977  106.528961  75.834401  19.7538405917441 -27.6914954   71.2004 /L    2.8279   0.0683014   80.167987   -59.50422         n.a.     n.a.
 2026-Aug-11 12:00 Nm  04 12 05.98 +20 57 54.8  04 13 40.21 +21 02 03.0  3.560702  0.682009   81.926495  66.570301    5.746   8.226   99.93747  3.575324  279.677575  75.887400  19.7132458669697 -28.4220830   73.5383 /L    2.8642   0.0604238   79.157022   -63.13383         n.a.     n.a.
 2026-Aug-14 00:00 *m  04 12 21.03 +20 58 33.4  04 13 55.31 +21 02 41.5  3.477789  0.596892  330.254569 -43.840783    5.741   8.226   99.93612  3.582768   92.817552  75.936275  19.6722891605580 -28.4119870   75.8750 /L    2.8952   0.0588107   80.261222   -63.79298         n.a.     n.a.
 2026-Aug-16 12:00 N   04 12 34.88 +20 59 09.3  04 14 09.28 +21 03 17.0  2.981186  0.572184   81.821707  71.056443    5.736   8.225   99.93495  3.590346  265.950761  75.981195  19.6307695299611 -28.9781787   78.2266 /L    2.9219   0.0505933   79.135252   -67.49623         n.a.     n.a.
 2026-Aug-19 00:00 *m  04 12 47.45 +20 59 41.3  04 14 21.89 +21 03 48.8  2.896890  0.492337  335.907862 -45.882060    5.732   8.225   99.93401  3.597994   79.074209  76.021915  19.5890402206499 -28.9300599   80.5770 /L    2.9431   0.0489738   80.354536   -68.15698         n.a.     n.a.
 2026-Aug-21 12:00 N   04 12 58.78 +21 00 10.7  04 14 33.36 +21 04 17.8  2.385897  0.460897   81.123787  75.557209    5.727   8.225   99.93328  3.605752  252.189831  76.058559  19.5468898246061 -29.3307515   82.9422 /L    2.9597   0.0405001   79.066531   -71.93078         n.a.     n.a.
 2026-Aug-24 00:00 *m  04 13 08.81 +21 00 36.1  04 14 43.45 +21 04 43.3  2.301316  0.386819  342.052171 -47.505895    5.722   8.225   99.93278  3.613556   65.294737  76.090967  19.5046771067964 -29.2503690   85.3065 /L    2.9709   0.0388933   80.458582   -72.59407         n.a.     n.a.
 2026-Aug-26 12:00 N   04 13 17.56 +21 00 58.8  04 14 52.34 +21 05 06.0  1.779082  0.348283   79.032069  80.060940    5.717   8.225   99.93250  3.621446  238.390871  76.119202  19.4621809201212 -29.4871237   87.6861 /L    2.9773   0.0302142   78.923535   -76.44703         n.a.     n.a.
 2026-Aug-29 00:00 *   04 13 24.99 +21 01 17.6  04 14 59.80 +21 05 24.8  1.694291  0.280262  348.620114 -48.656092    5.713   8.225   99.93247  3.629357   51.475455  76.143186  19.4197638770983 -29.3793466   90.0653 /L    2.9782   0.0286219   80.607452   -77.11848         n.a.     n.a.
 2026-Aug-31 12:00 Nm  04 13 31.12 +21 01 33.6  04 15 06.04 +21 05 40.7  1.162993  0.234560   72.131796  84.518324    5.708   8.225   99.93266  3.637329  224.550429  76.162912  19.3771982154941 -29.4526691   92.4605 /L    2.9743   0.0197735   78.597209   -81.06323         n.a.     n.a.
 2026-Sep-03 00:00 *   04 13 35.91 +21 01 45.6  04 15 10.87 +21 05 52.7  1.076296  0.172626  355.494525 -49.285296    5.703   8.225   99.93310  3.645296   37.613113  76.178369  19.3348508449525 -29.3182068   94.8561 /L    2.9647   0.0181675   80.887990   -81.75933         n.a.     n.a.
 2026-Sep-05 12:00 Nm  04 13 39.37 +21 01 54.9  04 15 14.48 +21 06 02.0  0.537649  0.119225   22.160534  88.270310    5.698   8.225   99.93377  3.653299  210.665381  76.189473  19.2924941483590 -29.2227444   97.2683 /L    2.9503   0.0091785   77.496799   -85.81075         n.a.     n.a.
 2026-Sep-08 00:00 *   04 13 41.48 +21 02 00.1  04 15 16.65 +21 06 07.5  0.448386  0.063801    2.515658 -49.361585    5.693   8.225   99.93467  3.661268   23.704694  76.196294  19.2505035437039 -29.0533105   99.6813 /L    2.9301   0.0075484   81.901743   -86.54026         n.a.     n.a.
 2026-Sep-10 12:00 Nm  04 13 42.24 +21 02 02.5  04 15 17.53 +21 06 10.2  -0.09376  0.003370  292.786141  85.733370    5.689   8.225   99.93581  3.669243  196.732887  76.198682  19.2086592524053 -28.7770737  102.1111 /L    2.9050   0.0015637   272.05823   -89.27714         n.a.     n.a.
 2026-Sep-13 00:00 *m  04 13 41.65 +21 02 00.8  04 15 16.95 +21 06 08.7  -0.18341  -0.04483    9.501198 -48.874332    5.684   8.225   99.93717  3.677153    9.747635  76.196803  19.1673431215143 -28.5641386  104.5414 /L    2.8741   0.0031468   256.26387   -88.53786         n.a.     n.a.
 2026-Sep-15 12:00 N   04 13 39.70 +21 01 56.4  04 15 15.11 +21 06 04.5  -0.72238  -0.11162  282.133051  81.267592    5.679   8.225   99.93874  3.685036  182.750770  76.190468  19.1263380565289 -28.1050779  106.9880 /L    2.8383   0.0121825   261.21646   -84.27723         n.a.     n.a.
 2026-Sep-18 00:00 *m  04 13 36.43 +21 01 48.0  04 15 11.88 +21 05 56.3  -0.80956  -0.15193   16.274067 -47.835570    5.674   8.225   99.94052  3.692820  355.740239  76.179943  19.0860201598074 -27.8527190  109.4348 /L    2.7968   0.0137282   259.37063   -83.51261         n.a.     n.a.
 2026-Sep-20 12:00 N   04 13 31.81 +21 01 36.9  04 15 07.39 +21 05 45.6  -1.34032  -0.22491  279.299084  76.670361    5.670   8.225   99.94250  3.700547  168.717836  76.164986  19.0461704870296 -27.2185443  111.8978 /L    2.7504   0.0226510   260.47429   -79.15407         n.a.     n.a.
 2026-Sep-23 00:00 *m  04 13 25.91 +21 01 21.9  04 15 01.52 +21 05 31.0  -1.42395  -0.25730   22.688904 -46.277232    5.665   8.225   99.94465  3.708143  341.681747  76.145954  19.0071549438740 -26.9335751  114.3607 /L    2.6986   0.0241169   259.75732   -78.37495         n.a.     n.a.
 2026-Sep-25 12:00 N   04 13 18.67 +21 01 04.2  04 14 54.38 +21 05 13.9  -1.94251  -0.33610  278.356211  72.028771    5.661   8.225   99.94697  3.715649  154.633708  76.122546  18.9687554104377 -26.1322489  116.8400 /L    2.6418   0.0328562   260.18356   -73.91849         n.a.     n.a.
 2026-Sep-28 00:00 *   04 13 10.20 +21 00 42.6  04 14 45.92 +21 04 52.6  -2.02313  -0.36040   28.647591 -44.245796    5.657   8.225   99.94943  3.722996  327.572141  76.095194  18.9313265572462 -25.8192203  119.3194 /L    2.5798   0.0342497   259.89921   -73.11406         n.a.     n.a.
 2026-Sep-30 12:00 Nm  04 13 00.43 +21 00 18.5  04 14 36.25 +21 04 28.9  -2.52702  -0.44519  278.159499  67.360640    5.652   8.225   99.95204  3.730221  140.498649  76.063530  18.8946552650598 -24.8563394  121.8156 /L    2.5130   0.0427657   260.00860   -68.54768         n.a.     n.a.
 2026-Oct-03 00:00 *   04 12 49.47 +20 59 50.5  04 14 25.33 +21 04 01.4  -2.60558  -0.46161   34.100921 -41.794922    5.648   8.224   99.95475  3.737256  313.411875  76.028058  18.8590872548943 -24.5129708  124.3125 /L    2.4411   0.0441026   259.95362   -67.69968         n.a.     n.a.
 2026-Oct-05 12:00 Nm  04 12 37.23 +20 59 20.0  04 14 13.21 +21 03 31.7  -3.09145  -0.55155  278.340628  62.672908    5.644   8.224   99.95756  3.744138  126.313290  75.988351  18.8244237905129 -23.3852216  126.8264 /L    2.3645   0.0523377   259.88424   -63.01256         n.a.     n.a.
 2026-Oct-08 00:00 *   04 12 23.87 +20 58 45.9  04 13 59.86 +21 02 58.2  -3.16663  -0.55958   39.040665 -38.979361    5.640   8.224   99.96043  3.750797  299.201796  75.944995  18.7910046798524 -23.0023466  129.3408 /L    2.2832   0.0535948   259.97868   -62.11136         n.a.     n.a.
 2026-Oct-10 12:00 N   04 12 09.27 +20 58 09.3  04 13 45.34 +21 02 22.3  -3.62798  -0.65357  278.746265  57.969672    5.636   8.224   99.96337  3.757267  112.078769  75.897533  18.7586455765626 -21.7095663  131.8719 /L    2.1972   0.0614396   259.78792   -57.31192         n.a.     n.a.
 2026-Oct-13 00:00 *m  04 11 53.63 +20 57 29.2  04 13 29.71 +21 01 42.7  -3.69602  -0.65249   43.487273 -35.851296    5.633   8.224   99.96633  3.763482  284.943426  75.846650  18.7276702924684 -21.2879818  134.4026 /L    2.1068   0.0625529   259.98830   -56.36978         n.a.     n.a.
 2026-Oct-15 12:00 N   04 11 36.84 +20 56 46.9  04 13 13.01 +21 01 01.1  -4.12656  -0.74952  279.302993  53.254490    5.629   8.225   99.96930  3.769474   97.797053  75.791860  18.6979018410390 -19.8427246  136.9493 /L    2.0121   0.0699013   259.70543   -51.47464         n.a.     n.a.
 2026-Oct-18 00:00 *m  04 11 19.09 +20 56 01.3  04 12 55.29 +21 00 16.2  -4.18532  -0.73942   47.477642 -32.457559    5.626   8.225   99.97225  3.775180  270.639137  75.733936  18.6696393964019 -19.3916155  139.4949 /L    1.9134   0.0708356   259.98099   -50.50059         n.a.     n.a.
 2026-Oct-20 12:00 N   04 11 00.27 +20 55 13.5  04 12 36.55 +20 59 29.5  -4.58040  -0.83881  279.972729  48.530787    5.623   8.225   99.97516  3.780633   83.470835  75.672356  18.6427127560041 -17.8106924  142.0559 /L    1.8107   0.0776095   259.62240   -45.52388         n.a.     n.a.
 2026-Oct-23 00:00 *m  04 10 40.61 +20 54 22.8  04 12 16.89 +20 58 39.5  -4.62948  -0.81950   51.056637 -28.839136    5.620   8.225   99.97800  3.785774  256.291892  75.607962  18.6173951868451 -17.3380850  144.6151 /L    1.7043   0.0783576   259.96167   -44.51768         n.a.     n.a.
 2026-Oct-25 12:00 Nm  04 10 19.97 +20 53 30.1  04 11 56.30 +20 57 47.7  -4.98645  -0.92069  280.734459  43.802089    5.617   8.225   99.98076  3.790634   69.103286  75.540189  18.5935265270915 -15.6370170  147.1895 /L    1.5943   0.0845123   259.53881   -39.46530         n.a.     n.a.
 2026-Oct-28 00:00 *   04 09 58.60 +20 52 34.7  04 11 34.94 +20 56 52.8  -5.02673  -0.89282   54.270908 -25.031219    5.614   8.225   99.98341  3.795159  241.904966  75.469935  18.5713537125958 -15.1481564  149.7619 /L    1.4811   0.0850900   259.92849   -38.41843         n.a.     n.a.
 2026-Oct-30 12:00 Nm  04 09 36.35 +20 51 37.5  04 11 12.77 +20 55 56.7  -5.34377  -0.99501  281.577223  39.072159    5.612   8.225   99.98593  3.799378   54.697706  75.396591  18.5507327480382 -13.3365443  152.3496 /L    1.3647   0.0905936   259.45233   -33.28858         n.a.     n.a.
 2026-Nov-02 00:00 *   04 09 13.47 +20 50 37.9  04 10 49.92 +20 54 57.9  -5.37563  -0.95853   57.164951 -21.063311    5.610   8.225   99.98828  3.803241  227.481656  75.321107  18.5318908770469 -12.8258261  154.9353 /L    1.2455   0.0910069   259.88986   -32.17904         n.a.     n.a.
 2026-Nov-04 12:00 Nm  04 08 49.82 +20 49 36.7  04 10 26.31 +20 53 57.8  -5.64867  -1.06039  282.496142  34.344873    5.608   8.225   99.99048  3.806771   40.257407  75.242854  18.5147070101264 -10.9071761  157.5363 /L    1.1234   0.0957889   259.36794   -26.97041         n.a.     n.a.
 2026-Nov-07 00:00 *   04 08 25.68 +20 48 33.4  04 10 02.16 +20 52 55.2  -5.66881  -1.01480   59.779768 -16.960397    5.606   8.225   99.99248  3.809924  213.025359  75.162856  18.4993838240095 -10.3728406  160.1344 /L    0.9992   0.0959821   259.85073   -25.79803         n.a.     n.a.
 2026-Nov-09 12:00 A   04 08 00.88 +20 47 28.7  04 09 37.40 +20 51 51.6  -5.89238  -1.11470  283.489949  29.624638    5.604   8.225   99.99428  3.812720   25.785969  75.080482  18.4858156838762  -8.3626259  162.7469 /L    0.8725   0.0999482   259.28755   -20.53268         n.a.     n.a.
 2026-Nov-12 00:00 *m  04 07 35.73 +20 46 22.5  04 09 12.26 +20 50 46.0  -5.89839  -1.06010   62.151516 -12.743698    5.603   8.225   99.99584  3.815124  198.539862  74.996816  18.4741707311286  -7.8141663  165.3553 /L    0.7442   0.0998816   259.81118   -19.31206         n.a.     n.a.
 2026-Nov-14 12:00 A   04 07 10.07 +20 45 15.2  04 08 46.65 +20 49 39.9  -6.06885  -1.15724  284.560744  24.916504    5.602   8.225   99.99718  3.817152   11.287329  74.911223  18.4643543439561  -5.7360548  167.9770 /L    0.6141   0.1029699   259.20414   -14.01925         n.a.     n.a.
 2026-Nov-17 00:00 *m  04 06 44.21 +20 44 06.6  04 08 20.79 +20 48 32.2  -6.06014  -1.09375   64.311661  -8.431179    5.601   8.225   99.99827  3.818777  184.029197  74.824828  18.4564971477940  -5.1851673  170.5932 /L    0.4829   0.1026341   259.76928   -12.76483         n.a.     n.a.
 2026-Nov-19 12:00 A   04 06 17.97 +20 42 57.3  04 07 54.57 +20 47 24.2  -6.17642  -1.18712  285.712757  20.225960    5.600   8.225   99.99910  3.820015  356.765568  74.736975  18.4505179334300  -3.0616417  173.2218 /L    0.3504   0.1048246   259.12031   -7.466566         n.a.     n.a.
 2026-Nov-22 00:00 *m  04 05 51.69 +20 41 47.2  04 07 28.27 +20 46 14.7  -6.15418  -1.11565   66.287638  -4.038321    5.600   8.225   99.99966  3.820844  169.497419  74.648812  18.4465106105282  -2.5175412  175.8434 /L    0.2175   0.1042414   259.72484   -6.187330         n.a.     n.a.
 2026-Nov-24 12:00 Am  04 05 25.17 +20 40 36.7  04 07 01.78 +20 45 05.3  -6.21665  -1.20468  286.952202  15.559047    5.599   8.225   99.99995  3.821280  342.224639  74.559664  18.4444097220642  -0.3685744  178.4736 /L    0.0840   0.1055384   259.03304   -0.903183        4.248    1.936
 2026-Nov-27 00:00 *   04 04 58.75 +20 39 25.8  04 06 35.38 +20 43 55.2  -6.18304  -1.12584   68.102855   0.421640    5.599   8.225   99.99998  3.821307  154.948338  74.470680  18.4442766303184   0.1664796  178.8813 /T    0.0504   0.1047450   259.68034   0.4026983         n.a.     n.a.
 2026-Nov-29 12:00 Am  04 04 32.23 +20 38 14.8  04 06 08.89 +20 42 45.5  -6.19247  -1.20961  288.287710  10.922358    5.599   8.225   99.99973  3.820935  327.668183  74.381172  18.4460708562226   2.3319513  176.2486 /T    0.1839   0.1051585   258.94726   5.6739101        1.532    5.369
 2026-Dec-02 00:00 *   04 04 05.95 +20 37 03.9  04 05 42.58 +20 41 35.4  -6.14668  -1.12356   69.777352   4.937459    5.600   8.225   99.99921  3.820158  140.385430  74.292304  18.4498267389438   2.8632399  173.6171 /T    0.3168   0.1041421   259.64116   7.0222854         n.a.     n.a.
 2026-Dec-04 12:00 Am  04 03 39.71 +20 35 53.2  04 05 16.33 +20 40 25.8  -6.10046  -1.20045  289.729685   6.323071    5.600   8.225   99.99842  3.818978  313.099611  74.203407  18.4555260803826   5.0322327  170.9736 /T    0.4496   0.1036243   258.86755   12.275269        0.306   26.862
 2026-Dec-07 00:00 *   04 03 13.85 +20 34 43.1  04 04 50.47 +20 39 16.3  -6.04057  -1.10729   71.328343   9.499068    5.601   8.225   99.99738  3.817398  125.812153  74.115662  18.4631663400491   5.5529314  168.3380 /T    0.5810   0.1023536   259.61253   13.657588         n.a.     n.a.
 2026-Dec-09 12:00 A   04 02 48.19 +20 33 33.7  04 04 24.81 +20 38 07.9  -5.93756  -1.17670  291.290978   1.769549    5.602   8.225   99.99608  3.815419  298.522436  74.028418  18.4727431031982   7.7007017  165.6921 /T    0.7116   0.1008839   258.79040   18.867691         n.a.     n.a.
 2026-Dec-12 00:00 *m  04 02 23.07 +20 32 25.2  04 03 59.70 +20 37 00.2  -5.86333  -1.07712   72.770057  14.097619    5.604   8.225   99.99455  3.813051  111.232038  73.942851  18.4842126242681   8.1980918  163.0557 /T    0.8401   0.0993574   259.59060   20.263610         n.a.     n.a.
 2026-Dec-14 12:00 A   04 01 58.30 +20 31 17.8  04 03 34.91 +20 35 54.0  -5.70497  -1.13826  292.987074  -2.728788    5.605   8.225   99.99280  3.810295  283.940191  73.858317  18.4975842415578  10.2997237  160.4103 /T    0.9673   0.0969570   258.71644   25.407832         n.a.     n.a.
 2026-Dec-17 00:00 *m  04 01 34.20 +20 30 11.9  04 03 10.79 +20 34 48.7  -5.61851  -1.03340   74.114694  18.725240    5.607   8.225   99.99083  3.807168   96.648579  73.775960  18.5127754321522  10.7637242  157.7757 /T    1.0918   0.0952126   259.57819   26.797812         n.a.     n.a.
 2026-Dec-19 12:00 A   04 01 10.59 +20 29 07.3  04 02 47.13 +20 33 45.1  -5.40801  -1.08623  294.836094  -7.161376    5.609   8.224   99.98867  3.803668  269.356261  73.695138  18.5298110846523  12.7975869  155.1332 /T    1.2144   0.0919337   258.64297   31.856734         n.a.     n.a.
 2026-Dec-22 00:00 *m  04 00 47.78 +20 28 04.8  04 02 24.33 +20 32 43.0  -5.31214  -0.97725   75.372560  23.374899    5.611   8.224   99.98635  3.799820   82.065014  73.616947  18.5485731657081  13.2220310  152.5025 /T    1.3338   0.0900214   259.57610   33.224322         n.a.     n.a.
 2026-Dec-24 12:00 Am  04 00 25.59 +20 27 03.9  04 02 02.13 +20 31 43.1  -5.05425  -1.02163  296.859655 -11.516098    5.614   8.224   99.98386  3.795619  254.773724  73.540746  18.5691069390614  15.1742268  149.8644 /T    1.4508   0.0859411   258.57262   38.186269         n.a.     n.a.
 2026-Dec-27 00:00 *   04 00 04.31 +20 26 05.3  04 01 40.86 +20 30 45.3  -4.95157  -0.90963   76.551878  28.040562    5.616   8.224   99.98125  3.791094   67.484231  73.467574  18.5912677644134  15.5637040  147.2384 /T    1.5642   0.0839071   259.59054   39.532820         n.a.     n.a.
 2026-Dec-29 12:00  m  03 59 43.76 +20 25 08.8  04 01 20.26 +20 29 49.7  -4.64836  -0.94481  299.083259 -15.779172    5.619   8.224   99.97852  3.786235  240.195294  73.396815  18.6151273782888  17.4290130  144.6050 /T    1.6748   0.0790568   258.51082   44.411791         n.a.     n.a.
$$EOE
**********************************************************************************************************************************************************************************************************************************************************************************************
Column meaning:
 
TIME

  Times PRIOR to 1962 are UT1, a mean-solar time closely related to the
prior but now-deprecated GMT. Times AFTER 1962 are in UTC, the current
civil or "wall-clock" time-scale. UTC is kept within 0.9 seconds of UT1
using integer leap-seconds for 1972 and later years.

  Conversion from the internal Barycentric Dynamical Time (TDB) of solar
system dynamics to the non-uniform civil UT time-scale requested for output
has not been determined for UTC times after the next July or January 1st.
Therefore, the last known leap-second is used as a constant over future
intervals.

  Time tags refer to the UT time-scale conversion from TDB on Earth
regardless of observer location within the solar system, although clock
rates may differ due to the local gravity field and no analog to "UT"
may be defined for that location.

  Any 'b' symbol in the 1st-column denotes a B.C. date. First-column blank
(" ") denotes an A.D. date.
 
CALENDAR SYSTEM

  Mixed calendar mode was active such that calendar dates after AD 1582-Oct-15
(if any) are in the modern Gregorian system. Dates prior to 1582-Oct-5 (if any)
are in the Julian calendar system, which is automatically extended for dates
prior to its adoption on 45-Jan-1 BC.  The Julian calendar is useful for
matching historical dates. The Gregorian calendar more accurately corresponds
to the Earth's orbital motion and seasons. A "Gregorian-only" calendar mode is
available if such physical events are the primary interest.

  NOTE: "n.a." in output means quantity "not available" at the print-time.
 
SOLAR PRESENCE (OBSERVING SITE)
  Time tag is followed by a blank, then a solar-presence symbol:

       '*'  Daylight (refracted solar upper-limb on or above apparent horizon)
       'C'  Civil twilight/dawn
       'N'  Nautical twilight/dawn
       'A'  Astronomical twilight/dawn
       ' '  Night OR geocentric ephemeris

LUNAR PRESENCE (OBSERVING SITE)
  The solar-presence symbol is immediately followed by a lunar-presence symbol:

       'm'  Refracted upper-limb of Moon on or above apparent horizon
       ' '  Refracted upper-limb of Moon below apparent horizon OR geocentric
            ephemeris
 
 'R.A._____(ICRF)_____DEC' =
  Astrometric right ascension and declination of the target center with
respect to the observing site (coordinate origin) in the reference frame of
the planetary ephemeris (ICRF). Compensated for down-leg light-time delay
aberration.

  Units: RA  in hours-minutes-seconds of time,    HH MM SS.ff{ffff}
         DEC in degrees-minutes-seconds of arc,  sDD MN SC.f{ffff}
 
 'R.A.__(a-apparent)__DEC' =
  Airless apparent right ascension and declination of the target center
with respect to an instantaneous reference frame defined by the Earth equator
of-date (z-axis) and meridian containing the Earth equinox of-date (x-axis,
EOP-corrected IAU76/80). Compensated for down-leg light-time delay,
gravitational deflection of light, stellar aberration, precession & nutation.
Note: equinox (RA origin) is offset -53 mas from the of-date frame defined
by the IAU06/00a P & N system.

  Units: RA  in hours-minutes-seconds of time,   HH MM SS.ff{ffff}
         DEC in degrees-minutes-seconds of arc, sDD MN SC.f{ffff}
 
 'dRA*cosD d(DEC)/dt' =
  The angular rate of change in apparent RA and DEC of the target. This is
with respect to the non-inertial IAU76/80 Earth true equator and equinox
of-date reference frame.  d(RA)/dt is multiplied by the cosine of declination
to provide a linear rate in the plane-of-sky. Units: ARCSECONDS PER HOUR
 
 'Azi____(a-app)___Elev' =
  Airless apparent azimuth and elevation of target center. Compensated
for light-time, the gravitational deflection of light, stellar aberration,
precession and nutation. Azimuth is measured clockwise from north:

  North(0) -> East(90) -> South(180) -> West(270) -> North (360)

Elevation angle is with respect to a plane perpendicular to the reference
surface local zenith direction. TOPOCENTRIC ONLY.  Units: DEGREES
 
 'APmag   S-brt' =
  The targets' approximate apparent visual magnitude and surface brightness.
For planets and natural satellites, output is restricted to solar phase angles
covered by observational data. Outside the observed phase angle range, "n.a."
may be output to avoid extrapolation beyond the limit of model validity.

   For Earth-based observers, the estimated dimming due to atmospheric
absorption (extinction) is available as a separate, requestable quantity.

   Surface brightness is the average airless visual magnitude of a
square-arcsecond of the illuminated portion of the apparent disk. It is
computed only if the target radius is known.

   Units: MAGNITUDES & MAGNITUDES PER SQUARE ARCSECOND
 
 'Illu%' =
   Fraction of the target objects' assumed circular disk illuminated by Sun
(phase), as seen by the observer.  Units: PERCENT
 
 'Ang-diam' =
   The equatorial angular width of the target body full disk, if it were fully
illuminated and visible to the observer. If the target body diameter is unknown
"n.a." is output.

   Units: ARCSECONDS
 
 'ObsSub-LON ObsSub-LAT' =
   Apparent planetodetic longitude and latitude of the center of the target
disc seen by the OBSERVER at print-time. This is NOT exactly the same as the
"nearest" sub-point for a non-spherical target shape (since the center of the
disc might not be the point closest to the observer), but is generally very
close if not a very irregular body shape. Down-leg light travel-time from
target to observer is taken into account. Latitude is the angle between the
equatorial plane and the line perpendicular to the reference ellipsoid of the
body, so includes body oblateness. The reference ellipsoid is an oblate
spheroid with a single flatness coefficient in which the y-axis body radius
is taken to be the same value as the x-axis radius. For Jupiter, Saturn, and
Uranus, IAU2015 longitude is based on the "System III" prime meridian rotation
angle of the magnetic field. By contrast, pole direction (thus latitude) is
relative to the body dynamical equator.  There can be an offset between the
magnetic pole and the dynamical pole of rotation. For Neptune, rotation is
IAU2015 "System II" rotation of optically observed features in the Neptunian
atmosphere. Positive longitude is to the EAST for this target. Cartographic
system is specified in the header. Units: DEGREES DEGREES
 
 'delta      deldot' =
   Apparent range ("delta", light-time aberrated) and range-rate ("delta-dot")
of the target center relative to the observer. A positive "deldot" means the
target center is moving away from the observer, negative indicates movement
toward the observer.  Units: AU and KM/S
 
 'S-O-T /r' =
   Sun-Observer-Target apparent SOLAR ELONGATION ANGLE seen from the observers'
location at print-time.

   The '/r' column provides a code indicating the targets' apparent position
relative to the Sun in the observers' sky, as described below:

   Case A: For an observing location on the surface of a rotating body, that
body rotational sense is considered:

    /T indicates target TRAILS Sun   (evening sky: rises and sets AFTER Sun)
    /L indicates target LEADS Sun    (morning sky: rises and sets BEFORE Sun)

   Case B: For an observing point that does not have a rotational model (such
as a spacecraft), the "leading" and "trailing" condition is defined by the
observers' heliocentric ORBITAL motion:

    * If continuing in the observers' current direction of heliocentric
       motion would encounter the targets' apparent longitude first, followed
       by the Sun's, the target LEADS the Sun as seen by the observer.

    * If the Sun's apparent longitude would be encountered first, followed
       by the targets', the target TRAILS the Sun.

   Two other codes can be output:
    /* indicates observer is Sun-centered    (undefined)
    /? Target is aligned with Sun center     (no lead or trail)

   The S-O-T solar elongation angle is numerically the minimum separation
angle of the Sun and target in the sky in any direction. It does NOT indicate
the amount of separation in the leading or trailing directions, which would
be defined along the equator of a spherical coordinate system.

   Units: DEGREES
 
 'S-T-O' =
   The Sun-Target-Observer angle; the interior vertex angle at target center
formed by a vector from the target to the apparent center of the Sun (at
reflection time on the target) and the apparent vector from target to the
observer at print-time. Slightly different from true PHASE ANGLE (requestable
separately) at the few arcsecond level in that it includes stellar aberration
on the down-leg from target to observer.  Units: DEGREES
 
 'Sky_motion  Sky_mot_PA  RelVel-ANG' =
  Total apparent angular rate of the target in the plane-of-sky. "Sky_mot_PA"
is the position angle of the target's direction of motion in the plane-of-sky,
measured counter-clockwise from the apparent of-date north pole direction.
"RelVel-ANG" is the flight path angle of the target's relative motion with
respect to the observer's line-of-sight, in the range [-90,+90], where positive
values indicate motion away from the observer, negative values are toward the
observer:

  -90 = target is moving directly toward the observer
    0 = target is moving at right angles to the observer's line-of-sight
  +90 = target is moving directly away from the observer

UNITS:  ARCSECONDS/MINUTE, DEGREES, DEGREES
 
 'Lun_Sky_Brt  sky_SNR' =
  Sky brightness due to moonlight scattered by Earth's atmosphere at the
target's position in the sky. "sky_SNR" is the visual signal-to-noise ratio
(SNR) of the target's surface brightness relative to background sky. Output
only for topocentric Earth observers when both the Moon and target are above
the local horizon and the Sun is in astronomical twilight (or further) below
the horizon, and the target is not the Moon or Sun. If all conditions are
not met, "n.a." is output. Galactic brightness, local sky light-pollution
and weather are NOT considered. Lunar opposition surge is considered. The
value returned is accurate under ideal conditions at the approximately 8-23%
level, so is a useful but not definitive value.

  If the target-body radius is also known, "sky_SNR" is output. This is the
approximate visual signal-to-noise ratio of the target's brightness divided
by lunar sky brightness. When sky_SNR < 1, the target is dimmer than the
ideal moonlight-scattering background sky, so unlikely to be detectable at
visual wavelengths. In practice, visibility requires sky_SNR > 1 and a
detector sensitive enough to reach the target's magnitude, even if it isn't
washed out by moonlight. When relating magnitudes and brightness values,
keep in mind their logarithmic relationship m2-m1 = -2.5*log_10(b2/b1).

  UNITS: VISUAL MAGNITUDES / ARCSECOND^2, and unitless ratio

Computations by ...

    Solar System Dynamics Group, Horizons On-Line Ephemeris System
    4800 Oak Grove Drive, Jet Propulsion Laboratory
    Pasadena, CA  91109   USA

    General site: https://ssd.jpl.nasa.gov/
    Mailing list: https://ssd.jpl.nasa.gov/email_list.html
    System news : https://ssd.jpl.nasa.gov/horizons/news.html
    User Guide  : https://ssd.jpl.nasa.gov/horizons/manual.html
    Connect     : browser        https://ssd.jpl.nasa.gov/horizons/app.html#/x
                  API            https://ssd-api.jpl.nasa.gov/doc/horizons.html
                  command-line   telnet ssd.jpl.nasa.gov 6775
                  e-mail/batch   https://ssd.jpl.nasa.gov/ftp/ssd/horizons_batch.txt
                  scripts        https://ssd.jpl.nasa.gov/ftp/ssd/SCRIPTS
    Author      : Jon.D.Giorgini@jpl.nasa.gov

**********************************************************************************************************************************************************************************************************************************************************************************************
