*******************************************************************************
 Revised: September 25, 2025           Uranus                               799
 
 PHYSICAL DATA:
  Mass x10^24 (kg)      = 86.813          Density (g/cm^3)       =  1.271
  Equat. radius (1 bar) = 25559+-4 km     Polar radius (km)      = 24973+-20
  Vol. Mean Radius (km) = 25362+-12       Flattening             =  0.02293
  Geometric Albedo      = 0.51
  Sid. rot. period (III)= 17.24+-0.01 h   Sid. rot. rate (rad/s) = -0.000101237
  Mean solar day, h     =~17.24           Rocky core mass (Mc/M) =  0.0012        
  GM (km^3/s^2)         = 5793950.6103    GM 1-sigma (km^3/s^2)  = +-4.3 
  Equ. grav, ge (m/s^2) =  8.87           Pol. grav, gp (m/s^2)  =   9.19+-0.02
  Visual magnitude V(1,0)= -7.11
  Vis. mag. (opposition)=  +5.52          Obliquity to orbit     = 97.77 deg
  Sidereal orbit period = 84.0120465 y    Sidereal orbit period  = 30685.4 d
  Mean daily motion     = 0.01176904 dg/d Mean orbit velocity    =  6.8 km/s
  Atmos. temp. (1 bar)  =  76+-2 K        Escape speed, km/s     =  21.3           
  Aroche(ice)/Rp        =  2.20           Hill's sphere rad., Rp = 2700
                                 Perihelion   Aphelion    Mean
  Solar Constant (W/m^2)         4.09         3.39        3.71
  Maximum Planetary IR (W/m^2)   0.72         0.55        0.63
  Minimum Planetary IR (W/m^2)   0.72         0.55        0.63
*******************************************************************************


*******************************************************************************
Ephemeris / WWW_USER Mon Apr  6 16:49:59 2026 Pasadena, USA      / Horizons    
*******************************************************************************
Target body name: Uranus (799)                    {source: ura184_merged}
Center body name: Earth (399)                     {source: DE441}
Center-site name: (user defined site below)
*******************************************************************************
Start time      : A.D. 2026-Jan-01 00:00:00.0000 UT      
Stop  time      : A.D. 2026-Dec-31 00:00:00.0000 UT      
Step-size       : 3600 minutes
*******************************************************************************
Target pole/equ : IAU_URANUS                      {East-longitude positive}
Target radii    : 25559.0, 25559.0, 24973.0 km    {Equator_a, b, pole_c}       
Center geodetic : 261.5, 20.0, 2.4                {E-lon(deg),Lat(deg),Alt(km)}
Center cylindric: 261.5, 5998.09165, 2168.51764   {E-lon(deg),Dxy(km),Dz(km)}
Center pole/equ : ITRF93                          {East-longitude positive}
Center radii    : 6378.137, 6378.137, 6356.752 km {Equator_a, b, pole_c}       
Target primary  : Sun
Vis. interferer : MOON (R_eq= 1737.400) km        {source: DE441}
Rel. light bend : Sun                             {source: DE441}
Rel. lght bnd GM: 1.3271E+11 km^3/s^2                                          
Atmos refraction: NO (AIRLESS)
RA format       : HMS
Time format     : CAL 
Calendar mode   : Mixed Julian/Gregorian
EOP file        : eop.260406.p260703                                           
EOP coverage    : DATA-BASED 1962-JAN-20 TO 2026-APR-06. PREDICTS-> 2026-JUL-02
Units conversion: 1 au= 149597870.700 km, c= 299792.458 km/s, 1 day= 86400.0 s 
Table cut-offs 1: Elevation (-90.0deg=NO ),Airmass (>38.000=NO), Daylight (NO )
Table cut-offs 2: Solar elongation (  0.0,180.0=NO ),Local Hour Angle( 0.0=NO )
Table cut-offs 3: RA/DEC angular rate (     0.0=NO )                           
**********************************************************************************************************************************************************************************************************************************************************************************************
 Date__(UT)__HR:MN     R.A._____(ICRF)_____DEC  R.A.__(a-apparent)__DEC  dRA*cosD d(DEC)/dt  Azi____(a-app)___Elev    APmag   S-brt      Illu%  Ang-diam  ObsSub-LON ObsSub-LAT             delta      deldot     S-O-T /r     S-T-O  Sky_motion  Sky_mot_PA  RelVel-ANG  Lun_Sky_Brt  sky_SNR
**********************************************************************************************************************************************************************************************************************************************************************************************
$$SOE
 2026-Jan-01 00:00 *m  03 41 25.54 +19 25 28.6  03 42 56.94 +19 30 34.6  -4.09299  -0.85065   80.832234  39.803159    5.646   8.236   99.97084  3.757945    3.751305  69.516107  18.7552644151488  19.6592815  137.3828 /T    1.9525   0.0696743   258.25928   51.217017         n.a.     n.a.
 2026-Jan-03 12:00 Am  03 41 08.95 +19 24 36.7  03 42 40.33 +19 29 43.4  -3.70326  -0.85577  305.160139 -26.284253    5.649   8.236   99.96794  3.752021  176.501897  69.455689  18.7848739790698  21.2726723  134.7643 /T    2.0479   0.0633476   256.98812   55.932771         n.a.     n.a.
 2026-Jan-06 00:00 *   03 40 53.54 +19 23 48.6  03 42 24.93 +19 28 55.7  -3.59464  -0.73842   81.956379  44.501500    5.652   8.236   99.96505  3.745865  349.253856  69.399492  18.8157461182441  21.5627212  132.1599 /T    2.1385   0.0611617   258.39165   57.171594         n.a.     n.a.
 2026-Jan-08 12:00 Am  03 40 39.14 +19 23 03.7  03 42 10.46 +19 28 11.5  -3.17101  -0.73382  308.390768 -30.103720    5.656   8.236   99.96217  3.739452  162.006032  69.346981  18.8480158993971  23.0454721  129.5501 /T    2.2252   0.0542469   256.97018   61.794730         n.a.     n.a.
 2026-Jan-11 00:00 *   03 40 25.99 +19 22 23.1  03 41 57.29 +19 27 30.9  -3.05817  -0.61635   83.056712  49.196532    5.660   8.235   99.95936  3.732837  334.760160  69.298963  18.8814150270720  23.2971872  126.9545 /T    2.3066   0.0519943   258.60509   63.006212         n.a.     n.a.
 2026-Jan-13 12:00 Am  03 40 13.95 +19 21 45.9  03 41 45.18 +19 26 54.1  -2.60277  -0.60196  311.996529 -33.731960    5.664   8.235   99.95661  3.725994  147.515027  69.254958  18.9160905059924  24.6346828  124.3540 /T    2.3839   0.0445246   256.97781   67.545702         n.a.     n.a.
 2026-Jan-16 00:00 *   03 40 03.21 +19 21 13.2  03 41 34.45 +19 26 21.5  -2.48605  -0.48525   84.143722  53.884907    5.668   8.235   99.95397  3.718984  320.272465  69.215694  18.9517464272968  24.8402223  121.7683 /T    2.4556   0.0422161   258.95547   68.726995         n.a.     n.a.
 2026-Jan-18 12:00 A   03 39 53.65 +19 20 44.2  03 41 24.84 +19 25 53.0  -2.00336  -0.46152  316.027420 -37.133276    5.672   8.235   99.95143  3.711778  133.031196  69.180732  18.9885394352643  26.0170707  119.1787 /T    2.5228   0.0342638   257.02683   73.180424         n.a.     n.a.
 2026-Jan-21 00:00 *m  03 39 45.45 +19 20 19.9  03 41 16.64 +19 25 29.0  -1.88451  -0.34714   85.230605  58.563668    5.676   8.235   99.94904  3.704441  305.793107  69.150710  19.0261488102714  26.1691820  116.6047 /T    2.5843   0.0319369   259.56258   74.321734         n.a.     n.a.
 2026-Jan-23 12:00 A   03 39 38.50 +19 19 59.6  03 41 09.60 +19 25 08.9  -1.37984  -0.31504  320.531853 -40.265884    5.681   8.235   99.94680  3.696943  118.556863  69.125226  19.0647395363949  27.1715855  114.0279 /T    2.6410   0.0235891   257.13902   78.686276         n.a.     n.a.
 2026-Jan-26 00:00 *m  03 39 32.94 +19 19 44.1  03 41 04.02 +19 24 53.3  -1.26206  -0.20419   86.336842  63.230142    5.685   8.235   99.94474  3.689351  291.324394  69.104810  19.1039707679783  27.2667261  111.4676 /T    2.6918   0.0213078   260.80946   79.770484         n.a.     n.a.
 2026-Jan-28 12:00 A   03 39 28.66 +19 19 32.6  03 40 59.68 +19 24 41.9  -0.74249  -0.16486  325.550255 -43.081681    5.690   8.235   99.94285  3.681632  104.094290  69.089087  19.1440204259818  28.0899497  108.9052 /T    2.7378   0.0126761   257.48132   84.038290         n.a.     n.a.
 2026-Jan-31 00:00 *m  03 39 25.78 +19 19 26.1  03 40 56.83 +19 24 35.4  -0.62896  -0.05911   87.493718  67.882100    5.694   8.235   99.94118  3.673857  276.868483  69.078474  19.1845373263980  28.1347862  106.3597 /T    2.7778   0.0105289   264.63078   85.040051         n.a.     n.a.
 2026-Feb-02 12:00 Am  03 39 24.21 +19 19 23.6  03 40 55.20 +19 24 33.0  -0.09936  -0.01300  331.105549 -45.526888    5.699   8.235   99.93970  3.665988   89.645501  69.072645  19.2257174384550  28.7841401  103.8123 /T    2.8128   0.0016701   262.54314   89.227455         n.a.     n.a.
 2026-Feb-05 00:00 *   03 39 24.04 +19 19 26.1  03 40 55.02 +19 24 35.5  0.009879  0.087313   88.761570  72.517616    5.703   8.235   99.93846  3.658094  262.427301  69.071928  19.2672047733049  28.7889315  101.2815 /T    2.8418   0.0014645   6.4552186   89.321214         n.a.     n.a.
 2026-Feb-07 12:00 Am  03 39 25.20 +19 19 32.7  03 40 56.09 +19 24 41.8  0.547380  0.140170  337.189350 -47.544812    5.708   8.235   99.93743  3.650137   75.212391  69.076068  19.3092069784745  29.2648613   98.7486 /T    2.8658   0.0094174   75.636683   85.704593         n.a.     n.a.
 2026-Feb-10 00:00 *   03 39 27.76 +19 19 44.3  03 40 58.65 +19 24 53.2  0.653514  0.234667   90.281940  77.134458    5.713   8.235   99.93664  3.642186  248.002765  69.085311  19.3513562903725  29.2276385   96.2322 /T    2.8839   0.0115728   70.247538   84.708352         n.a.     n.a.
 2026-Feb-12 12:00 Am  03 39 31.66 +19 19 59.9  03 41 02.49 +19 25 08.6  1.195487  0.293904  343.748648 -49.079722    5.717   8.235   99.93609  3.634203   60.796933  69.099465  19.3938636819003  29.5229284   93.7139 /T    2.8968   0.0205181   76.188072   80.746341         n.a.     n.a.
 2026-Feb-15 00:00 *   03 39 36.96 +19 20 20.7  03 41 07.81 +19 25 29.2  1.297636  0.381513   92.498978  81.729185    5.722   8.235   99.93579  3.626259  233.596893  69.118677  19.4363510109915  29.4394754   91.2122 /T    2.9038   0.0225426   73.616334   79.801421         n.a.     n.a.
 2026-Feb-17 12:00 A   03 39 43.59 +19 20 45.4  03 41 14.37 +19 25 53.7  1.839724  0.445935  350.676779 -50.083749    5.727   8.234   99.93572  3.618314   46.401148  69.142812  19.4790309944272  29.5480361   88.7093 /T    2.9057   0.0315500   76.374728   75.887608         n.a.     n.a.
 2026-Feb-20 00:00 *m  03 39 51.60 +19 21 15.1  03 41 22.37 +19 26 23.1  1.936300  0.525843   98.020055  86.288236    5.731   8.234   99.93590  3.610439  219.211688  69.171912  19.5215179083339  29.4150249   86.2234 /T    2.9017   0.0334405   74.806568   74.983022         n.a.     n.a.
 2026-Feb-22 12:00 A   03 40 00.94 +19 21 48.7  03 41 31.62 +19 26 56.1  2.472591  0.594430  357.815782 -50.524697    5.736   8.234   99.93632  3.602594   32.027010  69.205884  19.5640272879714  29.3356602   83.7370 /T    2.8927   0.0423840   76.482175   71.135913         n.a.     n.a.
 2026-Feb-25 00:00 *m  03 40 11.60 +19 22 27.2  03 41 42.31 +19 27 34.1  2.560566  0.665328  238.932908  88.957392    5.741   8.234   99.93697  3.594850  204.849050  69.244658  19.6061742710601  29.1578239   81.2682 /T    2.8780   0.0440932   75.434563   70.282638         n.a.     n.a.
 2026-Feb-27 12:00 A   03 40 23.57 +19 23 09.3  03 41 54.24 +19 28 15.8  3.085865  0.737110    4.974761 -50.391736    5.745   8.234   99.93784  3.587164   17.676287  69.288185  19.6481829239085  28.9005091   78.7991 /T    2.8584   0.0528780   76.565693   66.512410         n.a.     n.a.
 2026-Mar-02 00:00 *m  03 40 36.81 +19 23 56.1  03 42 07.50 +19 29 02.3  3.164540  0.798769  265.552509  84.544459    5.750   8.234   99.93893  3.579604  190.510604  69.336301  19.6896783062871  28.6909966   76.3475 /T    2.8334   0.0543966   75.833745   65.712708         n.a.     n.a.
 2026-Mar-04 12:00 Am  03 40 51.32 +19 24 46.4  03 42 21.93 +19 29 52.0  3.676627  0.873658   11.959634 -49.698304    5.754   8.234   99.94022  3.572127    3.350496  69.389027  19.7308925472273  28.2684579   73.8954 /T    2.8035   0.0629834   76.633011   62.013575         n.a.     n.a.
 2026-Mar-07 00:00 *   03 41 07.04 +19 25 41.2  03 42 37.65 +19 30 46.1  3.748057  0.926202  268.996456  80.039118    5.759   8.234   99.94171  3.564798  176.197809  69.446127  19.7714576425228  28.0331170   71.4600 /T    2.7685   0.0643467   76.119427   61.251187         n.a.     n.a.
 2026-Mar-09 12:00 Nm  03 41 24.00 +19 26 39.3  03 42 54.55 +19 31 43.5  4.245684  1.004228   18.603921 -48.479828    5.763   8.234   99.94339  3.557574  349.051102  69.507699  19.8116033096288  27.4478795   69.0238 /T    2.7288   0.0727139   76.692452   57.607539         n.a.     n.a.
 2026-Mar-12 00:00 *   03 41 42.13 +19 27 41.8  03 43 12.71 +19 32 45.3  4.310515  1.047519  270.821995  75.548094    5.767   8.234   99.94523  3.550520  161.912171  69.573425  19.8509649790212  27.1844455   66.6038 /T    2.6840   0.0739328   76.341045   56.870871         n.a.     n.a.
 2026-Mar-14 12:00 Nm  03 42 01.44 +19 28 47.3  03 43 31.98 +19 33 50.2  4.790873  1.127658   24.789695 -46.787182    5.771   8.234   99.94724  3.543594  334.779623  69.643463  19.8897660666272  26.4365422   64.1828 /T    2.6349   0.0820299   76.755022   53.275691         n.a.     n.a.
 2026-Mar-17 00:00 *   03 42 21.86 +19 29 56.9  03 43 52.43 +19 34 59.2  4.848943  1.161274  272.188625  71.077200    5.775   8.234   99.94938  3.536857  147.655184  69.717414  19.9276472978413  26.1422049   61.7779 /T    2.5809   0.0831010   76.531894   52.557106         n.a.     n.a.
 2026-Mar-19 12:00 N   03 42 43.43 +19 31 09.4  03 44 13.92 +19 36 10.8  5.308413  1.242881   30.453369 -44.679566    5.779   8.233   99.95166  3.530271  320.537525  69.795487  19.9648250013137  25.2336446   59.3722 /T    2.5227   0.0908662   76.822464   49.006984         n.a.     n.a.
 2026-Mar-22 00:00 *m  03 43 06.02 +19 32 25.7  03 44 36.54 +19 37 26.2  5.357745  1.266181  273.366232  66.627916    5.783   8.233   99.95403  3.523895  133.428267  69.877189  20.0009498280619  24.9090581   56.9828 /T    2.4600   0.0917555   76.703404   48.310974         n.a.     n.a.
 2026-Mar-24 12:00 N   03 43 29.71 +19 33 44.6  03 45 00.19 +19 38 44.1  5.791698  1.348118   35.578532 -42.217292    5.787   8.233   99.95651  3.517689  306.326119  69.962767  20.0362343046641  23.8497148   54.5929 /T    2.3933   0.0991088   76.896743   44.814024         n.a.     n.a.
 2026-Mar-27 00:00 *m  03 43 54.33 +19 35 06.9  03 45 24.88 +19 40 05.8  5.830911  1.360901  274.453146  62.200728    5.790   8.233   99.95905  3.511710  119.232571  70.051643  20.0703493948684  23.5061819   52.2195 /T    2.3225   0.0997936   76.862666   44.152423         n.a.     n.a.
 2026-Mar-29 12:00 N   03 44 19.98 +19 36 31.6  03 45 50.49 +19 41 29.6  6.237012  1.443025   40.182675 -39.456610    5.794   8.233   99.96165  3.505918  292.146388  70.144119  20.1035091698118  22.3156330   49.8455 /T    2.2479   0.1066961   76.972986   40.715669         n.a.     n.a.
 2026-Apr-01 00:00 *m  03 44 46.48 +19 37 59.4  03 46 17.01 +19 42 56.5  6.267938  1.445746  275.494510  57.795719    5.797   8.233   99.96428  3.500364  105.068943  70.239559  20.1354067643927  21.9640876   47.4875 /T    2.1696   0.1072086   77.011469   40.086253         n.a.     n.a.
 2026-Apr-03 12:00 Nm  03 45 13.93 +19 39 29.2  03 46 44.42 +19 44 25.2  6.646481  1.528307   44.303842 -36.447721    5.801   8.233   99.96693  3.495010  277.999108  70.338338  20.1662492787617  20.6538059   45.1283 /T    2.0878   0.1136655   77.050377   36.698765         n.a.     n.a.
 2026-Apr-06 00:00 *   03 45 42.16 +19 41 01.8  03 47 12.69 +19 45 56.9  6.671133  1.521729  276.514956  53.413055    5.804   8.233   99.96958  3.489906   90.938154  70.439770  20.1957461948796  20.2948209   42.7842 /T    2.0027   0.1140415   77.150314   36.088518         n.a.     n.a.
 2026-Apr-08 12:00 Cm  03 46 11.28 +19 42 36.3  03 47 41.80 +19 47 30.2  7.021159  1.604191   47.989341 -33.233377    5.807   8.233   99.97222  3.485014  263.885062  70.544282  20.2240909599235  18.8694017   40.4383 /T    1.9142   0.1200348   77.130004   32.739265         n.a.     n.a.
 2026-Apr-11 00:00 *   03 46 41.09 +19 44 13.2  03 48 11.67 +19 49 06.3  7.040248  1.588219  277.530442  49.052946    5.809   8.233   99.97482  3.480382   76.840968  70.651138  20.2510081842865  18.4995689   38.1068 /T    1.8228   0.1202862   77.287374   32.137033         n.a.     n.a.
 2026-Apr-13 12:00 Cm  03 47 11.73 +19 45 51.7  03 48 42.29 +19 50 43.7  7.360076  1.670143   51.288942 -29.849253    5.812   8.232   99.97738  3.475976  249.804971  70.760809  20.2766759492803  16.9634747   35.7730 /T    1.7283   0.1257865   77.214992   28.816851         n.a.     n.a.
 2026-Apr-16 00:00 *   03 47 42.98 +19 47 32.4  03 49 13.57 +19 52 23.5  7.372887  1.644879  278.551884  44.715604    5.814   8.232   99.97985  3.471839   62.778059  70.872498  20.3008369947219  16.5809802   33.4533 /T    1.6311   0.1259024   77.423366   28.217856         n.a.     n.a.
 2026-Apr-18 12:00 C   03 48 14.97 +19 49 14.3  03 49 45.55 +19 54 04.0  7.659461  1.725349   54.250769 -26.324817    5.817   8.232   99.98226  3.467942  235.759426  70.986707  20.3236544312058  14.9418263   31.1311 /T    1.5313   0.1308563   77.305589   24.924601         n.a.     n.a.
 2026-Apr-21 00:00 *m  03 48 47.48 +19 50 58.0  03 50 18.14 +19 55 46.8  7.664284  1.690578  279.587896  40.401275    5.819   8.232   99.98455  3.464321   48.749874  71.102575  20.3448947766556  14.5507456   28.8231 /T    1.4292   0.1308087   77.560959   24.334069         n.a.     n.a.
 2026-Apr-23 12:00 C   03 49 20.65 +19 52 42.7  03 50 51.33 +19 57 30.3  7.914657  1.769194   56.918698 -22.683748    5.821   8.232   99.98674  3.460950  221.748687  71.220629  20.3647136518333  12.8280594   26.5129 /T    1.3247   0.1351664   77.399599   21.079025         n.a.     n.a.
 2026-Apr-26 00:00 *m  03 49 54.24 +19 54 28.8  03 51 24.98 +19 59 15.6  7.911932  1.725456  280.646262  36.110141    5.823   8.232   99.98879  3.457860   34.756469  71.339967  20.3829105874800  12.4420507   24.2166 /T    1.2183   0.1349649   77.697404   20.509331         n.a.     n.a.
 2026-Apr-28 12:00 *   03 50 28.41 +19 56 15.6  03 51 59.14 +20 01 01.0  8.126995  1.802417   59.331901 -18.945172    5.824   8.232   99.99071  3.455025  207.772634  71.461168  20.3996316093893  10.6546260   21.9177 /T    1.1099   0.1387411   77.495258   17.293411         n.a.     n.a.
 2026-May-01 00:00 *   03 51 02.90 +19 58 03.4  03 52 33.68 +20 02 47.8  8.119419  1.751000  281.733731  31.842578    5.826   8.232   99.99246  3.452475   20.797634  71.583313  20.4147025419806  10.2773670   19.6321 /T    1.0001   0.1384347   77.830209   16.738921         n.a.     n.a.
 2026-May-03 12:00 *m  03 51 37.89 +19 59 51.7  03 53 08.69 +20 04 34.7  8.299803  1.826317   61.524411 -15.124641    5.827   8.231   99.99406  3.450185  193.831041  71.707019  20.4282513182360   8.4338873   17.3430 /T    0.8885   0.1416394   77.590208   13.552205         n.a.     n.a.
 2026-May-06 00:00 *   03 52 13.12 +20 01 40.8  03 53 44.00 +20 06 22.8  8.288649  1.767528  282.857367  27.599342    5.828   8.231   99.99548  3.448181    6.873121  71.831349  20.4401259183663   8.0619255   15.0663 /T    0.7757   0.1412502   77.962167   13.002206         n.a.     n.a.
 2026-May-08 12:00 *m  03 52 48.77 +20 03 30.1  03 54 19.70 +20 08 10.9  8.434209  1.840771   63.525309 -11.234561    5.829   8.231   99.99672  3.446443  179.923603  71.956949  20.4504326656684   6.1676249   12.7852 /T    0.6616   0.1438791   77.688222   9.8323592         n.a.     n.a.
 2026-May-11 00:00 *   03 53 24.58 +20 05 19.8  03 54 55.57 +20 09 59.8  8.419478  1.775118  284.024358  23.381425    5.830   8.231   99.99777  3.444992  352.982564  72.082856  20.4590426888048   5.7973376   10.5158 /T    0.5466   0.1434095   78.094424   9.2782224         n.a.     n.a.
 2026-May-13 12:00 *m  03 54 00.72 +20 07 09.5  03 55 31.73 +20 11 48.1  8.528678  1.845712   65.359715  -7.285039    5.831   8.231   99.99862  3.443814  166.049869  72.209730  20.4660413533918   3.8594464    8.2414 /T    0.4306   0.1454352   77.788789   6.1171096         n.a.     n.a.
 2026-May-16 00:00 *m  03 54 36.94 +20 08 59.4  03 56 08.01 +20 13 36.8  8.509239  1.773214  285.242071  19.190080    5.831   8.231   99.99927  3.442925  339.125377  72.336582  20.4713250603079   3.4892479    5.9785 /T    0.3142   0.1448672   78.228768   5.5538447         n.a.     n.a.
 2026-May-18 12:00 *   03 55 13.40 +20 10 48.9  03 56 44.55 +20 15 25.0  8.579537  1.840585   67.049071  -3.284178    5.832   8.231   99.99972  3.442314  152.209075  72.464070  20.4749613417644   1.5208649    3.7108 /T    0.1970   0.1462458   77.891752   2.4004428         n.a.     n.a.
 2026-May-21 00:00 *m  03 55 49.83 +20 12 38.2  03 57 21.09 +20 17 13.5  8.553811  1.761578  286.518896  15.026914    5.832   8.231   99.99996  3.441991  325.300566  72.591180  20.4768810574178   1.1602566    1.4587 /T    0.0800   0.1455553   78.363158   1.8390137         n.a.     n.a.
 2026-May-23 12:00 *   03 56 26.41 +20 14 27.0  03 57 57.67 +20 19 00.8  8.584989  1.825514   68.611656   0.761969    5.832   8.230   99.99999  3.441948  138.399961  72.718581  20.4771415608116  -0.8153133    0.8290 /L    0.0387   0.1462822   77.995417   -1.295704         n.a.     n.a.
 2026-May-26 00:00 *m  03 57 02.87 +20 16 15.2  03 58 34.21 +20 20 48.3  8.555318  1.741389  287.863975  10.893535    5.831   8.230   99.99980  3.442188  311.506657  72.845272  20.4757081586217  -1.1571993    3.0697 /L    0.1553   0.1455124   78.494922   -1.845956         n.a.     n.a.
 2026-May-28 12:00 *   03 57 39.40 +20 18 02.7  03 59 10.79 +20 22 34.3  8.549473  1.802329   70.062864   4.847861    5.831   8.230   99.99941  3.442708  124.620947  72.971943  20.4726196947278  -3.1268663    5.3260 /L    0.2725   0.1456231   78.095685   -4.964574         n.a.     n.a.
 2026-May-31 00:00 *   03 58 15.72 +20 19 49.4  03 59 47.19 +20 24 20.0  8.517532  1.713856  289.287444   6.792883    5.830   8.230   99.99881  3.443507  297.742026  73.097608  20.4678674747799  -3.4524231    7.5734 /L    0.3890   0.1448041   78.623140   -5.509869         n.a.     n.a.
 2026-Jun-02 12:00 *m  03 58 52.02 +20 21 35.2  04 00 23.58 +20 26 04.5  8.475757  1.771360   71.415997   8.969677    5.829   8.230   99.99801  3.444584  110.870349  73.222965  20.4614663970604  -5.4104409    9.8280 /L    0.5053   0.1443146   78.195580   -8.624603         n.a.     n.a.
 2026-Jun-05 00:00 *   03 59 28.03 +20 23 19.8  04 00 59.68 +20 27 48.4  8.442053  1.679174  290.801120   2.728183    5.828   8.230   99.99702  3.445937  284.004906  73.347041  20.4534321028647  -5.7246977   12.0736 /L    0.6205   0.1434572   78.750355   -9.174077         n.a.     n.a.
 2026-Jun-07 12:00 *m  04 00 03.95 +20 25 03.4  04 01 35.68 +20 29 30.8  8.364031  1.732899   72.682068  13.124041    5.827   8.229   99.99582  3.447568   97.146306  73.470522  20.4437560122190  -7.6647235   14.3272 /L    0.7352   0.1423610   78.294800   -12.29612         n.a.     n.a.
 2026-Jun-10 00:00 *   04 00 39.49 +20 26 45.7  04 02 11.28 +20 31 12.1  8.327802  1.637223  292.418193  -1.296418    5.826   8.229   99.99445  3.449471  270.293305  73.592444  20.4324791965296  -7.9713183   16.5725 /L    0.8484   0.1414535   78.877653   -12.85792         n.a.     n.a.
 2026-Jun-12 12:00 *m  04 01 14.86 +20 28 26.6  04 02 46.72 +20 32 51.7  8.212372  1.686617   73.870660  17.308247    5.825   8.229   99.99289  3.451652   83.446647  73.713476  20.4195711764220  -9.8845938   18.8266 /L    0.9608   0.1397296   78.394248   -15.99716         n.a.     n.a.
 2026-Jun-15 00:00 *m  04 01 49.76 +20 30 06.0  04 03 21.73 +20 34 30.2  8.171556  1.587811  294.153884  -5.275796    5.823   8.229   99.99117  3.454099  256.604837  73.832656  20.4051023572614 -10.1813464   21.0728 /L    1.0713   0.1387398   79.003910   -16.57363         n.a.     n.a.
 2026-Jun-17 12:00 *   04 02 24.38 +20 31 43.8  04 03 56.47 +20 36 06.9  8.017217  1.632159   74.989567  21.520366    5.821   8.229   99.98929  3.456822   69.768713  73.950621  20.3890282300356 -12.0490796   23.3279 /L    1.1807   0.1363612   78.492878   -19.72851         n.a.     n.a.
 2026-Jun-20 00:00 *m  04 02 58.46 +20 33 19.7  04 04 30.62 +20 37 42.2  7.971948  1.531108  296.026053  -9.203704    5.819   8.229   99.98727  3.459804  242.936533  74.066440  20.3714558136412 -12.3239214   25.5751 /L    1.2878   0.1352942   79.128049   -20.30453         n.a.     n.a.
 2026-Jun-22 12:00 *   04 03 32.16 +20 34 54.0  04 05 04.41 +20 39 15.3  7.781193  1.570962   76.045461  25.758980    5.817   8.229   99.98511  3.463056   56.109294  74.180742  20.3523281434852 -14.1263162   27.8314 /L    1.3935   0.1323032   78.585864   -23.46528         n.a.     n.a.
 2026-Jun-25 00:00 *m  04 04 05.24 +20 36 26.2  04 05 37.55 +20 40 46.7  7.733648  1.468936  298.054952 -13.072427    5.815   8.228   99.98283  3.466556  229.285074  74.292645  20.3317805345927 -14.3769296   30.0802 /L    1.4965   0.1311986   79.245304   -24.03494         n.a.     n.a.
 2026-Jun-27 12:00 *   04 04 37.86 +20 37 56.7  04 06 10.29 +20 42 15.9  7.508950  1.504005   77.043627  30.022838    5.812   8.228   99.98044  3.470319   42.465019  74.402766  20.3097339760129 -16.1074832   32.3387 /L    1.5979   0.1276349   78.673814   -27.20914         n.a.     n.a.
 2026-Jun-30 00:00 *   04 05 09.78 +20 39 24.8  04 06 42.30 +20 43 43.3  7.460105  1.401614  300.264342 -16.872090    5.810   8.228   99.97797  3.474319  215.647032  74.510269  20.2863458047862 -16.3393306   34.5906 /L    1.6962   0.1265105   79.359243   -27.77895         n.a.     n.a.
 2026-Jul-02 12:00 *m  04 05 41.17 +20 40 51.0  04 07 13.82 +20 45 08.6  7.202486  1.431690   77.987757  34.311007    5.807   8.228   99.97541  3.478577   28.832393  74.615742  20.2615147580109 -17.9932568   36.8531 /L    1.7926   0.1223900   78.757453   -30.97818         n.a.     n.a.
 2026-Jul-05 00:00 *   04 06 11.79 +20 42 14.7  04 07 44.50 +20 46 31.7  7.151837  1.329263  302.681548 -20.590548    5.804   8.228   99.97280  3.483063  202.018816  74.718389  20.2354201339090 -18.2109969   39.1100 /L    1.8857   0.1212387   79.470975   -31.55682         n.a.     n.a.
 2026-Jul-07 12:00 *m  04 06 41.81 +20 43 36.4  04 08 14.61 +20 47 52.4  6.861429  1.353782   78.880454  38.622719    5.801   8.228   99.97013  3.487800   15.207687  74.818758  20.2079399610190 -19.7824000   41.3784 /L    1.9766   0.1165618   78.838717   -34.79388         n.a.     n.a.
 2026-Jul-10 00:00 *   04 07 10.97 +20 44 55.3  04 08 43.85 +20 49 10.6  6.807339  1.251820  305.337739 -24.212946    5.798   8.227   99.96744  3.492754  188.396534  74.916092  20.1792767323939 -19.9874034   43.6422 /L    2.0638   0.1153580   79.580134   -35.38965         n.a.     n.a.
 2026-Jul-12 12:00 *m  04 07 39.45 +20 46 12.2  04 09 12.47 +20 50 26.5  6.483119  1.270053   79.722615  42.957437    5.794   8.227   99.96472  3.497951    1.586806  75.010880  20.1492932890799 -21.4644723   45.9182 /L    2.1485   0.1101058   78.916037   -38.67573         n.a.     n.a.
 2026-Jul-15 00:00 *m  04 08 07.00 +20 47 26.1  04 09 40.11 +20 51 39.9  6.423886  1.168815  308.268703 -27.720903    5.791   8.227   99.96203  3.503354  174.775825  75.102410  20.1182206583300 -21.6489974   48.1898 /L    2.2293   0.1088225   79.687940   -39.28718         n.a.     n.a.
 2026-Jul-17 12:00 *   04 08 33.76 +20 48 37.7  04 10 07.01 +20 52 50.9  6.067276  1.180821   80.512781  47.314992    5.787   8.227   99.95934  3.508989  347.965117  75.191126  20.0859146575422 -23.0112302   50.4737 /L    2.3072   0.1030186   78.986696   -42.61568         n.a.     n.a.
 2026-Jul-20 00:00 *m  04 08 59.54 +20 49 46.2  04 10 32.83 +20 53 58.8  6.004346  1.081743  311.514284 -31.092099    5.784   8.227   99.95671  3.514812  161.151892  75.276386  20.0526356705235 -23.1650772   52.7532 /L    2.3809   0.1016835   79.787144   -43.22606         n.a.     n.a.
 2026-Jul-22 12:00 *   04 09 24.45 +20 50 52.4  04 10 57.86 +20 55 04.1  5.619311  1.087682   81.246947  51.695154    5.780   8.227   99.95413  3.520854  334.337786  75.358604  20.0182264912762 -24.4015257   55.0451 /L    2.4514   0.0953935   79.045211   -46.59196         n.a.     n.a.
 2026-Jul-25 00:00 *m  04 09 48.32 +20 51 55.3  04 11 21.80 +20 56 06.6  5.554593  0.991384  315.117574 -34.299009    5.776   8.227   99.95163  3.527067  147.519936  75.437216  19.9829644863955 -24.5284472   57.3331 /L    2.5175   0.0940395   79.880400   -47.19921         n.a.     n.a.
 2026-Jul-27 12:00 C   04 10 11.25 +20 52 55.9  04 11 44.88 +20 57 06.4  5.143831  0.991152   81.915771  56.097607    5.772   8.226   99.94921  3.533484  320.700075  75.512593  19.9466746560891 -25.6368372   59.6341 /L    2.5801   0.0873075   79.093491   -50.61099         n.a.     n.a.
 2026-Jul-30 00:00 *   04 10 33.09 +20 53 53.0  04 12 06.79 +20 58 03.3  5.077282  0.898032  319.123337 -37.308170    5.768   8.226   99.94690  3.540055  133.875269  75.584238  19.9096493510158 -25.7418149   61.9320 /L    2.6381   0.0859348   79.969688   -51.22196         n.a.     n.a.
 2026-Aug-01 12:00 Cm  04 10 53.93 +20 54 47.7  04 12 27.75 +20 58 57.5  4.642379  0.891104   82.501988  60.522034    5.763   8.226   99.94471  3.546816  307.047308  75.652466  19.8716977653391 -26.7195149   64.2437 /L    2.6924   0.0787855   79.134240   -54.69181         n.a.     n.a.
 2026-Aug-04 00:00 *   04 11 13.62 +20 55 38.9  04 12 47.49 +20 59 48.3  4.573057  0.801623  323.573947 -40.079974    5.759   8.226   99.94267  3.553713  120.213206  75.716843  19.8331264091429 -26.8058912   66.5533 /L    2.7419   0.0773797   80.057487   -55.31558         n.a.     n.a.
 2026-Aug-06 12:00 Cm  04 11 32.25 +20 56 27.5  04 13 06.25 +21 00 36.3  4.114318  0.787543   82.973686  64.967947    5.755   8.226   99.94076  3.560786  293.374775  75.777615  19.7937330352165 -27.6469629   68.8775 /L    2.7874   0.0698169   79.163795   -58.85961         n.a.     n.a.
 2026-Aug-09 00:00 *   04 11 49.68 +20 57 12.5  04 13 23.75 +21 01 20.9  4.040104  0.701701  328.503774 -42.568240    5.750   8.226   99.93903  3.567977  106.528961  75.834406  19.7538412194567 -27.7113009   71.2003 /L    2.8279   0.0683431   80.146938   -59.50681         n.a.     n.a.
 2026-Aug-11 12:00 Cm  04 12 05.98 +20 57 54.8  04 13 40.21 +21 02 03.0  3.558711  0.680060   83.267030  69.434692    5.746   8.226   99.93747  3.575324  279.677568  75.887395  19.7132450650650 -28.4019528   73.5383 /L    2.8642   0.0603851   79.181371   -63.13227         n.a.     n.a.
 2026-Aug-14 00:00 *m  04 12 21.03 +20 58 33.4  04 13 55.31 +21 02 41.5  3.479555  0.598874  333.930769 -44.720960    5.741   8.226   99.93612  3.582768   92.817553  75.936281  19.6722896335681 -28.4324074   75.8750 /L    2.8952   0.0588453   80.234366   -63.79594         n.a.     n.a.
 2026-Aug-16 12:00 C   04 12 34.88 +20 59 09.3  04 14 09.28 +21 03 17.0  2.979650  0.570171   83.243644  73.920987    5.736   8.225   99.93495  3.590346  265.950753  75.981190  19.6307688850550 -28.9575035   78.2266 /L    2.9219   0.0505619   79.167111   -67.49436         n.a.     n.a.
 2026-Aug-19 00:00 *m  04 12 47.45 +20 59 41.3  04 14 21.89 +21 03 48.8  2.898191  0.494376  339.844796 -46.482651    5.732   8.225   99.93401  3.597994   79.074212  76.021921  19.5890405341559 -28.9509540   80.5770 /L    2.9431   0.0490009   80.319617   -68.16032         n.a.     n.a.
 2026-Aug-21 12:00 C   04 12 58.78 +21 00 10.7  04 14 33.36 +21 04 17.8  2.384834  0.458835   82.543545  78.423110    5.727   8.225   99.93328  3.605753  252.189822  76.058554  19.5468893410238 -29.3096750   82.9423 /L    2.9597   0.0404762   79.109539   -71.92861         n.a.     n.a.
 2026-Aug-24 00:00 *m  04 13 08.81 +21 00 36.1  04 14 43.45 +21 04 43.3  2.302137  0.388900  346.196783 -47.797617    5.722   8.225   99.93278  3.613556   65.294741  76.090973  19.5046772570460 -29.2715908   85.3065 /L    2.9709   0.0389126   80.411556   -72.59783         n.a.     n.a.
 2026-Aug-26 12:00 C   04 13 17.56 +21 00 58.8  04 14 52.34 +21 05 06.0  1.778505  0.346186   79.876704  82.928247    5.717   8.225   99.93250  3.621447  238.390860  76.119197  19.4621806011110 -29.4657942   87.6861 /L    2.9773   0.0301981   78.985116   -76.44456         n.a.     n.a.
 2026-Aug-29 00:00 *   04 13 24.99 +21 01 17.6  04 14 59.80 +21 05 24.8  1.694621  0.282371  352.891455 -48.616258    5.713   8.225   99.93247  3.629357   51.475460  76.143192  19.4197638614411 -29.4007457   90.0653 /L    2.9782   0.0286331   80.539850   -77.12268         n.a.     n.a.
 2026-Aug-31 12:00 Cm  04 13 31.12 +21 01 33.6  04 15 06.04 +21 05 40.7  1.162913  0.232442   65.276001  87.337245    5.708   8.225   99.93266  3.637329  224.550416  76.162906  19.3771980631781 -29.4312388   92.4605 /L    2.9743   0.0197653   78.696731   -81.06051         n.a.     n.a.
 2026-Sep-03 00:00 *   04 13 35.91 +21 01 45.6  04 15 10.87 +21 05 52.7  1.076125  0.174748  359.789388 -48.901777    5.703   8.225   99.93310  3.645296   37.613120  76.178375  19.3348506618904 -29.3396296   94.8561 /L    2.9647   0.0181704   80.776475   -81.76401         n.a.     n.a.
 2026-Sep-05 12:00 Cm  04 13 39.37 +21 01 54.9  04 15 14.48 +21 06 02.0  0.538073  0.117103  297.460722  87.580873    5.698   8.225   99.93377  3.653299  210.665367  76.189468  19.2924941636878 -29.2013680   97.2683 /L    2.9503   0.0091778   77.721916   -85.80801         n.a.     n.a.
 2026-Sep-08 00:00 *   04 13 41.49 +21 02 00.1  04 15 16.65 +21 06 07.5  0.447708  0.065919    6.721744 -48.635548    5.693   8.225   99.93467  3.661268   23.704702  76.196300  19.2505031929262 -29.0746011   99.6813 /L    2.9301   0.0075423   81.624147   -86.54558         n.a.     n.a.
 2026-Sep-10 12:00 Cm  04 13 42.24 +21 02 02.5  04 15 17.52 +21 06 10.2  -0.09283  0.001259  280.525530  83.154214    5.689   8.225   99.93581  3.669243  196.732872  76.198677  19.2086594351259 -28.7559079  102.1111 /L    2.9049   0.0015473   270.77696   -89.28419         n.a.     n.a.
 2026-Sep-13 00:00 *m  04 13 41.65 +21 02 00.8  04 15 16.96 +21 06 08.7  -0.18459  -0.04273   13.514513 -47.820659    5.684   8.225   99.93717  3.677153    9.747643  76.196809  19.1673426039302 -28.5851400  104.5414 /L    2.8741   0.0031579   256.96543   -88.53377         n.a.     n.a.
 2026-Sep-15 12:00 C   04 13 39.70 +21 01 56.4  04 15 15.11 +21 06 04.5  -0.72094  -0.11370  277.646578  78.568725    5.679   8.225   99.93874  3.685036  182.750754  76.190463  19.1263384051513 -28.0842800  106.9881 /L    2.8383   0.0121642   261.03762   -84.28159         n.a.     n.a.
 2026-Sep-18 00:00 *m  04 13 36.43 +21 01 48.0  04 15 11.89 +21 05 56.3  -0.81125  -0.14987   20.014236 -46.480685    5.674   8.225   99.94052  3.692821  355.740249  76.179948  19.0860194775823 -27.8732741  109.4348 /L    2.7968   0.0137496   259.53307   -83.50733         n.a.     n.a.
 2026-Sep-20 12:00 N   04 13 31.81 +21 01 36.9  04 15 07.39 +21 05 45.6  -1.33838  -0.22695  276.906672  73.944241    5.670   8.225   99.94250  3.700547  168.717819  76.164981  19.0461709987945 -27.1982708  111.8978 /L    2.7504   0.0226247   260.37588   -79.15846         n.a.     n.a.
 2026-Sep-23 00:00 *m  04 13 25.91 +21 01 21.9  04 15 01.52 +21 05 31.0  -1.42614  -0.25530   26.107206 -44.655097    5.665   8.225   99.94465  3.708143  341.681758  76.145959  19.0071541004469 -26.9535279  114.3607 /L    2.6986   0.0241469   259.85093   -78.36926         n.a.     n.a.
 2026-Sep-25 12:00 N   04 13 18.67 +21 01 04.2  04 14 54.38 +21 05 13.9  -1.94008  -0.33808  276.890297  69.295839    5.661   8.225   99.94697  3.715649  154.633690  76.122542  18.9687560813062 -26.1126547  116.8400 /L    2.6418   0.0328219   260.11479   -73.92301         n.a.     n.a.
 2026-Sep-28 00:00 *   04 13 10.21 +21 00 42.6  04 14 45.92 +21 04 52.6  -2.02581  -0.35846   31.726551 -42.393459    5.657   8.225   99.94943  3.722996  327.572153  76.095199  18.9313255573379 -25.8384176  119.3194 /L    2.5798   0.0342880   259.96549   -73.10810         n.a.     n.a.
 2026-Sep-30 12:00 Nm  04 13 00.43 +21 00 18.5  04 14 36.25 +21 04 28.9  -2.52411  -0.44709  277.212611  64.628902    5.652   8.225   99.95204  3.730221  140.498631  76.063526  18.8946560897129 -24.8375762  121.8157 /L    2.5130   0.0427233   259.95547   -68.55228         n.a.     n.a.
 2026-Oct-03 00:00 *   04 12 49.47 +20 59 50.5  04 14 25.34 +21 04 01.4  -2.60874  -0.45976   36.847956 -39.748805    5.648   8.224   99.95475  3.737257  313.411887  76.028063  18.8590861045016 -24.5312630  124.3125 /L    2.4411   0.0441490   260.00501   -67.69355         n.a.     n.a.
 2026-Oct-05 12:00 Nm  04 12 37.23 +20 59 20.0  04 14 13.21 +21 03 31.7  -3.08807  -0.55335  277.728620  59.946655    5.644   8.224   99.95756  3.744138  126.313271  75.988347  18.8244247623630 -23.3674364  126.8264 /L    2.3645   0.0522876   259.84093   -63.01716         n.a.     n.a.
 2026-Oct-08 00:00 *   04 12 23.87 +20 58 45.9  04 13 59.86 +21 02 58.2  -3.17024  -0.55782   41.479603 -36.772829    5.640   8.224   99.96043  3.750797  299.201808  75.945000  18.7910033862239 -23.0195893  129.3408 /L    2.2832   0.0536490   260.02057   -62.10520         n.a.     n.a.
 2026-Oct-10 12:00 N   04 12 09.27 +20 58 09.3  04 13 45.34 +21 02 22.3  -3.62415  -0.65526  278.372365  55.251752    5.636   8.224   99.96337  3.757267  112.078750  75.897529  18.7586466877832 -21.6929003  131.8719 /L    2.1972   0.0613819   259.75139   -57.31639         n.a.     n.a.
 2026-Oct-13 00:00 *m  04 11 53.63 +20 57 29.2  04 13 29.71 +21 01 42.7  -3.70005  -0.65085   45.650647 -33.513463    5.633   8.224   99.96633  3.763482  284.943439  75.846654  18.7276688640787 -21.3040372  134.4026 /L    2.1068   0.0626144   260.02357   -56.36374         n.a.     n.a.
 2026-Oct-15 12:00 N   04 11 36.84 +20 56 46.9  04 13 13.00 +21 01 01.1  -4.12232  -0.75109  279.111180  50.547129    5.629   8.225   99.96930  3.769473   97.797034  75.791857  18.6979030825927 -19.8273119  136.9494 /L    2.0121   0.0698364   259.67392   -51.47885         n.a.     n.a.
 2026-Oct-18 00:00 *m  04 11 19.09 +20 56 01.3  04 12 55.29 +21 00 16.2  -4.18976  -0.73791   49.400958 -30.013028    5.626   8.225   99.97225  3.775180  270.639150  75.733940  18.6696378429117 -19.4063538  139.4949 /L    1.9134   0.0709040   260.01134   -50.49479         n.a.     n.a.
 2026-Oct-20 12:00 N   04 11 00.27 +20 55 13.5  04 12 36.55 +20 59 29.5  -4.57577  -0.84024  279.928491  45.835950    5.623   8.225   99.97516  3.780632   83.470815  75.672353  18.6427141176929 -17.7966583  142.0559 /L    1.8106   0.0775380   259.59477   -45.52770         n.a.     n.a.
 2026-Oct-23 00:00 *m  04 10 40.61 +20 54 22.8  04 12 16.89 +20 58 39.5  -4.63429  -0.81814   52.774749 -26.308253    5.620   8.225   99.97800  3.785774  256.291905  75.607966  18.6173935190383 -17.3513857  144.6150 /L    1.7043   0.0784325   259.98817   -44.51228         n.a.     n.a.
 2026-Oct-25 12:00 Nm  04 10 19.97 +20 53 30.1  04 11 56.30 +20 57 47.7  -4.98148  -0.92197  280.815785  41.121658    5.617   8.225   99.98076  3.790633   69.103267  75.540186  18.5935279976301 -15.6244768  147.1895 /L    1.5943   0.0844346   259.51432   -39.46858         n.a.     n.a.
 2026-Oct-28 00:00 *   04 09 58.60 +20 52 34.7  04 11 34.94 +20 56 52.8  -5.03186  -0.89162   55.816053 -22.430587    5.614   8.225   99.98341  3.795160  241.904979  75.469938  18.5713519423025 -15.1599098  149.7618 /L    1.4811   0.0851708   259.95184   -38.41360         n.a.     n.a.
 2026-Oct-30 12:00 Nm  04 09 36.35 +20 51 37.5  04 11 12.77 +20 55 56.7  -5.33848  -0.99613  281.769916  36.408050    5.612   8.225   99.98593  3.799378   54.697687  75.396589  18.5507343151358 -13.3256021  152.3497 /L    1.3647   0.0905104   259.43050   -33.29115         n.a.     n.a.
 2026-Nov-02 00:00 *   04 09 13.47 +20 50 37.9  04 10 49.92 +20 54 57.9  -5.38105  -0.95749   58.565910 -18.406388    5.610   8.225   99.98828  3.803241  227.481669  75.321110  18.5318890170503 -12.8359341  154.9353 /L    1.2455   0.0910930   259.91053   -32.17499         n.a.     n.a.
 2026-Nov-04 12:00 Nm  04 08 49.82 +20 49 36.6  04 10 26.31 +20 53 57.8  -5.64311  -1.06134  282.791241  31.699117    5.608   8.225   99.99048  3.806770   40.257388  75.242853  18.5147086605880 -10.8979234  157.5363 /L    1.1234   0.0957008   259.34842   -26.97207         n.a.     n.a.
 2026-Nov-07 00:00 *   04 08 25.68 +20 48 33.4  04 10 02.16 +20 52 55.2  -5.67449  -1.01394   61.061717 -14.258054    5.606   8.225   99.99248  3.809924  213.025371  75.162858  18.4993818879384 -10.3812182  160.1344 /L    0.9992   0.0960727   259.86906   -25.79498         n.a.     n.a.
 2026-Nov-09 12:00 N   04 08 00.88 +20 47 28.7  04 09 37.40 +20 51 51.6  -5.88660  -1.11547  283.882246  26.999444    5.604   8.225   99.99428  3.812720   25.785951  75.080481  18.4858174037152  -8.3551409  162.7469 /L    0.8725   0.0998559   259.27008   -20.53321         n.a.     n.a.
 2026-Nov-12 00:00 *m  04 07 35.73 +20 46 22.5  04 09 12.26 +20 50 46.0  -5.90427  -1.05943   63.336243 -10.004719    5.603   8.225   99.99584  3.815124  198.539875  74.996818  18.4741687333439  -7.8207425  165.3552 /L    0.7442   0.0999761   259.82743   -19.31022         n.a.     n.a.
 2026-Nov-14 12:00 N   04 07 10.07 +20 45 15.1  04 08 46.65 +20 49 39.9  -6.06289  -1.15782  285.047871  22.314330    5.602   8.225   99.99718  3.817152   11.287310  74.911222  18.4643561185108  -5.7304011  167.9770 /L    0.6141   0.1028742   259.18850   -14.01849         n.a.     n.a.
 2026-Nov-17 00:00 *m  04 06 44.21 +20 44 06.6  04 08 20.79 +20 48 32.2  -6.06616  -1.09326   65.417954  -5.662679    5.601   8.225   99.99827  3.818777  184.029209  74.824829  18.4564951032573  -5.1898861  170.5932 /L    0.4829   0.1027315   259.78365   -12.76435         n.a.     n.a.
 2026-Nov-19 12:00 N   04 06 17.97 +20 42 57.3  04 07 54.57 +20 47 24.2  -6.17034  -1.18751  286.294669  17.649576    5.600   8.225   99.99910  3.820014  356.765550  74.736975  18.4505197475050  -3.0578678  173.2218 /L    0.3504   0.1047262   259.10639   -7.464388         n.a.     n.a.
 2026-Nov-22 00:00 *m  04 05 51.69 +20 41 47.2  04 07 28.27 +20 46 14.7  -6.16031  -1.11536   67.331712  -1.246083    5.600   8.225   99.99966  3.820845  169.497431  74.648812  18.4465085346575  -2.5203621  175.8434 /L    0.2175   0.1043411   259.73744   -6.188343         n.a.     n.a.
 2026-Nov-24 12:00 Nm  04 05 25.17 +20 40 36.7  04 07 01.77 +20 45 05.3  -6.21050  -1.20487  287.630876  13.011607    5.599   8.225   99.99995  3.821279  342.224622  74.559664  18.4444115600795  -0.3667126  178.4736 /L    0.0840   0.1054382   259.02073   -0.899494         n.a.     n.a.
 2026-Nov-27 00:00 *   04 04 58.75 +20 39 25.8  04 06 35.38 +20 43 55.2  -6.18921  -1.12575   69.098796   3.232898    5.599   8.225   99.99998  3.821308  154.948349  74.470680  18.4442745388378   0.1655810  178.8813 /T    0.0504   0.1048460   259.69124   0.4000982         n.a.     n.a.
 2026-Nov-29 12:00 Am  04 04 32.23 +20 38 14.8  04 06 08.88 +20 42 45.5  -6.18629  -1.20961  289.066989   8.407500    5.599   8.225   99.99973  3.820935  327.668167  74.381173  18.4460727023611   2.3318847  176.2486 /T    0.1839   0.1050573   258.93654   5.6791851        1.561    5.270
 2026-Dec-02 00:00 *   04 04 05.95 +20 37 03.9  04 05 42.59 +20 41 35.4  -6.15286  -1.12367   70.737518   7.763865    5.600   8.225   99.99921  3.820158  140.385440  74.292303  18.4498246477290   2.8642717  173.6171 /T    0.3168   0.1042437   259.65039   7.0180095         n.a.     n.a.
 2026-Dec-04 12:00 Am  04 03 39.71 +20 35 53.2  04 05 16.33 +20 40 25.8  -6.09431  -1.20025  290.615251   3.845012    5.600   8.225   99.99842  3.818978  313.099595  74.203408  18.4555279187524   5.0302379  170.9736 /T    0.4496   0.1035230   258.85842   12.282195        0.318   25.831
 2026-Dec-07 00:00 *   04 03 13.85 +20 34 43.1  04 04 50.47 +20 39 16.3  -6.04669  -1.10759   72.263740  12.337427    5.601   8.225   99.99738  3.817398  125.812162  74.115661  18.4631642649692   5.5558851  168.3380 /T    0.5810   0.1024548   259.62006   13.651584         n.a.     n.a.
 2026-Dec-09 12:00 A   04 02 48.19 +20 33 33.6  04 04 24.81 +20 38 07.9  -5.93148  -1.17631  292.290384  -0.666784    5.602   8.225   99.99608  3.815418  298.522421  74.028420  18.4727449179861   7.6967955  165.6921 /T    0.7116   0.1007833   258.78289   18.876282         n.a.     n.a.
 2026-Dec-12 00:00 *m  04 02 23.07 +20 32 25.2  04 03 59.70 +20 37 00.2  -5.86934  -1.07761   73.690676  16.945278    5.604   8.225   99.99455  3.813051  111.232047  73.942850  18.4842105810292   8.2029425  163.0557 /T    0.8401   0.0994574   259.59640   20.255891         n.a.     n.a.
 2026-Dec-14 12:00 A   04 01 58.30 +20 31 17.8  04 03 34.90 +20 35 53.9  -5.69904  -1.13768  294.109849  -5.117598    5.605   8.225   99.99280  3.810294  283.940177  73.858320  18.4975860171858  10.2939389  160.4103 /T    0.9673   0.0968580   258.71062   25.418036         n.a.     n.a.
 2026-Dec-17 00:00 *m  04 01 34.20 +20 30 11.9  04 03 10.79 +20 34 48.7  -5.62436  -1.03408   75.029825  21.579985    5.607   8.225   99.99083  3.807168   96.648587  73.775958  18.5127734361404  10.7704309  157.7758 /T    1.0918   0.0953105   259.58215   26.788458         n.a.     n.a.
 2026-Dec-19 12:00 A   04 01 10.59 +20 29 07.3  04 02 47.13 +20 33 45.1  -5.40226  -1.08546  296.093898  -9.495813    5.609   8.224   99.98867  3.803667  269.356248  73.695141  18.5298128059358  12.7899725  155.1332 /T    1.2144   0.0918371   258.63899   31.868445         n.a.     n.a.
 2026-Dec-22 00:00 *m  04 00 47.78 +20 28 04.8  04 02 24.33 +20 32 43.0  -5.31779  -0.97810   76.291097  26.234871    5.611   8.224   99.98635  3.799821   82.065020  73.616944  18.5485712318379  13.2305372  152.5025 /T    1.3338   0.0901165   259.57804   33.213470         n.a.     n.a.
 2026-Dec-24 12:00 Am  04 00 25.59 +20 27 03.9  04 02 02.13 +20 31 43.1  -5.04872  -1.02069  298.266462 -13.788024    5.614   8.224   99.98386  3.795618  254.773712  73.540749  18.5691085913518  15.1648468  149.8644 /T    1.4508   0.0858477   258.57067   38.199328         n.a.     n.a.
 2026-Dec-27 00:00 *   04 00 04.31 +20 26 05.3  04 01 40.86 +20 30 45.3  -4.95696  -0.91065   77.482625  30.904191    5.616   8.224   99.98125  3.791095   67.484237  73.467571  18.5912659069914  15.5739383  147.2384 /T    1.5642   0.0839987   259.59019   39.520642         n.a.     n.a.
 2026-Dec-29 12:00 Am  03 59 43.76 +20 25 08.8  04 01 20.26 +20 29 49.7  -4.64311  -0.94370  300.655533 -17.978872    5.619   8.224   99.97852  3.786235  240.195282  73.396819  18.6151289476055  17.4179458  144.6050 /T    1.6748   0.0789673   258.51123   44.426034         n.a.     n.a.
$$EOE
**********************************************************************************************************************************************************************************************************************************************************************************************
Column meaning:
 
TIME

  Times PRIOR to 1962 are UT1, a mean-solar time closely related to the
prior but now-deprecated GMT. Times AFTER 1962 are in UTC, the current
civil or "wall-clock" time-scale. UTC is kept within 0.9 seconds of UT1
using integer leap-seconds for 1972 and later years.

  Conversion from the internal Barycentric Dynamical Time (TDB) of solar
system dynamics to the non-uniform civil UT time-scale requested for output
has not been determined for UTC times after the next July or January 1st.
Therefore, the last known leap-second is used as a constant over future
intervals.

  Time tags refer to the UT time-scale conversion from TDB on Earth
regardless of observer location within the solar system, although clock
rates may differ due to the local gravity field and no analog to "UT"
may be defined for that location.

  Any 'b' symbol in the 1st-column denotes a B.C. date. First-column blank
(" ") denotes an A.D. date.
 
CALENDAR SYSTEM

  Mixed calendar mode was active such that calendar dates after AD 1582-Oct-15
(if any) are in the modern Gregorian system. Dates prior to 1582-Oct-5 (if any)
are in the Julian calendar system, which is automatically extended for dates
prior to its adoption on 45-Jan-1 BC.  The Julian calendar is useful for
matching historical dates. The Gregorian calendar more accurately corresponds
to the Earth's orbital motion and seasons. A "Gregorian-only" calendar mode is
available if such physical events are the primary interest.

  NOTE: "n.a." in output means quantity "not available" at the print-time.
 
SOLAR PRESENCE (OBSERVING SITE)
  Time tag is followed by a blank, then a solar-presence symbol:

       '*'  Daylight (refracted solar upper-limb on or above apparent horizon)
       'C'  Civil twilight/dawn
       'N'  Nautical twilight/dawn
       'A'  Astronomical twilight/dawn
       ' '  Night OR geocentric ephemeris

LUNAR PRESENCE (OBSERVING SITE)
  The solar-presence symbol is immediately followed by a lunar-presence symbol:

       'm'  Refracted upper-limb of Moon on or above apparent horizon
       ' '  Refracted upper-limb of Moon below apparent horizon OR geocentric
            ephemeris
 
 'R.A._____(ICRF)_____DEC' =
  Astrometric right ascension and declination of the target center with
respect to the observing site (coordinate origin) in the reference frame of
the planetary ephemeris (ICRF). Compensated for down-leg light-time delay
aberration.

  Units: RA  in hours-minutes-seconds of time,    HH MM SS.ff{ffff}
         DEC in degrees-minutes-seconds of arc,  sDD MN SC.f{ffff}
 
 'R.A.__(a-apparent)__DEC' =
  Airless apparent right ascension and declination of the target center
with respect to an instantaneous reference frame defined by the Earth equator
of-date (z-axis) and meridian containing the Earth equinox of-date (x-axis,
EOP-corrected IAU76/80). Compensated for down-leg light-time delay,
gravitational deflection of light, stellar aberration, precession & nutation.
Note: equinox (RA origin) is offset -53 mas from the of-date frame defined
by the IAU06/00a P & N system.

  Units: RA  in hours-minutes-seconds of time,   HH MM SS.ff{ffff}
         DEC in degrees-minutes-seconds of arc, sDD MN SC.f{ffff}
 
 'dRA*cosD d(DEC)/dt' =
  The angular rate of change in apparent RA and DEC of the target. This is
with respect to the non-inertial IAU76/80 Earth true equator and equinox
of-date reference frame.  d(RA)/dt is multiplied by the cosine of declination
to provide a linear rate in the plane-of-sky. Units: ARCSECONDS PER HOUR
 
 'Azi____(a-app)___Elev' =
  Airless apparent azimuth and elevation of target center. Compensated
for light-time, the gravitational deflection of light, stellar aberration,
precession and nutation. Azimuth is measured clockwise from north:

  North(0) -> East(90) -> South(180) -> West(270) -> North (360)

Elevation angle is with respect to a plane perpendicular to the reference
surface local zenith direction. TOPOCENTRIC ONLY.  Units: DEGREES
 
 'APmag   S-brt' =
  The targets' approximate apparent visual magnitude and surface brightness.
For planets and natural satellites, output is restricted to solar phase angles
covered by observational data. Outside the observed phase angle range, "n.a."
may be output to avoid extrapolation beyond the limit of model validity.

   For Earth-based observers, the estimated dimming due to atmospheric
absorption (extinction) is available as a separate, requestable quantity.

   Surface brightness is the average airless visual magnitude of a
square-arcsecond of the illuminated portion of the apparent disk. It is
computed only if the target radius is known.

   Units: MAGNITUDES & MAGNITUDES PER SQUARE ARCSECOND
 
 'Illu%' =
   Fraction of the target objects' assumed circular disk illuminated by Sun
(phase), as seen by the observer.  Units: PERCENT
 
 'Ang-diam' =
   The equatorial angular width of the target body full disk, if it were fully
illuminated and visible to the observer. If the target body diameter is unknown
"n.a." is output.

   Units: ARCSECONDS
 
 'ObsSub-LON ObsSub-LAT' =
   Apparent planetodetic longitude and latitude of the center of the target
disc seen by the OBSERVER at print-time. This is NOT exactly the same as the
"nearest" sub-point for a non-spherical target shape (since the center of the
disc might not be the point closest to the observer), but is generally very
close if not a very irregular body shape. Down-leg light travel-time from
target to observer is taken into account. Latitude is the angle between the
equatorial plane and the line perpendicular to the reference ellipsoid of the
body, so includes body oblateness. The reference ellipsoid is an oblate
spheroid with a single flatness coefficient in which the y-axis body radius
is taken to be the same value as the x-axis radius. For Jupiter, Saturn, and
Uranus, IAU2015 longitude is based on the "System III" prime meridian rotation
angle of the magnetic field. By contrast, pole direction (thus latitude) is
relative to the body dynamical equator.  There can be an offset between the
magnetic pole and the dynamical pole of rotation. For Neptune, rotation is
IAU2015 "System II" rotation of optically observed features in the Neptunian
atmosphere. Positive longitude is to the EAST for this target. Cartographic
system is specified in the header. Units: DEGREES DEGREES
 
 'delta      deldot' =
   Apparent range ("delta", light-time aberrated) and range-rate ("delta-dot")
of the target center relative to the observer. A positive "deldot" means the
target center is moving away from the observer, negative indicates movement
toward the observer.  Units: AU and KM/S
 
 'S-O-T /r' =
   Sun-Observer-Target apparent SOLAR ELONGATION ANGLE seen from the observers'
location at print-time.

   The '/r' column provides a code indicating the targets' apparent position
relative to the Sun in the observers' sky, as described below:

   Case A: For an observing location on the surface of a rotating body, that
body rotational sense is considered:

    /T indicates target TRAILS Sun   (evening sky: rises and sets AFTER Sun)
    /L indicates target LEADS Sun    (morning sky: rises and sets BEFORE Sun)

   Case B: For an observing point that does not have a rotational model (such
as a spacecraft), the "leading" and "trailing" condition is defined by the
observers' heliocentric ORBITAL motion:

    * If continuing in the observers' current direction of heliocentric
       motion would encounter the targets' apparent longitude first, followed
       by the Sun's, the target LEADS the Sun as seen by the observer.

    * If the Sun's apparent longitude would be encountered first, followed
       by the targets', the target TRAILS the Sun.

   Two other codes can be output:
    /* indicates observer is Sun-centered    (undefined)
    /? Target is aligned with Sun center     (no lead or trail)

   The S-O-T solar elongation angle is numerically the minimum separation
angle of the Sun and target in the sky in any direction. It does NOT indicate
the amount of separation in the leading or trailing directions, which would
be defined along the equator of a spherical coordinate system.

   Units: DEGREES
 
 'S-T-O' =
   The Sun-Target-Observer angle; the interior vertex angle at target center
formed by a vector from the target to the apparent center of the Sun (at
reflection time on the target) and the apparent vector from target to the
observer at print-time. Slightly different from true PHASE ANGLE (requestable
separately) at the few arcsecond level in that it includes stellar aberration
on the down-leg from target to observer.  Units: DEGREES
 
 'Sky_motion  Sky_mot_PA  RelVel-ANG' =
  Total apparent angular rate of the target in the plane-of-sky. "Sky_mot_PA"
is the position angle of the target's direction of motion in the plane-of-sky,
measured counter-clockwise from the apparent of-date north pole direction.
"RelVel-ANG" is the flight path angle of the target's relative motion with
respect to the observer's line-of-sight, in the range [-90,+90], where positive
values indicate motion away from the observer, negative values are toward the
observer:

  -90 = target is moving directly toward the observer
    0 = target is moving at right angles to the observer's line-of-sight
  +90 = target is moving directly away from the observer

UNITS:  ARCSECONDS/MINUTE, DEGREES, DEGREES
 
 'Lun_Sky_Brt  sky_SNR' =
  Sky brightness due to moonlight scattered by Earth's atmosphere at the
target's position in the sky. "sky_SNR" is the visual signal-to-noise ratio
(SNR) of the target's surface brightness relative to background sky. Output
only for topocentric Earth observers when both the Moon and target are above
the local horizon and the Sun is in astronomical twilight (or further) below
the horizon, and the target is not the Moon or Sun. If all conditions are
not met, "n.a." is output. Galactic brightness, local sky light-pollution
and weather are NOT considered. Lunar opposition surge is considered. The
value returned is accurate under ideal conditions at the approximately 8-23%
level, so is a useful but not definitive value.

  If the target-body radius is also known, "sky_SNR" is output. This is the
approximate visual signal-to-noise ratio of the target's brightness divided
by lunar sky brightness. When sky_SNR < 1, the target is dimmer than the
ideal moonlight-scattering background sky, so unlikely to be detectable at
visual wavelengths. In practice, visibility requires sky_SNR > 1 and a
detector sensitive enough to reach the target's magnitude, even if it isn't
washed out by moonlight. When relating magnitudes and brightness values,
keep in mind their logarithmic relationship m2-m1 = -2.5*log_10(b2/b1).

  UNITS: VISUAL MAGNITUDES / ARCSECOND^2, and unitless ratio

Computations by ...

    Solar System Dynamics Group, Horizons On-Line Ephemeris System
    4800 Oak Grove Drive, Jet Propulsion Laboratory
    Pasadena, CA  91109   USA

    General site: https://ssd.jpl.nasa.gov/
    Mailing list: https://ssd.jpl.nasa.gov/email_list.html
    System news : https://ssd.jpl.nasa.gov/horizons/news.html
    User Guide  : https://ssd.jpl.nasa.gov/horizons/manual.html
    Connect     : browser        https://ssd.jpl.nasa.gov/horizons/app.html#/x
                  API            https://ssd-api.jpl.nasa.gov/doc/horizons.html
                  command-line   telnet ssd.jpl.nasa.gov 6775
                  e-mail/batch   https://ssd.jpl.nasa.gov/ftp/ssd/horizons_batch.txt
                  scripts        https://ssd.jpl.nasa.gov/ftp/ssd/SCRIPTS
    Author      : Jon.D.Giorgini@jpl.nasa.gov

**********************************************************************************************************************************************************************************************************************************************************************************************
