*******************************************************************************
 Revised: September 25, 2025           Uranus                               799
 
 PHYSICAL DATA:
  Mass x10^24 (kg)      = 86.813          Density (g/cm^3)       =  1.271
  Equat. radius (1 bar) = 25559+-4 km     Polar radius (km)      = 24973+-20
  Vol. Mean Radius (km) = 25362+-12       Flattening             =  0.02293
  Geometric Albedo      = 0.51
  Sid. rot. period (III)= 17.24+-0.01 h   Sid. rot. rate (rad/s) = -0.000101237
  Mean solar day, h     =~17.24           Rocky core mass (Mc/M) =  0.0012        
  GM (km^3/s^2)         = 5793950.6103    GM 1-sigma (km^3/s^2)  = +-4.3 
  Equ. grav, ge (m/s^2) =  8.87           Pol. grav, gp (m/s^2)  =   9.19+-0.02
  Visual magnitude V(1,0)= -7.11
  Vis. mag. (opposition)=  +5.52          Obliquity to orbit     = 97.77 deg
  Sidereal orbit period = 84.0120465 y    Sidereal orbit period  = 30685.4 d
  Mean daily motion     = 0.01176904 dg/d Mean orbit velocity    =  6.8 km/s
  Atmos. temp. (1 bar)  =  76+-2 K        Escape speed, km/s     =  21.3           
  Aroche(ice)/Rp        =  2.20           Hill's sphere rad., Rp = 2700
                                 Perihelion   Aphelion    Mean
  Solar Constant (W/m^2)         4.09         3.39        3.71
  Maximum Planetary IR (W/m^2)   0.72         0.55        0.63
  Minimum Planetary IR (W/m^2)   0.72         0.55        0.63
*******************************************************************************


*******************************************************************************
Ephemeris / WWW_USER Mon Apr  6 16:53:37 2026 Pasadena, USA      / Horizons    
*******************************************************************************
Target body name: Uranus (799)                    {source: ura184_merged}
Center body name: Earth (399)                     {source: DE441}
Center-site name: (user defined site below)
*******************************************************************************
Start time      : A.D. 2026-Jan-01 00:00:00.0000 UT      
Stop  time      : A.D. 2026-Dec-31 00:00:00.0000 UT      
Step-size       : 3600 minutes
*******************************************************************************
Target pole/equ : IAU_URANUS                      {East-longitude positive}
Target radii    : 25559.0, 25559.0, 24973.0 km    {Equator_a, b, pole_c}       
Center geodetic : 260.5, 17.0, .010               {E-lon(deg),Lat(deg),Alt(km)}
Center cylindric: 260.5, 6101.19824, 1852.83633   {E-lon(deg),Dxy(km),Dz(km)}
Center pole/equ : ITRF93                          {East-longitude positive}
Center radii    : 6378.137, 6378.137, 6356.752 km {Equator_a, b, pole_c}       
Target primary  : Sun
Vis. interferer : MOON (R_eq= 1737.400) km        {source: DE441}
Rel. light bend : Sun                             {source: DE441}
Rel. lght bnd GM: 1.3271E+11 km^3/s^2                                          
Atmos refraction: NO (AIRLESS)
RA format       : HMS
Time format     : CAL 
Calendar mode   : Mixed Julian/Gregorian
EOP file        : eop.260406.p260703                                           
EOP coverage    : DATA-BASED 1962-JAN-20 TO 2026-APR-06. PREDICTS-> 2026-JUL-02
Units conversion: 1 au= 149597870.700 km, c= 299792.458 km/s, 1 day= 86400.0 s 
Table cut-offs 1: Elevation (-90.0deg=NO ),Airmass (>38.000=NO), Daylight (NO )
Table cut-offs 2: Solar elongation (  0.0,180.0=NO ),Local Hour Angle( 0.0=NO )
Table cut-offs 3: RA/DEC angular rate (     0.0=NO )                           
**********************************************************************************************************************************************************************************************************************************************************************************************
 Date__(UT)__HR:MN     R.A._____(ICRF)_____DEC  R.A.__(a-apparent)__DEC  dRA*cosD d(DEC)/dt  Azi____(a-app)___Elev    APmag   S-brt      Illu%  Ang-diam  ObsSub-LON ObsSub-LAT             delta      deldot     S-O-T /r     S-T-O  Sky_motion  Sky_mot_PA  RelVel-ANG  Lun_Sky_Brt  sky_SNR
**********************************************************************************************************************************************************************************************************************************************************************************************
$$SOE
 2026-Jan-01 00:00 *m  03 41 25.54 +19 25 28.7  03 42 56.94 +19 30 34.6  -4.09251  -0.84972   78.259319  38.325561    5.646   8.236   99.97084  3.757945    3.751319  69.516109  18.7552652773447  19.6492834  137.3828 /T    1.9525   0.0696632   258.27051   51.207221         n.a.     n.a.
 2026-Jan-03 12:00 Am  03 41 08.95 +19 24 36.7  03 42 40.33 +19 29 43.4  -3.70362  -0.85672  303.324216 -27.188536    5.649   8.236   99.96794  3.752021  176.501911  69.455686  18.7848745664309  21.2827367  134.7643 /T    2.0479   0.0633569   256.97549   55.941428         n.a.     n.a.
 2026-Jan-06 00:00 *   03 40 53.54 +19 23 48.6  03 42 24.93 +19 28 55.8  -3.59441  -0.73748   78.953288  43.068059    5.652   8.236   99.96505  3.745865  349.253871  69.399494  18.8157468980381  21.5526089  132.1600 /T    2.1385   0.0611548   258.40535   57.162316         n.a.     n.a.
 2026-Jan-08 12:00 Am  03 40 39.14 +19 23 03.8  03 42 10.46 +19 28 11.5  -3.17112  -0.73477  306.319683 -31.170401    5.656   8.236   99.96217  3.739452  162.006045  69.346978  18.8480165675692  23.0556112  129.5500 /T    2.2252   0.0542522   256.95440   61.802900         n.a.     n.a.
 2026-Jan-11 00:00 *   03 40 25.99 +19 22 23.1  03 41 57.29 +19 27 30.9  -3.05818  -0.61541   79.548314  47.804545    5.660   8.235   99.95936  3.732837  334.760175  69.298965  18.8814157242802  23.2870398  126.9545 /T    2.3066   0.0519915   258.62212   62.997368         n.a.     n.a.
 2026-Jan-13 12:00 Am  03 40 13.94 +19 21 45.9  03 41 45.17 +19 26 54.1  -2.60263  -0.60290  309.703361 -34.977180    5.664   8.235   99.95661  3.725994  147.515040  69.254954  18.9160912551019  24.6448178  124.3539 /T    2.3839   0.0445259   256.95749   67.553458         n.a.     n.a.
 2026-Jan-16 00:00 *   03 40 03.21 +19 21 13.2  03 41 34.45 +19 26 21.6  -2.48632  -0.48431   80.026222  52.531387    5.668   8.235   99.95397  3.718984  320.272480  69.215696  18.9517470424125  24.8301183  121.7683 /T    2.4556   0.0422175   258.97733   68.718495         n.a.     n.a.
 2026-Jan-18 12:00 A   03 39 53.65 +19 20 44.2  03 41 24.84 +19 25 53.0  -2.00297  -0.46245  313.535241 -38.573776    5.672   8.235   99.95143  3.711778  133.031208  69.180729  18.9885402647987  26.0271235  119.1786 /T    2.5228   0.0342611   256.99922   73.187847         n.a.     n.a.
 2026-Jan-21 00:00 *m  03 39 45.45 +19 20 20.0  03 41 16.64 +19 25 29.0  -1.88501  -0.34623   80.355239  57.245056    5.676   8.235   99.94904  3.704441  305.793123  69.150712  19.0261493444464  26.1591987  116.6048 /T    2.5843   0.0319424   259.59231   74.313465         n.a.     n.a.
 2026-Jan-23 12:00 A   03 39 38.50 +19 19 59.6  03 41 09.60 +19 25 08.9  -1.37921  -0.31595  317.878171 -41.917961    5.681   8.235   99.94680  3.696942  118.556875  69.125223  19.0647404452134  27.1814798  114.0278 /T    2.6410   0.0235823   257.09751   78.693450         n.a.     n.a.
 2026-Jan-26 00:00 *m  03 39 32.94 +19 19 44.1  03 41 04.02 +19 24 53.3  -1.26280  -0.20330   80.480032  61.941841    5.685   8.235   99.94474  3.689351  291.324411  69.104811  19.1039712229876  27.2569388  111.4676 /T    2.6918   0.0213176   260.85437   79.762276         n.a.     n.a.
 2026-Jan-28 12:00 A   03 39 28.66 +19 19 32.6  03 40 59.68 +19 24 41.9  -0.74163  -0.16574  322.791919 -44.959469    5.690   8.235   99.94285  3.681632  104.094301  69.089083  19.1440214123391  28.0996113  108.9051 /T    2.7378   0.0126654   257.40231   84.045325         n.a.     n.a.
 2026-Jan-31 00:00 *m  03 39 25.78 +19 19 26.1  03 40 56.83 +19 24 35.4  -0.62993  -0.05825   80.297574  66.617491    5.694   8.235   99.94118  3.673857  276.868500  69.078476  19.1845377046147  28.1252677  106.3597 /T    2.7778   0.0105436   264.71715   85.031485         n.a.     n.a.
 2026-Feb-02 12:00 Am  03 39 24.21 +19 19 23.6  03 40 55.20 +19 24 33.1  -0.09828  -0.01386  328.322858 -47.639852    5.699   8.235   99.93970  3.665988   89.645512  69.072642  19.2257185000431  28.7934977  103.8122 /T    2.8128   0.0016543   261.97481   89.235041         n.a.     n.a.
 2026-Feb-05 00:00 *   03 39 24.04 +19 19 26.1  03 40 55.02 +19 24 35.5  0.008696  0.088145   79.600643  71.265936    5.703   8.235   99.93846  3.658094  262.427318  69.071930  19.2672050776595  28.7797516  101.2815 /T    2.8418   0.0014762   5.6342003   89.315563         n.a.     n.a.
 2026-Feb-07 12:00 Am  03 39 25.20 +19 19 32.7  03 40 56.09 +19 24 41.9  0.548667  0.139355  334.486815 -49.894474    5.708   8.235   99.93743  3.650137   75.212401  69.076065  19.3092081124424  29.2738468   98.7485 /T    2.8658   0.0094348   75.748876   85.697991         n.a.     n.a.
 2026-Feb-10 00:00 *   03 39 27.76 +19 19 44.3  03 40 58.65 +19 24 53.2  0.652126  0.235460   77.911744  75.875298    5.713   8.235   99.93665  3.642186  248.002782  69.085313  19.3513565243117  29.2188636   96.2322 /T    2.8839   0.0115555   70.147151   84.714631         n.a.     n.a.
 2026-Feb-12 12:00 Am  03 39 31.66 +19 20 00.0  03 41 02.49 +19 25 08.7  1.196972  0.293132  341.249143 -51.656239    5.717   8.235   99.93609  3.634203   60.796943  69.099462  19.3938648848986  29.5314774   93.7138 /T    2.8968   0.0205390   76.239414   80.739683         n.a.     n.a.
 2026-Feb-15 00:00 *   03 39 36.96 +19 20 20.7  03 41 07.81 +19 25 29.2  1.296058  0.382261   73.856095  80.414048    5.722   8.235   99.93579  3.626259  233.596911  69.118679  19.4363511784513  29.4311678   91.2122 /T    2.9038   0.0225209   73.567046   79.808227         n.a.     n.a.
 2026-Feb-17 12:00 A   03 39 43.59 +19 20 45.4  03 41 14.37 +19 25 53.7  1.841393  0.445211  348.506499 -52.863471    5.727   8.234   99.93572  3.618314   46.401157  69.142809  19.4790322626481  29.5560883   88.7092 /T    2.9057   0.0315742   76.407920   75.880909         n.a.     n.a.
 2026-Feb-20 00:00 *m  03 39 51.60 +19 21 15.2  03 41 22.37 +19 26 23.1  1.934543  0.526540   61.576911  84.747254    5.731   8.234   99.93590  3.610439  219.211705  69.171914  19.5215180136848  29.4072427   86.2234 /T    2.9017   0.0334153   74.774175   74.990034         n.a.     n.a.
 2026-Feb-22 12:00 A   03 40 00.94 +19 21 48.7  03 41 31.62 +19 26 56.2  2.474430  0.593757  356.081501 -53.470189    5.736   8.234   99.93632  3.602594   32.027019  69.205882  19.5640286171806  29.3431598   83.7369 /T    2.8927   0.0424112   76.506581   71.129149         n.a.     n.a.
 2026-Feb-25 00:00 *m  03 40 11.60 +19 22 27.2  03 41 42.31 +19 27 34.1  2.558647  0.665972    1.160982  87.540014    5.741   8.234   99.93697  3.594850  204.849068  69.244659  19.6061743190606  29.1506204   81.2682 /T    2.8780   0.0440650   75.410606   70.289805         n.a.     n.a.
 2026-Feb-27 12:00 A   03 40 23.57 +19 23 09.3  03 41 54.24 +19 28 15.8  3.087860  0.736493    3.740972 -53.455182    5.745   8.234   99.93784  3.587163   17.676296  69.288183  19.6481843094985  28.9074051   78.7991 /T    2.8585   0.0529079   76.584881   66.505547         n.a.     n.a.
 2026-Mar-02 00:00 *m  03 40 36.81 +19 23 56.1  03 42 07.50 +19 29 02.3  3.162474  0.799355  299.464798  84.833502    5.750   8.234   99.93893  3.579604  190.510622  69.336302  19.6896783020453  28.6844205   76.3475 /T    2.8334   0.0543656   75.814888   65.720026         n.a.     n.a.
 2026-Mar-04 12:00 Am  03 40 51.32 +19 24 46.4  03 42 21.93 +19 29 52.0  3.678761  0.873101   11.235782 -52.827668    5.754   8.234   99.94022  3.572126    3.350505  69.389025  19.7308939842564  28.2747044   73.8953 /T    2.8035   0.0630158   76.648697   62.006590         n.a.     n.a.
 2026-Mar-07 00:00 *   03 41 07.05 +19 25 41.2  03 42 37.66 +19 30 46.2  3.745860  0.926726  286.918605  80.569949    5.759   8.234   99.94171  3.564798  176.197828  69.446128  19.7714575914380  28.0272118   71.4600 /T    2.7684   0.0643132   76.104040   61.258659         n.a.     n.a.
 2026-Mar-09 12:00 Am  03 41 24.00 +19 26 39.4  03 42 54.55 +19 31 43.5  4.247939  1.003733   18.347578 -51.625680    5.763   8.234   99.94339  3.557574  349.051111  69.507697  19.8116047928589  27.4534353   69.0237 /T    2.7288   0.0727486   76.705582   57.600419         n.a.     n.a.
 2026-Mar-12 00:00 *   03 41 42.13 +19 27 41.8  03 43 12.71 +19 32 45.3  4.308204  1.047980  282.786000  76.137963    5.767   8.234   99.94523  3.550520  161.912189  69.573425  19.8509648867526  27.1792494   66.6038 /T    2.6840   0.0738972   76.328210   56.878494         n.a.     n.a.
 2026-Mar-14 12:00 Nm  03 42 01.44 +19 28 47.3  03 43 31.98 +19 33 50.2  4.793234  1.127229   24.922561 -49.907902    5.771   8.234   99.94724  3.543593  334.779632  69.643461  19.8897675905762  26.4413719   64.1827 /T    2.6349   0.0820666   76.766175   53.268430         n.a.     n.a.
 2026-Mar-17 00:00 *   03 42 21.86 +19 29 57.0  03 43 52.43 +19 34 59.2  4.846535  1.161668  281.050363  71.675556    5.775   8.234   99.94938  3.536857  147.655203  69.717415  19.9276471702635  26.1377508   61.7779 /T    2.5809   0.0830635   76.521042   52.564878         n.a.     n.a.
 2026-Mar-19 12:00 N   03 42 43.43 +19 31 09.5  03 44 13.92 +19 36 10.8  5.310863  1.242520   30.881346 -47.743773    5.779   8.233   99.95166  3.530271  320.537534  69.795485  19.9648265602896  25.2377181   59.3721 /T    2.5227   0.0909046   76.832025   48.999578         n.a.     n.a.
 2026-Mar-22 00:00 *m  03 43 06.03 +19 32 25.7  03 44 36.54 +19 37 26.3  5.355257  1.266507  280.310754  67.213715    5.783   8.233   99.95403  3.523895  133.428287  69.877189  20.0009496712102  24.9053735   56.9827 /T    2.4600   0.0917164   76.694150   48.318897         n.a.     n.a.
 2026-Mar-24 12:00 N   03 43 29.71 +19 33 44.6  03 45 00.19 +19 38 44.2  5.794220  1.347826   36.208211 -45.203770    5.787   8.233   99.95651  3.517689  306.326127  69.962765  20.0362358928064  23.8530073   54.5928 /T    2.3933   0.0991486   76.904984   44.806466         n.a.     n.a.
 2026-Mar-27 00:00 *m  03 43 54.33 +19 35 07.0  03 45 24.88 +19 40 05.8  5.828361  1.361156  280.082276  62.762927    5.790   8.233   99.95905  3.511710  119.232590  70.051643  20.0703492149069  23.5032886   52.2195 /T    2.3225   0.0997532   76.854739   44.160505         n.a.     n.a.
 2026-Mar-29 12:00 N   03 44 19.98 +19 36 31.6  03 45 50.49 +19 41 29.6  6.239587  1.442805   40.931154 -42.352732    5.794   8.233   99.96165  3.505917  292.146396  70.144117  20.1035107811403  22.3181252   49.8455 /T    2.2479   0.1067371   76.980102   40.707949         n.a.     n.a.
 2026-Apr-01 00:00 *m  03 44 46.48 +19 37 59.4  03 46 17.01 +19 42 56.5  6.265341  1.445930  280.154628  58.327541    5.797   8.233   99.96428  3.500364  105.068962  70.239559  20.1354065675668  21.9620022   47.4875 /T    2.1696   0.1071671   77.004676   40.094497         n.a.     n.a.
 2026-Apr-03 12:00 Nm  03 45 13.93 +19 39 29.2  03 46 44.42 +19 44 25.2  6.649093  1.528158   45.102615 -39.247376    5.801   8.233   99.96693  3.495010  277.999116  70.338337  20.1662509072031  20.6554841   45.1283 /T    2.0878   0.1137074   77.056509   36.690881         n.a.     n.a.
 2026-Apr-06 00:00 *   03 45 42.16 +19 41 01.9  03 47 12.69 +19 45 56.9  6.668509  1.521841  280.423118  53.909791    5.804   8.233   99.96958  3.489906   90.938173  70.439769  20.1957459874752  20.2935544   42.7842 /T    2.0026   0.1139993   77.144516   36.096919         n.a.     n.a.
 2026-Apr-08 12:00 Nm  03 46 11.28 +19 42 36.3  03 47 41.80 +19 47 30.2  7.023790  1.604115   48.784312 -35.935007    5.807   8.233   99.97222  3.485014  263.885070  70.544281  20.2240925993588  18.8702576   40.4383 /T    1.9142   0.1200773   77.135253   32.731223         n.a.     n.a.
 2026-Apr-11 00:00 *   03 46 41.09 +19 44 13.3  03 48 11.67 +19 49 06.4  7.037613  1.588257  280.831214  49.510928    5.809   8.233   99.97482  3.480382   76.840987  70.651137  20.2510079726049  18.4991268   38.1068 /T    1.8227   0.1202435   77.282470   32.145583         n.a.     n.a.
 2026-Apr-13 12:00 Nm  03 47 11.73 +19 45 51.8  03 48 42.29 +19 50 43.8  7.362709  1.670140   52.038576 -32.454276    5.812   8.232   99.97738  3.475976  249.804980  70.760808  20.2766775935810  16.9635054   35.7730 /T    1.7283   0.1258293   77.219438   28.808659         n.a.     n.a.
 2026-Apr-16 00:00 *   03 47 42.98 +19 47 32.4  03 49 13.57 +19 52 23.5  7.370258  1.644844  281.346006  45.131730    5.814   8.232   99.97985  3.471839   62.778078  70.872497  20.3008367850322  16.5813628   33.4533 /T    1.6311   0.1258595   77.419277   28.226546         n.a.     n.a.
 2026-Apr-18 12:00 C   03 48 14.97 +19 49 14.3  03 49 45.55 +19 54 04.1  7.662081  1.725419   54.923657 -28.836446    5.817   8.232   99.98226  3.467941  235.759435  70.986706  20.3236560742622  14.9410342   31.1311 /T    1.5313   0.1308992   77.309291   24.916267         n.a.     n.a.
 2026-Apr-21 00:00 *m  03 48 47.48 +19 50 58.1  03 50 18.14 +19 55 46.8  7.661677  1.690471  281.948015  40.772718    5.819   8.232   99.98455  3.464321   48.749894  71.102573  20.3448945751589  14.5519479   28.8231 /T    1.4292   0.1307659   77.557621   24.342893         n.a.     n.a.
 2026-Apr-23 12:00 C   03 49 20.65 +19 52 42.7  03 50 51.33 +19 57 30.3  7.917246  1.769336   57.491151 -25.106191    5.821   8.232   99.98674  3.460949  221.748696  71.220628  20.3647152875969  12.8264522   26.5128 /T    1.3247   0.1352090   77.402609   21.070549         n.a.     n.a.
 2026-Apr-26 00:00 *m  03 49 54.24 +19 54 28.8  03 51 24.98 +19 59 15.6  7.909364  1.725277  282.626131  36.434151    5.823   8.232   99.98879  3.457860   34.756488  71.339966  20.3829104002862  12.4440625   24.2166 /T    1.2183   0.1349224   77.694766   20.518291         n.a.     n.a.
 2026-Apr-28 12:00 C   03 50 28.41 +19 56 15.6  03 51 59.14 +20 01 01.0  8.129538  1.802631   59.785902 -21.283089    5.824   8.232   99.99071  3.455025  207.772644  71.461168  20.3996332318994  10.6522163   21.9177 /T    1.1099   0.1387833   77.497612   17.284791         n.a.     n.a.
 2026-May-01 00:00 *   03 51 02.90 +19 58 03.4  03 52 33.68 +20 02 47.8  8.116905  1.750751  283.373902  32.116389    5.826   8.232   99.99246  3.452475   20.797653  71.583311  20.4147023750619  10.2801731   19.6321 /T    1.0001   0.1383928   77.828235   16.748018         n.a.     n.a.
 2026-May-03 12:00 Cm  03 51 37.89 +19 59 51.7  03 53 08.69 +20 04 34.7  8.302283  1.826601   61.845965 -17.382811    5.827   8.231   99.99406  3.450185  193.831051  71.707019  20.4282529216507   8.4306928   17.3429 /T    0.8885   0.1416808   77.591933   13.543444         n.a.     n.a.
 2026-May-06 00:00 *   03 52 13.12 +20 01 40.8  03 53 44.00 +20 06 22.9  8.286205  1.767209  284.188867  27.820061    5.828   8.231   99.99548  3.448181    6.873141  71.831347  20.4401257775401   8.0655057   15.0663 /T    0.7757   0.1412093   77.960828   13.011433         n.a.     n.a.
 2026-May-08 12:00 Cm  03 52 48.77 +20 03 30.1  03 54 19.70 +20 08 10.9  8.436612  1.841123   63.703141 -13.417689    5.829   8.231   99.99672  3.446443  179.923613  71.956949  20.4504342443034   6.1636681   12.7851 /T    0.6616   0.1439195   77.689338   9.8234641         n.a.     n.a.
 2026-May-11 00:00 *   03 53 24.58 +20 05 19.9  03 54 55.57 +20 09 59.8  8.417120  1.774732  285.071121  23.545961    5.830   8.231   99.99777  3.444992  352.982583  72.082854  20.4590425797023   5.8016671   10.5158 /T    0.5466   0.1433697   78.093699   9.2875705         n.a.     n.a.
 2026-May-13 12:00 Cm  03 54 00.72 +20 07 09.6  03 55 31.73 +20 11 48.1  8.530988  1.846131   65.384268  -9.397631    5.831   8.231   99.99862  3.443814  166.049880  72.209730  20.4660429017425   3.8547544    8.2413 /T    0.4306   0.1454743   77.789311   6.1080887         n.a.     n.a.
 2026-May-16 00:00 *m  03 54 36.94 +20 08 59.4  03 56 08.01 +20 13 36.9  8.506979  1.772763  286.022611  19.295090    5.831   8.231   99.99927  3.442925  339.125396  72.336579  20.4713249883358   3.4942974    5.9785 /T    0.3142   0.1448288   78.228642   5.5633082         n.a.     n.a.
 2026-May-18 12:00 C   03 55 13.40 +20 10 48.9  03 56 44.55 +20 15 25.0  8.581741  1.841068   66.911717  -5.330488    5.832   8.231   99.99972  3.442314  152.209086  72.464070  20.4749628545337   1.5154694    3.7108 /T    0.1970   0.1462834   77.891689   2.3912994         n.a.     n.a.
 2026-May-21 00:00 *m  03 55 49.83 +20 12 38.2  03 57 21.09 +20 17 13.5  8.551664  1.761064  287.047485  15.068726    5.832   8.231   99.99996  3.441991  325.300585  72.591177  20.4768810277446   1.1659922    1.4587 /T    0.0800   0.1455185   78.363621   1.8485954         n.a.     n.a.
 2026-May-23 12:00 C   03 56 26.41 +20 14 27.0  03 57 57.67 +20 19 00.8  8.587073  1.826058   68.304040  -1.222035    5.832   8.230   99.99999  3.441947  138.399973  72.718581  20.4771430329420  -0.8213765    0.8290 /L    0.0387   0.1463181   77.994771   -1.304977         n.a.     n.a.
 2026-May-26 00:00 *m  03 57 02.87 +20 16 15.2  03 58 34.21 +20 20 48.3  8.553298  1.740815  288.151481  10.868087    5.831   8.230   99.99980  3.442188  311.506675  72.845268  20.4757081761446  -1.1508155    3.0697 /L    0.1553   0.1454775   78.495970   -1.836248         n.a.     n.a.
 2026-May-28 12:00 C   03 57 39.40 +20 18 02.7  03 59 10.80 +20 22 34.3  8.551425  1.802932   69.576391   2.922450    5.831   8.230   99.99941  3.442707  124.620960  72.971944  20.4726211214161  -3.1335574    5.3261 /L    0.2725   0.1456570   78.094457   -4.973983         n.a.     n.a.
 2026-May-31 00:00 *   03 58 15.72 +20 19 49.4  03 59 47.19 +20 24 20.1  8.515651  1.713225  289.342014   6.695661    5.830   8.230   99.99881  3.443507  297.742044  73.097605  20.4678675440995  -3.4454329    7.5733 /L    0.3890   0.1447713   78.624771   -5.500028         n.a.     n.a.
 2026-Jun-02 12:00 Cm  03 58 52.02 +20 21 35.2  04 00 23.58 +20 26 04.5  8.477563  1.772018   70.741321   7.099403    5.829   8.230   99.99801  3.444584  110.870362  73.222966  20.4614677737951  -5.4177160    9.8280 /L    0.5053   0.1443463   78.193766   -8.634151         n.a.     n.a.
 2026-Jun-05 00:00 *   03 59 28.03 +20 23 19.9  04 00 59.68 +20 27 48.4  8.440323  1.678491  290.628657   2.554129    5.828   8.230   99.99702  3.445937  284.004924  73.347037  20.4534322282704  -5.7171468   12.0735 /L    0.6205   0.1434267   78.752573   -9.164102         n.a.     n.a.
 2026-Jun-07 12:00 Cm  04 00 03.95 +20 25 03.5  04 01 35.68 +20 29 30.8  8.365681  1.733608   71.808623  11.305660    5.827   8.229   99.99582  3.447568   97.146320  73.470523  20.4437573348022  -7.6725351   14.3272 /L    0.7352   0.1423903   78.292388   -12.30581         n.a.     n.a.
 2026-Jun-10 00:00 *   04 00 39.49 +20 26 45.7  04 02 11.28 +20 31 12.2  8.326233  1.636490  292.022771  -1.552973    5.826   8.229   99.99445  3.449471  270.293322  73.592441  20.4324793819667  -7.9632559   16.5725 /L    0.8484   0.1414255   78.880466   -12.84781         n.a.     n.a.
 2026-Jun-12 12:00 Cm  04 01 14.86 +20 28 26.6  04 02 46.72 +20 32 51.7  8.213855  1.687373   72.786149  15.538709    5.825   8.229   99.99289  3.451651   83.446662  73.713477  20.4195724409856  -9.8928912   18.8266 /L    0.9608   0.1397564   78.391224   -16.00699         n.a.     n.a.
 2026-Jun-15 00:00 *m  04 01 49.76 +20 30 06.0  04 03 21.73 +20 34 30.2  8.170160  1.587033  293.538111  -5.621223    5.823   8.229   99.99117  3.454099  256.604854  73.832652  20.4051026063106 -10.1728249   21.0728 /L    1.0713   0.1387145   79.007334   -16.56338         n.a.     n.a.
 2026-Jun-17 12:00 C   04 02 24.38 +20 31 43.8  04 03 56.47 +20 36 07.0  8.018523  1.632958   73.679358  19.796759    5.821   8.229   99.98929  3.456822   69.768729  73.950622  20.3890294330707 -12.0578088   23.3279 /L    1.1807   0.1363851   78.489219   -19.73849         n.a.     n.a.
 2026-Jun-20 00:00 *m  04 02 58.46 +20 33 19.8  04 04 30.62 +20 37 42.2  7.970734  1.530290  295.191431  -9.645191    5.819   8.229   99.98727  3.459804  242.936550  74.066436  20.3714561295101 -12.3149962   25.5751 /L    1.2878   0.1352717   79.132106   -20.29412         n.a.     n.a.
 2026-Jun-22 12:00 C   04 03 32.16 +20 34 54.1  04 05 04.41 +20 39 15.3  7.782313  1.571799   74.491850  24.078488    5.817   8.229   99.98511  3.463056   56.109310  74.180743  20.3523292818535 -14.1354204   27.8314 /L    1.3935   0.1323242   78.581540   -23.47543         n.a.     n.a.
 2026-Jun-25 00:00 *m  04 04 05.24 +20 36 26.3  04 05 37.55 +20 40 46.7  7.732624  1.468082  297.002281 -13.618062    5.815   8.228   99.98283  3.466555  229.285091  74.292641  20.3317809200802 -14.3676588   30.0801 /L    1.4965   0.1311792   79.250020   -24.02435         n.a.     n.a.
 2026-Jun-27 12:00 C   04 04 37.86 +20 37 56.7  04 06 10.29 +20 42 15.9  7.509875  1.504876   75.224897  28.382683    5.812   8.228   99.98044  3.470318   42.465037  74.402767  20.3097350469704 -16.1169030   32.3387 /L    1.5979   0.1276528   78.668789   -27.21948         n.a.     n.a.
 2026-Jun-30 00:00 *   04 05 09.78 +20 39 24.8  04 06 42.30 +20 43 43.3  7.459279  1.400730  298.994239 -17.530976    5.810   8.228   99.97797  3.474319  215.647048  74.510265  20.2863462622766 -16.3297748   34.5905 /L    1.6962   0.1264943   79.364653   -27.76817         n.a.     n.a.
 2026-Jul-02 12:00 Cm  04 05 41.17 +20 40 51.0  04 07 13.82 +20 45 08.6  7.203210  1.432588   75.876901  32.708358    5.807   8.228   99.97541  3.478577   28.832411  74.615743  20.2615157592350 -18.0029305   36.8531 /L    1.7926   0.1224048   78.751680   -30.98872         n.a.     n.a.
 2026-Jul-05 00:00 *   04 06 11.79 +20 42 14.7  04 07 44.50 +20 46 31.7  7.151216  1.328353  301.195108 -21.372896    5.804   8.228   99.97280  3.483063  202.018832  74.718385  20.2354206653514 -18.2012188   39.1099 /L    1.8857   0.1212257   79.477123   -31.54583         n.a.     n.a.
 2026-Jul-07 12:00 Cm  04 06 41.81 +20 43 36.4  04 08 14.62 +20 47 52.4  6.861946  1.354703   76.443392  37.054609    5.801   8.228   99.97013  3.487800   15.207706  74.818759  20.2079408906168 -19.7922641   41.3785 /L    1.9766   0.1165732   78.832137   -34.80463         n.a.     n.a.
 2026-Jul-10 00:00 *   04 07 10.97 +20 44 55.4  04 08 43.85 +20 49 10.6  6.806927  1.250892  303.637447 -25.130120    5.798   8.227   99.96744  3.492754  188.396549  74.916088  20.1792773392781 -19.9774676   43.6422 /L    2.0638   0.1153485   79.587081   -35.37844         n.a.     n.a.
 2026-Jul-12 12:00 Cm  04 07 39.45 +20 46 12.2  04 09 12.47 +20 50 26.5  6.483423  1.270990   76.915610  41.420627    5.794   8.227   99.96472  3.497951    1.586826  75.010881  20.1492941456059 -21.4744613   45.9182 /L    2.1485   0.1101138   78.908568   -38.68671         n.a.     n.a.
 2026-Jul-15 00:00 *m  04 08 07.00 +20 47 26.1  04 09 40.11 +20 51 40.0  6.423689  1.167872  306.359718 -28.785444    5.791   8.227   99.96203  3.503354  174.775840  75.102406  20.1182213416853 -21.6389698   48.1898 /L    2.2293   0.1088165   79.695766   -39.27573         n.a.     n.a.
 2026-Jul-17 12:00 C   04 08 33.77 +20 48 37.7  04 10 07.01 +20 52 50.9  6.067363  1.181769   77.278574  45.805765    5.787   8.227   99.95934  3.508988  347.965138  75.191127  20.0859154400153 -23.0212776   50.4737 /L    2.3072   0.1030230   78.978229   -42.62691         n.a.     n.a.
 2026-Jul-20 00:00 *m  04 08 59.54 +20 49 46.2  04 10 32.83 +20 53 58.9  6.004367  1.080794  309.406193 -32.317600    5.784   8.227   99.95671  3.514812  161.151907  75.276381  20.0526364308996 -23.1550251   52.7532 /L    2.3809   0.1016811   79.795956   -43.21434         n.a.     n.a.
 2026-Jul-22 12:00 C   04 09 24.45 +20 50 52.4  04 10 57.86 +20 55 04.2  5.619179  1.088634   77.508779  50.209046    5.780   8.227   99.95413  3.520854  334.337808  75.358605  20.0182271991820 -24.4115639   55.0451 /L    2.4514   0.0953943   79.035605   -46.60346         n.a.     n.a.
 2026-Jul-25 00:00 *m  04 09 48.32 +20 51 55.4  04 11 21.80 +20 56 06.6  5.554835  0.990434  312.826796 -35.699807    5.776   8.227   99.95163  3.527066  147.519950  75.437212  19.9829653238480 -24.5184383   57.3331 /L    2.5174   0.0940407   79.890332   -47.18719         n.a.     n.a.
 2026-Jul-27 12:00 C   04 10 11.25 +20 52 55.9  04 11 44.88 +20 57 06.5  5.143479  0.992101   77.567746  54.628900    5.772   8.226   99.94921  3.533483  320.700097  75.512594  19.9466752894071 -25.6467981   59.6341 /L    2.5801   0.0873048   79.082562   -50.62280         n.a.     n.a.
 2026-Jul-30 00:00 *   04 10 33.09 +20 53 53.1  04 12 06.79 +20 58 03.3  5.077745  0.897087  316.676217 -38.898747    5.768   8.226   99.94690  3.540054  133.875283  75.584234  19.9096502651046 -25.7319176   61.9320 /L    2.6381   0.0859397   79.980922   -51.20962         n.a.     n.a.
 2026-Aug-01 12:00 Cm  04 10 53.93 +20 54 47.7  04 12 27.75 +20 58 57.5  4.641805  0.892045   77.392601  59.062953    5.763   8.226   99.94471  3.546815  307.047331  75.652466  19.8716983245478 -26.7293302   64.2437 /L    2.6924   0.0787791   79.121730   -54.70394         n.a.     n.a.
 2026-Aug-04 00:00 *   04 11 13.62 +20 55 38.9  04 12 47.48 +20 59 48.3  4.573740  0.800691  321.010378 -41.873885    5.759   8.226   99.94267  3.553713  120.213219  75.716839  19.8331273989148 -26.7961737   66.5532 /L    2.7419   0.0773883   80.070277   -55.30290         n.a.     n.a.
 2026-Aug-06 12:00 Cm  04 11 32.25 +20 56 27.5  04 13 06.25 +21 00 36.3  4.113525  0.788468   76.875971  63.507190    5.755   8.226   99.94076  3.560786  293.374799  75.777615  19.7937335212937 -27.6565644   68.8775 /L    2.7874   0.0698068   79.149323   -58.87207         n.a.     n.a.
 2026-Aug-09 00:00 *   04 11 49.68 +20 57 12.5  04 13 23.75 +21 01 20.9  4.041005  0.700787  325.880877 -44.576480    5.750   8.226   99.93903  3.567977  106.528973  75.834402  19.7538422834436 -27.7018310   71.2003 /L    2.8279   0.0683553   80.161668   -59.49378         n.a.     n.a.
 2026-Aug-11 12:00 Cm  04 12 05.98 +20 57 54.9  04 13 40.21 +21 02 03.0  3.557702  0.680963   75.820077  67.954409    5.746   8.226   99.93747  3.575324  279.677593  75.887395  19.7132454795015 -28.4112732   73.5383 /L    2.8642   0.0603714   79.164344   -63.14508         n.a.     n.a.
 2026-Aug-14 00:00 *m  04 12 21.03 +20 58 33.4  04 13 55.31 +21 02 41.5  3.480670  0.597986  331.325395 -46.949678    5.741   8.226   99.93612  3.582768   92.817566  75.936277  19.6722907697928 -28.4232520   75.8749 /L    2.8952   0.0588611   80.251635   -63.78253         n.a.     n.a.
 2026-Aug-16 12:00 C   04 12 34.88 +20 59 09.3  04 14 09.28 +21 03 17.0  2.978429  0.571046   73.826314  72.390070    5.736   8.225   99.93495  3.590346  265.950778  75.981190  19.6307692298461 -28.9664765   78.2266 /L    2.9219   0.0505446   79.146554   -67.50755         n.a.     n.a.
 2026-Aug-19 00:00 *m  04 12 47.45 +20 59 41.3  04 14 21.89 +21 03 48.8  2.899517  0.493520  337.352759 -48.930323    5.732   8.225   99.93401  3.597994   79.074224  76.021917  19.5890417401188 -28.9421788   80.5769 /L    2.9431   0.0490203   80.340388   -68.14650         n.a.     n.a.
 2026-Aug-21 12:00 N   04 12 58.78 +21 00 10.7  04 14 33.36 +21 04 17.9  2.383406  0.459673   69.969441  76.779432    5.727   8.225   99.93328  3.605753  252.189848  76.058554  19.5468896186735 -29.3182359   82.9422 /L    2.9597   0.0404555   79.083740   -71.94219         n.a.     n.a.
 2026-Aug-24 00:00 *m  04 13 08.81 +21 00 36.1  04 14 43.45 +21 04 43.3  2.303665  0.388083  343.926434 -50.452237    5.722   8.225   99.93278  3.613556   65.294753  76.090969  19.5046785297383 -29.2632594   85.3064 /L    2.9709   0.0389354   80.437543   -72.58357         n.a.     n.a.
 2026-Aug-26 12:00 N   04 13 17.56 +21 00 58.8  04 14 52.34 +21 05 06.0  1.776879  0.346982   61.614008  81.019941    5.717   8.225   99.93250  3.621446  238.390887  76.119197  19.4621808146374 -29.4738802   87.6861 /L    2.9773   0.0301740   78.950557   -76.45854         n.a.     n.a.
 2026-Aug-29 00:00 *   04 13 24.99 +21 01 17.6  04 14 59.80 +21 05 24.8  1.696343  0.281600  350.950037 -51.453521    5.713   8.225   99.93247  3.629356   51.475472  76.143189  19.4197651973485 -29.3929197   90.0652 /L    2.9782   0.0286593   80.574614   -77.10797         n.a.     n.a.
 2026-Aug-31 12:00 Nm  04 13 31.12 +21 01 33.6  04 15 06.04 +21 05 40.7  1.161097  0.233189   39.097116  84.681202    5.708   8.225   99.93266  3.637329  224.550444  76.162906  19.3771982160933 -29.4387898   92.4605 /L    2.9743   0.0197380   78.644071   -81.07488         n.a.     n.a.
 2026-Sep-03 00:00 *   04 13 35.91 +21 01 45.6  04 15 10.87 +21 05 52.7  1.078032  0.174029  358.264041 -51.885390    5.703   8.225   99.93310  3.645295   37.613132  76.178371  19.3348520569976 -29.3323676   94.8560 /L    2.9647   0.0181998   80.829729   -81.74882         n.a.     n.a.
 2026-Sep-05 12:00 Nm  04 13 39.37 +21 01 54.9  04 15 14.48 +21 06 02.0  0.536078  0.117795  343.517415  85.719177    5.698   8.225   99.93377  3.653299  210.665394  76.189468  19.2924942599901 -29.2083269   97.2683 /L    2.9503   0.0091478   77.607071   -85.82267         n.a.     n.a.
 2026-Sep-08 00:00 *   04 13 41.49 +21 02 00.1  04 15 16.65 +21 06 07.5  0.449789  0.065259    5.661358 -51.720348    5.693   8.225   99.93467  3.661267   23.704714  76.196296  19.2505046427436 -29.0679586   99.6813 /L    2.9301   0.0075750   81.744689   -86.52984         n.a.     n.a.
 2026-Sep-10 12:00 Nm  04 13 42.24 +21 02 02.5  04 15 17.52 +21 06 10.2  -0.09499  0.001889  305.908788  82.835148    5.689   8.225   99.93581  3.669243  196.732899  76.198676  19.2086594792863 -28.7622211  102.1111 /L    2.9050   0.0015835   271.13941   -89.26760         n.a.     n.a.
 2026-Sep-13 00:00 *m  04 13 41.65 +21 02 00.8  04 15 16.95 +21 06 08.7  -0.18235  -0.04333   12.920170 -50.957972    5.684   8.225   99.93717  3.677152    9.747655  76.196806  19.1673441035064 -28.5791686  104.5413 /L    2.8741   0.0031239   256.63349   -88.54928         n.a.     n.a.
 2026-Sep-15 12:00 N   04 13 39.70 +21 01 56.4  04 15 15.11 +21 06 04.5  -0.72325  -0.11314  293.016541  78.691387    5.679   8.225   99.93874  3.685036  182.750782  76.190462  19.1263384020811 -28.0898979  106.9881 /L    2.8383   0.0122008   261.10940   -84.26561         n.a.     n.a.
 2026-Sep-18 00:00 *m  04 13 36.43 +21 01 48.1  04 15 11.89 +21 05 56.3  -0.80886  -0.15040   19.842472 -49.624233    5.674   8.225   99.94052  3.692820  355.740261  76.179945  19.0860210215274 -27.8680212  109.4348 /L    2.7968   0.0137121   259.46685   -83.52367         n.a.     n.a.
 2026-Sep-20 12:00 N   04 13 31.81 +21 01 36.9  04 15 07.39 +21 05 45.6  -1.34083  -0.22646  287.599721  74.235802    5.670   8.225   99.94250  3.700547  168.717847  76.164980  19.0461709538371 -27.2031484  111.8978 /L    2.7504   0.0226636   260.41355   -79.14216         n.a.     n.a.
 2026-Sep-23 00:00 *m  04 13 25.91 +21 01 21.9  04 15 01.52 +21 05 31.0  -1.42363  -0.25575   26.283590 -47.765615    5.665   8.225   99.94465  3.708143  341.681770  76.145956  19.0071556829690 -26.9490361  114.3606 /L    2.6986   0.0241070   259.81577   -78.38607         n.a.     n.a.
 2026-Sep-25 12:00 N   04 13 18.67 +21 01 04.2  04 14 54.38 +21 05 13.9  -1.94265  -0.33767  284.931428  69.660353    5.661   8.225   99.94697  3.715649  154.633718  76.122540  18.9687560001991 -26.1167520  116.8400 /L    2.6418   0.0328629   260.13948   -73.90635         n.a.     n.a.
 2026-Sep-28 00:00 *   04 13 10.21 +21 00 42.7  04 14 45.92 +21 04 52.6  -2.02319  -0.35884   32.162758 -45.440989    5.657   8.225   99.94943  3.722996  327.572165  76.095196  18.9313271722695 -25.8347242  119.3194 /L    2.5798   0.0342461   259.94251   -73.12532         n.a.     n.a.
 2026-Sep-30 12:00 Nm  04 13 00.43 +21 00 18.5  04 14 36.25 +21 04 28.9  -2.52678  -0.44676  283.542220  65.022196    5.652   8.225   99.95204  3.730221  140.498659  76.063524  18.8946559785444 -24.8408585  121.8156 /L    2.5130   0.0427662   259.97319   -68.53530         n.a.     n.a.
 2026-Oct-03 00:00 *   04 12 49.47 +20 59 50.6  04 14 25.33 +21 04 01.5  -2.60602  -0.46005   37.456079 -42.712809    5.648   8.224   99.95475  3.737256  313.411899  76.028061  18.8590877453444 -24.5283996  124.3124 /L    2.4411   0.0441053   259.98863   -67.71113         n.a.     n.a.
 2026-Oct-05 12:00 Nm  04 12 37.23 +20 59 20.0  04 14 13.21 +21 03 31.8  -3.09082  -0.55311  282.852372  60.344473    5.644   8.224   99.95756  3.744138  126.313299  75.988345  18.8244246275431 -23.3698752  126.8264 /L    2.3645   0.0523320   259.85425   -62.99990         n.a.     n.a.
 2026-Oct-08 00:00 *   04 12 23.87 +20 58 45.9  04 13 59.86 +21 02 58.2  -3.16745  -0.55803   42.181005 -39.640900    5.640   8.224   99.96043  3.750797  299.201821  75.944997  18.7910050461990 -23.0175814  129.3407 /L    2.2832   0.0536038   260.00840   -62.12307         n.a.     n.a.
 2026-Oct-10 12:00 N   04 12 09.27 +20 58 09.3  04 13 45.34 +21 02 22.3  -3.62697  -0.65510  282.591136  55.639002    5.636   8.224   99.96337  3.757267  112.078777  75.897527  18.7586465359838 -21.6944733  131.8719 /L    2.1972   0.0614275   259.76163   -57.29892         n.a.     n.a.
 2026-Oct-13 00:00 *m  04 11 53.63 +20 57 29.3  04 13 29.71 +21 01 42.7  -3.69722  -0.65097   46.379683 -36.279495    5.633   8.224   99.96633  3.763482  284.943452  75.846652  18.7276705361676 -21.3029040  134.4025 /L    2.1068   0.0625682   260.01434   -56.38183         n.a.     n.a.
 2026-Oct-15 12:00 N   04 11 36.84 +20 56 46.9  04 13 13.01 +21 01 01.2  -4.12517  -0.75102  282.617458  50.913417    5.629   8.225   99.96930  3.769473   97.797060  75.791855  18.6979029207026 -19.8280033  136.9493 /L    2.0121   0.0698830   259.68186   -51.46123         n.a.     n.a.
 2026-Oct-18 00:00 *m  04 11 19.09 +20 56 01.3  04 12 55.29 +21 00 16.2  -4.18690  -0.73794   50.105198 -32.675419    5.626   8.225   99.97225  3.775180  270.639163  75.733938  18.6696395199233 -19.4061075  139.4948 /L    1.9134   0.0708572   260.00432   -50.51303         n.a.     n.a.
 2026-Oct-20 12:00 N   04 11 00.27 +20 55 13.6  04 12 36.55 +20 59 29.5  -4.57864  -0.84026  282.852146  46.173459    5.623   8.225   99.97516  3.780632   83.470842  75.672351  18.6427139527679 -17.7964594  142.0559 /L    1.8107   0.0775850   259.60090   -45.51002         n.a.     n.a.
 2026-Oct-23 00:00 *m  04 10 40.61 +20 54 22.8  04 12 16.89 +20 58 39.5  -4.63143  -0.81807   53.413423 -28.868399    5.620   8.225   99.97800  3.785774  256.291918  75.607964  18.6173951936656 -17.3520314  144.6150 /L    1.7043   0.0783853   259.98290   -44.53058         n.a.     n.a.
 2026-Oct-25 12:00 N   04 10 19.97 +20 53 30.1  04 11 56.30 +20 57 47.7  -4.98433  -0.92208  283.247988  41.424063    5.617   8.225   99.98076  3.790633   69.103293  75.540184  18.5935278368192 -15.6233862  147.1895 /L    1.5943   0.0844818   259.51897   -39.45093         n.a.     n.a.
 2026-Oct-28 00:00 *   04 09 58.60 +20 52 34.7  04 11 34.94 +20 56 52.8  -5.02902  -0.89146   56.357838 -24.891736    5.614   8.225   99.98341  3.795159  241.904993  75.469937  18.5713536071842 -15.1614453  149.7618 /L    1.4811   0.0851237   259.94801   -38.43186         n.a.     n.a.
 2026-Oct-30 12:00 Nm  04 09 36.35 +20 51 37.5  04 11 12.77 +20 55 56.7  -5.34130  -0.99633  283.776602  36.669865    5.612   8.225   99.98593  3.799378   54.697712  75.396586  18.5507341656230 -13.3236255  152.3496 /L    1.3647   0.0905572   259.43387   -33.27365         n.a.     n.a.
 2026-Nov-02 00:00 *   04 09 13.47 +20 50 37.9  04 10 49.92 +20 54 57.9  -5.37826  -0.95724   58.986678 -20.772840    5.610   8.225   99.98828  3.803241  227.481683  75.321109  18.5318906648474 -12.8383499  154.9352 /L    1.2455   0.0910463   259.90794   -32.19308         n.a.     n.a.
 2026-Nov-04 12:00 Nm  04 08 49.82 +20 49 36.7  04 10 26.31 +20 53 57.8  -5.64588  -1.06163  284.421125  31.915292    5.608   8.225   99.99048  3.806771   40.257413  75.242850  18.5147085295286 -10.8950742  157.5363 /L    1.1234   0.0957470   259.35067   -26.95484         n.a.     n.a.
 2026-Nov-07 00:00 *   04 08 25.68 +20 48 33.4  04 10 02.16 +20 52 55.2  -5.67176  -1.01361   61.342573 -16.534608    5.606   8.225   99.99248  3.809924  213.025386  75.162858  18.4993835113944 -10.3844972  160.1343 /L    0.9992   0.0960269   259.86757   -25.81277         n.a.     n.a.
 2026-Nov-09 12:00 N   04 08 00.88 +20 47 28.8  04 09 37.40 +20 51 51.6  -5.88929  -1.11585  285.171862  27.165118    5.604   8.225   99.99428  3.812720   25.785975  75.080478  18.4858172981555  -8.3514397  162.7469 /L    0.8725   0.0999011   259.27130   -20.51637         n.a.     n.a.
 2026-Nov-12 00:00 *m  04 07 35.73 +20 46 22.5  04 09 12.26 +20 50 46.0  -5.90163  -1.05901   63.461895 -12.196334    5.603   8.225   99.99584  3.815124  198.539890  74.996817  18.4741703253623  -7.8248604  165.3552 /L    0.7442   0.0999315   259.82694   -19.32759         n.a.     n.a.
 2026-Nov-14 12:00 N   04 07 10.07 +20 45 15.2  04 08 46.65 +20 49 39.9  -6.06547  -1.15828  286.024856  22.424610    5.602   8.225   99.99718  3.817152   11.287334  74.911219  18.4643560453333  -5.7258760  167.9770 /L    0.6141   0.1029179   259.18879   -14.00214         n.a.     n.a.
 2026-Nov-17 00:00 *m  04 06 44.21 +20 44 06.6  04 08 20.79 +20 48 32.2  -6.06364  -1.09276   65.375391  -7.774264    5.601   8.225   99.99827  3.818777  184.029224  74.824829  18.4564966569772  -5.1948113  170.5932 /L    0.4829   0.1026886   259.78409   -12.78122         n.a.     n.a.
 2026-Nov-19 12:00 N   04 06 17.97 +20 42 57.3  04 07 54.57 +20 47 24.2  -6.17280  -1.18805  286.979957  17.699400    5.600   8.225   99.99910  3.820014  356.765573  74.736971  18.4505197133512  -3.0525539  173.2218 /L    0.3504   0.1047681   259.10577   -7.448627         n.a.     n.a.
 2026-Nov-22 00:00 *m  04 05 51.69 +20 41 47.2  04 07 28.27 +20 46 14.7  -6.15792  -1.11478   67.109153  -3.282359    5.600   8.225   99.99966  3.820844  169.497446  74.648812  18.4465100435161  -2.5260559  175.8434 /L    0.2175   0.1043002   259.73878   -6.204610         n.a.     n.a.
 2026-Nov-24 12:00 Nm  04 05 25.17 +20 40 36.7  04 07 01.77 +20 45 05.3  -6.21281  -1.20548  288.040225  12.995616    5.599   8.225   99.99995  3.821279  342.224644  74.559660  18.4444115712774  -0.3606520  178.4736 /L    0.0840   0.1054780   259.01923   -0.884396         n.a.     n.a.
 2026-Nov-27 00:00 *   04 04 58.75 +20 39 25.8  04 06 35.38 +20 43 55.2  -6.18698  -1.12509   68.684802   1.267446    5.599   8.225   99.99998  3.821307  154.948365  74.470680  18.4442759966430   0.1591639  178.8814 /T    0.0504   0.1048075   259.69346   0.3845150         n.a.     n.a.
 2026-Nov-29 12:00 Am  04 04 32.23 +20 38 14.9  04 06 08.88 +20 42 45.5  -6.18844  -1.21029  289.212080   8.319897    5.599   8.225   99.99973  3.820935  327.668188  74.381169  18.4460727648746   2.3386437  176.2486 /T    0.1839   0.1050946   258.93415   5.6935427        1.562    5.264
 2026-Dec-02 00:00 *   04 04 05.95 +20 37 03.9  04 05 42.59 +20 41 35.4  -6.15080  -1.12295   70.120208   5.865019    5.600   8.225   99.99921  3.820158  140.385456  74.292304  18.4498260487206   2.8571827  173.6172 /T    0.3168   0.1042078   259.65350   7.0031880         n.a.     n.a.
 2026-Dec-04 12:00 Am  04 03 39.71 +20 35 53.3  04 05 16.33 +20 40 25.8  -6.09627  -1.20100  290.504497   3.679459    5.600   8.225   99.99842  3.818977  313.099615  74.203404  18.4555280381087   5.0376408  170.9735 /T    0.4496   0.1035575   258.85512   12.295752        0.320   25.699
 2026-Dec-07 00:00 *   04 03 13.85 +20 34 43.1  04 04 50.47 +20 39 16.3  -6.04482  -1.10681   71.430085  10.501237    5.601   8.225   99.99738  3.817398  125.812179  74.115661  18.4631656038717   5.5481815  168.3381 /T    0.5810   0.1024219   259.62409   13.637573         n.a.     n.a.
 2026-Dec-09 12:00 A   04 02 48.19 +20 33 33.7  04 04 24.81 +20 38 07.9  -5.93325  -1.17711  291.929603  -0.917290    5.602   8.225   99.99608  3.815418  298.522441  74.028416  18.4727450992272   7.7047824  165.6921 /T    0.7116   0.1008148   258.77863   18.889011         n.a.     n.a.
 2026-Dec-12 00:00 *m  04 02 23.07 +20 32 25.2  04 03 59.70 +20 37 00.2  -5.86768  -1.07677   72.625756  15.168022    5.604   8.225   99.99455  3.813051  111.232064  73.942851  18.4842118531169   8.1946867  163.0558 /T    0.8401   0.0994277   259.60140   20.242703         n.a.     n.a.
 2026-Dec-14 12:00 A   04 01 58.30 +20 31 17.8  04 03 34.90 +20 35 54.0  -5.70058  -1.13854  293.502827  -5.460861    5.605   8.225   99.99280  3.810294  283.940196  73.858316  18.4975862648232  10.3024451  160.4103 /T    0.9673   0.0968861   258.70531   25.429946         n.a.     n.a.
 2026-Dec-17 00:00 *m  04 01 34.20 +20 30 11.9  04 03 10.79 +20 34 48.7  -5.62293  -1.03320   73.716002  19.858144    5.607   8.225   99.99083  3.807168   96.648604  73.775959  18.5127746372755  10.7616898  157.7758 /T    1.0918   0.0952844   259.58822   26.776075         n.a.     n.a.
 2026-Dec-19 12:00 A   04 01 10.59 +20 29 07.4  04 02 47.13 +20 33 45.1  -5.40358  -1.08636  295.242928  -9.940546    5.609   8.224   99.98867  3.803667  269.356266  73.695136  18.5298131238987  12.7989291  155.1332 /T    1.2144   0.0918616   258.63252   31.879567         n.a.     n.a.
 2026-Dec-22 00:00 *m  04 00 47.78 +20 28 04.8  04 02 24.33 +20 32 43.0  -5.31658  -0.97719   74.707006  24.565085    5.611   8.224   99.98635  3.799821   82.065038  73.616946  18.5485723585046  13.2213815  152.5026 /T    1.3338   0.0900940   259.58530   33.201850         n.a.     n.a.
 2026-Dec-24 12:00 Am  04 00 25.59 +20 27 03.9  04 02 02.13 +20 31 43.1  -5.04980  -1.02163  297.172943 -14.343994    5.614   8.224   99.98386  3.795618  254.773730  73.540745  18.5691089829618  15.1741814  149.8643 /T    1.4508   0.0858685   258.56287   38.209715         n.a.     n.a.
 2026-Dec-27 00:00 *   04 00 04.31 +20 26 05.4  04 01 40.86 +20 30 45.3  -4.95600  -0.90970   75.601862  29.283189    5.616   8.224   99.98125  3.791094   67.484255  73.467572  18.5912669563308  15.5644419  147.2384 /T    1.5642   0.0839800   259.59882   39.509734         n.a.     n.a.
 2026-Dec-29 12:00 Am  03 59 43.76 +20 25 08.8  04 01 20.26 +20 29 49.7  -4.64395  -0.94466  299.320698 -18.657021    5.619   8.224   99.97852  3.786235  240.195299  73.396814  18.6151294155547  17.4275834  144.6050 /T    1.6748   0.0789843   258.50187   44.435737         n.a.     n.a.
$$EOE
**********************************************************************************************************************************************************************************************************************************************************************************************
Column meaning:
 
TIME

  Times PRIOR to 1962 are UT1, a mean-solar time closely related to the
prior but now-deprecated GMT. Times AFTER 1962 are in UTC, the current
civil or "wall-clock" time-scale. UTC is kept within 0.9 seconds of UT1
using integer leap-seconds for 1972 and later years.

  Conversion from the internal Barycentric Dynamical Time (TDB) of solar
system dynamics to the non-uniform civil UT time-scale requested for output
has not been determined for UTC times after the next July or January 1st.
Therefore, the last known leap-second is used as a constant over future
intervals.

  Time tags refer to the UT time-scale conversion from TDB on Earth
regardless of observer location within the solar system, although clock
rates may differ due to the local gravity field and no analog to "UT"
may be defined for that location.

  Any 'b' symbol in the 1st-column denotes a B.C. date. First-column blank
(" ") denotes an A.D. date.
 
CALENDAR SYSTEM

  Mixed calendar mode was active such that calendar dates after AD 1582-Oct-15
(if any) are in the modern Gregorian system. Dates prior to 1582-Oct-5 (if any)
are in the Julian calendar system, which is automatically extended for dates
prior to its adoption on 45-Jan-1 BC.  The Julian calendar is useful for
matching historical dates. The Gregorian calendar more accurately corresponds
to the Earth's orbital motion and seasons. A "Gregorian-only" calendar mode is
available if such physical events are the primary interest.

  NOTE: "n.a." in output means quantity "not available" at the print-time.
 
SOLAR PRESENCE (OBSERVING SITE)
  Time tag is followed by a blank, then a solar-presence symbol:

       '*'  Daylight (refracted solar upper-limb on or above apparent horizon)
       'C'  Civil twilight/dawn
       'N'  Nautical twilight/dawn
       'A'  Astronomical twilight/dawn
       ' '  Night OR geocentric ephemeris

LUNAR PRESENCE (OBSERVING SITE)
  The solar-presence symbol is immediately followed by a lunar-presence symbol:

       'm'  Refracted upper-limb of Moon on or above apparent horizon
       ' '  Refracted upper-limb of Moon below apparent horizon OR geocentric
            ephemeris
 
 'R.A._____(ICRF)_____DEC' =
  Astrometric right ascension and declination of the target center with
respect to the observing site (coordinate origin) in the reference frame of
the planetary ephemeris (ICRF). Compensated for down-leg light-time delay
aberration.

  Units: RA  in hours-minutes-seconds of time,    HH MM SS.ff{ffff}
         DEC in degrees-minutes-seconds of arc,  sDD MN SC.f{ffff}
 
 'R.A.__(a-apparent)__DEC' =
  Airless apparent right ascension and declination of the target center
with respect to an instantaneous reference frame defined by the Earth equator
of-date (z-axis) and meridian containing the Earth equinox of-date (x-axis,
EOP-corrected IAU76/80). Compensated for down-leg light-time delay,
gravitational deflection of light, stellar aberration, precession & nutation.
Note: equinox (RA origin) is offset -53 mas from the of-date frame defined
by the IAU06/00a P & N system.

  Units: RA  in hours-minutes-seconds of time,   HH MM SS.ff{ffff}
         DEC in degrees-minutes-seconds of arc, sDD MN SC.f{ffff}
 
 'dRA*cosD d(DEC)/dt' =
  The angular rate of change in apparent RA and DEC of the target. This is
with respect to the non-inertial IAU76/80 Earth true equator and equinox
of-date reference frame.  d(RA)/dt is multiplied by the cosine of declination
to provide a linear rate in the plane-of-sky. Units: ARCSECONDS PER HOUR
 
 'Azi____(a-app)___Elev' =
  Airless apparent azimuth and elevation of target center. Compensated
for light-time, the gravitational deflection of light, stellar aberration,
precession and nutation. Azimuth is measured clockwise from north:

  North(0) -> East(90) -> South(180) -> West(270) -> North (360)

Elevation angle is with respect to a plane perpendicular to the reference
surface local zenith direction. TOPOCENTRIC ONLY.  Units: DEGREES
 
 'APmag   S-brt' =
  The targets' approximate apparent visual magnitude and surface brightness.
For planets and natural satellites, output is restricted to solar phase angles
covered by observational data. Outside the observed phase angle range, "n.a."
may be output to avoid extrapolation beyond the limit of model validity.

   For Earth-based observers, the estimated dimming due to atmospheric
absorption (extinction) is available as a separate, requestable quantity.

   Surface brightness is the average airless visual magnitude of a
square-arcsecond of the illuminated portion of the apparent disk. It is
computed only if the target radius is known.

   Units: MAGNITUDES & MAGNITUDES PER SQUARE ARCSECOND
 
 'Illu%' =
   Fraction of the target objects' assumed circular disk illuminated by Sun
(phase), as seen by the observer.  Units: PERCENT
 
 'Ang-diam' =
   The equatorial angular width of the target body full disk, if it were fully
illuminated and visible to the observer. If the target body diameter is unknown
"n.a." is output.

   Units: ARCSECONDS
 
 'ObsSub-LON ObsSub-LAT' =
   Apparent planetodetic longitude and latitude of the center of the target
disc seen by the OBSERVER at print-time. This is NOT exactly the same as the
"nearest" sub-point for a non-spherical target shape (since the center of the
disc might not be the point closest to the observer), but is generally very
close if not a very irregular body shape. Down-leg light travel-time from
target to observer is taken into account. Latitude is the angle between the
equatorial plane and the line perpendicular to the reference ellipsoid of the
body, so includes body oblateness. The reference ellipsoid is an oblate
spheroid with a single flatness coefficient in which the y-axis body radius
is taken to be the same value as the x-axis radius. For Jupiter, Saturn, and
Uranus, IAU2015 longitude is based on the "System III" prime meridian rotation
angle of the magnetic field. By contrast, pole direction (thus latitude) is
relative to the body dynamical equator.  There can be an offset between the
magnetic pole and the dynamical pole of rotation. For Neptune, rotation is
IAU2015 "System II" rotation of optically observed features in the Neptunian
atmosphere. Positive longitude is to the EAST for this target. Cartographic
system is specified in the header. Units: DEGREES DEGREES
 
 'delta      deldot' =
   Apparent range ("delta", light-time aberrated) and range-rate ("delta-dot")
of the target center relative to the observer. A positive "deldot" means the
target center is moving away from the observer, negative indicates movement
toward the observer.  Units: AU and KM/S
 
 'S-O-T /r' =
   Sun-Observer-Target apparent SOLAR ELONGATION ANGLE seen from the observers'
location at print-time.

   The '/r' column provides a code indicating the targets' apparent position
relative to the Sun in the observers' sky, as described below:

   Case A: For an observing location on the surface of a rotating body, that
body rotational sense is considered:

    /T indicates target TRAILS Sun   (evening sky: rises and sets AFTER Sun)
    /L indicates target LEADS Sun    (morning sky: rises and sets BEFORE Sun)

   Case B: For an observing point that does not have a rotational model (such
as a spacecraft), the "leading" and "trailing" condition is defined by the
observers' heliocentric ORBITAL motion:

    * If continuing in the observers' current direction of heliocentric
       motion would encounter the targets' apparent longitude first, followed
       by the Sun's, the target LEADS the Sun as seen by the observer.

    * If the Sun's apparent longitude would be encountered first, followed
       by the targets', the target TRAILS the Sun.

   Two other codes can be output:
    /* indicates observer is Sun-centered    (undefined)
    /? Target is aligned with Sun center     (no lead or trail)

   The S-O-T solar elongation angle is numerically the minimum separation
angle of the Sun and target in the sky in any direction. It does NOT indicate
the amount of separation in the leading or trailing directions, which would
be defined along the equator of a spherical coordinate system.

   Units: DEGREES
 
 'S-T-O' =
   The Sun-Target-Observer angle; the interior vertex angle at target center
formed by a vector from the target to the apparent center of the Sun (at
reflection time on the target) and the apparent vector from target to the
observer at print-time. Slightly different from true PHASE ANGLE (requestable
separately) at the few arcsecond level in that it includes stellar aberration
on the down-leg from target to observer.  Units: DEGREES
 
 'Sky_motion  Sky_mot_PA  RelVel-ANG' =
  Total apparent angular rate of the target in the plane-of-sky. "Sky_mot_PA"
is the position angle of the target's direction of motion in the plane-of-sky,
measured counter-clockwise from the apparent of-date north pole direction.
"RelVel-ANG" is the flight path angle of the target's relative motion with
respect to the observer's line-of-sight, in the range [-90,+90], where positive
values indicate motion away from the observer, negative values are toward the
observer:

  -90 = target is moving directly toward the observer
    0 = target is moving at right angles to the observer's line-of-sight
  +90 = target is moving directly away from the observer

UNITS:  ARCSECONDS/MINUTE, DEGREES, DEGREES
 
 'Lun_Sky_Brt  sky_SNR' =
  Sky brightness due to moonlight scattered by Earth's atmosphere at the
target's position in the sky. "sky_SNR" is the visual signal-to-noise ratio
(SNR) of the target's surface brightness relative to background sky. Output
only for topocentric Earth observers when both the Moon and target are above
the local horizon and the Sun is in astronomical twilight (or further) below
the horizon, and the target is not the Moon or Sun. If all conditions are
not met, "n.a." is output. Galactic brightness, local sky light-pollution
and weather are NOT considered. Lunar opposition surge is considered. The
value returned is accurate under ideal conditions at the approximately 8-23%
level, so is a useful but not definitive value.

  If the target-body radius is also known, "sky_SNR" is output. This is the
approximate visual signal-to-noise ratio of the target's brightness divided
by lunar sky brightness. When sky_SNR < 1, the target is dimmer than the
ideal moonlight-scattering background sky, so unlikely to be detectable at
visual wavelengths. In practice, visibility requires sky_SNR > 1 and a
detector sensitive enough to reach the target's magnitude, even if it isn't
washed out by moonlight. When relating magnitudes and brightness values,
keep in mind their logarithmic relationship m2-m1 = -2.5*log_10(b2/b1).

  UNITS: VISUAL MAGNITUDES / ARCSECOND^2, and unitless ratio

Computations by ...

    Solar System Dynamics Group, Horizons On-Line Ephemeris System
    4800 Oak Grove Drive, Jet Propulsion Laboratory
    Pasadena, CA  91109   USA

    General site: https://ssd.jpl.nasa.gov/
    Mailing list: https://ssd.jpl.nasa.gov/email_list.html
    System news : https://ssd.jpl.nasa.gov/horizons/news.html
    User Guide  : https://ssd.jpl.nasa.gov/horizons/manual.html
    Connect     : browser        https://ssd.jpl.nasa.gov/horizons/app.html#/x
                  API            https://ssd-api.jpl.nasa.gov/doc/horizons.html
                  command-line   telnet ssd.jpl.nasa.gov 6775
                  e-mail/batch   https://ssd.jpl.nasa.gov/ftp/ssd/horizons_batch.txt
                  scripts        https://ssd.jpl.nasa.gov/ftp/ssd/SCRIPTS
    Author      : Jon.D.Giorgini@jpl.nasa.gov

**********************************************************************************************************************************************************************************************************************************************************************************************
