*******************************************************************************
 Revised: September 25, 2025           Uranus                               799
 
 PHYSICAL DATA:
  Mass x10^24 (kg)      = 86.813          Density (g/cm^3)       =  1.271
  Equat. radius (1 bar) = 25559+-4 km     Polar radius (km)      = 24973+-20
  Vol. Mean Radius (km) = 25362+-12       Flattening             =  0.02293
  Geometric Albedo      = 0.51
  Sid. rot. period (III)= 17.24+-0.01 h   Sid. rot. rate (rad/s) = -0.000101237
  Mean solar day, h     =~17.24           Rocky core mass (Mc/M) =  0.0012        
  GM (km^3/s^2)         = 5793950.6103    GM 1-sigma (km^3/s^2)  = +-4.3 
  Equ. grav, ge (m/s^2) =  8.87           Pol. grav, gp (m/s^2)  =   9.19+-0.02
  Visual magnitude V(1,0)= -7.11
  Vis. mag. (opposition)=  +5.52          Obliquity to orbit     = 97.77 deg
  Sidereal orbit period = 84.0120465 y    Sidereal orbit period  = 30685.4 d
  Mean daily motion     = 0.01176904 dg/d Mean orbit velocity    =  6.8 km/s
  Atmos. temp. (1 bar)  =  76+-2 K        Escape speed, km/s     =  21.3           
  Aroche(ice)/Rp        =  2.20           Hill's sphere rad., Rp = 2700
                                 Perihelion   Aphelion    Mean
  Solar Constant (W/m^2)         4.09         3.39        3.71
  Maximum Planetary IR (W/m^2)   0.72         0.55        0.63
  Minimum Planetary IR (W/m^2)   0.72         0.55        0.63
*******************************************************************************


*******************************************************************************
Ephemeris / WWW_USER Mon Apr  6 16:52:20 2026 Pasadena, USA      / Horizons    
*******************************************************************************
Target body name: Uranus (799)                    {source: ura184_merged}
Center body name: Earth (399)                     {source: DE441}
Center-site name: (user defined site below)
*******************************************************************************
Start time      : A.D. 2026-Jan-01 00:00:00.0000 UT      
Stop  time      : A.D. 2026-Dec-31 00:00:00.0000 UT      
Step-size       : 3600 minutes
*******************************************************************************
Target pole/equ : IAU_URANUS                      {East-longitude positive}
Target radii    : 25559.0, 25559.0, 24973.0 km    {Equator_a, b, pole_c}       
Center geodetic : 260.9, 19.4, 2.24               {E-lon(deg),Lat(deg),Alt(km)}
Center cylindric: 260.9, 6020.33909, 2105.90832   {E-lon(deg),Dxy(km),Dz(km)}
Center pole/equ : ITRF93                          {East-longitude positive}
Center radii    : 6378.137, 6378.137, 6356.752 km {Equator_a, b, pole_c}       
Target primary  : Sun
Vis. interferer : MOON (R_eq= 1737.400) km        {source: DE441}
Rel. light bend : Sun                             {source: DE441}
Rel. lght bnd GM: 1.3271E+11 km^3/s^2                                          
Atmos refraction: NO (AIRLESS)
RA format       : HMS
Time format     : CAL 
Calendar mode   : Mixed Julian/Gregorian
EOP file        : eop.260406.p260703                                           
EOP coverage    : DATA-BASED 1962-JAN-20 TO 2026-APR-06. PREDICTS-> 2026-JUL-02
Units conversion: 1 au= 149597870.700 km, c= 299792.458 km/s, 1 day= 86400.0 s 
Table cut-offs 1: Elevation (-90.0deg=NO ),Airmass (>38.000=NO), Daylight (NO )
Table cut-offs 2: Solar elongation (  0.0,180.0=NO ),Local Hour Angle( 0.0=NO )
Table cut-offs 3: RA/DEC angular rate (     0.0=NO )                           
**********************************************************************************************************************************************************************************************************************************************************************************************
 Date__(UT)__HR:MN     R.A._____(ICRF)_____DEC  R.A.__(a-apparent)__DEC  dRA*cosD d(DEC)/dt  Azi____(a-app)___Elev    APmag   S-brt      Illu%  Ang-diam  ObsSub-LON ObsSub-LAT             delta      deldot     S-O-T /r     S-T-O  Sky_motion  Sky_mot_PA  RelVel-ANG  Lun_Sky_Brt  sky_SNR
**********************************************************************************************************************************************************************************************************************************************************************************************
$$SOE
 2026-Jan-01 00:00 *m  03 41 25.54 +19 25 28.6  03 42 56.94 +19 30 34.6  -4.09227  -0.85030   80.219125  39.147208    5.646   8.236   99.97084  3.757945    3.751307  69.516108  18.7552647925093  19.6554958  137.3828 /T    1.9525   0.0696612   258.26201   51.216881         n.a.     n.a.
 2026-Jan-03 12:00 Am  03 41 08.95 +19 24 36.7  03 42 40.33 +19 29 43.4  -3.70394  -0.85614  304.556323 -26.163649    5.649   8.236   99.96794  3.752021  176.501901  69.455688  18.7848738966890  21.2765691  134.7643 /T    2.0479   0.0633600   256.98507   55.932439         n.a.     n.a.
 2026-Jan-06 00:00 *   03 40 53.54 +19 23 48.6  03 42 24.93 +19 28 55.7  -3.59402  -0.73805   81.257445  43.855077    5.652   8.236   99.96505  3.745865  349.253858  69.399493  18.8157464639104  21.5587209  132.1599 /T    2.1385   0.0611502   258.39539   57.171669         n.a.     n.a.
 2026-Jan-08 12:00 Am  03 40 39.14 +19 23 03.7  03 42 10.46 +19 28 11.5  -3.17159  -0.73421  307.713433 -30.028722    5.656   8.236   99.96217  3.739452  162.006035  69.346980  18.8480158491306  23.0495677  129.5501 /T    2.2252   0.0542577   256.96593   61.794211         n.a.     n.a.
 2026-Jan-11 00:00 *   03 40 25.99 +19 22 23.1  03 41 57.29 +19 27 30.9  -3.05764  -0.61596   82.255527  48.559573    5.660   8.235   99.95936  3.732837  334.760162  69.298964  18.8814153395728  23.2930042  126.9545 /T    2.3066   0.0519844   258.61018   63.006454         n.a.     n.a.
 2026-Jan-13 12:00 Am  03 40 13.95 +19 21 45.9  03 41 45.18 +19 26 54.1  -2.60325  -0.60235  311.244485 -33.708186    5.664   8.235   99.95661  3.725994  147.515031  69.254956  18.9160904892258  24.6389448  124.3540 /T    2.3839   0.0445338   256.97184   67.545031         n.a.     n.a.
 2026-Jan-16 00:00 *   03 40 03.21 +19 21 13.2  03 41 34.45 +19 26 21.5  -2.48563  -0.48484   83.217671  53.257396    5.668   8.235   99.95397  3.718984  320.272467  69.215695  18.9517467054460  24.8358895  121.7683 /T    2.4556   0.0422079   258.96253   68.727361         n.a.     n.a.
 2026-Jan-18 12:00 A   03 39 53.65 +19 20 44.2  03 41 24.84 +19 25 53.0  -2.00372  -0.46193  315.201297 -37.166933    5.672   8.235   99.95143  3.711778  133.031199  69.180731  18.9885394531014  26.0214656  119.1787 /T    2.5228   0.0342713   257.01812   73.179642         n.a.     n.a.
 2026-Jan-21 00:00 *m  03 39 45.45 +19 20 19.9  03 41 16.64 +19 25 29.0  -1.88420  -0.34674   84.147237  57.945648    5.676   8.235   99.94904  3.704441  305.793110  69.150711  19.0261490531724  26.1647334  116.6047 /T    2.5843   0.0319306   259.57292   74.322171         n.a.     n.a.
 2026-Jan-23 12:00 A   03 39 38.50 +19 19 59.6  03 41 09.60 +19 25 08.9  -1.38010  -0.31545  319.635286 -40.363602    5.681   8.235   99.94680  3.696943  118.556866  69.125225  19.0647395896523  27.1760792  114.0278 /T    2.6410   0.0235948   257.12507   78.685421         n.a.     n.a.
 2026-Jan-26 00:00 *m  03 39 32.94 +19 19 44.1  03 41 04.02 +19 24 53.3  -1.26185  -0.20378   85.047073  62.621749    5.685   8.235   99.94474  3.689351  291.324397  69.104811  19.1039709750237  27.2621959  111.4676 /T    2.6918   0.0213034   260.82635   79.770916         n.a.     n.a.
 2026-Jan-28 12:00 A   03 39 28.66 +19 19 32.6  03 40 59.68 +19 24 41.9  -0.74264  -0.16528  324.591374 -43.250166    5.690   8.235   99.94285  3.681632  104.094293  69.089085  19.1440205151889  28.0945078  108.9052 /T    2.7378   0.0126801   257.45313   84.037412         n.a.     n.a.
 2026-Jan-31 00:00 *m  03 39 25.78 +19 19 26.1  03 40 56.83 +19 24 35.4  -0.62887  -0.05870   85.918026  67.283623    5.694   8.235   99.94118  3.673857  276.868486  69.078475  19.1845374972673  28.1302087  106.3597 /T    2.7778   0.0105267   264.66765   85.040291         n.a.     n.a.
 2026-Feb-02 12:00 Am  03 39 24.21 +19 19 23.6  03 40 55.20 +19 24 33.0  -0.09940  -0.01342  330.098560 -45.772345    5.699   8.235   99.93970  3.665988   89.645504  69.072644  19.2257175638601  28.7887282  103.8123 /T    2.8128   0.0016717   262.30966   89.226843         n.a.     n.a.
 2026-Feb-05 00:00 *   03 39 24.04 +19 19 26.1  03 40 55.02 +19 24 35.5  0.009866  0.087729   86.758086  71.929631    5.703   8.235   99.93846  3.658094  262.427305  69.071929  19.2672049079586  28.7843412  101.2815 /T    2.8418   0.0014714   6.4162226   89.317920         n.a.     n.a.
 2026-Feb-07 12:00 Am  03 39 25.20 +19 19 32.7  03 40 56.09 +19 24 41.8  0.547447  0.139755  336.155662 -47.872086    5.708   8.235   99.93743  3.650137   75.212393  69.076066  19.3092071400473  29.2694451   98.7486 /T    2.8658   0.0094167   75.679177   85.705551         n.a.     n.a.
 2026-Feb-10 00:00 *   03 39 27.76 +19 19 44.3  03 40 58.65 +19 24 53.2  0.653394  0.235080   87.558018  76.558219    5.713   8.235   99.93664  3.642186  248.002768  69.085312  19.3513563890447  29.2230695   96.2322 /T    2.8839   0.0115733   70.212120   84.707328         n.a.     n.a.
 2026-Feb-12 12:00 Am  03 39 31.66 +19 20 00.0  03 41 02.49 +19 25 08.6  1.195660  0.293493  342.716740 -49.491261    5.717   8.235   99.93609  3.634203   60.796935  69.099464  19.3938638793404  29.5274743   93.7139 /T    2.8968   0.0205192   76.208536   80.747225         n.a.     n.a.
 2026-Feb-15 00:00 *   03 39 36.96 +19 20 20.7  03 41 07.81 +19 25 29.2  1.297412  0.381920   88.280195  81.168042    5.722   8.235   99.93579  3.626259  233.596897  69.118679  19.4363510741840  29.4349610   91.2122 /T    2.9038   0.0225409   73.597130   79.800634         n.a.     n.a.
 2026-Feb-17 12:00 A   03 39 43.59 +19 20 45.4  03 41 14.37 +19 25 53.7  1.840000  0.445533  349.679908 -50.578606    5.727   8.234   99.93572  3.618314   46.401149  69.142810  19.4790312271740  29.5525110   88.7093 /T    2.9057   0.0315529   76.388532   75.888419         n.a.     n.a.
 2026-Feb-20 00:00 *m  03 39 51.60 +19 21 15.1  03 41 22.37 +19 26 23.1  1.935974  0.526240   88.715404  85.757894    5.731   8.234   99.93590  3.610439  219.211691  69.171913  19.5215179368027  29.4105975   86.2234 /T    2.9017   0.0334370   74.793180   74.982369         n.a.     n.a.
 2026-Feb-22 12:00 A   03 40 00.94 +19 21 48.7  03 41 31.62 +19 26 56.1  2.472966  0.594038  356.887342 -51.097964    5.736   8.234   99.93632  3.602594   32.027011  69.205883  19.5640275552131  29.3400322   83.7370 /T    2.8927   0.0423886   76.492736   71.136639         n.a.     n.a.
 2026-Feb-25 00:00 *m  03 40 11.60 +19 22 27.2  03 41 42.31 +19 27 34.1  2.560142  0.665714  280.353268  89.667259    5.741   8.234   99.93697  3.594850  204.849054  69.244659  19.6061742658020  29.1535150   81.2682 /T    2.8780   0.0440880   75.424177   70.282105         n.a.     n.a.
 2026-Feb-27 12:00 A   03 40 23.57 +19 23 09.3  03 41 54.24 +19 28 15.8  3.086337  0.736731    4.142482 -51.034742    5.745   8.234   99.93784  3.587164   17.676288  69.288184  19.6481832245984  28.9047474   78.7991 /T    2.8584   0.0528842   76.574322   66.513035         n.a.     n.a.
 2026-Mar-02 00:00 *m  03 40 36.81 +19 23 56.1  03 42 07.50 +19 29 02.3  3.164023  0.799140  271.846946  85.123750    5.750   8.234   99.93893  3.579604  190.510608  69.336302  19.6896782685265  28.6868364   76.3475 /T    2.8334   0.0543897   75.825207   65.712298         n.a.     n.a.
 2026-Mar-04 12:00 Am  03 40 51.32 +19 24 46.4  03 42 21.93 +19 29 52.0  3.677190  0.873295   11.240798 -50.399640    5.754   8.234   99.94022  3.572127    3.350497  69.389026  19.7308928800971  28.2725331   73.8954 /T    2.8035   0.0629911   76.640338   62.014086         n.a.     n.a.
 2026-Mar-07 00:00 *   03 41 07.04 +19 25 41.2  03 42 37.66 +19 30 46.1  3.747450  0.926556  272.350321  80.597187    5.759   8.234   99.94171  3.564798  176.197813  69.446128  19.7714575736946  28.0291341   71.4600 /T    2.7684   0.0643383   76.112164   61.250907         n.a.     n.a.
 2026-Mar-09 12:00 Am  03 41 24.00 +19 26 39.3  03 42 54.55 +19 31 43.5  4.246332  1.003882   18.003533 -49.226875    5.763   8.234   99.94339  3.557574  349.051103  69.507698  19.8116036732014  27.4517636   69.0237 /T    2.7288   0.0727231   76.698825   57.607927         n.a.     n.a.
 2026-Mar-12 00:00 *   03 41 42.13 +19 27 41.8  03 43 12.71 +19 32 45.3  4.309825  1.047855  273.069185  76.092414    5.767   8.234   99.94523  3.550520  161.912175  69.573425  19.8509648807586  27.1806670   66.6038 /T    2.6840   0.0739230   76.334731   56.870722         n.a.     n.a.
 2026-Mar-14 12:00 Nm  03 42 01.44 +19 28 47.3  03 43 31.98 +19 33 50.2  4.791603  1.127332   24.301930 -47.567621    5.771   8.234   99.94724  3.543593  334.779624  69.643462  19.8897664592336  26.4402090   64.1828 /T    2.6349   0.0820405   76.760653   53.275953         n.a.     n.a.
 2026-Mar-17 00:00 *   03 42 21.86 +19 29 56.9  03 43 52.43 +19 34 59.2  4.848175  1.161588  273.849174  71.609779    5.775   8.234   99.94938  3.536857  147.655189  69.717415  19.9276471719600  26.1386561   61.7779 /T    2.5809   0.0830898   76.526326   52.557088         n.a.     n.a.
 2026-Mar-19 12:00 N   03 42 43.43 +19 31 09.4  03 44 13.92 +19 36 10.8  5.309217  1.242578   30.065003 -45.482466    5.779   8.233   99.95166  3.530271  320.537526  69.795486  19.9648254211075  25.2370698   59.3722 /T    2.5227   0.0908781   76.827495   49.007118         n.a.     n.a.
 2026-Mar-22 00:00 *m  03 43 06.03 +19 32 25.7  03 44 36.54 +19 37 26.2  5.356906  1.266473  274.659118  67.149481    5.783   8.233   99.95403  3.523895  133.428272  69.877190  20.0009496765413  24.9057625   56.9828 /T    2.4600   0.0917430   76.698441   48.311087         n.a.     n.a.
 2026-Mar-24 12:00 N   03 43 29.71 +19 33 44.6  03 45 00.19 +19 38 44.1  5.792571  1.347838   35.272708 -43.033640    5.787   8.233   99.95651  3.517689  306.326119  69.962766  20.0362347496377  23.8528759   54.5929 /T    2.3933   0.0991219   76.901274   44.814028         n.a.     n.a.
 2026-Mar-27 00:00 *m  03 43 54.33 +19 35 06.9  03 45 24.88 +19 40 05.8  5.830006  1.361168  275.490902  62.711523    5.790   8.233   99.95905  3.511710  119.232576  70.051644  20.0703492198368  23.5031608   52.2195 /T    2.3225   0.0997800   76.858210   44.152669         n.a.     n.a.
 2026-Mar-29 12:00 N   03 44 19.98 +19 36 31.6  03 45 50.49 +19 41 29.6  6.237948  1.442771   39.941859 -40.279382    5.794   8.233   99.96165  3.505918  292.146388  70.144118  20.1035096378153  22.3185095   49.8455 /T    2.2479   0.1067104   76.977089   40.715541         n.a.     n.a.
 2026-Apr-01 00:00 *m  03 44 46.48 +19 37 59.4  03 46 17.01 +19 42 56.5  6.266973  1.445987  276.342436  58.295753    5.797   8.233   99.96428  3.500364  105.068948  70.239560  20.1354065681089  21.9613606   47.4875 /T    2.1696   0.1071938   77.007448   40.086634         n.a.     n.a.
 2026-Apr-03 12:00 Nm  03 45 13.93 +19 39 29.2  03 46 44.42 +19 44 25.2  6.647473  1.528080   44.111653 -37.271678    5.801   8.233   99.96693  3.495010  277.999108  70.338337  20.1662497675161  20.6563795   45.1283 /T    2.0878   0.1136807   77.054104   36.698502         n.a.     n.a.
 2026-Apr-06 00:00 *   03 45 42.16 +19 41 01.8  03 47 12.69 +19 45 56.9  6.670117  1.521943  277.214174  53.902199    5.804   8.233   99.96958  3.489906   90.938159  70.439770  20.1957459797172  20.2924052   42.7842 /T    2.0027   0.1140258   77.146680   36.089033         n.a.     n.a.
 2026-Apr-08 12:00 Nm  03 46 11.28 +19 42 36.3  03 47 41.80 +19 47 30.2  7.022199  1.603992   47.831414 -34.054746    5.807   8.233   99.97222  3.485014  263.885062  70.544282  20.2240914670381  18.8716562   40.4383 /T    1.9142   0.1200510   77.133390   32.738871         n.a.     n.a.
 2026-Apr-11 00:00 *   03 46 41.09 +19 44 13.2  03 48 11.67 +19 49 06.3  7.039187  1.588403  278.108402  49.530966    5.809   8.233   99.97482  3.480382   76.840973  70.651138  20.2510079527201  18.4974795   38.1068 /T    1.8228   0.1202696   77.284091   32.137677         n.a.     n.a.
 2026-Apr-13 12:00 Cm  03 47 11.73 +19 45 51.7  03 48 42.29 +19 50 43.8  7.361157  1.669973   51.153149 -30.665405    5.812   8.232   99.97738  3.475976  249.804971  70.760808  20.2766764722690  16.9653961   35.7730 /T    1.7283   0.1258035   77.218066   28.816330         n.a.     n.a.
 2026-Apr-16 00:00 *   03 47 42.98 +19 47 32.4  03 49 13.57 +19 52 23.5  7.371788  1.645033  279.027696  45.182184    5.814   8.232   99.97985  3.471839   62.778064  70.872498  20.3008367493091  16.5792300   33.4533 /T    1.6311   0.1258851   77.420406   28.218623         n.a.     n.a.
 2026-Apr-18 12:00 C   03 48 14.97 +19 49 14.3  03 49 45.55 +19 54 04.0  7.660577  1.725210   54.127091 -27.133975    5.817   8.232   99.98226  3.467941  235.759426  70.986706  20.3236549675016  14.9434030   31.1311 /T    1.5313   0.1308740   77.308370   24.923960         n.a.     n.a.
 2026-Apr-21 00:00 *m  03 48 47.48 +19 50 58.0  03 50 18.14 +19 55 46.8  7.663154  1.690701  279.975283  40.856025    5.819   8.232   99.98455  3.464321   48.749880  71.102575  20.3448945200203  14.5493452   28.8231 /T    1.4292   0.1307908   77.558299   24.334953         n.a.     n.a.
 2026-Apr-23 12:00 C   03 49 20.65 +19 52 42.7  03 50 51.33 +19 57 30.3  7.915800  1.769085   56.798938 -23.484759    5.821   8.232   99.98674  3.460949  221.748688  71.220628  20.3647141988062  12.8292819   26.5129 /T    1.3247   0.1351846   77.402107   21.078267         n.a.     n.a.
 2026-Apr-26 00:00 *m  03 49 54.24 +19 54 28.8  03 51 24.98 +19 59 15.6  7.910778  1.725548  280.955290  36.552594    5.823   8.232   99.98879  3.457860   34.756474  71.339967  20.3829103222985  12.4410084   24.2166 /T    1.2183   0.1349464   77.695026   20.510329         n.a.     n.a.
 2026-Apr-28 12:00 C   03 50 28.41 +19 56 15.6  03 51 59.14 +20 01 01.0  8.128158  1.802341   59.209355 -19.737328    5.824   8.232   99.99071  3.455025  207.772635  71.461168  20.3996321643606  10.6554872   21.9177 /T    1.1099   0.1387598   77.497504   17.292538         n.a.     n.a.
 2026-May-01 00:00 *   03 51 02.90 +19 58 03.4  03 52 33.68 +20 02 47.8  8.118248  1.751060  281.971885  32.272190    5.826   8.232   99.99246  3.452475   20.797639  71.583313  20.4147022709636  10.2766887   19.6321 /T    1.0001   0.1384158   77.828102   16.740032         n.a.     n.a.
 2026-May-03 12:00 Cm  03 51 37.89 +19 59 51.7  03 53 08.69 +20 04 34.7  8.300978  1.826273   61.393553 -15.907548    5.827   8.231   99.99406  3.450185  193.831041  71.707019  20.4282518784932   8.4343824   17.3430 /T    0.8885   0.1416583   77.592200   13.551221         n.a.     n.a.
 2026-May-06 00:00 *   03 52 13.12 +20 01 40.8  03 53 44.00 +20 06 22.8  8.287470  1.767555  283.030247  28.015486    5.828   8.231   99.99548  3.448181    6.873127  71.831349  20.4401256442472   8.0616148   15.0663 /T    0.7757   0.1412311   77.960322   13.003424         n.a.     n.a.
 2026-May-08 12:00 *m  03 52 48.77 +20 03 30.1  03 54 19.70 +20 08 10.9  8.435390  1.840760   63.381512 -12.008044    5.829   8.231   99.99672  3.446443  179.923604  71.956949  20.4504332284811   6.1677514   12.7852 /T    0.6616   0.1438983   77.689965   9.8312698         n.a.     n.a.
 2026-May-11 00:00 *   03 53 24.58 +20 05 19.8  03 54 55.57 +20 09 59.8  8.418298  1.775113  284.136136  23.783379    5.830   8.231   99.99777  3.444992  352.982570  72.082856  20.4590424143242   5.7973960   10.5158 /T    0.5466   0.1433903   78.092836   9.2795413         n.a.     n.a.
 2026-May-13 12:00 *m  03 54 00.72 +20 07 09.5  03 55 31.73 +20 11 48.1  8.529856  1.845734   65.199022  -8.049071    5.831   8.231   99.99862  3.443814  166.049870  72.209730  20.4660419160262   3.8592040    8.2414 /T    0.4306   0.1454544   77.790286   6.1159219         n.a.     n.a.
 2026-May-16 00:00 *m  03 54 36.94 +20 08 59.4  03 56 08.01 +20 13 36.8  8.508064  1.773176  285.295802  19.577023    5.831   8.231   99.99927  3.442926  339.125382  72.336581  20.4713247881966   3.4896743    5.9785 /T    0.3142   0.1448479   78.227434   5.5552570         n.a.     n.a.
 2026-May-18 12:00 *   03 55 13.40 +20 10 48.9  03 56 44.55 +20 15 25.0  8.580706  1.840640   66.867993  -4.038834    5.832   8.231   99.99972  3.442314  152.209075  72.464070  20.4749619014971   1.5202559    3.7108 /T    0.1970   0.1462650   77.893005   2.3991634         n.a.     n.a.
 2026-May-21 00:00 *m  03 55 49.83 +20 12 38.2  03 57 21.09 +20 17 13.5  8.552649  1.761507  286.516733  15.397906    5.832   8.231   99.99996  3.441991  325.300572  72.591179  20.4768807903856   1.1610478    1.4587 /T    0.0800   0.1455361   78.362077   1.8405150         n.a.     n.a.
 2026-May-23 12:00 *   03 56 26.41 +20 14 27.0  03 57 57.67 +20 19 00.8  8.586141  1.825601   68.407008   0.016548    5.832   8.230   99.99999  3.441947  138.399962  72.718581  20.4771421149453  -0.8162847    0.8290 /L    0.0387   0.1463013   77.996424   -1.297073         n.a.     n.a.
 2026-May-26 00:00 *m  03 57 02.87 +20 16 15.2  03 58 34.21 +20 20 48.3  8.554177  1.741285  287.807321  11.247506    5.831   8.230   99.99980  3.442189  311.506662  72.845271  20.4757078993412  -1.1560488    3.0697 /L    0.1553   0.1454934   78.494093   -1.844367         n.a.     n.a.
 2026-May-28 12:00 *   03 57 39.40 +20 18 02.7  03 59 10.79 +20 22 34.3  8.550602  1.802449   69.831619   4.111490    5.831   8.230   99.99941  3.442708  124.620948  72.971943  20.4726202406034  -3.1281935    5.3260 /L    0.2725   0.1456419   78.096444   -4.966031         n.a.     n.a.
 2026-May-31 00:00 *   03 58 15.72 +20 19 49.4  03 59 47.19 +20 24 20.0  8.516417  1.713721  289.177067   7.128611    5.830   8.230   99.99881  3.443507  297.742031  73.097608  20.4678672258733  -3.4509210    7.5734 /L    0.3890   0.1447855   78.622567   -5.508192         n.a.     n.a.
 2026-Jun-02 12:00 *m  03 58 52.02 +20 21 35.2  04 00 23.58 +20 26 04.5  8.476855  1.771512   71.155161   8.242147    5.829   8.230   99.99801  3.444584  110.870350  73.222966  20.4614669320725  -5.4121151    9.8280 /L    0.5053   0.1443331   78.196086   -8.626146         n.a.     n.a.
 2026-Jun-05 00:00 *   03 59 28.03 +20 23 19.9  04 00 59.68 +20 27 48.4  8.440973  1.679007  290.637229   3.044269    5.828   8.230   99.99702  3.445937  284.004911  73.347040  20.4534318668919  -5.7228538   12.0736 /L    0.6205   0.1434390   78.750043   -9.172316         n.a.     n.a.
 2026-Jun-07 12:00 *m  04 00 03.95 +20 25 03.4  04 01 35.68 +20 29 30.8  8.365091  1.733082   72.388552  12.405125    5.827   8.229   99.99582  3.447568   97.146307  73.470522  20.4437565338296  -7.6667337   14.3272 /L    0.7352   0.1423789   78.295044   -12.29774         n.a.     n.a.
 2026-Jun-10 00:00 *   04 00 39.49 +20 26 45.7  04 02 11.28 +20 31 12.2  8.326763  1.637026  292.200499  -1.001574    5.826   8.229   99.99445  3.449471  270.293310  73.592443  20.4324789759722  -7.9691446   16.5725 /L    0.8484   0.1414359   78.877609   -12.85608         n.a.     n.a.
 2026-Jun-12 12:00 *m  04 01 14.86 +20 28 26.6  04 02 46.72 +20 32 51.7  8.213388  1.686830   73.541156  16.597709    5.825   8.229   99.99289  3.451652   83.446649  73.713476  20.4195716821733  -9.8869270   18.8266 /L    0.9608   0.1397469   78.394221   -15.99887         n.a.     n.a.
 2026-Jun-15 00:00 *m  04 01 49.76 +20 30 06.0  04 03 21.73 +20 34 30.2  8.170565  1.587584  293.881645  -5.004025    5.823   8.229   99.99117  3.454099  256.604842  73.832655  20.4051021545099 -10.1788570   21.0728 /L    1.0713   0.1387229   79.004144   -16.57172         n.a.     n.a.
 2026-Jun-17 12:00 *   04 02 24.38 +20 31 43.8  04 03 56.47 +20 36 06.9  8.018182  1.632401   74.620411  20.817965    5.821   8.229   99.98929  3.456822   69.768715  73.950622  20.3890287175637 -12.0517207   23.3279 /L    1.1807   0.1363777   78.492567   -19.73029         n.a.     n.a.
 2026-Jun-20 00:00 *m  04 02 58.46 +20 33 19.7  04 04 30.62 +20 37 42.2  7.971011  1.530852  295.698120  -8.957111    5.819   8.229   99.98727  3.459804  242.936538  74.066439  20.3714556309850 -12.3211324   25.5751 /L    1.2878   0.1352780   79.128574   -20.30253         n.a.     n.a.
 2026-Jun-22 12:00 *   04 03 32.16 +20 34 54.0  04 05 04.41 +20 39 15.3  7.782101  1.571231   75.632464  25.064470    5.817   8.229   99.98511  3.463056   56.109296  74.180743  20.3523286105318 -14.1292482   27.8314 /L    1.3935   0.1323189   78.585253   -23.46714         n.a.     n.a.
 2026-Jun-25 00:00 *m  04 04 05.24 +20 36 26.2  04 05 37.55 +20 40 46.7  7.732771  1.468653  297.669820 -12.853432    5.815   8.228   99.98283  3.466556  229.285079  74.292644  20.3317803742032 -14.3738589   30.0802 /L    1.4965   0.1311834   79.246135   -24.03286         n.a.     n.a.
 2026-Jun-27 12:00 *   04 04 37.86 +20 37 56.7  04 06 10.29 +20 42 15.9  7.509795  1.504301   76.581877  29.335966    5.812   8.228   99.98044  3.470318   42.465022  74.402766  20.3097344204391 -16.1106871   32.3387 /L    1.5979   0.1276496   78.672884   -27.21108         n.a.     n.a.
 2026-Jun-30 00:00 *   04 05 09.78 +20 39 24.8  04 06 42.30 +20 43 43.3  7.459294  1.401306  299.820221 -16.683471    5.810   8.228   99.97797  3.474319  215.647037  74.510268  20.2863456687072 -16.3359981   34.5906 /L    1.6962   0.1264963   79.360401   -27.77679         n.a.     n.a.
 2026-Jul-02 12:00 *m  04 05 41.17 +20 40 51.0  04 07 13.82 +20 45 08.6  7.203262  1.432010   77.471350  33.631507    5.807   8.228   99.97541  3.478577   28.832396  74.615742  20.2615151778110 -17.9967120   36.8531 /L    1.7926   0.1224037   78.756178   -30.98020         n.a.     n.a.
 2026-Jul-05 00:00 *   04 06 11.79 +20 42 14.7  04 07 44.50 +20 46 31.7  7.151098  1.328930  302.176469 -20.435500    5.804   8.228   99.97280  3.483063  202.018820  74.718388  20.2354200240435 -18.2074242   39.1100 /L    1.8857   0.1212255   79.472485   -31.55457         n.a.     n.a.
 2026-Jul-07 12:00 *m  04 06 41.81 +20 43 36.4  04 08 14.61 +20 47 52.4  6.862131  1.354126   78.302128  37.950306    5.801   8.228   99.97013  3.487800   15.207690  74.818759  20.2079403543322 -19.7860840   41.3784 /L    1.9766   0.1165744   78.837066   -34.79598         n.a.     n.a.
 2026-Jul-10 00:00 *   04 07 10.97 +20 44 55.3  04 08 43.85 +20 49 10.6  6.806677  1.251466  304.769713 -24.095124    5.798   8.227   99.96744  3.492754  188.396538  74.916091  20.1792766504897 -19.9836138   43.6422 /L    2.0638   0.1153461   79.582028   -35.38732         n.a.     n.a.
 2026-Jul-12 12:00 *m  04 07 39.45 +20 46 12.2  04 09 12.47 +20 50 26.5  6.483741  1.270418   79.073224  42.291796    5.794   8.227   99.96472  3.497951    1.586809  75.010881  20.1492936542023 -21.4683610   45.9182 /L    2.1485   0.1101172   78.913969   -38.67792         n.a.     n.a.
 2026-Jul-15 00:00 *m  04 08 07.00 +20 47 26.1  04 09 40.11 +20 51 39.9  6.423306  1.168440  307.635971 -27.644477    5.791   8.227   99.96203  3.503354  174.775828  75.102409  20.1182206059714 -21.6450156   48.1898 /L    2.2293   0.1088119   79.690260   -39.28476         n.a.     n.a.
 2026-Jul-17 12:00 C   04 08 33.77 +20 48 37.7  04 10 07.01 +20 52 50.9  6.067813  1.181205   79.780517  46.655753    5.787   8.227   99.95934  3.508989  347.965121  75.191127  20.0859149929382 -23.0152981   50.4737 /L    2.3072   0.1030286   78.984158   -42.61795         n.a.     n.a.
 2026-Jul-20 00:00 *m  04 08 59.54 +20 49 46.2  04 10 32.83 +20 53 58.8  6.003852  1.081351  310.815694 -31.061777    5.784   8.227   99.95671  3.514812  161.151896  75.276384  20.0526356491189 -23.1609296   52.7532 /L    2.3809   0.1016743   79.789945   -43.22354         n.a.     n.a.
 2026-Jul-22 12:00 C   04 09 24.45 +20 50 52.4  04 10 57.86 +20 55 04.1  5.619759  1.088082   80.416132  51.041870    5.780   8.227   99.95413  3.520854  334.337790  75.358605  20.0182267955886 -24.4057458   55.0451 /L    2.4514   0.0954021   79.042133   -46.59432         n.a.     n.a.
 2026-Jul-25 00:00 *m  04 09 48.32 +20 51 55.4  04 11 21.80 +20 56 06.6  5.554191  0.990977  314.353144 -34.320031    5.776   8.227   99.95163  3.527067  147.519939  75.437215  19.9829644971646 -24.5241612   57.3331 /L    2.5175   0.0940317   79.883751   -47.19659         n.a.     n.a.
 2026-Jul-27 12:00 C   04 10 11.25 +20 52 55.9  04 11 44.88 +20 57 06.5  5.144187  0.991566   80.964915  55.449693    5.772   8.226   99.94921  3.533483  320.700079  75.512594  19.9466749281536 -25.6411814   59.6341 /L    2.5801   0.0873147   79.089781   -50.61346         n.a.     n.a.
 2026-Jul-30 00:00 *   04 10 33.09 +20 53 53.0  04 12 06.79 +20 58 03.3  5.076974  0.897612  318.295047 -37.386233    5.768   8.226   99.94690  3.540055  133.875272  75.584236  19.9096493949810 -25.7374195   61.9320 /L    2.6381   0.0859285   79.973685   -51.21922         n.a.     n.a.
 2026-Aug-01 12:00 Cm  04 10 53.93 +20 54 47.7  04 12 27.75 +20 58 57.5  4.642638  0.891530   81.400463  59.878680    5.763   8.226   99.94471  3.546815  307.047312  75.652467  19.8716980041938 -26.7239539   64.2437 /L    2.6924   0.0787911   79.129771   -54.69438         n.a.     n.a.
 2026-Aug-04 00:00 *   04 11 13.62 +20 55 38.9  04 12 47.49 +20 59 48.3  4.572846  0.801194  322.686762 -40.221047    5.759   8.226   99.94267  3.553713  120.213208  75.716841  19.8331264871166 -26.8014160   66.5533 /L    2.7419   0.0773751   80.062262   -55.31273         n.a.     n.a.
 2026-Aug-06 12:00 Cm  04 11 32.25 +20 56 27.5  04 13 06.25 +21 00 36.3  4.114478  0.787977   81.675646  64.327954    5.755   8.226   99.94076  3.560786  293.374780  75.777615  19.7937332401113 -27.6514664   68.8775 /L    2.7874   0.0698209   79.158380   -58.86229         n.a.     n.a.
 2026-Aug-09 00:00 *   04 11 49.68 +20 57 12.5  04 13 23.75 +21 01 20.9  4.039994  0.701264  327.566858 -42.778219    5.750   8.226   99.93903  3.567977  106.528963  75.834405  19.7538413320327 -27.7067766   71.2003 /L    2.8279   0.0683401   80.152686   -59.50384         n.a.     n.a.
 2026-Aug-11 12:00 Cm  04 12 05.98 +20 57 54.8  04 13 40.21 +21 02 03.0  3.558771  0.680499   81.699397  68.796122    5.746   8.226   99.93747  3.575324  279.677574  75.887396  19.7132452354714 -28.4064899   73.5383 /L    2.8642   0.0603875   79.174722   -63.13506         n.a.     n.a.
 2026-Aug-14 00:00 *m  04 12 21.03 +20 58 33.4  04 13 55.31 +21 02 41.5  3.479546  0.598434  332.958656 -45.005130    5.741   8.226   99.93612  3.582768   92.817555  75.936280  19.6722897811155 -28.4278653   75.8750 /L    2.8952   0.0588439   80.241393   -63.79285         n.a.     n.a.
 2026-Aug-16 12:00 C   04 12 34.88 +20 59 09.3  04 14 09.28 +21 03 17.0  2.979607  0.570613   81.279598  73.280376    5.736   8.225   99.93495  3.590346  265.950758  75.981191  19.6307690206724 -28.9620425   78.2266 /L    2.9219   0.0505625   79.158759   -67.49727         n.a.     n.a.
 2026-Aug-19 00:00 *m  04 12 47.45 +20 59 41.3  04 14 21.89 +21 03 48.8  2.898287  0.493934  338.858057 -46.844917    5.732   8.225   99.93401  3.597994   79.074213  76.021920  19.5890407168080 -28.9464260   80.5770 /L    2.9431   0.0490012   80.328414   -68.15709         n.a.     n.a.
 2026-Aug-21 12:00 C   04 12 58.78 +21 00 10.7  04 14 33.36 +21 04 17.9  2.384686  0.459276   79.935731  77.773286    5.727   8.225   99.93328  3.605753  252.189828  76.058554  19.5468894417891 -29.3141839   82.9422 /L    2.9597   0.0404752   79.098658   -71.93164         n.a.     n.a.
 2026-Aug-24 00:00 *m  04 13 08.81 +21 00 36.1  04 14 43.45 +21 04 43.3  2.302337  0.388460  345.221559 -48.239621    5.722   8.225   99.93278  3.613556   65.294742  76.090971  19.5046774746948 -29.2671090   85.3065 /L    2.9709   0.0389146   80.423004   -72.59446         n.a.     n.a.
 2026-Aug-26 12:00 C   04 13 17.56 +21 00 58.8  04 14 52.34 +21 05 06.0  1.778254  0.346623   76.067136  82.250390    5.717   8.225   99.93250  3.621447  238.390867  76.119197  19.4621806672067 -29.4702408   87.6861 /L    2.9773   0.0301954   78.970018   -76.44771         n.a.     n.a.
 2026-Aug-29 00:00 *   04 13 24.99 +21 01 17.6  04 14 59.80 +21 05 24.8  1.694924  0.281937  351.957226 -49.136558    5.713   8.225   99.93247  3.629356   51.475462  76.143191  19.4197641137313 -29.3963424   90.0653 /L    2.9782   0.0286369   80.555786   -77.11916         n.a.     n.a.
 2026-Aug-31 12:00 Cm  04 13 31.12 +21 01 33.6  04 15 06.04 +21 05 40.7  1.162558  0.232872   59.953053  86.558904    5.708   8.225   99.93266  3.637329  224.550423  76.162907  19.3771980950352 -29.4355908   92.4605 /L    2.9743   0.0197609   78.672978   -81.06377         n.a.     n.a.
 2026-Sep-03 00:00 *   04 13 35.91 +21 01 45.6  04 15 10.87 +21 05 52.7  1.076532  0.174323  358.924965 -49.495409    5.703   8.225   99.93310  3.645296   37.613121  76.178373  19.3348509482138 -29.3353368   94.8561 /L    2.9647   0.0181759   80.801944   -81.76033         n.a.     n.a.
 2026-Sep-05 12:00 Cm  04 13 39.37 +21 01 54.9  04 15 14.48 +21 06 02.0  0.537615  0.117523  317.114384  87.668120    5.698   8.225   99.93377  3.653299  210.665374  76.189469  19.2924941619900 -29.2055936   97.2683 /L    2.9503   0.0091718   77.669079   -85.81133         n.a.     n.a.
 2026-Sep-08 00:00 *   04 13 41.49 +21 02 00.1  04 15 16.65 +21 06 07.5  0.448217  0.065506    5.950495 -49.294229    5.693   8.225   99.93467  3.661268   23.704703  76.196299  19.2505035124217 -29.0704507   99.6813 /L    2.9301   0.0075496   81.685181   -86.54171         n.a.     n.a.
 2026-Sep-10 12:00 Nm  04 13 42.24 +21 02 02.5  04 15 17.52 +21 06 10.2  -0.09339  0.001665  286.469843  83.564050    5.689   8.225   99.93581  3.669243  196.732879  76.198678  19.2086594008110 -28.7599755  102.1111 /L    2.9049   0.0015567   271.02120   -89.27993         n.a.     n.a.
 2026-Sep-13 00:00 *m  04 13 41.65 +21 02 00.8  04 15 16.95 +21 06 08.7  -0.18399  -0.04313   12.850512 -48.533674    5.684   8.225   99.93717  3.677153    9.747644  76.196808  19.1673429554830 -28.5811630  104.5414 /L    2.8741   0.0031496   256.80650   -88.53745         n.a.     n.a.
 2026-Sep-15 12:00 N   04 13 39.70 +21 01 56.4  04 15 15.11 +21 06 04.5  -0.72160  -0.11331  280.894878  79.029787    5.679   8.225   99.93874  3.685036  182.750761  76.190464  19.1263383394094 -28.0881589  106.9881 /L    2.8383   0.0121740   261.07576   -84.27780         n.a.     n.a.
 2026-Sep-18 00:00 *m  04 13 36.43 +21 01 48.0  04 15 11.89 +21 05 56.3  -0.81055  -0.15025   19.460827 -47.236201    5.674   8.225   99.94052  3.692821  355.740249  76.179947  19.0860198598231 -27.8695009  109.4348 /L    2.7968   0.0137392   259.49832   -83.51132         n.a.     n.a.
 2026-Sep-20 12:00 N   04 13 31.81 +21 01 36.9  04 15 07.39 +21 05 45.6  -1.33913  -0.22658  279.079139  74.420317    5.670   8.225   99.94250  3.700547  168.717826  76.164982  19.0461709030704 -27.2019312  111.8978 /L    2.7504   0.0226360   260.39649   -79.15460         n.a.     n.a.
 2026-Sep-23 00:00 *m  04 13 25.91 +21 01 21.9  04 15 01.52 +21 05 31.0  -1.42535  -0.25565   25.658221 -45.441496    5.665   8.225   99.94465  3.708143  341.681758  76.145958  19.0071545117572 -26.9499876  114.3607 /L    2.6986   0.0241349   259.83150   -78.37340         n.a.     n.a.
 2026-Sep-25 12:00 N   04 13 18.67 +21 01 04.2  04 14 54.38 +21 05 13.9  -1.94092  -0.33774  278.483982  69.775455    5.661   8.225   99.94697  3.715649  154.633697  76.122542  18.9687559572928 -26.1160681  116.8400 /L    2.6418   0.0328347   260.12886   -73.91905         n.a.     n.a.
 2026-Sep-28 00:00 *   04 13 10.21 +21 00 42.6  04 14 45.92 +21 04 52.6  -2.02493  -0.35879   31.369224 -43.200329    5.657   8.225   99.94943  3.722996  327.572153  76.095198  18.9313259958542 -25.8351380  119.3194 /L    2.5798   0.0342745   259.95211   -73.11236         n.a.     n.a.
 2026-Sep-30 12:00 Nm  04 13 00.43 +21 00 18.5  04 14 36.25 +21 04 28.9  -2.52503  -0.44677  278.441466  65.106859    5.652   8.225   99.95204  3.730221  140.498639  76.063526  18.8946559393431 -24.8407155  121.8157 /L    2.5130   0.0427375   259.96606   -68.54825         n.a.     n.a.
 2026-Oct-03 00:00 *   04 12 49.47 +20 59 50.5  04 14 25.33 +21 04 01.4  -2.60777  -0.46006   36.566175 -40.567465    5.648   8.224   99.95475  3.737257  313.411887  76.028062  18.8590865681250 -24.5282703  124.3125 /L    2.4411   0.0441341   259.99493   -67.69791         n.a.     n.a.
 2026-Oct-05 12:00 Nm  04 12 37.23 +20 59 20.0  04 14 13.21 +21 03 31.7  -3.08907  -0.55307  278.703459  60.420031    5.644   8.224   99.95756  3.744138  126.313279  75.988347  18.8244245878018 -23.3702766  126.8264 /L    2.3645   0.0523031   259.84934   -63.01307         n.a.     n.a.
 2026-Oct-08 00:00 *   04 12 23.87 +20 58 45.9  04 13 59.86 +21 02 58.2  -3.16920  -0.55810   41.256555 -37.596439    5.640   8.224   99.96043  3.750797  299.201809  75.944999  18.7910038726337 -23.0169076  129.3408 /L    2.2832   0.0536327   260.01259   -62.10962         n.a.     n.a.
 2026-Oct-10 12:00 N   04 12 09.27 +20 58 09.3  04 13 45.34 +21 02 22.3  -3.62522  -0.65501  279.157634  55.718635    5.636   8.224   99.96337  3.757267  112.078758  75.897529  18.7586464914120 -21.6954182  131.8719 /L    2.1972   0.0613987   259.75829   -57.31228         n.a.     n.a.
 2026-Oct-13 00:00 *m  04 11 53.63 +20 57 29.2  04 13 29.71 +21 01 42.7  -3.69895  -0.65109   45.470504 -34.336873    5.633   8.224   99.96633  3.763482  284.943439  75.846653  18.7276693707439 -21.3016887  134.4026 /L    2.1068   0.0625969   260.01705   -56.36819         n.a.     n.a.
 2026-Oct-15 12:00 N   04 11 36.84 +20 56 46.9  04 13 13.00 +21 01 01.1  -4.12345  -0.75087  279.747441  51.006102    5.629   8.225   99.96930  3.769473   97.797041  75.791857  18.6979028669964 -19.8294865  136.9494 /L    2.0121   0.0698544   259.67969   -51.47474         n.a.     n.a.
 2026-Oct-18 00:00 *m  04 11 19.09 +20 56 01.3  04 12 55.29 +21 00 16.2  -4.18859  -0.73812   49.249715 -30.832501    5.626   8.225   99.97225  3.775180  270.639150  75.733939  18.6696383671096 -19.4043580  139.4949 /L    1.9134   0.0708856   260.00592   -50.49924         n.a.     n.a.
 2026-Oct-20 12:00 N   04 11 00.27 +20 55 13.5  04 12 36.55 +20 59 29.5  -4.57696  -0.84006  280.442733  46.285846    5.623   8.225   99.97516  3.780632   83.470823  75.672353  18.6427138856430 -17.7984714  142.0559 /L    1.8106   0.0775569   259.59966   -45.52363         n.a.     n.a.
 2026-Oct-23 00:00 *m  04 10 40.61 +20 54 22.8  04 12 16.89 +20 58 39.5  -4.63308  -0.81830   52.640468 -27.121174    5.620   8.225   99.97800  3.785774  256.291906  75.607965  18.6173940578743 -17.3497595  144.6150 /L    1.7043   0.0784131   259.98361   -44.51668         n.a.     n.a.
 2026-Oct-25 12:00 Nm  04 10 19.97 +20 53 30.1  04 11 56.30 +20 57 47.7  -4.98271  -0.92183  281.226693  41.561434    5.617   8.225   99.98076  3.790633   69.103274  75.540186  18.5935277520605 -15.6259129  147.1895 /L    1.5943   0.0844544   259.51850   -39.46459         n.a.     n.a.
 2026-Oct-28 00:00 *   04 09 58.60 +20 52 34.7  04 11 34.94 +20 56 52.8  -5.03061  -0.89174   55.688764 -23.235186    5.614   8.225   99.98341  3.795160  241.904980  75.469937  18.5713524927328 -15.1586673  149.7618 /L    1.4811   0.0851506   259.94799   -38.41792         n.a.     n.a.
 2026-Oct-30 12:00 Nm  04 09 36.35 +20 51 37.5  04 11 12.77 +20 55 56.7  -5.33975  -0.99602  282.090788  36.836711    5.612   8.225   99.98593  3.799378   54.697694  75.396589  18.5507340591198 -13.3266485  152.3497 /L    1.3647   0.0905308   259.43406   -33.28728         n.a.     n.a.
 2026-Nov-02 00:00 *   04 09 13.47 +20 50 37.9  04 10 49.92 +20 54 57.9  -5.37977  -0.95758   58.437353 -19.201521    5.610   8.225   99.98828  3.803241  227.481670  75.321109  18.5318895759096 -12.8350863  154.9353 /L    1.2455   0.0910722   259.90728   -32.17917         n.a.     n.a.
 2026-Nov-04 12:00 Nm  04 08 49.82 +20 49 36.7  04 10 26.31 +20 53 57.8  -5.64440  -1.06127  283.031704  32.115663    5.608   8.225   99.99048  3.806771   40.257395  75.242852  18.5147083973123 -10.8985708  157.5363 /L    1.1234   0.0957218   259.35145   -26.96837         n.a.     n.a.
 2026-Nov-07 00:00 *   04 08 25.68 +20 48 33.4  04 10 02.16 +20 52 55.2  -5.67319  -1.01399   60.925025 -15.043025    5.606   8.225   99.99248  3.809924  213.025372  75.162858  18.4993824519660 -10.3807729  160.1344 /L    0.9992   0.0960515   259.86634   -25.79897         n.a.     n.a.
 2026-Nov-09 12:00 N   04 08 00.88 +20 47 28.7  04 09 37.40 +20 51 51.6  -5.88791  -1.11544  284.049316  27.402835    5.604   8.225   99.99428  3.812720   25.785957  75.080480  18.4858171364489  -8.3553831  162.7469 /L    0.8725   0.0998772   259.27263   -20.52974         n.a.     n.a.
 2026-Nov-12 00:00 *m  04 07 35.73 +20 46 22.5  04 09 12.26 +20 50 46.0  -5.90296  -1.05943   63.185639 -10.779151    5.603   8.225   99.99584  3.815124  198.539875  74.996818  18.4741692992145  -7.8207042  165.3552 /L    0.7442   0.0999546   259.82519   -19.31396         n.a.     n.a.
 2026-Nov-14 12:00 N   04 07 10.07 +20 45 15.1  04 08 46.65 +20 49 39.9  -6.06420  -1.15784  285.146639  22.703451    5.602   8.225   99.99718  3.817152   11.287317  74.911222  18.4643558505788  -5.7302355  167.9770 /L    0.6141   0.1028956   259.19063   -14.01529         n.a.     n.a.
 2026-Nov-17 00:00 *m  04 06 44.21 +20 44 06.6  04 08 20.79 +20 48 32.2  -6.06486  -1.09323   65.248465  -6.426421    5.601   8.225   99.99827  3.818777  184.029210  74.824829  18.4564956676132  -5.1902558  170.5932 /L    0.4829   0.1027100   259.78184   -12.76781         n.a.     n.a.
 2026-Nov-19 12:00 N   04 06 17.97 +20 42 57.3  04 07 54.57 +20 47 24.2  -6.17164  -1.18757  286.328750  18.023213    5.600   8.225   99.99910  3.820014  356.765556  74.736974  18.4505194822536  -3.0572949  173.2218 /L    0.3504   0.1047476   259.10810   -7.461498         n.a.     n.a.
 2026-Nov-22 00:00 *m  04 05 51.69 +20 41 47.2  04 07 28.27 +20 46 14.7  -6.15902  -1.11528   67.138930  -1.999131    5.600   8.225   99.99966  3.820845  169.497432  74.648812  18.4465090941407  -2.5211374  175.8434 /L    0.2175   0.1043197   259.73605   -6.191488         n.a.     n.a.
 2026-Nov-24 12:00 Nm  04 05 25.17 +20 40 36.7  04 07 01.77 +20 45 05.3  -6.21177  -1.20497  287.602709  13.368418    5.599   8.225   99.99995  3.821279  342.224628  74.559663  18.4444113008425  -0.3657367  178.4736 /L    0.0840   0.1054594   259.02206   -0.896938         n.a.     n.a.
 2026-Nov-27 00:00 *   04 04 58.75 +20 39 25.8  04 06 35.38 +20 43 55.2  -6.18795  -1.12563   68.878661   2.490443    5.599   8.225   99.99998  3.821307  154.948350  74.470680  18.4442750901241   0.1644061  178.8814 /T    0.0504   0.1048249   259.69025   0.3973005         n.a.     n.a.
 2026-Nov-29 12:00 Am  04 04 32.23 +20 38 14.8  04 06 08.88 +20 42 45.5  -6.18754  -1.20974  288.978050   8.745981    5.599   8.225   99.99973  3.820935  327.668173  74.381172  18.4460724524295   2.3332561  176.2486 /T    0.1839   0.1050782   258.93748   5.6813828        1.557    5.283
 2026-Dec-02 00:00 *   04 04 05.95 +20 37 03.9  04 05 42.59 +20 41 35.4  -6.15163  -1.12351   70.486118   7.031834    5.600   8.225   99.99921  3.820158  140.385442  74.292303  18.4498251875610   2.8627064  173.6171 /T    0.3168   0.1042230   259.64980   7.0155864         n.a.     n.a.
 2026-Dec-04 12:00 Am  04 03 39.71 +20 35 53.2  04 05 16.33 +20 40 25.8  -6.09552  -1.20043  290.466197   4.163466    5.600   8.225   99.99842  3.818978  313.099601  74.203407  18.4555276813390   5.0319937  170.9736 /T    0.4496   0.1035433   258.85896   12.284014        0.317   25.934
 2026-Dec-07 00:00 *   04 03 13.85 +20 34 43.1  04 04 50.47 +20 39 16.3  -6.04550  -1.10739   71.977137  11.615613    5.601   8.225   99.99738  3.817398  125.812164  74.115661  18.4631647901877   5.5539421  168.3380 /T    0.5810   0.1024348   259.61988   13.649552         n.a.     n.a.
 2026-Dec-09 12:00 A   04 02 48.19 +20 33 33.6  04 04 24.81 +20 38 07.9  -5.93264  -1.17652  292.081165  -0.370281    5.602   8.225   99.99608  3.815418  298.522427  74.028419  18.4727446961950   7.6989214  165.6921 /T    0.7116   0.1008029   258.78303   18.877713         n.a.     n.a.
 2026-Dec-12 00:00 *m  04 02 23.07 +20 32 25.2  04 03 59.70 +20 37 00.2  -5.86821  -1.07737   73.364721  16.233446    5.604   8.225   99.99455  3.813051  111.232049  73.942850  18.4842110886069   8.2006377  163.0557 /T    0.8401   0.0994382   259.59664   20.254251         n.a.     n.a.
 2026-Dec-14 12:00 A   04 01 58.30 +20 31 17.8  04 03 34.90 +20 35 53.9  -5.70013  -1.13793  293.839797  -4.845244    5.605   8.225   99.99280  3.810294  283.940182  73.858319  18.4975858139825  10.2964175  160.4103 /T    0.9673   0.0968768   258.71032   25.419089         n.a.     n.a.
 2026-Dec-17 00:00 *m  04 01 34.20 +20 30 11.9  04 03 10.79 +20 34 48.7  -5.62330  -1.03381   74.659962  20.877884    5.607   8.225   99.99083  3.807168   96.648589  73.775958  18.5127739232102  10.7677832  157.7758 /T    1.0918   0.0952923   259.58285   26.787197         n.a.     n.a.
 2026-Dec-19 12:00 A   04 01 10.59 +20 29 07.3  04 02 47.13 +20 33 45.1  -5.40328  -1.08574  295.761798  -9.250124    5.609   8.224   99.98867  3.803668  269.356253  73.695139  18.5298126241164  12.7927835  155.1332 /T    1.2144   0.0918548   258.63821   31.869140         n.a.     n.a.
 2026-Dec-22 00:00 *m  04 00 47.78 +20 28 04.8  04 02 24.33 +20 32 43.0  -5.31680  -0.97781   75.872132  25.542245    5.611   8.224   99.98635  3.799821   82.065023  73.616945  18.5485716957203  13.2275683  152.5025 /T    1.3338   0.0900994   259.57925   33.212560         n.a.     n.a.
 2026-Dec-24 12:00 Am  04 00 25.59 +20 27 03.9  04 02 02.13 +20 31 43.1  -5.04967  -1.02100  297.870640 -13.571888    5.614   8.224   99.98386  3.795618  254.773717  73.540748  18.5691084335185  15.1679671  149.8644 /T    1.4508   0.0858642   258.56936   38.199697         n.a.     n.a.
 2026-Dec-27 00:00 *   04 00 04.31 +20 26 05.3  04 01 40.86 +20 30 45.3  -4.95606  -0.91032   77.008439  30.220777    5.616   8.224   99.98125  3.791094   67.484239  73.467571  18.5912663452190  15.5706725  147.2384 /T    1.5642   0.0839828   259.59198   39.520051         n.a.     n.a.
 2026-Dec-29 12:00 Am  03 59 43.76 +20 25 08.8  04 01 20.26 +20 29 49.7  -4.64397  -0.94404  300.193964 -17.795612    5.619   8.224   99.97852  3.786235  240.195287  73.396817  18.6151288161451  17.4213500  144.6050 /T    1.6748   0.0789826   258.50929   44.426108         n.a.     n.a.
$$EOE
**********************************************************************************************************************************************************************************************************************************************************************************************
Column meaning:
 
TIME

  Times PRIOR to 1962 are UT1, a mean-solar time closely related to the
prior but now-deprecated GMT. Times AFTER 1962 are in UTC, the current
civil or "wall-clock" time-scale. UTC is kept within 0.9 seconds of UT1
using integer leap-seconds for 1972 and later years.

  Conversion from the internal Barycentric Dynamical Time (TDB) of solar
system dynamics to the non-uniform civil UT time-scale requested for output
has not been determined for UTC times after the next July or January 1st.
Therefore, the last known leap-second is used as a constant over future
intervals.

  Time tags refer to the UT time-scale conversion from TDB on Earth
regardless of observer location within the solar system, although clock
rates may differ due to the local gravity field and no analog to "UT"
may be defined for that location.

  Any 'b' symbol in the 1st-column denotes a B.C. date. First-column blank
(" ") denotes an A.D. date.
 
CALENDAR SYSTEM

  Mixed calendar mode was active such that calendar dates after AD 1582-Oct-15
(if any) are in the modern Gregorian system. Dates prior to 1582-Oct-5 (if any)
are in the Julian calendar system, which is automatically extended for dates
prior to its adoption on 45-Jan-1 BC.  The Julian calendar is useful for
matching historical dates. The Gregorian calendar more accurately corresponds
to the Earth's orbital motion and seasons. A "Gregorian-only" calendar mode is
available if such physical events are the primary interest.

  NOTE: "n.a." in output means quantity "not available" at the print-time.
 
SOLAR PRESENCE (OBSERVING SITE)
  Time tag is followed by a blank, then a solar-presence symbol:

       '*'  Daylight (refracted solar upper-limb on or above apparent horizon)
       'C'  Civil twilight/dawn
       'N'  Nautical twilight/dawn
       'A'  Astronomical twilight/dawn
       ' '  Night OR geocentric ephemeris

LUNAR PRESENCE (OBSERVING SITE)
  The solar-presence symbol is immediately followed by a lunar-presence symbol:

       'm'  Refracted upper-limb of Moon on or above apparent horizon
       ' '  Refracted upper-limb of Moon below apparent horizon OR geocentric
            ephemeris
 
 'R.A._____(ICRF)_____DEC' =
  Astrometric right ascension and declination of the target center with
respect to the observing site (coordinate origin) in the reference frame of
the planetary ephemeris (ICRF). Compensated for down-leg light-time delay
aberration.

  Units: RA  in hours-minutes-seconds of time,    HH MM SS.ff{ffff}
         DEC in degrees-minutes-seconds of arc,  sDD MN SC.f{ffff}
 
 'R.A.__(a-apparent)__DEC' =
  Airless apparent right ascension and declination of the target center
with respect to an instantaneous reference frame defined by the Earth equator
of-date (z-axis) and meridian containing the Earth equinox of-date (x-axis,
EOP-corrected IAU76/80). Compensated for down-leg light-time delay,
gravitational deflection of light, stellar aberration, precession & nutation.
Note: equinox (RA origin) is offset -53 mas from the of-date frame defined
by the IAU06/00a P & N system.

  Units: RA  in hours-minutes-seconds of time,   HH MM SS.ff{ffff}
         DEC in degrees-minutes-seconds of arc, sDD MN SC.f{ffff}
 
 'dRA*cosD d(DEC)/dt' =
  The angular rate of change in apparent RA and DEC of the target. This is
with respect to the non-inertial IAU76/80 Earth true equator and equinox
of-date reference frame.  d(RA)/dt is multiplied by the cosine of declination
to provide a linear rate in the plane-of-sky. Units: ARCSECONDS PER HOUR
 
 'Azi____(a-app)___Elev' =
  Airless apparent azimuth and elevation of target center. Compensated
for light-time, the gravitational deflection of light, stellar aberration,
precession and nutation. Azimuth is measured clockwise from north:

  North(0) -> East(90) -> South(180) -> West(270) -> North (360)

Elevation angle is with respect to a plane perpendicular to the reference
surface local zenith direction. TOPOCENTRIC ONLY.  Units: DEGREES
 
 'APmag   S-brt' =
  The targets' approximate apparent visual magnitude and surface brightness.
For planets and natural satellites, output is restricted to solar phase angles
covered by observational data. Outside the observed phase angle range, "n.a."
may be output to avoid extrapolation beyond the limit of model validity.

   For Earth-based observers, the estimated dimming due to atmospheric
absorption (extinction) is available as a separate, requestable quantity.

   Surface brightness is the average airless visual magnitude of a
square-arcsecond of the illuminated portion of the apparent disk. It is
computed only if the target radius is known.

   Units: MAGNITUDES & MAGNITUDES PER SQUARE ARCSECOND
 
 'Illu%' =
   Fraction of the target objects' assumed circular disk illuminated by Sun
(phase), as seen by the observer.  Units: PERCENT
 
 'Ang-diam' =
   The equatorial angular width of the target body full disk, if it were fully
illuminated and visible to the observer. If the target body diameter is unknown
"n.a." is output.

   Units: ARCSECONDS
 
 'ObsSub-LON ObsSub-LAT' =
   Apparent planetodetic longitude and latitude of the center of the target
disc seen by the OBSERVER at print-time. This is NOT exactly the same as the
"nearest" sub-point for a non-spherical target shape (since the center of the
disc might not be the point closest to the observer), but is generally very
close if not a very irregular body shape. Down-leg light travel-time from
target to observer is taken into account. Latitude is the angle between the
equatorial plane and the line perpendicular to the reference ellipsoid of the
body, so includes body oblateness. The reference ellipsoid is an oblate
spheroid with a single flatness coefficient in which the y-axis body radius
is taken to be the same value as the x-axis radius. For Jupiter, Saturn, and
Uranus, IAU2015 longitude is based on the "System III" prime meridian rotation
angle of the magnetic field. By contrast, pole direction (thus latitude) is
relative to the body dynamical equator.  There can be an offset between the
magnetic pole and the dynamical pole of rotation. For Neptune, rotation is
IAU2015 "System II" rotation of optically observed features in the Neptunian
atmosphere. Positive longitude is to the EAST for this target. Cartographic
system is specified in the header. Units: DEGREES DEGREES
 
 'delta      deldot' =
   Apparent range ("delta", light-time aberrated) and range-rate ("delta-dot")
of the target center relative to the observer. A positive "deldot" means the
target center is moving away from the observer, negative indicates movement
toward the observer.  Units: AU and KM/S
 
 'S-O-T /r' =
   Sun-Observer-Target apparent SOLAR ELONGATION ANGLE seen from the observers'
location at print-time.

   The '/r' column provides a code indicating the targets' apparent position
relative to the Sun in the observers' sky, as described below:

   Case A: For an observing location on the surface of a rotating body, that
body rotational sense is considered:

    /T indicates target TRAILS Sun   (evening sky: rises and sets AFTER Sun)
    /L indicates target LEADS Sun    (morning sky: rises and sets BEFORE Sun)

   Case B: For an observing point that does not have a rotational model (such
as a spacecraft), the "leading" and "trailing" condition is defined by the
observers' heliocentric ORBITAL motion:

    * If continuing in the observers' current direction of heliocentric
       motion would encounter the targets' apparent longitude first, followed
       by the Sun's, the target LEADS the Sun as seen by the observer.

    * If the Sun's apparent longitude would be encountered first, followed
       by the targets', the target TRAILS the Sun.

   Two other codes can be output:
    /* indicates observer is Sun-centered    (undefined)
    /? Target is aligned with Sun center     (no lead or trail)

   The S-O-T solar elongation angle is numerically the minimum separation
angle of the Sun and target in the sky in any direction. It does NOT indicate
the amount of separation in the leading or trailing directions, which would
be defined along the equator of a spherical coordinate system.

   Units: DEGREES
 
 'S-T-O' =
   The Sun-Target-Observer angle; the interior vertex angle at target center
formed by a vector from the target to the apparent center of the Sun (at
reflection time on the target) and the apparent vector from target to the
observer at print-time. Slightly different from true PHASE ANGLE (requestable
separately) at the few arcsecond level in that it includes stellar aberration
on the down-leg from target to observer.  Units: DEGREES
 
 'Sky_motion  Sky_mot_PA  RelVel-ANG' =
  Total apparent angular rate of the target in the plane-of-sky. "Sky_mot_PA"
is the position angle of the target's direction of motion in the plane-of-sky,
measured counter-clockwise from the apparent of-date north pole direction.
"RelVel-ANG" is the flight path angle of the target's relative motion with
respect to the observer's line-of-sight, in the range [-90,+90], where positive
values indicate motion away from the observer, negative values are toward the
observer:

  -90 = target is moving directly toward the observer
    0 = target is moving at right angles to the observer's line-of-sight
  +90 = target is moving directly away from the observer

UNITS:  ARCSECONDS/MINUTE, DEGREES, DEGREES
 
 'Lun_Sky_Brt  sky_SNR' =
  Sky brightness due to moonlight scattered by Earth's atmosphere at the
target's position in the sky. "sky_SNR" is the visual signal-to-noise ratio
(SNR) of the target's surface brightness relative to background sky. Output
only for topocentric Earth observers when both the Moon and target are above
the local horizon and the Sun is in astronomical twilight (or further) below
the horizon, and the target is not the Moon or Sun. If all conditions are
not met, "n.a." is output. Galactic brightness, local sky light-pollution
and weather are NOT considered. Lunar opposition surge is considered. The
value returned is accurate under ideal conditions at the approximately 8-23%
level, so is a useful but not definitive value.

  If the target-body radius is also known, "sky_SNR" is output. This is the
approximate visual signal-to-noise ratio of the target's brightness divided
by lunar sky brightness. When sky_SNR < 1, the target is dimmer than the
ideal moonlight-scattering background sky, so unlikely to be detectable at
visual wavelengths. In practice, visibility requires sky_SNR > 1 and a
detector sensitive enough to reach the target's magnitude, even if it isn't
washed out by moonlight. When relating magnitudes and brightness values,
keep in mind their logarithmic relationship m2-m1 = -2.5*log_10(b2/b1).

  UNITS: VISUAL MAGNITUDES / ARCSECOND^2, and unitless ratio

Computations by ...

    Solar System Dynamics Group, Horizons On-Line Ephemeris System
    4800 Oak Grove Drive, Jet Propulsion Laboratory
    Pasadena, CA  91109   USA

    General site: https://ssd.jpl.nasa.gov/
    Mailing list: https://ssd.jpl.nasa.gov/email_list.html
    System news : https://ssd.jpl.nasa.gov/horizons/news.html
    User Guide  : https://ssd.jpl.nasa.gov/horizons/manual.html
    Connect     : browser        https://ssd.jpl.nasa.gov/horizons/app.html#/x
                  API            https://ssd-api.jpl.nasa.gov/doc/horizons.html
                  command-line   telnet ssd.jpl.nasa.gov 6775
                  e-mail/batch   https://ssd.jpl.nasa.gov/ftp/ssd/horizons_batch.txt
                  scripts        https://ssd.jpl.nasa.gov/ftp/ssd/SCRIPTS
    Author      : Jon.D.Giorgini@jpl.nasa.gov

**********************************************************************************************************************************************************************************************************************************************************************************************
