*******************************************************************************
 Revised: September 25, 2025           Uranus                               799
 
 PHYSICAL DATA:
  Mass x10^24 (kg)      = 86.813          Density (g/cm^3)       =  1.271
  Equat. radius (1 bar) = 25559+-4 km     Polar radius (km)      = 24973+-20
  Vol. Mean Radius (km) = 25362+-12       Flattening             =  0.02293
  Geometric Albedo      = 0.51
  Sid. rot. period (III)= 17.24+-0.01 h   Sid. rot. rate (rad/s) = -0.000101237
  Mean solar day, h     =~17.24           Rocky core mass (Mc/M) =  0.0012        
  GM (km^3/s^2)         = 5793950.6103    GM 1-sigma (km^3/s^2)  = +-4.3 
  Equ. grav, ge (m/s^2) =  8.87           Pol. grav, gp (m/s^2)  =   9.19+-0.02
  Visual magnitude V(1,0)= -7.11
  Vis. mag. (opposition)=  +5.52          Obliquity to orbit     = 97.77 deg
  Sidereal orbit period = 84.0120465 y    Sidereal orbit period  = 30685.4 d
  Mean daily motion     = 0.01176904 dg/d Mean orbit velocity    =  6.8 km/s
  Atmos. temp. (1 bar)  =  76+-2 K        Escape speed, km/s     =  21.3           
  Aroche(ice)/Rp        =  2.20           Hill's sphere rad., Rp = 2700
                                 Perihelion   Aphelion    Mean
  Solar Constant (W/m^2)         4.09         3.39        3.71
  Maximum Planetary IR (W/m^2)   0.72         0.55        0.63
  Minimum Planetary IR (W/m^2)   0.72         0.55        0.63
*******************************************************************************


*******************************************************************************
Ephemeris / WWW_USER Mon Apr  6 16:48:37 2026 Pasadena, USA      / Horizons    
*******************************************************************************
Target body name: Uranus (799)                    {source: ura184_merged}
Center body name: Earth (399)                     {source: DE441}
Center-site name: (user defined site below)
*******************************************************************************
Start time      : A.D. 2026-Jan-01 00:00:00.0000 UT      
Stop  time      : A.D. 2026-Dec-31 00:00:00.0000 UT      
Step-size       : 3600 minutes
*******************************************************************************
Target pole/equ : IAU_URANUS                      {East-longitude positive}
Target radii    : 25559.0, 25559.0, 24973.0 km    {Equator_a, b, pole_c}       
Center geodetic : 254.5, 20.5, .010               {E-lon(deg),Lat(deg),Alt(km)}
Center cylindric: 254.5, 5976.68694, 2219.6325    {E-lon(deg),Dxy(km),Dz(km)}
Center pole/equ : ITRF93                          {East-longitude positive}
Center radii    : 6378.137, 6378.137, 6356.752 km {Equator_a, b, pole_c}       
Target primary  : Sun
Vis. interferer : MOON (R_eq= 1737.400) km        {source: DE441}
Rel. light bend : Sun                             {source: DE441}
Rel. lght bnd GM: 1.3271E+11 km^3/s^2                                          
Atmos refraction: NO (AIRLESS)
RA format       : HMS
Time format     : CAL 
Calendar mode   : Mixed Julian/Gregorian
EOP file        : eop.260406.p260703                                           
EOP coverage    : DATA-BASED 1962-JAN-20 TO 2026-APR-06. PREDICTS-> 2026-JUL-02
Units conversion: 1 au= 149597870.700 km, c= 299792.458 km/s, 1 day= 86400.0 s 
Table cut-offs 1: Elevation (-90.0deg=NO ),Airmass (>38.000=NO), Daylight (NO )
Table cut-offs 2: Solar elongation (  0.0,180.0=NO ),Local Hour Angle( 0.0=NO )
Table cut-offs 3: RA/DEC angular rate (     0.0=NO )                           
**********************************************************************************************************************************************************************************************************************************************************************************************
 Date__(UT)__HR:MN     R.A._____(ICRF)_____DEC  R.A.__(a-apparent)__DEC  dRA*cosD d(DEC)/dt  Azi____(a-app)___Elev    APmag   S-brt      Illu%  Ang-diam  ObsSub-LON ObsSub-LAT             delta      deldot     S-O-T /r     S-T-O  Sky_motion  Sky_mot_PA  RelVel-ANG  Lun_Sky_Brt  sky_SNR
**********************************************************************************************************************************************************************************************************************************************************************************************
$$SOE
 2026-Jan-01 00:00 *m  03 41 25.54 +19 25 28.6  03 42 56.94 +19 30 34.6  -4.08093  -0.84821   79.602596  33.415846    5.646   8.236   99.97084  3.757944    3.751282  69.516115  18.7552682403708  19.6331970  137.3827 /T    1.9525   0.0694690   258.25844   51.262384         n.a.     n.a.
 2026-Jan-03 12:00  m  03 41 08.95 +19 24 36.7  03 42 40.33 +19 29 43.4  -3.71498  -0.85839  301.355308 -20.517208    5.649   8.236   99.96794  3.752022  176.501914  69.455681  18.7848700349102  21.3006333  134.7644 /T    2.0479   0.0635476   256.98945   55.883860         n.a.     n.a.
 2026-Jan-06 00:00 *   03 40 53.54 +19 23 48.6  03 42 24.93 +19 28 55.7  -3.58331  -0.73564   80.829134  38.082549    5.652   8.236   99.96505  3.745864  349.253836  69.399501  18.8157497179443  21.5329419  132.1599 /T    2.1385   0.0609673   258.39857   57.218602         n.a.     n.a.
 2026-Jan-08 12:00  m  03 40 39.14 +19 23 03.7  03 42 10.46 +19 28 11.5  -3.18195  -0.73676  304.164864 -24.511913    5.656   8.236   99.96217  3.739452  162.006047  69.346972  18.8480121954091  23.0770089  129.5502 /T    2.2252   0.0544356   256.96326   61.744477         n.a.     n.a.
 2026-Jan-11 00:00 *   03 40 25.99 +19 22 23.0  03 41 57.29 +19 27 30.9  -3.04764  -0.61326   82.026867  42.749253    5.660   8.235   99.95936  3.732836  334.760141  69.298973  18.8814183730873  23.2639574  126.9544 /T    2.3066   0.0518122   258.62254   63.054408         n.a.     n.a.
 2026-Jan-13 12:00  m  03 40 13.94 +19 21 45.9  03 41 45.17 +19 26 54.1  -2.61286  -0.60519  307.278440 -28.353242    5.664   8.235   99.95661  3.725995  147.515041  69.254948  18.9160870691419  24.6695384  124.3540 /T    2.3839   0.0447006   256.95915   67.494486         n.a.     n.a.
 2026-Jan-16 00:00 *   03 40 03.21 +19 21 13.2  03 41 34.45 +19 26 21.5  -2.47642  -0.48188   83.207368  47.412210    5.668   8.235   99.95397  3.718984  320.272448  69.215705  18.9517494938135  24.8038113  121.7683 /T    2.4556   0.0420477   258.98858   68.775945         n.a.     n.a.
 2026-Jan-18 12:00     03 39 53.65 +19 20 44.2  03 41 24.84 +19 25 53.0  -2.01252  -0.46502  310.739960 -32.013851    5.672   8.235   99.95143  3.711779  133.031207  69.180721  18.9885362900718  26.0549642  119.1787 /T    2.5228   0.0344258   256.98945   73.128611         n.a.     n.a.
 2026-Jan-21 00:00 *m  03 39 45.46 +19 20 19.9  03 41 16.64 +19 25 28.9  -1.87582  -0.34353   84.384328  52.068117    5.676   8.235   99.94904  3.704440  305.793093  69.150721  19.0261515740020  26.1298816  116.6047 /T    2.5843   0.0317837   259.62217   74.370954         n.a.     n.a.
 2026-Jan-23 12:00     03 39 38.49 +19 19 59.6  03 41 09.60 +19 25 08.9  -1.38802  -0.31877  314.595898 -35.461510    5.681   8.235   99.94680  3.696943  118.556872  69.125215  19.0647367047714  27.2122152  114.0279 /T    2.6410   0.0237359   257.06604   78.634228         n.a.     n.a.
 2026-Jan-26 00:00 *m  03 39 32.94 +19 19 44.1  03 41 04.02 +19 24 53.3  -1.25438  -0.20036   85.576140  56.713978    5.685   8.235   99.94474  3.689350  291.324382  69.104822  19.1039732083140  27.2248470  111.4675 /T    2.6918   0.0211714   260.92496   79.819306         n.a.     n.a.
 2026-Jan-28 12:00     03 39 28.65 +19 19 32.6  03 40 59.68 +19 24 41.9  -0.74964  -0.16879  318.892571 -38.658376    5.690   8.235   99.94285  3.681633  104.094297  69.089074  19.1440179271050  28.1329964  108.9052 /T    2.7378   0.0128068   257.31060   83.986443         n.a.     n.a.
 2026-Jan-31 00:00 *m  03 39 25.78 +19 19 26.1  03 40 56.83 +19 24 35.3  -0.62234  -0.05509   86.808986  61.347282    5.694   8.235   99.94118  3.673857  276.868473  69.078487  19.1845394255007  28.0906551  106.3597 /T    2.7778   0.0104129   264.94136   85.086752         n.a.     n.a.
 2026-Feb-02 12:00  m  03 39 24.21 +19 19 23.6  03 40 55.20 +19 24 33.1  -0.10544  -0.01711  323.671434 -41.560551    5.699   8.235   99.93970  3.665988   89.645506  69.072633  19.2257152886963  28.8292704  103.8123 /T    2.8128   0.0017803   260.78243   89.177780         n.a.     n.a.
 2026-Feb-05 00:00 *   03 39 24.05 +19 19 26.1  03 40 55.02 +19 24 35.4  0.015410  0.091493   88.125630  65.965843    5.703   8.235   99.93846  3.658094  262.427293  69.071941  19.2672065161740  28.7428880  101.2814 /T    2.8418   0.0015464   9.5602410   89.282128         n.a.     n.a.
 2026-Feb-07 12:00  m  03 39 25.20 +19 19 32.7  03 40 56.08 +19 24 41.9  0.542406  0.135924  328.960238 -44.118801    5.708   8.235   99.93743  3.650137   75.212393  69.076055  19.3092051913349  29.3117303   98.7487 /T    2.8659   0.0093196   75.931705   85.755789         n.a.     n.a.
 2026-Feb-10 00:00 *   03 39 27.77 +19 19 44.3  03 40 58.66 +19 24 53.1  0.657928  0.238972   89.605233  70.567262    5.713   8.235   99.93665  3.642186  248.002759  69.085325  19.3513576649052  29.1800320   96.2321 /T    2.8839   0.0116664   70.038030   84.657166         n.a.     n.a.
 2026-Feb-12 12:00  m  03 39 31.66 +19 20 00.0  03 41 02.49 +19 25 08.6  1.191639  0.289549  334.762377 -46.279649    5.717   8.235   99.93609  3.634204   60.796933  69.099452  19.3938622679698  29.5711830   93.7139 /T    2.8968   0.0204385   76.342709   80.796378         n.a.     n.a.
 2026-Feb-15 00:00 *   03 39 36.96 +19 20 20.7  03 41 07.81 +19 25 29.2  1.300916  0.385910   91.417607  75.148606    5.722   8.235   99.93579  3.626259  233.596890  69.118691  19.4363520079981  29.3906621   91.2122 /T    2.9038   0.0226158   73.477283   79.752381         n.a.     n.a.
 2026-Feb-17 12:00     03 39 43.59 +19 20 45.4  03 41 14.37 +19 25 53.7  1.837016  0.441505  341.044242 -47.989147    5.727   8.234   99.93572  3.618314   46.401146  69.142798  19.4790299613829  29.5973176   88.7093 /T    2.9057   0.0314888   76.485960   75.936418         n.a.     n.a.
 2026-Feb-20 00:00 *m  03 39 51.60 +19 21 15.1  03 41 22.37 +19 26 23.1  1.938436  0.530300   94.026073  79.704582    5.731   8.234   99.93590  3.610439  219.211686  69.171926  19.5215185215324  29.3653649   86.2234 /T    2.9017   0.0334944   74.699900   74.935637         n.a.     n.a.
 2026-Feb-22 12:00     03 40 00.93 +19 21 48.7  03 41 31.62 +19 26 56.1  2.471026  0.589955  347.724773 -49.198533    5.736   8.234   99.93632  3.602594   32.027005  69.205871  19.5640266405973  29.3856078   83.7371 /T    2.8928   0.0423413   76.572062   71.183368         n.a.     n.a.
 2026-Feb-25 00:00 *m  03 40 11.61 +19 22 27.2  03 41 42.32 +19 27 34.1  2.561559  0.669814   99.321230  84.217465    5.741   8.234   99.93697  3.594849  204.849051  69.244672  19.6061744970400  29.1076784   81.2681 /T    2.8780   0.0441281   75.346010   70.236881         n.a.     n.a.
 2026-Feb-27 12:00     03 40 23.57 +19 23 09.3  03 41 54.23 +19 28 15.8  3.085441  0.732621  354.673728 -49.870452    5.745   8.234   99.93784  3.587164   17.676280  69.288172  19.6481826641534  28.9507620   78.7992 /T    2.8585   0.0528538   76.642793   66.558353         n.a.     n.a.
 2026-Mar-02 00:00 *m  03 40 36.82 +19 23 56.1  03 42 07.50 +19 29 02.3  3.164399  0.803253  131.116490  88.461425    5.750   8.234   99.93893  3.579604  190.510607  69.336315  19.6896781444350  28.6407252   76.3474 /T    2.8334   0.0544126   75.756831   65.668669         n.a.     n.a.
 2026-Mar-04 12:00  m  03 40 51.32 +19 24 46.4  03 42 21.92 +19 29 52.0  3.677331  0.869186    1.722017 -49.985687    5.754   8.234   99.94022  3.572127    3.350487  69.389014  19.7308926742783  28.3186582   73.8954 /T    2.8036   0.0629776   76.701448   62.057854         n.a.     n.a.
 2026-Mar-07 00:00 *   03 41 07.05 +19 25 41.2  03 42 37.66 +19 30 46.1  3.746795  0.930654  254.231215  86.500657    5.759   8.234   99.94171  3.564798  176.197815  69.446141  19.7714570949602  27.9830754   71.4600 /T    2.7684   0.0643441   76.050787   61.208962         n.a.     n.a.
 2026-Mar-09 12:00  m  03 41 24.00 +19 26 39.3  03 42 54.55 +19 31 43.5  4.247497  0.999803    8.684672 -49.547080    5.763   8.234   99.94339  3.557574  349.051091  69.507686  19.8116038199758  27.4976744   69.0238 /T    2.7288   0.0727263   76.754477   57.650054         n.a.     n.a.
 2026-Mar-12 00:00 *   03 41 42.13 +19 27 41.8  03 43 12.71 +19 32 45.3  4.308156  1.051911  264.515253  82.093079    5.767   8.234   99.94524  3.550520  161.912178  69.573438  19.8509640505281  27.1349829   66.6037 /T    2.6840   0.0739120   76.278719   56.830507         n.a.     n.a.
 2026-Mar-14 12:00 Am  03 42 01.44 +19 28 47.3  03 43 31.98 +19 33 50.2  4.793770  1.123308   15.390074 -48.579040    5.771   8.234   99.94724  3.543593  334.779610  69.643450  19.8897669541513  26.4855865   64.1829 /T    2.6349   0.0820604   76.812016   53.316395         n.a.     n.a.
 2026-Mar-17 00:00 *   03 42 21.87 +19 29 56.9  03 43 52.43 +19 34 59.2  4.845516  1.165576  268.020032  77.645787    5.775   8.234   99.94938  3.536858  147.655194  69.717427  19.9276459957549  26.0936621   61.7779 /T    2.5809   0.0830622   76.474622   52.518615         n.a.     n.a.
 2026-Mar-19 12:00 A   03 42 43.43 +19 31 09.4  03 44 13.92 +19 36 10.8  5.312361  1.238635   21.704237 -47.123937    5.779   8.233   99.95166  3.530271  320.537510  69.795475  19.9648262573960  25.2816025   59.3723 /T    2.5227   0.0909142   76.875347   49.045869         n.a.     n.a.
 2026-Mar-22 00:00 *m  03 43 06.03 +19 32 25.7  03 44 36.54 +19 37 26.2  5.353285  1.270366  270.121194  73.207144    5.783   8.233   99.95403  3.523895  133.428280  69.877201  20.0009481621662  24.8617655   56.9827 /T    2.4600   0.0916992   76.650309   48.274348         n.a.     n.a.
 2026-Mar-24 12:00 A   03 43 29.70 +19 33 44.6  03 45 00.19 +19 38 44.1  5.796660  1.344001   27.542522 -45.235136    5.787   8.233   99.95651  3.517689  306.326101  69.962755  20.0362359183064  23.8962620   54.5930 /T    2.3933   0.0991738   76.946179   44.851088         n.a.     n.a.
 2026-Mar-27 00:00 *m  03 43 54.34 +19 35 06.9  03 45 24.88 +19 40 05.8  5.825459  1.364943  271.707600  68.784994    5.790   8.233   99.95905  3.511710  119.232585  70.051655  20.0703473772622  23.4604573   52.2194 /T    2.3225   0.0997205   76.813105   44.117669         n.a.     n.a.
 2026-Mar-29 12:00 A   03 44 19.97 +19 36 31.6  03 45 50.48 +19 41 29.6  6.242944  1.439065   32.868137 -42.969764    5.794   8.233   99.96165  3.505917  292.146368  70.144107  20.1035111277724  22.3604582   49.8456 /T    2.2479   0.1067776   77.019455   40.750890         n.a.     n.a.
 2026-Apr-01 00:00 *   03 44 46.48 +19 37 59.4  03 46 17.02 +19 42 56.5  6.261538  1.449620  273.053511  64.381563    5.797   8.233   99.96428  3.500364  105.068959  70.239571  20.1354044093553  21.9202352   47.4874 /T    2.1696   0.1071192   76.964995   40.053390         n.a.     n.a.
 2026-Apr-03 12:00 Am  03 45 13.93 +19 39 29.2  03 46 44.41 +19 44 25.2  6.653336  1.524526   37.682255 -40.383894    5.801   8.233   99.96693  3.495010  277.999086  70.338327  20.1662515656838  20.6966128   45.1284 /T    2.0879   0.1137627   77.094200   36.732130         n.a.     n.a.
 2026-Apr-06 00:00 *   03 45 42.16 +19 41 01.8  03 47 12.70 +19 45 56.9  6.663837  1.525411  274.272614  59.997819    5.804   8.233   99.96958  3.489906   90.938172  70.439780  20.1957435187527  20.2531291   42.7842 /T    2.0026   0.1139366   77.106626   36.057536         n.a.     n.a.
 2026-Apr-08 12:00 Am  03 46 11.28 +19 42 36.3  03 47 41.80 +19 47 30.2  7.028883  1.600613   42.011005 -37.528558    5.807   8.233   99.97222  3.485014  263.885038  70.544272  20.2240935584539  18.9099099   40.4384 /T    1.9143   0.1201471   77.171398   32.770799         n.a.     n.a.
 2026-Apr-11 00:00 *   03 46 41.10 +19 44 13.2  03 48 11.68 +19 49 06.3  7.032110  1.591687  275.422183  55.634289    5.809   8.233   99.97482  3.480383   76.840988  70.651148  20.2510052053413  18.4603094   38.1068 /T    1.8227   0.1201666   77.246260   32.107883         n.a.     n.a.
 2026-Apr-13 12:00 Nm  03 47 11.73 +19 45 51.7  03 48 42.29 +19 50 43.7  7.368613  1.666791   45.894674 -34.448371    5.812   8.232   99.97738  3.475976  249.804946  70.760800  20.2766788402106  17.0014215   35.7731 /T    1.7283   0.1259129   77.254115   28.846616         n.a.     n.a.
 2026-Apr-16 00:00 *   03 47 42.98 +19 47 32.4  03 49 13.58 +19 52 23.5  7.363965  1.648111  276.534517  51.291281    5.814   8.232   99.97985  3.471840   62.778080  70.872507  20.3008337330151  16.5444064   33.4532 /T    1.6311   0.1257690   77.384664   28.190458         n.a.     n.a.
 2026-Apr-18 12:00 N   03 48 14.97 +19 49 14.3  03 49 45.55 +19 54 04.0  7.668752  1.722242   49.379565 -31.181358    5.817   8.232   99.98226  3.467941  235.759399  70.986698  20.3236575936214  14.9769679   31.1312 /T    1.5313   0.1309961   77.342565   24.952682         n.a.     n.a.
 2026-Apr-21 00:00 *m  03 48 47.49 +19 50 58.0  03 50 18.14 +19 55 46.8  7.654640  1.693554  277.630246  46.969017    5.819   8.232   99.98455  3.464322   48.749897  71.102583  20.3448912538816  14.5170917   28.8231 /T    1.4292   0.1306625   77.524534   24.308336         n.a.     n.a.
 2026-Apr-23 12:00 N   03 49 20.65 +19 52 42.7  03 50 51.33 +19 57 30.3  7.924637  1.766352   52.512240 -27.758826    5.821   8.232   99.98674  3.460949  221.748659  71.220621  20.3647170632606  12.8601716   26.5129 /T    1.3247   0.1353184   77.434536   21.105494         n.a.     n.a.
 2026-Apr-26 00:00 *m  03 49 54.25 +19 54 28.8  03 51 24.99 +19 59 15.6  7.901631  1.728159  278.724279  42.667566    5.823   8.232   99.98879  3.457860   34.756493  71.339975  20.3829068268163  12.4115307   24.2166 /T    1.2183   0.1348068   77.663150   20.485209         n.a.     n.a.
 2026-Apr-28 12:00 N   03 50 28.40 +19 56 15.5  03 51 59.14 +20 01 01.0  8.137599  1.799858   55.336820 -24.206462    5.824   8.232   99.99071  3.455025  207.772605  71.461162  20.3996352459516  10.6835052   21.9178 /T    1.1100   0.1389044   77.528220   17.318311         n.a.     n.a.
 2026-May-01 00:00 *   03 51 02.90 +19 58 03.4  03 52 33.69 +20 02 47.8  8.108529  1.753412  279.827627  38.387125    5.826   8.232   99.99246  3.452475   20.797659  71.583319  20.4146985679432  10.2501737   19.6321 /T    1.0000   0.1382657   77.798069   16.716364         n.a.     n.a.
 2026-May-03 12:00 Nm  03 51 37.89 +19 59 51.7  03 53 08.69 +20 04 34.7  8.310961  1.824056   57.893155 -20.545310    5.827   8.231   99.99406  3.450184  193.831010  71.707014  20.4282551547895   8.4593516   17.3431 /T    0.8885   0.1418129   77.621222   13.575590         n.a.     n.a.
 2026-May-06 00:00 *   03 52 13.12 +20 01 40.8  03 53 44.01 +20 06 22.8  8.277241  1.769634  280.949939  34.128206    5.828   8.231   99.99548  3.448181    6.873147  71.831354  20.4401217566734   8.0382297   15.0663 /T    0.7757   0.1410716   77.932120   12.981145         n.a.     n.a.
 2026-May-08 12:00 Nm  03 52 48.77 +20 03 30.1  03 54 19.69 +20 08 10.9  8.445850  1.838824   60.216236 -16.792296    5.829   8.231   99.99672  3.446442  179.923572  71.956944  20.4504366759430   6.1895147   12.7853 /T    0.6616   0.1440618   77.717287   9.8543094         n.a.     n.a.
 2026-May-11 00:00 *   03 53 24.58 +20 05 19.9  03 54 55.57 +20 09 59.8  8.407624  1.776904  282.099834  29.891483    5.830   8.231   99.99777  3.444993  352.982591  72.082861  20.4590383662244   5.7772877   10.5158 /T    0.5466   0.1432224   78.066466   9.2585627         n.a.     n.a.
 2026-May-13 12:00 Nm  03 54 00.72 +20 07 09.5  03 55 31.73 +20 11 48.1  8.540727  1.844091   62.336768 -12.961252    5.831   8.231   99.99862  3.443814  166.049838  72.209726  20.4660455101511   3.8776251    8.2415 /T    0.4306   0.1456258   77.815893   6.1377292         n.a.     n.a.
 2026-May-16 00:00 *m  03 54 36.94 +20 08 59.4  03 56 08.01 +20 13 36.8  8.497012  1.774668  283.285288  25.677822    5.831   8.231   99.99927  3.442926  339.125404  72.336585  20.4713206045008   3.4729686    5.9784 /T    0.3142   0.1446727   78.202910   5.5354727         n.a.     n.a.
 2026-May-18 12:00 N   03 55 13.40 +20 10 48.9  03 56 44.54 +20 15 25.0  8.591920  1.839301   64.281276  -9.063324    5.832   8.231   99.99972  3.442313  152.209042  72.464067  20.4749656169589   1.5352194    3.7109 /T    0.1970   0.1464431   77.916876   2.4198464         n.a.     n.a.
 2026-May-21 00:00 *m  03 55 49.83 +20 12 38.2  03 57 21.09 +20 17 13.5  8.541289  1.762689  284.514689  21.488348    5.832   8.231   99.99996  3.441992  325.300593  72.591182  20.4768764967875   1.1478491    1.4586 /T    0.0800   0.1453546   78.339415   1.8218295         n.a.     n.a.
 2026-May-23 12:00 C   03 56 26.41 +20 14 27.0  03 57 57.67 +20 19 00.8  8.597630  1.824577   66.072591  -5.107050    5.832   8.230   99.99999  3.441947  138.399929  72.718579  20.4771459257285  -0.8048723    0.8289 /L    0.0387   0.1464850   78.018528   -1.277437         n.a.     n.a.
 2026-May-26 00:00 *m  03 57 02.87 +20 16 15.2  03 58 34.21 +20 20 48.3  8.542578  1.742149  285.796638  17.324080    5.831   8.230   99.99980  3.442189  311.506684  72.845273  20.4757035221568  -1.1656577    3.0698 /L    0.1553   0.1453069   78.473330   -1.862009         n.a.     n.a.
 2026-May-28 12:00 C   03 57 39.40 +20 18 02.7  03 59 10.79 +20 22 34.3  8.562293  1.801748   67.730076  -1.099995    5.831   8.230   99.99941  3.442707  124.620915  72.971943  20.4726241201506  -3.1204038    5.3260 /L    0.2725   0.1458302   78.116727   -4.947392         n.a.     n.a.
 2026-May-31 00:00 *   03 58 15.72 +20 19 49.4  03 59 47.19 +20 24 20.0  8.504652  1.714258  287.140256  13.187246    5.830   8.230   99.99881  3.443508  297.742052  73.097609  20.4678627919078  -3.4568798    7.5734 /L    0.3890   0.1445950   78.603762   -5.524843         n.a.     n.a.
 2026-Jun-02 12:00 Cm  03 58 52.02 +20 21 35.1  04 00 23.58 +20 26 04.5  8.488677  1.771140   69.270570   2.952352    5.829   8.230   99.99801  3.444584  110.870317  73.222966  20.4614708534074  -5.4079972    9.8279 /L    0.5053   0.1445247   78.214469   -8.608444         n.a.     n.a.
 2026-Jun-05 00:00 *   03 59 28.03 +20 23 19.9  04 00 59.69 +20 27 48.4  8.429113  1.679213  288.555879   9.080189    5.828   8.230   99.99702  3.445938  284.004932  73.347040  20.4534274033018  -5.7251248   12.0736 /L    0.6205   0.1432458   78.733278   -9.188042         n.a.     n.a.
 2026-Jun-07 12:00 Cm  04 00 03.95 +20 25 03.4  04 01 35.67 +20 29 30.8  8.376971  1.733044   70.708203   7.045255    5.827   8.229   99.99582  3.447568   97.146274  73.470524  20.4437604697026  -7.6663139   14.3271 /L    0.7352   0.1425727   78.311434   -12.28090         n.a.     n.a.
 2026-Jun-10 00:00 *   04 00 39.49 +20 26 45.7  04 02 11.28 +20 31 12.2  8.314882  1.636895  290.054718   5.005990    5.826   8.229   99.99445  3.449472  270.293330  73.592442  20.4324745101183  -7.9677129   16.5726 /L    0.8484   0.1412412   78.862980   -12.87097         n.a.     n.a.
 2026-Jun-12 12:00 Cm  04 01 14.86 +20 28 26.6  04 02 46.72 +20 32 51.7  8.225251  1.687129   72.055357  11.174878    5.825   8.229   99.99289  3.451651   83.446617  73.713479  20.4195756052141  -9.8902088   18.8265 /L    0.9608   0.1399416   78.408506   -15.98279         n.a.     n.a.
 2026-Jun-15 00:00 *m  04 01 49.76 +20 30 06.0  04 03 21.73 +20 34 30.2  8.158737  1.587115  291.649493   0.968463    5.823   8.229   99.99117  3.454100  256.604861  73.832653  20.4050977138127 -10.1737306   21.0728 /L    1.0713   0.1385279   78.991764   -16.58585         n.a.     n.a.
 2026-Jun-17 12:00 C   04 02 24.38 +20 31 43.8  04 03 56.47 +20 36 06.9  8.029955  1.633038   73.322421  15.338366    5.821   8.229   99.98929  3.456822   69.768684  73.950625  20.3890326004131 -12.0586846   23.3278 /L    1.1807   0.1365721   78.504622   -19.71489         n.a.     n.a.
 2026-Jun-20 00:00 *m  04 02 58.46 +20 33 19.8  04 04 30.62 +20 37 42.2  7.959311  1.530046  293.354981  -3.027764    5.819   8.229   99.98727  3.459805  242.936556  74.066436  20.3714512427857 -12.3123422   25.5752 /L    1.2878   0.1350840   79.118575   -20.31599         n.a.     n.a.
 2026-Jun-22 12:00 C   04 03 32.16 +20 34 54.0  04 05 04.41 +20 39 15.3  7.793710  1.572206   74.518526  19.533524    5.817   8.229   99.98511  3.463055   56.109266  74.180747  20.3523324259923 -14.1398518   27.8313 /L    1.3935   0.1325118   78.594923   -23.45236         n.a.     n.a.
 2026-Jun-25 00:00 *m  04 04 05.24 +20 36 26.2  04 05 37.55 +20 40 46.7  7.721272  1.467510  295.187716  -6.976958    5.815   8.228   99.98283  3.466556  229.285096  74.292640  20.3317760656144 -14.3614588   30.0802 /L    1.4966   0.1309915   79.238681   -24.04565         n.a.     n.a.
 2026-Jun-27 12:00 C   04 04 37.86 +20 37 56.6  04 06 10.29 +20 42 15.9  7.521165  1.505611   75.651399  23.758461    5.812   8.228   99.98044  3.470318   42.464994  74.402772  20.3097381416206 -16.1248651   32.3386 /L    1.5979   0.1278397   78.679974   -27.19691         n.a.     n.a.
 2026-Jun-30 00:00 *   04 05 09.78 +20 39 24.8  04 06 42.30 +20 43 43.3  7.448072  1.399830  297.167072 -10.871698    5.810   8.228   99.97797  3.474320  215.647052  74.510263  20.2863414664686 -16.3200649   34.5906 /L    1.6962   0.1263079   79.355700   -27.78894         n.a.     n.a.
 2026-Jul-02 12:00 Nm  04 05 41.17 +20 40 51.0  04 07 13.82 +20 45 08.6  7.214319  1.433650   76.727316  28.011722    5.807   8.228   99.97541  3.478577   28.832370  74.615749  20.2615187782715 -18.0143761   36.8530 /L    1.7926   0.1225898   78.760446   -30.96660         n.a.     n.a.
 2026-Jul-05 00:00 *   04 06 11.79 +20 42 14.7  04 07 44.50 +20 46 31.7  7.140225  1.327128  299.315286 -14.702870    5.804   8.228   99.97280  3.483064  202.018833  74.718382  20.2354159543699 -18.1880575   39.1101 /L    1.8857   0.1210419   79.470792   -31.56612         n.a.     n.a.
 2026-Jul-07 12:00 Nm  04 06 41.81 +20 43 36.4  04 08 14.61 +20 47 52.3  6.872803  1.356088   77.751764  32.292098    5.801   8.228   99.97013  3.487799   15.207666  74.818766  20.2079438082395 -19.8071234   41.3784 /L    1.9766   0.1167552   78.838216   -34.78290         n.a.     n.a.
 2026-Jul-10 00:00 *   04 07 10.97 +20 44 55.4  04 08 43.85 +20 49 10.6  6.796225  1.249345  301.657803 -18.459343    5.798   8.227   99.96744  3.492755  188.396548  74.916084  20.1792727389164 -19.9609355   43.6423 /L    2.0638   0.1151684   79.583656   -35.39831         n.a.     n.a.
 2026-Jul-12 12:00 Nm  04 07 39.45 +20 46 12.2  04 09 12.47 +20 50 26.4  6.493955  1.272695   78.729121  36.598698    5.794   8.227   99.96472  3.497951    1.586787  75.010889  20.1492969364825 -21.4926426   45.9181 /L    2.1485   0.1102915   78.911630   -38.66529         n.a.     n.a.
 2026-Jul-15 00:00 *m  04 08 07.00 +20 47 26.1  04 09 40.11 +20 51 40.0  6.413347  1.166010  304.224219 -22.127324    5.791   8.227   99.96203  3.503355  174.775837  75.102401  20.1182168772100 -21.6191698   48.1899 /L    2.2293   0.1086414   79.695610   -39.29525         n.a.     n.a.
 2026-Jul-17 12:00 N   04 08 33.77 +20 48 37.7  04 10 07.01 +20 52 50.8  6.077499  1.183784   79.662477  40.931073    5.787   8.227   99.95934  3.508988  347.965101  75.191136  20.0859180794121 -23.0426672   50.4736 /L    2.3072   0.1031953   78.977853   -42.60573         n.a.     n.a.
 2026-Jul-20 00:00 *m  04 08 59.54 +20 49 46.2  04 10 32.83 +20 53 58.9  5.994457  1.078625  307.048138 -25.690071    5.784   8.227   99.95671  3.514813  161.151901  75.276377  20.0526321269102 -23.1320818   52.7533 /L    2.3809   0.1015121   79.799522   -43.23355         n.a.     n.a.
 2026-Jul-22 12:00 N   04 09 24.46 +20 50 52.4  04 10 57.86 +20 55 04.1  5.628848  1.090952   80.554102  45.288777    5.780   8.227   99.95413  3.520853  334.337773  75.358614  20.0182296631393 -24.4360263   55.0451 /L    2.4514   0.0955599   79.031247   -46.58251         n.a.     n.a.
 2026-Jul-25 00:00 *m  04 09 48.32 +20 51 55.4  04 11 21.80 +20 56 06.6  5.545426  0.987968  310.167215 -29.126738    5.776   8.227   99.95163  3.527067  147.519942  75.437206  19.9829612041154 -24.4924979   57.3332 /L    2.5174   0.0938791   79.898221   -47.20608         n.a.     n.a.
 2026-Jul-27 12:00 N   04 10 11.26 +20 52 55.9  04 11 44.88 +20 57 06.4  5.152612  0.994709   81.404113  49.671368    5.772   8.226   99.94921  3.533483  320.700065  75.512604  19.9466775548748 -25.6741765   59.6341 /L    2.5801   0.0874625   79.073493   -50.60207         n.a.     n.a.
 2026-Jul-30 00:00 *   04 10 33.09 +20 53 53.0  04 12 06.79 +20 58 03.3  5.068905  0.894338  313.622982 -32.411675    5.768   8.226   99.94690  3.540055  133.875272  75.584227  19.9096463524098 -25.7031476   61.9321 /L    2.6381   0.0857866   79.993938   -51.22819         n.a.     n.a.
 2026-Aug-01 12:00 Nm  04 10 53.93 +20 54 47.7  04 12 27.75 +20 58 57.4  4.650335  0.894929   82.210477  54.078503    5.763   8.226   99.94471  3.546815  307.047301  75.652477  19.8717003695472 -26.7594467   64.2437 /L    2.6924   0.0789277   79.106943   -54.68341         n.a.     n.a.
 2026-Aug-04 00:00 *   04 11 13.62 +20 55 38.9  04 12 47.48 +20 59 48.3  4.565536  0.797673  317.459016 -35.514013    5.759   8.226   99.94267  3.553714  120.213205  75.716832  19.8331237148970 -26.7647618   66.5533 /L    2.7418   0.0772449   80.089535   -55.32116         n.a.     n.a.
 2026-Aug-06 12:00 Nm  04 11 32.26 +20 56 27.5  04 13 06.25 +21 00 36.2  4.121387  0.791612   82.967871  58.509817    5.755   8.226   99.94076  3.560786  293.374771  75.777627  19.7937353250886 -27.6892213   68.8774 /L    2.7874   0.0699454   79.127373   -58.85171         n.a.     n.a.
 2026-Aug-09 00:00 *   04 11 49.68 +20 57 12.5  04 13 23.75 +21 01 20.9  4.033501  0.697518  321.718509 -38.396718    5.750   8.226   99.93903  3.567977  106.528956  75.834395  19.7538388484404 -27.6679849   71.2004 /L    2.8279   0.0682228   80.188803   -59.51177         n.a.     n.a.
 2026-Aug-11 12:00 Nm  04 12 05.98 +20 57 54.8  04 13 40.21 +21 02 03.0  3.564834  0.684348   83.664109  62.965083    5.746   8.226   99.93747  3.575324  279.677568  75.887407  19.7132470227300 -28.4462533   73.5382 /L    2.8642   0.0604988   79.133018   -63.12483         n.a.     n.a.
 2026-Aug-14 00:00 *m  04 12 21.02 +20 58 33.4  04 13 55.31 +21 02 41.5  3.473926  0.594486  326.439725 -41.016275    5.741   8.226   99.93612  3.582768   92.817545  75.936269  19.6722876026916 -28.3871983   75.8751 /L    2.8952   0.0587404   80.289157   -63.80029         n.a.     n.a.
 2026-Aug-16 12:00 N   04 12 34.89 +20 59 09.3  04 14 09.28 +21 03 17.0  2.984771  0.574652   84.275009  67.444118    5.736   8.225   99.93495  3.590345  265.950756  75.981203  19.6307704946817 -29.0035441   78.2266 /L    2.9219   0.0506598   79.102297   -67.48736         n.a.     n.a.
 2026-Aug-19 00:00 *m  04 12 47.45 +20 59 41.3  04 14 21.89 +21 03 48.8  2.893590  0.489810  331.647942 -43.323184    5.732   8.225   99.93401  3.597994   79.074200  76.021909  19.5890388582052 -28.9041618   80.5771 /L    2.9431   0.0489126   80.392384   -68.16403         n.a.     n.a.
 2026-Aug-21 12:00 N   04 12 58.79 +21 00 10.7  04 14 33.37 +21 04 17.8  2.388904  0.463478   84.748439  71.946306    5.727   8.225   99.93328  3.605752  252.189829  76.058567  19.5468905889922 -29.3571380   82.9422 /L    2.9597   0.0405575   79.020293   -71.92205         n.a.     n.a.
 2026-Aug-24 00:00 *m  04 13 08.80 +21 00 36.1  04 14 43.45 +21 04 43.3  2.298608  0.384187  337.345926 -45.262794    5.722   8.225   99.93278  3.613556   65.294726  76.090960  19.5046759485201 -29.2235406   85.3066 /L    2.9709   0.0388416   80.511350   -72.60083         n.a.     n.a.
 2026-Aug-26 12:00 N   04 13 17.56 +21 00 58.8  04 14 52.34 +21 05 05.9  1.781483  0.350960   84.956742  76.470570    5.717   8.225   99.93250  3.621446  238.390871  76.119210  19.4621814761580 -29.5143476   87.6861 /L    2.9773   0.0302621   78.855202   -76.43842         n.a.     n.a.
 2026-Aug-29 00:00 *   04 13 24.99 +21 01 17.6  04 14 59.80 +21 05 24.8  1.692204  0.277544  343.502543 -46.778983    5.713   8.225   99.93247  3.629357   51.475442  76.143180  19.4197629304099 -29.3517756   90.0654 /L    2.9782   0.0285802   80.685663   -77.12493         n.a.     n.a.
 2026-Aug-31 12:00 Nm  04 13 31.12 +21 01 33.6  04 15 06.04 +21 05 40.7  1.164761  0.237313   84.508571  81.014339    5.708   8.225   99.93266  3.637329  224.550430  76.162920  19.3771985565425 -29.4805387   92.4605 /L    2.9743   0.0198115   78.483958   -81.05467         n.a.     n.a.
 2026-Sep-03 00:00 *   04 13 35.91 +21 01 45.6  04 15 10.87 +21 05 52.7  1.074853  0.169841  350.043516 -47.819153    5.703   8.225   99.93310  3.645296   37.613098  76.178362  19.3348501158563 -29.2900888   94.8561 /L    2.9647   0.0181365   81.020746   -81.76543         n.a.     n.a.
 2026-Sep-05 12:00 Nm  04 13 39.37 +21 01 54.8  04 15 14.48 +21 06 02.0  0.538763  0.122036   81.385071  85.566344    5.698   8.225   99.93377  3.653299  210.665384  76.189481  19.2924942692367 -29.2510604   97.2682 /L    2.9503   0.0092069   77.237191   -85.80191         n.a.     n.a.
 2026-Sep-08 00:00 *   04 13 41.48 +21 02 00.1  04 15 16.65 +21 06 07.5  0.447606  0.060969  356.849527 -48.340124    5.693   8.225   99.93467  3.661268   23.704677  76.196287  19.2505030367120 -29.0248480   99.6814 /L    2.9301   0.0075290   82.243441   -86.54575         n.a.     n.a.
 2026-Sep-10 12:00 A   04 13 42.24 +21 02 02.5  04 15 17.53 +21 06 10.2  -0.09332  0.006217  341.494352  89.364167    5.689   8.225   99.93581  3.669243  196.732892  76.198690  19.2086591494523 -28.8056311  102.1111 /L    2.9050   0.0015588   273.81143   -89.28013         n.a.     n.a.
 2026-Sep-13 00:00 *m  04 13 41.65 +21 02 00.8  04 15 16.95 +21 06 08.7  -0.18351  -0.04769    3.764800 -48.315003    5.684   8.225   99.93717  3.677153    9.747616  76.196796  19.1673428395801 -28.5355390  104.5415 /L    2.8741   0.0031601   255.43214   -88.53022         n.a.     n.a.
 2026-Sep-15 12:00 A   04 13 39.70 +21 01 56.4  04 15 15.12 +21 06 04.5  -0.72262  -0.10875  278.023422  85.144371    5.679   8.225   99.93874  3.685036  182.750777  76.190476  19.1263377276878 -28.1336670  106.9880 /L    2.8383   0.0121793   261.44117   -84.28451         n.a.     n.a.
 2026-Sep-18 00:00 *m  04 13 36.43 +21 01 48.0  04 15 11.88 +21 05 56.3  -0.80897  -0.15480   10.616837 -47.737267    5.674   8.225   99.94052  3.692820  355.740219  76.179936  19.0860201042466 -27.8241939  109.4349 /L    2.7968   0.0137275   259.16741   -83.50635         n.a.     n.a.
 2026-Sep-20 12:00 A   04 13 31.81 +21 01 36.9  04 15 07.39 +21 05 45.6  -1.34125  -0.22206  275.397121  80.527044    5.670   8.225   99.94250  3.700547  168.717844  76.164994  19.0461699319096 -27.2469521  111.8977 /L    2.7504   0.0226585   260.59948   -79.16161         n.a.     n.a.
 2026-Sep-23 00:00 *m  04 13 25.91 +21 01 21.9  04 15 01.52 +21 05 31.0  -1.42267  -0.26015   17.242598 -46.621536    5.665   8.225   99.94465  3.708143  341.681725  76.145947  19.0071551143058 -26.9053383  114.3608 /L    2.6986   0.0241044   259.63744   -78.36894         n.a.     n.a.
 2026-Sep-25 12:00 A   04 13 18.68 +21 01 04.2  04 14 54.39 +21 05 13.9  -1.94414  -0.33328  275.061954  75.879125    5.661   8.225   99.94697  3.715650  154.633717  76.122554  18.9687546303637 -26.1602610  116.8399 /L    2.6418   0.0328749   260.27250   -73.92616         n.a.     n.a.
 2026-Sep-28 00:00 *   04 13 10.20 +21 00 42.6  04 14 45.92 +21 04 52.6  -2.02116  -0.36321   23.511212 -45.001080    5.657   8.225   99.94943  3.722996  327.572118  76.095188  18.9313269515540 -25.7914864  119.3195 /L    2.5798   0.0342256   259.81257   -73.10814         n.a.     n.a.
 2026-Sep-30 12:00 Am  04 13 00.43 +21 00 18.5  04 14 36.25 +21 04 28.9  -2.52934  -0.44242  275.332894  71.211120    5.652   8.225   99.95204  3.730222  140.498660  76.063538  18.8946542631111 -24.8837417  121.8156 /L    2.5130   0.0427956   260.07850   -68.55550        3.126    2.631
 2026-Oct-03 00:00 *   04 12 49.47 +20 59 50.5  04 14 25.33 +21 04 01.4  -2.60293  -0.46435   29.336040 -42.921671    5.648   8.224   99.95475  3.737256  313.411851  76.028052  18.8590878691959 -24.4859531  124.3126 /L    2.4411   0.0440671   259.88514   -67.69371         n.a.     n.a.
 2026-Oct-05 12:00 Am  04 12 37.23 +20 59 20.0  04 14 13.22 +21 03 31.7  -3.09444  -0.54885  275.861156  66.526593    5.644   8.224   99.95756  3.744139  126.313302  75.988358  18.8244225715347 -23.4118019  126.8263 /L    2.3645   0.0523789   259.94225   -63.02066        0.417   19.705
 2026-Oct-08 00:00 *   04 12 23.86 +20 58 45.9  04 13 59.86 +21 02 58.2  -3.16331  -0.56223   34.675171 -40.435164    5.640   8.224   99.96043  3.750797  299.201770  75.944989  18.7910055084951 -22.9762557  129.3409 /L    2.2831   0.0535480   259.92178   -62.10518         n.a.     n.a.
 2026-Oct-10 12:00 A   04 12 09.28 +20 58 09.3  04 13 45.34 +21 02 22.3  -3.63163  -0.65097  276.530147  61.828053    5.636   8.224   99.96337  3.757268  112.078782  75.897540  18.7586441471678 -21.7351161  131.8718 /L    2.1972   0.0614918   259.83771   -57.32042         n.a.     n.a.
 2026-Oct-13 00:00 *m  04 11 53.63 +20 57 29.2  04 13 29.71 +21 01 42.7  -3.69204  -0.65503   39.523378 -37.594573    5.633   8.224   99.96633  3.763482  284.943400  75.846644  18.7276713280306 -21.2630235  134.4027 /L    2.1068   0.0624950   259.93947   -56.36323         n.a.     n.a.
 2026-Oct-15 12:00 A   04 11 36.84 +20 56 46.9  04 13 13.01 +21 01 01.1  -4.13085  -0.74704  277.291749  57.118216    5.629   8.225   99.96930  3.769474   97.797066  75.791867  18.6979002096065 -19.8670412  136.9493 /L    2.0122   0.0699643   259.74921   -51.48368         n.a.     n.a.
 2026-Oct-18 00:00 *m  04 11 19.09 +20 56 01.3  04 12 55.28 +21 00 16.2  -4.18072  -0.74183   43.900617 -34.449836    5.626   8.225   99.97225  3.775180  270.639110  75.733931  18.6696406297026 -19.3679889  139.4950 /L    1.9134   0.0707671   259.93814   -50.49351         n.a.     n.a.
 2026-Oct-20 12:00 A   04 11 00.27 +20 55 13.5  04 12 36.55 +20 59 29.5  -4.58530  -0.83647  278.124120  52.400005    5.623   8.225   99.97516  3.780633   83.470849  75.672362  18.6427109326436 -17.8335810  142.0558 /L    1.8107   0.0776828   259.66153   -45.53361         n.a.     n.a.
 2026-Oct-23 00:00 *m  04 10 40.61 +20 54 22.8  04 12 16.88 +20 58 39.4  -4.62429  -0.82176   47.842178 -31.046157    5.620   8.225   99.97800  3.785773  256.291865  75.607958  18.6173966069924 -17.3159804  144.6151 /L    1.7043   0.0782790   259.92348   -44.50990         n.a.     n.a.
 2026-Oct-25 12:00 Am  04 10 19.97 +20 53 30.1  04 11 56.30 +20 57 47.7  -4.99193  -0.91851  279.016702  47.676601    5.617   8.225   99.98076  3.790634   69.103301  75.540194  18.5935245235894 -15.6582922  147.1894 /L    1.5943   0.0845955   259.57419   -39.47587        2.602    3.161
 2026-Oct-28 00:00 *   04 09 58.60 +20 52 34.7  04 11 34.94 +20 56 52.8  -5.02098  -0.89491   51.390493 -27.423239    5.614   8.225   99.98341  3.795159  241.904939  75.469931  18.5713553070548 -15.1277535  149.7619 /L    1.4811   0.0850018   259.89410   -38.40977         n.a.     n.a.
 2026-Oct-30 12:00 Am  04 09 36.35 +20 51 37.5  04 11 12.78 +20 55 56.7  -5.34978  -0.99301  279.965443  42.951501    5.612   8.225   99.98593  3.799378   54.697721  75.396596  18.5507305777788 -13.3560326  152.3496 /L    1.3647   0.0906860   259.48456   -33.30017        2.283    3.603
 2026-Nov-02 00:00 *   04 09 13.47 +20 50 37.9  04 10 49.92 +20 54 57.9  -5.36937  -0.96042   54.589361 -23.614892    5.610   8.225   99.98829  3.803241  227.481629  75.321104  18.5318926317248 -12.8072920  154.9354 /L    1.2455   0.0909098   259.85869   -32.16928         n.a.     n.a.
 2026-Nov-04 12:00 Am  04 08 49.82 +20 49 36.7  04 10 26.32 +20 53 57.8  -5.65516  -1.05859  280.970086  38.228352    5.608   8.225   99.99048  3.806771   40.257422  75.242859  18.5147046879870 -10.9247172  157.5362 /L    1.1235   0.0958899   259.39746   -26.98325        0.239   34.398
 2026-Nov-07 00:00 *   04 08 25.68 +20 48 33.3  04 10 02.15 +20 52 55.2  -5.66209  -1.01649   57.481153 -19.649996    5.606   8.225   99.99248  3.809924  213.025331  75.162853  18.4993857233727 -10.3563282  160.1345 /L    0.9992   0.0958768   259.82236   -25.78691         n.a.     n.a.
 2026-Nov-09 12:00 A   04 08 00.88 +20 47 28.8  04 09 37.40 +20 51 51.6  -5.89932  -1.11312  282.032427  33.511332    5.604   8.225   99.99428  3.812721   25.785984  75.080486  18.4858132261149  -8.3780746  162.7468 /L    0.8725   0.1000569   259.31468   -20.54697         n.a.     n.a.
 2026-Nov-12 00:00 *m  04 07 35.73 +20 46 22.4  04 09 12.26 +20 50 46.0  -5.89126  -1.06157   60.104474 -15.553134    5.603   8.225   99.99584  3.815123  198.539835  74.996814  18.4741727583183  -7.7998125  165.3553 /L    0.7442   0.0997690   259.78527   -19.29935         n.a.     n.a.
 2026-Nov-14 12:00 A   04 07 10.07 +20 45 15.2  04 08 46.65 +20 49 39.9  -6.07616  -1.15589  283.156573  28.805252    5.602   8.225   99.99718  3.817152   11.287344  74.911226  18.4643517680764  -5.7492830  167.9769 /L    0.6141   0.1030854   259.22914   -14.03518         n.a.     n.a.
 2026-Nov-17 00:00 *m  04 06 44.21 +20 44 06.6  04 08 20.79 +20 48 32.2  -6.05266  -1.09498   62.493724 -11.345128    5.601   8.225   99.99827  3.818777  184.029170  74.824826  18.4564992847719  -5.1730913  170.5933 /L    0.4829   0.1025151   259.74559   -12.75037         n.a.     n.a.
 2026-Nov-19 12:00 A   04 06 17.97 +20 42 57.3  04 07 54.57 +20 47 24.2  -6.18405  -1.18601  284.347954  24.115329    5.600   8.225   99.99910  3.820015  356.765582  74.736978  18.4505152580203  -3.0725395  173.2217 /L    0.3504   0.1049459   259.14337   -7.484267         n.a.     n.a.
 2026-Nov-22 00:00 *m  04 05 51.69 +20 41 47.2  04 07 28.27 +20 46 14.7  -6.14642  -1.11664   64.679388  -7.043863    5.600   8.225   99.99966  3.820844  169.497393  74.648810  18.4465128382524  -2.5078434  175.8435 /L    0.2175   0.1041171   259.70320   -6.170994         n.a.     n.a.
 2026-Nov-24 12:00 Am  04 05 25.17 +20 40 36.7  04 07 01.78 +20 45 05.3  -6.22454  -1.20381  285.613354  19.447281    5.599   8.225   99.99995  3.821280  342.224653  74.559666  18.4444069666212  -0.3770514  178.4735 /L    0.0840   0.1056646   259.05426   -0.922728        4.298    1.914
 2026-Nov-27 00:00 *   04 04 58.75 +20 39 25.8  04 06 35.38 +20 43 55.2  -6.17505  -1.12658   66.687874  -2.664573    5.599   8.225   99.99998  3.821307  154.948312  74.470680  18.4442789289215   0.1737190  178.8812 /T    0.0504   0.1046163   259.66066   0.4209887         n.a.     n.a.
 2026-Nov-29 12:00  m  04 04 32.23 +20 38 14.9  04 06 08.89 +20 42 45.5  -6.20054  -1.20900  286.961445  14.807319    5.599   8.225   99.99973  3.820936  327.668196  74.381173  18.4460680409609   2.3259651  176.2487 /T    0.1838   0.1052885   258.96671   5.6524686        1.492    5.512
 2026-Dec-02 00:00 *   04 04 05.94 +20 37 03.9  04 05 42.58 +20 41 35.4  -6.13855  -1.12404   68.542086   1.779840    5.600   8.225   99.99921  3.820157  140.385405  74.292304  18.4498290879291   2.8679615  173.6170 /T    0.3168   0.1040102   259.62339   7.0426042         n.a.     n.a.
 2026-Dec-04 12:00  m  04 03 39.71 +20 35 53.3  04 05 16.33 +20 40 25.8  -6.10865  -1.20010  288.402182  10.202142    5.600   8.225   99.99842  3.818978  313.099623  74.203408  18.4555232260343   5.0287861  170.9736 /T    0.4496   0.1037570   258.88526   12.251881        0.285   28.884
 2026-Dec-07 00:00 *   04 03 13.85 +20 34 43.1  04 04 50.46 +20 39 16.2  -6.03235  -1.10751   70.261946   6.277925    5.601   8.225   99.99738  3.817397  125.812128  74.115663  18.4631687184967   5.5550972  168.3379 /T    0.5810   0.1022195   259.59666   13.679976         n.a.     n.a.
 2026-Dec-09 12:00     04 02 48.19 +20 33 33.7  04 04 24.81 +20 38 07.9  -5.94579  -1.17661  289.947491   5.639528    5.602   8.225   99.99608  3.815419  298.522448  74.028418  18.4727402308110   7.6998216  165.6922 /T    0.7116   0.1010182   258.80636   18.842359         n.a.     n.a.
 2026-Dec-12 00:00 *m  04 02 23.07 +20 32 25.2  04 03 59.70 +20 37 00.2  -5.85510  -1.07708   71.864272  10.819707    5.604   8.225   99.99455  3.813051  111.232015  73.942853  18.4842150110323   8.1976858  163.0556 /T    0.8401   0.0992223   259.57667   20.288034         n.a.     n.a.
 2026-Dec-14 12:00     04 01 58.30 +20 31 17.8  04 03 34.91 +20 35 54.0  -5.71319  -1.13843  291.611442   1.128157    5.605   8.225   99.99280  3.810295  283.940203  73.858317  18.4975813722834  10.3014151  160.4104 /T    0.9673   0.0970918   258.73060   25.380629         n.a.     n.a.
 2026-Dec-17 00:00 *m  04 01 34.20 +20 30 11.8  04 03 10.78 +20 34 48.7  -5.61033  -1.03310   73.363802  15.396369    5.607   8.225   99.99083  3.807168   96.648556  73.775962  18.5127778060806  10.7607524  157.7757 /T    1.0918   0.0950776   259.56629   26.824160         n.a.     n.a.
 2026-Dec-19 12:00     04 01 10.59 +20 29 07.4  04 02 47.13 +20 33 45.1  -5.41614  -1.08665  293.410206  -3.322330    5.609   8.224   99.98867  3.803668  269.356271  73.695136  18.5298082395337  12.8018329  155.1333 /T    1.2144   0.0920678   258.65523   31.827808         n.a.     n.a.
 2026-Dec-22 00:00 *m  04 00 47.78 +20 28 04.7  04 02 24.33 +20 32 43.0  -5.30409  -0.97670   74.773405  20.000090    5.611   8.224   99.98635  3.799820   82.064992  73.616950  18.5485755058533  13.2165211  152.5024 /T    1.3338   0.0898877   259.56640   33.252408         n.a.     n.a.
 2026-Dec-24 12:00  m  04 00 25.59 +20 27 03.9  04 02 02.13 +20 31 43.1  -5.06221  -1.02231  295.362874  -7.700990    5.614   8.224   99.98386  3.795619  254.773734  73.540744  18.5691041388278  15.1809889  149.8645 /T    1.4508   0.0860735   258.58277   38.155827         n.a.     n.a.
 2026-Dec-27 00:00 *   04 00 04.31 +20 26 05.3  04 01 40.86 +20 30 45.3  -4.94371  -0.90883   76.104041  24.624189    5.616   8.224   99.98125  3.791094   67.484210  73.467577  18.5912700502264  15.5557050  147.2383 /T    1.5642   0.0837758   259.58330   39.562411         n.a.     n.a.
 2026-Dec-29 12:00  m  03 59 43.76 +20 25 08.8  04 01 20.26 +20 29 49.7  -4.65610  -0.94572  297.491773 -11.995524    5.619   8.224   99.97852  3.786236  240.195302  73.396812  18.6151246431605  17.4382321  144.6051 /T    1.6748   0.0791863   258.51856   44.380051         n.a.     n.a.
$$EOE
**********************************************************************************************************************************************************************************************************************************************************************************************
Column meaning:
 
TIME

  Times PRIOR to 1962 are UT1, a mean-solar time closely related to the
prior but now-deprecated GMT. Times AFTER 1962 are in UTC, the current
civil or "wall-clock" time-scale. UTC is kept within 0.9 seconds of UT1
using integer leap-seconds for 1972 and later years.

  Conversion from the internal Barycentric Dynamical Time (TDB) of solar
system dynamics to the non-uniform civil UT time-scale requested for output
has not been determined for UTC times after the next July or January 1st.
Therefore, the last known leap-second is used as a constant over future
intervals.

  Time tags refer to the UT time-scale conversion from TDB on Earth
regardless of observer location within the solar system, although clock
rates may differ due to the local gravity field and no analog to "UT"
may be defined for that location.

  Any 'b' symbol in the 1st-column denotes a B.C. date. First-column blank
(" ") denotes an A.D. date.
 
CALENDAR SYSTEM

  Mixed calendar mode was active such that calendar dates after AD 1582-Oct-15
(if any) are in the modern Gregorian system. Dates prior to 1582-Oct-5 (if any)
are in the Julian calendar system, which is automatically extended for dates
prior to its adoption on 45-Jan-1 BC.  The Julian calendar is useful for
matching historical dates. The Gregorian calendar more accurately corresponds
to the Earth's orbital motion and seasons. A "Gregorian-only" calendar mode is
available if such physical events are the primary interest.

  NOTE: "n.a." in output means quantity "not available" at the print-time.
 
SOLAR PRESENCE (OBSERVING SITE)
  Time tag is followed by a blank, then a solar-presence symbol:

       '*'  Daylight (refracted solar upper-limb on or above apparent horizon)
       'C'  Civil twilight/dawn
       'N'  Nautical twilight/dawn
       'A'  Astronomical twilight/dawn
       ' '  Night OR geocentric ephemeris

LUNAR PRESENCE (OBSERVING SITE)
  The solar-presence symbol is immediately followed by a lunar-presence symbol:

       'm'  Refracted upper-limb of Moon on or above apparent horizon
       ' '  Refracted upper-limb of Moon below apparent horizon OR geocentric
            ephemeris
 
 'R.A._____(ICRF)_____DEC' =
  Astrometric right ascension and declination of the target center with
respect to the observing site (coordinate origin) in the reference frame of
the planetary ephemeris (ICRF). Compensated for down-leg light-time delay
aberration.

  Units: RA  in hours-minutes-seconds of time,    HH MM SS.ff{ffff}
         DEC in degrees-minutes-seconds of arc,  sDD MN SC.f{ffff}
 
 'R.A.__(a-apparent)__DEC' =
  Airless apparent right ascension and declination of the target center
with respect to an instantaneous reference frame defined by the Earth equator
of-date (z-axis) and meridian containing the Earth equinox of-date (x-axis,
EOP-corrected IAU76/80). Compensated for down-leg light-time delay,
gravitational deflection of light, stellar aberration, precession & nutation.
Note: equinox (RA origin) is offset -53 mas from the of-date frame defined
by the IAU06/00a P & N system.

  Units: RA  in hours-minutes-seconds of time,   HH MM SS.ff{ffff}
         DEC in degrees-minutes-seconds of arc, sDD MN SC.f{ffff}
 
 'dRA*cosD d(DEC)/dt' =
  The angular rate of change in apparent RA and DEC of the target. This is
with respect to the non-inertial IAU76/80 Earth true equator and equinox
of-date reference frame.  d(RA)/dt is multiplied by the cosine of declination
to provide a linear rate in the plane-of-sky. Units: ARCSECONDS PER HOUR
 
 'Azi____(a-app)___Elev' =
  Airless apparent azimuth and elevation of target center. Compensated
for light-time, the gravitational deflection of light, stellar aberration,
precession and nutation. Azimuth is measured clockwise from north:

  North(0) -> East(90) -> South(180) -> West(270) -> North (360)

Elevation angle is with respect to a plane perpendicular to the reference
surface local zenith direction. TOPOCENTRIC ONLY.  Units: DEGREES
 
 'APmag   S-brt' =
  The targets' approximate apparent visual magnitude and surface brightness.
For planets and natural satellites, output is restricted to solar phase angles
covered by observational data. Outside the observed phase angle range, "n.a."
may be output to avoid extrapolation beyond the limit of model validity.

   For Earth-based observers, the estimated dimming due to atmospheric
absorption (extinction) is available as a separate, requestable quantity.

   Surface brightness is the average airless visual magnitude of a
square-arcsecond of the illuminated portion of the apparent disk. It is
computed only if the target radius is known.

   Units: MAGNITUDES & MAGNITUDES PER SQUARE ARCSECOND
 
 'Illu%' =
   Fraction of the target objects' assumed circular disk illuminated by Sun
(phase), as seen by the observer.  Units: PERCENT
 
 'Ang-diam' =
   The equatorial angular width of the target body full disk, if it were fully
illuminated and visible to the observer. If the target body diameter is unknown
"n.a." is output.

   Units: ARCSECONDS
 
 'ObsSub-LON ObsSub-LAT' =
   Apparent planetodetic longitude and latitude of the center of the target
disc seen by the OBSERVER at print-time. This is NOT exactly the same as the
"nearest" sub-point for a non-spherical target shape (since the center of the
disc might not be the point closest to the observer), but is generally very
close if not a very irregular body shape. Down-leg light travel-time from
target to observer is taken into account. Latitude is the angle between the
equatorial plane and the line perpendicular to the reference ellipsoid of the
body, so includes body oblateness. The reference ellipsoid is an oblate
spheroid with a single flatness coefficient in which the y-axis body radius
is taken to be the same value as the x-axis radius. For Jupiter, Saturn, and
Uranus, IAU2015 longitude is based on the "System III" prime meridian rotation
angle of the magnetic field. By contrast, pole direction (thus latitude) is
relative to the body dynamical equator.  There can be an offset between the
magnetic pole and the dynamical pole of rotation. For Neptune, rotation is
IAU2015 "System II" rotation of optically observed features in the Neptunian
atmosphere. Positive longitude is to the EAST for this target. Cartographic
system is specified in the header. Units: DEGREES DEGREES
 
 'delta      deldot' =
   Apparent range ("delta", light-time aberrated) and range-rate ("delta-dot")
of the target center relative to the observer. A positive "deldot" means the
target center is moving away from the observer, negative indicates movement
toward the observer.  Units: AU and KM/S
 
 'S-O-T /r' =
   Sun-Observer-Target apparent SOLAR ELONGATION ANGLE seen from the observers'
location at print-time.

   The '/r' column provides a code indicating the targets' apparent position
relative to the Sun in the observers' sky, as described below:

   Case A: For an observing location on the surface of a rotating body, that
body rotational sense is considered:

    /T indicates target TRAILS Sun   (evening sky: rises and sets AFTER Sun)
    /L indicates target LEADS Sun    (morning sky: rises and sets BEFORE Sun)

   Case B: For an observing point that does not have a rotational model (such
as a spacecraft), the "leading" and "trailing" condition is defined by the
observers' heliocentric ORBITAL motion:

    * If continuing in the observers' current direction of heliocentric
       motion would encounter the targets' apparent longitude first, followed
       by the Sun's, the target LEADS the Sun as seen by the observer.

    * If the Sun's apparent longitude would be encountered first, followed
       by the targets', the target TRAILS the Sun.

   Two other codes can be output:
    /* indicates observer is Sun-centered    (undefined)
    /? Target is aligned with Sun center     (no lead or trail)

   The S-O-T solar elongation angle is numerically the minimum separation
angle of the Sun and target in the sky in any direction. It does NOT indicate
the amount of separation in the leading or trailing directions, which would
be defined along the equator of a spherical coordinate system.

   Units: DEGREES
 
 'S-T-O' =
   The Sun-Target-Observer angle; the interior vertex angle at target center
formed by a vector from the target to the apparent center of the Sun (at
reflection time on the target) and the apparent vector from target to the
observer at print-time. Slightly different from true PHASE ANGLE (requestable
separately) at the few arcsecond level in that it includes stellar aberration
on the down-leg from target to observer.  Units: DEGREES
 
 'Sky_motion  Sky_mot_PA  RelVel-ANG' =
  Total apparent angular rate of the target in the plane-of-sky. "Sky_mot_PA"
is the position angle of the target's direction of motion in the plane-of-sky,
measured counter-clockwise from the apparent of-date north pole direction.
"RelVel-ANG" is the flight path angle of the target's relative motion with
respect to the observer's line-of-sight, in the range [-90,+90], where positive
values indicate motion away from the observer, negative values are toward the
observer:

  -90 = target is moving directly toward the observer
    0 = target is moving at right angles to the observer's line-of-sight
  +90 = target is moving directly away from the observer

UNITS:  ARCSECONDS/MINUTE, DEGREES, DEGREES
 
 'Lun_Sky_Brt  sky_SNR' =
  Sky brightness due to moonlight scattered by Earth's atmosphere at the
target's position in the sky. "sky_SNR" is the visual signal-to-noise ratio
(SNR) of the target's surface brightness relative to background sky. Output
only for topocentric Earth observers when both the Moon and target are above
the local horizon and the Sun is in astronomical twilight (or further) below
the horizon, and the target is not the Moon or Sun. If all conditions are
not met, "n.a." is output. Galactic brightness, local sky light-pollution
and weather are NOT considered. Lunar opposition surge is considered. The
value returned is accurate under ideal conditions at the approximately 8-23%
level, so is a useful but not definitive value.

  If the target-body radius is also known, "sky_SNR" is output. This is the
approximate visual signal-to-noise ratio of the target's brightness divided
by lunar sky brightness. When sky_SNR < 1, the target is dimmer than the
ideal moonlight-scattering background sky, so unlikely to be detectable at
visual wavelengths. In practice, visibility requires sky_SNR > 1 and a
detector sensitive enough to reach the target's magnitude, even if it isn't
washed out by moonlight. When relating magnitudes and brightness values,
keep in mind their logarithmic relationship m2-m1 = -2.5*log_10(b2/b1).

  UNITS: VISUAL MAGNITUDES / ARCSECOND^2, and unitless ratio

Computations by ...

    Solar System Dynamics Group, Horizons On-Line Ephemeris System
    4800 Oak Grove Drive, Jet Propulsion Laboratory
    Pasadena, CA  91109   USA

    General site: https://ssd.jpl.nasa.gov/
    Mailing list: https://ssd.jpl.nasa.gov/email_list.html
    System news : https://ssd.jpl.nasa.gov/horizons/news.html
    User Guide  : https://ssd.jpl.nasa.gov/horizons/manual.html
    Connect     : browser        https://ssd.jpl.nasa.gov/horizons/app.html#/x
                  API            https://ssd-api.jpl.nasa.gov/doc/horizons.html
                  command-line   telnet ssd.jpl.nasa.gov 6775
                  e-mail/batch   https://ssd.jpl.nasa.gov/ftp/ssd/horizons_batch.txt
                  scripts        https://ssd.jpl.nasa.gov/ftp/ssd/SCRIPTS
    Author      : Jon.D.Giorgini@jpl.nasa.gov

**********************************************************************************************************************************************************************************************************************************************************************************************
