*******************************************************************************
 Revised: September 25, 2025           Uranus                               799
 
 PHYSICAL DATA:
  Mass x10^24 (kg)      = 86.813          Density (g/cm^3)       =  1.271
  Equat. radius (1 bar) = 25559+-4 km     Polar radius (km)      = 24973+-20
  Vol. Mean Radius (km) = 25362+-12       Flattening             =  0.02293
  Geometric Albedo      = 0.51
  Sid. rot. period (III)= 17.24+-0.01 h   Sid. rot. rate (rad/s) = -0.000101237
  Mean solar day, h     =~17.24           Rocky core mass (Mc/M) =  0.0012        
  GM (km^3/s^2)         = 5793950.6103    GM 1-sigma (km^3/s^2)  = +-4.3 
  Equ. grav, ge (m/s^2) =  8.87           Pol. grav, gp (m/s^2)  =   9.19+-0.02
  Visual magnitude V(1,0)= -7.11
  Vis. mag. (opposition)=  +5.52          Obliquity to orbit     = 97.77 deg
  Sidereal orbit period = 84.0120465 y    Sidereal orbit period  = 30685.4 d
  Mean daily motion     = 0.01176904 dg/d Mean orbit velocity    =  6.8 km/s
  Atmos. temp. (1 bar)  =  76+-2 K        Escape speed, km/s     =  21.3           
  Aroche(ice)/Rp        =  2.20           Hill's sphere rad., Rp = 2700
                                 Perihelion   Aphelion    Mean
  Solar Constant (W/m^2)         4.09         3.39        3.71
  Maximum Planetary IR (W/m^2)   0.72         0.55        0.63
  Minimum Planetary IR (W/m^2)   0.72         0.55        0.63
*******************************************************************************


*******************************************************************************
Ephemeris / WWW_USER Mon Apr  6 16:57:18 2026 Pasadena, USA      / Horizons    
*******************************************************************************
Target body name: Uranus (799)                    {source: ura184_merged}
Center body name: Earth (399)                     {source: DE441}
Center-site name: (user defined site below)
*******************************************************************************
Start time      : A.D. 2026-Jan-01 00:00:00.0000 UT      
Stop  time      : A.D. 2026-Dec-31 00:00:00.0000 UT      
Step-size       : 3600 minutes
*******************************************************************************
Target pole/equ : IAU_URANUS                      {East-longitude positive}
Target radii    : 25559.0, 25559.0, 24973.0 km    {Equator_a, b, pole_c}       
Center geodetic : 273.0, 21.0, .010               {E-lon(deg),Lat(deg),Alt(km)}
Center cylindric: 273.0, 5957.07452, 2271.3986    {E-lon(deg),Dxy(km),Dz(km)}
Center pole/equ : ITRF93                          {East-longitude positive}
Center radii    : 6378.137, 6378.137, 6356.752 km {Equator_a, b, pole_c}       
Target primary  : Sun
Vis. interferer : MOON (R_eq= 1737.400) km        {source: DE441}
Rel. light bend : Sun                             {source: DE441}
Rel. lght bnd GM: 1.3271E+11 km^3/s^2                                          
Atmos refraction: NO (AIRLESS)
RA format       : HMS
Time format     : CAL 
Calendar mode   : Mixed Julian/Gregorian
EOP file        : eop.260406.p260703                                           
EOP coverage    : DATA-BASED 1962-JAN-20 TO 2026-APR-06. PREDICTS-> 2026-JUL-02
Units conversion: 1 au= 149597870.700 km, c= 299792.458 km/s, 1 day= 86400.0 s 
Table cut-offs 1: Elevation (-90.0deg=NO ),Airmass (>38.000=NO), Daylight (NO )
Table cut-offs 2: Solar elongation (  0.0,180.0=NO ),Local Hour Angle( 0.0=NO )
Table cut-offs 3: RA/DEC angular rate (     0.0=NO )                           
**********************************************************************************************************************************************************************************************************************************************************************************************
 Date__(UT)__HR:MN     R.A._____(ICRF)_____DEC  R.A.__(a-apparent)__DEC  dRA*cosD d(DEC)/dt  Azi____(a-app)___Elev    APmag   S-brt      Illu%  Ang-diam  ObsSub-LON ObsSub-LAT             delta      deldot     S-O-T /r     S-T-O  Sky_motion  Sky_mot_PA  RelVel-ANG  Lun_Sky_Brt  sky_SNR
**********************************************************************************************************************************************************************************************************************************************************************************************
$$SOE
 2026-Jan-01 00:00 Nm  03 41 25.53 +19 25 28.6  03 42 56.94 +19 30 34.6  -4.10960  -0.85603   84.479243  50.611937    5.646   8.236   99.97084  3.757946    3.751325  69.516090  18.7552587655532  19.7166446  137.3828 /T    1.9525   0.0699634   258.23350   51.182655         n.a.     n.a.
 2026-Jan-03 12:00 Nm  03 41 08.95 +19 24 36.7  03 42 40.33 +19 29 43.3  -3.68741  -0.85017  313.629066 -33.991613    5.649   8.236   99.96794  3.752020  176.501869  69.455707  18.7848789322662  21.2127474  134.7643 /T    2.0479   0.0630692   257.01680   55.974859         n.a.     n.a.
 2026-Jan-06 00:00 N   03 40 53.53 +19 23 48.6  03 42 24.92 +19 28 55.8  -3.60971  -0.74424   85.808856  55.316037    5.652   8.236   99.96505  3.745866  349.253873  69.399474  18.8157409531429  21.6250872  132.1599 /T    2.1385   0.0614273   258.35015   57.133896         n.a.     n.a.
 2026-Jan-08 12:00 Nm  03 40 39.15 +19 23 03.7  03 42 10.46 +19 28 11.4  -3.15675  -0.72780  317.843306 -37.304019    5.656   8.236   99.96217  3.739451  162.006007  69.347001  18.8480203497427  22.9807910  129.5501 /T    2.2252   0.0539928   257.01709   61.839705         n.a.     n.a.
 2026-Jan-11 00:00 N   03 40 25.99 +19 22 23.1  03 41 57.29 +19 27 31.0  -3.07159  -0.62256   87.207589  60.011906    5.660   8.235   99.95936  3.732838  334.760173  69.298944  18.8814103832068  23.3640541  126.9545 /T    2.3066   0.0522342   258.54229   62.965945         n.a.     n.a.
 2026-Jan-13 12:00 Nm  03 40 13.95 +19 21 45.8  03 41 45.18 +19 26 54.1  -2.59020  -0.59557  322.536686 -40.331133    5.664   8.235   99.95661  3.725994  147.515006  69.254978  18.9160944189305  24.5657639  124.3540 /T    2.3839   0.0442965   257.05087   67.592890         n.a.     n.a.
 2026-Jan-16 00:00 N   03 40 03.20 +19 21 13.2  03 41 34.45 +19 26 21.6  -2.49775  -0.49179   88.732692  64.695820    5.668   8.235   99.95397  3.718985  320.272475  69.215673  18.9517423368041  24.9110570  121.7683 /T    2.4556   0.0424285   258.86127   68.684926         n.a.     n.a.
 2026-Jan-18 12:00 N   03 39 53.66 +19 20 44.2  03 41 24.84 +19 25 53.0  -1.99255  -0.45483  327.742411 -43.022300    5.672   8.235   99.95143  3.711778  133.031179  69.180754  18.9885427809313  25.9444604  119.1787 /T    2.5228   0.0340633   257.14176   73.229158         n.a.     n.a.
 2026-Jan-21 00:00 Nm  03 39 45.45 +19 20 19.9  03 41 16.64 +19 25 29.0  -1.89441  -0.35398   90.488607  69.363735    5.676   8.235   99.94904  3.704442  305.793114  69.150689  19.0261453004981  26.2434260  116.6048 /T    2.5843   0.0321199   259.41618   74.278734         n.a.     n.a.
 2026-Jan-23 12:00 N   03 39 38.50 +19 19 59.6  03 41 09.60 +19 25 08.8  -1.37086  -0.30808  333.471395 -45.322460    5.681   8.235   99.94680  3.696942  118.556849  69.125248  19.0647422897854  27.0958531  114.0279 /T    2.6410   0.0234175   257.33391   78.735863         n.a.     n.a.
 2026-Jan-26 00:00 Nm  03 39 32.93 +19 19 44.1  03 41 04.02 +19 24 53.3  -1.27010  -0.21125   92.696393  74.010250    5.685   8.235   99.94474  3.689351  291.324397  69.104788  19.1039678613521  27.3438009  111.4676 /T    2.6919   0.0214592   260.55658   79.727769         n.a.     n.a.
 2026-Jan-28 12:00 N   03 39 28.66 +19 19 32.6  03 40 59.68 +19 24 41.8  -0.73538  -0.15771  339.699594 -47.175168    5.690   8.235   99.94285  3.681632  104.094280  69.089109  19.1440225670435  28.0116814  108.9052 /T    2.7378   0.0125350   257.89591   84.087827         n.a.     n.a.
 2026-Jan-31 00:00 Cm  03 39 25.77 +19 19 26.1  03 40 56.83 +19 24 35.4  -0.63512  -0.06634   95.925084  78.625565    5.694   8.235   99.94118  3.673857  276.868482  69.078452  19.1845350403794  28.2140988  106.3597 /T    2.7778   0.0106429   264.03649   85.000647         n.a.     n.a.
 2026-Feb-02 12:00 Nm  03 39 24.22 +19 19 23.6  03 40 55.20 +19 24 33.0  -0.09416  -0.00571  346.356735 -48.527500    5.699   8.235   99.93970  3.665988   89.645495  69.072668  19.2257189520948  28.7039342  103.8123 /T    2.8128   0.0015722   266.53107   89.270711         n.a.     n.a.
 2026-Feb-05 00:00 C   03 39 24.04 +19 19 26.1  03 40 55.02 +19 24 35.5  0.005637  0.079964  102.240916  83.179207    5.703   8.235   99.93845  3.658094  262.427297  69.071906  19.2672031203914  28.8698799  101.2815 /T    2.8419   0.0013360   4.0322084   89.382483         n.a.     n.a.
 2026-Feb-07 12:00 Cm  03 39 25.21 +19 19 32.6  03 40 56.09 +19 24 41.8  0.550662  0.147557  353.320747 -49.337372    5.708   8.235   99.93743  3.650137   75.212388  69.076091  19.3092078545654  29.1833224   98.7486 /T    2.8658   0.0095015   74.999261   85.654308         n.a.     n.a.
 2026-Feb-10 00:00 C   03 39 27.76 +19 19 44.3  03 40 58.65 +19 24 53.2  0.651191  0.227256  127.706931  87.430034    5.713   8.235   99.93664  3.642187  248.002756  69.085289  19.3513552781066  29.3096166   96.2322 /T    2.8839   0.0114951   70.761819   84.758307         n.a.     n.a.
 2026-Feb-12 12:00 Cm  03 39 31.67 +19 19 59.9  03 41 02.50 +19 25 08.6  1.196852  0.301327    0.425497 -49.579928    5.717   8.235   99.93609  3.634203   60.796934  69.099488  19.3938639152431  29.4406630   93.7139 /T    2.8968   0.0205700   75.868537   80.697850         n.a.     n.a.
 2026-Feb-15 00:00 C   03 39 36.95 +19 20 20.7  03 41 07.80 +19 25 29.2  1.297225  0.374092  238.935169  86.989022    5.722   8.235   99.93579  3.626259  233.596881  69.118655  19.4363506420274  29.5218776   91.2122 /T    2.9038   0.0225015   73.913578   79.847478         n.a.     n.a.
 2026-Feb-17 12:00 C   03 39 43.60 +19 20 45.4  03 41 14.37 +19 25 53.7  1.839187  0.453342    7.482541 -49.252844    5.727   8.234   99.93572  3.618314   46.401153  69.142835  19.4790305846557  29.4656475   88.7093 /T    2.9057   0.0315706   76.153160   75.840852         n.a.     n.a.
 2026-Feb-20 00:00 Cm  03 39 51.59 +19 21 15.1  03 41 22.36 +19 26 23.1  1.937777  0.518463  258.996075  82.698677    5.731   8.234   99.93590  3.610439  219.211672  69.171890  19.5215181805528  29.4972511   86.2235 /T    2.9018   0.0334323   75.021036   75.026524         n.a.     n.a.
 2026-Feb-22 12:00 C   03 40 00.94 +19 21 48.7  03 41 31.63 +19 26 56.1  2.470182  0.601770   14.311057 -48.377491    5.736   8.234   99.93632  3.602594   32.027018  69.205907  19.5640262394275  29.2537443   83.7370 /T    2.8927   0.0423737   76.308661   71.091089         n.a.     n.a.
 2026-Feb-25 00:00 Cm  03 40 11.60 +19 22 27.2  03 41 42.31 +19 27 34.1  2.563896  0.658041  264.675127  78.222696    5.741   8.234   99.93696  3.594849  204.849030  69.244636  19.6061751777241  29.2392837   81.2682 /T    2.8781   0.0441166   75.605352   70.323726         n.a.     n.a.
 2026-Feb-27 12:00 C   03 40 23.58 +19 23 09.3  03 41 54.24 +19 28 15.8  3.081626  0.744332   20.765036 -46.994637    5.745   8.234   99.93784  3.587164   17.676299  69.288207  19.6481812454571  28.8196499   78.7991 /T    2.8584   0.0528374   76.420927   66.469785         n.a.     n.a.
 2026-Mar-02 00:00 Cm  03 40 36.81 +19 23 56.1  03 42 07.49 +19 29 02.3  3.169676  0.791623  267.703451  73.733326    5.750   8.234   99.93893  3.579603  190.510581  69.336280  19.6896798362400  28.7711132   76.3475 /T    2.8334   0.0544506   75.977299   65.751263         n.a.     n.a.
 2026-Mar-04 12:00 Cm  03 40 51.33 +19 24 46.4  03 42 21.93 +19 29 52.0  3.670610  0.880716   26.748198 -45.158074    5.754   8.234   99.94022  3.572127    3.350512  69.389049  19.7308902520556  28.1892240   73.8954 /T    2.8035   0.0629132   76.507665   61.973402         n.a.     n.a.
 2026-Mar-07 00:00 C   03 41 07.04 +19 25 41.2  03 42 37.65 +19 30 46.1  3.754939  0.919243  269.806605  69.255152    5.759   8.234   99.94171  3.564797  176.197783  69.446107  19.7714597803834  28.1113309   71.4600 /T    2.7685   0.0644304   76.244018   61.287083         n.a.     n.a.
 2026-Mar-09 12:00 Cm  03 41 24.01 +19 26 39.3  03 42 54.56 +19 31 43.5  4.237953  1.011076   32.214428 -42.927284    5.763   8.234   99.94339  3.557575  349.051121  69.507720  19.8116004150657  27.3708204   69.0238 /T    2.7287   0.0726149   76.581412   57.569968         n.a.     n.a.
 2026-Mar-12 00:00 C   03 41 42.12 +19 27 41.8  03 43 12.70 +19 32 45.3  4.319076  1.040793  271.486412  64.795638    5.767   8.234   99.94523  3.550519  161.912141  69.573405  19.8509677053742  27.2602178   66.6038 /T    2.6841   0.0740452   76.451410   56.904046         n.a.     n.a.
 2026-Mar-14 12:00 *m  03 42 01.45 +19 28 47.3  03 43 31.99 +19 33 50.2  4.781502  1.134252   37.158609 -40.360937    5.771   8.234   99.94724  3.543594  334.779646  69.643483  19.8897625939234  26.3621853   64.1828 /T    2.6348   0.0819032   76.655144   53.240799         n.a.     n.a.
 2026-Mar-17 00:00 C   03 42 21.86 +19 29 56.9  03 43 52.42 +19 34 59.2  4.859104  1.154822  272.942796  60.357954    5.775   8.234   99.94938  3.536857  147.655151  69.717396  19.9276505894716  26.2150206   61.7779 /T    2.5809   0.0832408   76.631026   52.587545         n.a.     n.a.
 2026-Mar-19 12:00 *   03 42 43.43 +19 31 09.5  03 44 13.93 +19 36 10.8  5.297484  1.249182   41.604210 -37.513393    5.779   8.233   99.95166  3.530272  320.537551  69.795506  19.9648209754012  25.1624920   59.3722 /T    2.5227   0.0907129   76.731659   48.974787         n.a.     n.a.
 2026-Mar-22 00:00 Cm  03 43 06.02 +19 32 25.7  03 44 36.53 +19 37 26.2  5.369421  1.260043  274.271654  55.943755    5.783   8.233   99.95403  3.523894  133.428232  69.877171  20.0009536582088  24.9784287   56.9828 /T    2.4600   0.0919214   76.793356   48.338683         n.a.     n.a.
 2026-Mar-24 12:00 *   03 43 29.71 +19 33 44.6  03 45 00.20 +19 38 44.1  5.779301  1.354085   45.591079 -34.432409    5.787   8.233   99.95651  3.517690  306.326147  69.962785  20.0362297539000  23.7822409   54.5929 /T    2.3933   0.0989302   76.813515   44.784540         n.a.     n.a.
 2026-Mar-27 00:00 *m  03 43 54.33 +19 35 06.9  03 45 24.87 +19 40 05.8  5.844008  1.355115  275.526348  51.553983    5.790   8.233   99.95905  3.511709  119.232532  70.051627  20.0703537334873  23.5716476   52.2195 /T    2.3225   0.0999844   76.944914   44.177375         n.a.     n.a.
 2026-Mar-29 12:00 *   03 44 19.98 +19 36 31.6  03 45 50.50 +19 41 29.6  6.223243  1.448623   49.166121 -31.158284    5.794   8.233   99.96165  3.505918  292.146419  70.144135  20.1035041257027  22.2522821   49.8455 /T    2.2479   0.1064937   76.896252   40.688951         n.a.     n.a.
 2026-Apr-01 00:00 *m  03 44 46.47 +19 37 59.3  03 46 17.00 +19 42 56.5  6.282354  1.440346  276.739378  47.189174    5.797   8.233   99.96428  3.500363  105.068902  70.239544  20.1354115784298  22.0252198   47.4875 /T    2.1696   0.1074225   77.087047   40.108411         n.a.     n.a.
 2026-Apr-03 12:00 *m  03 45 13.93 +19 39 29.2  03 46 44.43 +19 44 25.2  6.631444  1.533502   52.377520 -27.724817    5.801   8.233   99.96694  3.495011  277.999141  70.338353  20.1662437757093  20.5949906   45.1283 /T    2.0878   0.1134407   76.979396   36.674830         n.a.     n.a.
 2026-Apr-06 00:00 *   03 45 42.16 +19 41 01.8  03 47 12.68 +19 45 56.8  6.686765  1.516749  277.932464  42.849938    5.804   8.233   99.96958  3.489905   90.938110  70.439756  20.1957514485149  20.3512238   42.7843 /T    2.0027   0.1142771   77.219942   36.107906         n.a.     n.a.
 2026-Apr-08 12:00 *m  03 46 11.28 +19 42 36.3  03 47 41.81 +19 47 30.2  7.004961  1.608951   55.270650 -24.159638    5.807   8.233   99.97222  3.485015  263.885097  70.544296  20.2240850349807  18.8155006   40.4383 /T    1.9142   0.1197894   77.064249   32.718069         n.a.     n.a.
 2026-Apr-11 00:00 *   03 46 41.09 +19 44 13.2  03 48 11.67 +19 49 06.3  7.056984  1.583687  279.121848  38.536963    5.809   8.233   99.97482  3.480381   76.840922  70.651126  20.2510138391846  18.5508814   38.1069 /T    1.8228   0.1205417   77.351571   32.153735         n.a.     n.a.
 2026-Apr-13 12:00 *m  03 47 11.73 +19 45 51.8  03 48 42.30 +19 50 43.8  7.342831  1.674440   57.886808 -20.485250    5.812   8.232   99.97738  3.475977  249.805008  70.760821  20.2766696418817  16.9148310   35.7730 /T    1.7283   0.1255221   77.154080   28.798292         n.a.     n.a.
 2026-Apr-16 00:00 *   03 47 42.97 +19 47 32.4  03 49 13.56 +19 52 23.5  7.390612  1.640823  280.320020  34.250961    5.814   8.232   99.97985  3.471838   62.778011  70.872487  20.3008430103133  16.6268773   33.4533 /T    1.6312   0.1261761   77.482532   28.231997         n.a.     n.a.
 2026-Apr-18 12:00 *   03 48 14.97 +19 49 14.3  03 49 45.56 +19 54 04.0  7.641287  1.729157   60.262810 -16.720036    5.817   8.232   99.98226  3.467943  235.759465  70.986717  20.3236477828919  14.8987463   31.1311 /T    1.5313   0.1305749   77.249211   24.908551         n.a.     n.a.
 2026-Apr-21 00:00 *m  03 48 47.48 +19 50 58.0  03 50 18.13 +19 55 46.8  7.682879  1.687023  281.537598  29.992731    5.819   8.232   99.98455  3.464320   48.749825  71.102566  20.3449011104101  14.5909399   28.8232 /T    1.4292   0.1310986   77.615419   24.345769         n.a.     n.a.
 2026-Apr-23 12:00 *   03 49 20.66 +19 52 42.7  03 50 51.34 +19 57 30.3  7.895673  1.772490   62.430589 -12.878585    5.821   8.232   99.98674  3.460951  221.748728  71.220638  20.3647067059792  12.7908119   26.5129 /T    1.3247   0.1348697   77.347501   21.065391         n.a.     n.a.
 2026-Apr-26 00:00 *m  03 49 54.24 +19 54 28.8  03 51 24.98 +19 59 15.5  7.931274  1.722424  282.784529  25.763106    5.823   8.232   99.98879  3.457859   34.756418  71.339960  20.3829171951752  12.4762927   24.2167 /T    1.2183   0.1352691   77.747411   20.518652         n.a.     n.a.
 2026-Apr-28 12:00 *   03 50 28.41 +19 56 15.6  03 51 59.15 +20 01 01.0  8.107326  1.805181   64.417938  -8.972631    5.824   8.232   99.99071  3.455027  207.772676  71.461175  20.3996244109295  10.6234409   21.9177 /T    1.1099   0.1384311   77.447269   17.282142         n.a.     n.a.
 2026-May-01 00:00 *m  03 51 02.90 +19 58 03.4  03 52 33.68 +20 02 47.8  8.139384  1.748510  284.069916  21.563182    5.826   8.232   99.99246  3.452474   20.797582  71.583307  20.4147093779758  10.3054462   19.6322 /T    1.0001   0.1387512   77.875929   16.745925         n.a.     n.a.
 2026-May-03 12:00 *m  03 51 37.89 +19 59 51.7  03 53 08.70 +20 04 34.7  8.279574  1.828530   66.248673  -5.011781    5.827   8.231   99.99406  3.450186  193.831083  71.707025  20.4282439134144   8.4089553   17.3430 /T    0.8884   0.1413181   77.546226   13.543224         n.a.     n.a.
 2026-May-06 00:00 *   03 52 13.12 +20 01 40.8  03 53 44.00 +20 06 22.8  8.309111  1.765596  285.403263  17.394581    5.828   8.231   99.99548  3.448179    6.873069  71.831345  20.4401329358400   8.0836713   15.0664 /T    0.7758   0.1415771   78.003696   13.006993         n.a.     n.a.
 2026-May-08 12:00 *m  03 52 48.77 +20 03 30.1  03 54 19.70 +20 08 10.9  8.413548  1.842419   67.942975  -1.003677    5.829   8.231   99.99672  3.446444  179.923645  71.956952  20.4504251017833   6.1490963   12.7852 /T    0.6615   0.1435486   77.648203   9.8255444         n.a.     n.a.
 2026-May-11 00:00 *   03 53 24.58 +20 05 19.8  03 54 55.56 +20 09 59.7  8.440308  1.773758  286.794401  13.259304    5.830   8.231   99.99777  3.444991  352.982512  72.082854  20.4590498400223   5.8126200   10.5159 /T    0.5467   0.1437446   78.131815   9.2809329         n.a.     n.a.
 2026-May-13 12:00 *m  03 54 00.72 +20 07 09.6  03 55 31.74 +20 11 48.1  8.507714  1.846783   69.518382   3.045417    5.831   8.231   99.99862  3.443816  166.049912  72.209732  20.4660336785229   3.8474310    8.2414 /T    0.4306   0.1450975   77.752716   6.1123082         n.a.     n.a.
 2026-May-16 00:00 *   03 54 36.94 +20 08 59.3  03 56 08.01 +20 13 36.8  8.530305  1.772435  288.253613   9.159782    5.831   8.231   99.99927  3.442924  339.125325  72.336582  20.4713322968994   3.4979776    5.9785 /T    0.3142   0.1452083   78.262045   5.5546383         n.a.     n.a.
 2026-May-18 12:00 *   03 55 13.40 +20 10 48.9  03 56 44.55 +20 15 25.0  8.558400  1.841070   70.989970   7.130490    5.832   8.231   99.99972  3.442315  152.209116  72.464070  20.4749536045086   1.5154316    3.7108 /T    0.1970   0.1459031   77.859630   2.3974993         n.a.     n.a.
 2026-May-21 00:00 *m  03 55 49.83 +20 12 38.2  03 57 21.08 +20 17 13.5  8.574985  1.761388  289.792503   5.099042    5.832   8.231   99.99996  3.441990  325.300515  72.591181  20.4768883306233   1.1623849    1.4587 /T    0.0801   0.1459003   78.392328   1.8380110         n.a.     n.a.
 2026-May-23 12:00 *   03 56 26.41 +20 14 27.0  03 57 57.68 +20 19 00.8  8.563811  1.825407   72.370726  11.247988    5.832   8.230   99.99999  3.441949  138.400002  72.718579  20.4771338100322  -0.8141362    0.8290 /L    0.0387   0.1459366   77.967276   -1.296876         n.a.     n.a.
 2026-May-26 00:00 *m  03 57 02.87 +20 16 15.2  03 58 34.21 +20 20 48.2  8.576469  1.741793  291.423875   1.080382    5.831   8.230   99.99980  3.442187  311.506606  72.845275  20.4757154195579  -1.1616802    3.0697 /L    0.1553   0.1458592   78.519951   -1.848704         n.a.     n.a.
 2026-May-28 12:00 *   03 57 39.40 +20 18 02.7  03 59 10.80 +20 22 34.3  8.528384  1.801628   73.671746  15.394386    5.831   8.230   99.99941  3.442709  124.620987  72.971940  20.4726119792895  -3.1190914    5.3261 /L    0.2726   0.1452767   78.071598   -4.964024         n.a.     n.a.
 2026-May-31 00:00 *   03 58 15.72 +20 19 49.4  03 59 47.19 +20 24 20.0  8.538528  1.714854  293.161952  -2.891248    5.830   8.230   99.99881  3.443506  297.741976  73.097613  20.4678746746918  -3.4634802    7.5733 /L    0.3890   0.1451505   78.643949   -5.514308         n.a.     n.a.
 2026-Jun-02 12:00 *m  03 58 52.02 +20 21 35.2  04 00 23.59 +20 26 04.5  8.454887  1.770065   74.902849  19.567513    5.829   8.230   99.99801  3.444586  110.870387  73.222960  20.4614587655870  -5.3961216    9.8280 /L    0.5053   0.1439698   78.175670   -8.622404         n.a.     n.a.
 2026-Jun-05 00:00 *   03 59 28.03 +20 23 19.8  04 00 59.68 +20 27 48.4  8.462764  1.680765  295.023229  -6.810179    5.828   8.230   99.99702  3.445936  284.004858  73.347047  20.4534391933667  -5.7422572   12.0735 /L    0.6205   0.1438009   78.766825   -9.180125         n.a.     n.a.
 2026-Jun-07 12:00 *m  04 00 03.95 +20 25 03.5  04 01 35.68 +20 29 30.8  8.343511  1.731014   76.072308  23.765329    5.827   8.229   99.99582  3.447570   97.146341  73.470515  20.4437485128338  -7.6439539   14.3272 /L    0.7352   0.1420197   78.279220   -12.29237         n.a.     n.a.
 2026-Jun-10 00:00 *   04 00 39.50 +20 26 45.6  04 02 11.28 +20 31 12.1  8.348099  1.639401  297.026214 -10.669339    5.826   8.229   99.99445  3.449470  270.293260  73.592453  20.4324861298792  -7.9952660   16.5725 /L    0.8484   0.1417925   78.889629   -12.86547         n.a.     n.a.
 2026-Jun-12 12:00 *m  04 01 14.85 +20 28 26.6  04 02 46.73 +20 32 51.7  8.192330  1.684149   77.187649  27.986234    5.825   8.229   99.99289  3.451653   83.446680  73.713468  20.4195638564829  -9.8575080   18.8266 /L    0.9608   0.1393941   78.383191   -15.99199         n.a.     n.a.
 2026-Jun-15 00:00 *m  04 01 49.76 +20 30 05.9  04 03 21.72 +20 34 30.1  8.191312  1.590567  299.192148 -14.460062    5.823   8.229   99.99117  3.454098  256.604795  73.832666  20.4051090866100 -10.2115282   21.0727 /L    1.0713   0.1390718   79.011205   -16.58257         n.a.     n.a.
 2026-Jun-17 12:00 *   04 02 24.38 +20 31 43.8  04 03 56.48 +20 36 07.0  7.997780  1.629118   78.255203  32.229204    5.821   8.229   99.98929  3.456823   69.768743  73.950611  20.3890211358984 -12.0158513   23.3279 /L    1.1807   0.1360336   78.486579   -19.72201         n.a.     n.a.
 2026-Jun-20 00:00 *m  04 02 58.46 +20 33 19.7  04 04 30.62 +20 37 42.2  7.991036  1.534431  301.545648 -18.171782    5.819   8.229   99.98727  3.459803  242.936494  74.066452  20.3714622932624 -12.3601444   25.5751 /L    1.2878   0.1356170   79.130423   -20.31482         n.a.     n.a.
 2026-Jun-22 12:00 *   04 03 32.16 +20 34 54.1  04 05 04.41 +20 39 15.4  7.762486  1.567361   79.280802  36.493575    5.817   8.229   99.98511  3.463057   56.109320  74.180731  20.3523213202550 -14.0871576   27.8314 /L    1.3935   0.1319857   78.584613   -23.45747         n.a.     n.a.
 2026-Jun-25 00:00 *m  04 04 05.24 +20 36 26.2  04 05 37.55 +20 40 46.6  7.751944  1.472809  304.114379 -21.791599    5.815   8.228   99.98283  3.466554  229.285039  74.292658  20.3317867201543 -14.4189624   30.0801 /L    1.4965   0.1315102   79.242462   -24.04660         n.a.     n.a.
 2026-Jun-27 12:00 *   04 04 37.86 +20 37 56.7  04 06 10.29 +20 42 15.9  7.491095  1.499863   80.269529  40.778722    5.812   8.228   99.98044  3.470320   42.465042  74.402753  20.3097274672854 -16.0626444   32.3387 /L    1.5979   0.1273295   78.677975   -27.20000         n.a.     n.a.
 2026-Jun-30 00:00 *   04 05 09.78 +20 39 24.7  04 06 42.30 +20 43 43.3  7.477489  1.406019  306.929931 -25.303346    5.810   8.228   99.97797  3.474318  215.647001  74.510284  20.2863516535874 -16.3869044   34.5905 /L    1.6962   0.1268088   79.350813   -27.79200         n.a.     n.a.
 2026-Jul-02 12:00 *m  04 05 41.17 +20 40 51.0  04 07 13.82 +20 45 08.6  7.185603  1.427027   81.225524  45.084229    5.807   8.228   99.97541  3.478578   28.832411  74.615728  20.2615086056265 -17.9430253   36.8531 /L    1.7926   0.1220989   78.767477   -30.96771         n.a.     n.a.
 2026-Jul-05 00:00 *   04 06 11.80 +20 42 14.6  04 07 44.50 +20 46 31.7  7.168191  1.334177  310.027415 -28.687346    5.804   8.228   99.97280  3.483062  202.018789  74.718405  20.2354256051373 -18.2638061   39.1100 /L    1.8857   0.1215216   79.456492   -31.57125         n.a.     n.a.
 2026-Jul-07 12:00 *m  04 06 41.80 +20 43 36.4  04 08 14.61 +20 47 52.4  6.845633  1.348623   82.152715  49.409771    5.801   8.228   99.97013  3.487801   15.207701  74.818743  20.2079342048030 -19.7270991   41.3785 /L    1.9766   0.1162869   78.855173   -34.78212         n.a.     n.a.
 2026-Jul-10 00:00 *   04 07 10.98 +20 44 55.3  04 08 43.85 +20 49 10.6  6.822550  1.257217  313.444872 -31.919844    5.798   8.227   99.96744  3.492753  188.396511  74.916109  20.1792817873843 -20.0451074   43.6422 /L    2.0638   0.1156237   79.559018   -35.40543         n.a.     n.a.
 2026-Jul-12 12:00 *m  04 07 39.44 +20 46 12.2  04 09 12.47 +20 50 26.5  6.468520  1.264425   83.054390  53.755189    5.794   8.227   99.96472  3.497952    1.586814  75.010864  20.1492879666003 -21.4044596   45.9182 /L    2.1485   0.1098490   78.939648   -38.66274         n.a.     n.a.
 2026-Jul-15 00:00 *m  04 08 07.00 +20 47 26.0  04 09 40.12 +20 51 39.9  6.437846  1.174665  317.222541 -34.972070    5.791   8.227   99.96203  3.503353  174.775807  75.102428  20.1182252607846 -21.7112216   48.1898 /L    2.2293   0.1090689   79.659429   -39.30427         n.a.     n.a.
 2026-Jul-17 12:00 *   04 08 33.76 +20 48 37.7  04 10 07.00 +20 52 50.9  6.053981  1.174757   83.932893  58.120642    5.787   8.227   99.95935  3.508989  347.965121  75.191109  20.0859098038916 -22.9468965   50.4737 /L    2.3072   0.1027818   79.018405   -42.60145         n.a.     n.a.
 2026-Jul-20 00:00 *m  04 08 59.54 +20 49 46.2  04 10 32.83 +20 53 58.8  6.016951  1.088013  321.399951 -37.810008    5.784   8.227   99.95671  3.514811  161.151880  75.276405  20.0526397867466 -23.2314154   52.7532 /L    2.3809   0.1019088   79.750269   -43.24454         n.a.     n.a.
 2026-Jul-22 12:00 *   04 09 24.45 +20 50 52.4  04 10 57.86 +20 55 04.2  5.607419  1.081216   84.790291  62.506204    5.780   8.227   99.95413  3.520854  334.337784  75.358586  20.0182221388166 -24.3332927   55.0451 /L    2.4514   0.0951785   79.086232   -46.57641         n.a.     n.a.
 2026-Jul-25 00:00 *m  04 09 48.32 +20 51 55.3  04 11 21.80 +20 56 06.5  5.565747  0.998037  326.011550 -40.393643    5.776   8.227   99.95163  3.527066  147.519929  75.437236  19.9829680855565 -24.5984624   57.3331 /L    2.5175   0.0942420   79.833898   -47.21918         n.a.     n.a.
 2026-Jul-27 12:00 *   04 10 11.25 +20 52 55.9  04 11 44.88 +20 57 06.5  5.133437  0.984322   85.626383  66.911853    5.772   8.226   99.94921  3.533484  320.700067  75.512575  19.9466708342026 -25.5651563   59.6341 /L    2.5801   0.0871159   79.145443   -50.59405         n.a.     n.a.
 2026-Jul-30 00:00 *   04 10 33.09 +20 53 53.0  04 12 06.79 +20 58 03.3  5.086895  0.905027  331.080607 -42.677243    5.768   8.226   99.94690  3.540054  133.875268  75.584258  19.9096524053778 -25.8150420   61.9320 /L    2.6381   0.0861129   79.911869   -51.24350         n.a.     n.a.
 2026-Aug-01 12:00 *m  04 10 53.92 +20 54 47.7  04 12 27.75 +20 58 57.5  4.633568  0.883954   86.438047  71.337600    5.763   8.226   99.94471  3.546816  307.047294  75.652446  19.8716945001965 -26.6448648   64.2437 /L    2.6924   0.0786189   79.199364   -54.67342         n.a.     n.a.
 2026-Aug-04 00:00 *   04 11 13.63 +20 55 38.9  04 12 47.49 +20 59 48.2  4.581046  0.808917  336.610271 -44.611091    5.759   8.226   99.94266  3.553713  120.213210  75.716864  19.8331288943030 -26.8818385   66.5533 /L    2.7419   0.0775319   79.985987   -55.33874         n.a.     n.a.
 2026-Aug-06 12:00 *m  04 11 32.25 +20 56 27.5  04 13 06.24 +21 00 36.3  4.107169  0.780116   87.215165  75.783388    5.755   8.226   99.94076  3.560786  293.374756  75.777595  19.7937303495449 -27.5698473   68.8775 /L    2.7874   0.0696767   79.245343   -58.83975         n.a.     n.a.
 2026-Aug-09 00:00 *   04 11 49.69 +20 57 12.5  04 13 23.76 +21 01 20.9  4.046395  0.709247  342.574261 -46.143789    5.750   8.226   99.93903  3.567976  106.528970  75.834428  19.7538431145643 -27.7894533   71.2003 /L    2.8279   0.0684680   80.058259   -59.53162         n.a.     n.a.
 2026-Aug-11 12:00 *m  04 12 05.98 +20 57 54.8  04 13 40.21 +21 02 03.0  3.553294  0.672406   87.921801  80.249241    5.746   8.226   99.93748  3.575325  279.677543  75.887374  19.7132429779484 -28.3228977   73.5383 /L    2.8642   0.0602726   79.284372   -63.11096         n.a.     n.a.
 2026-Aug-14 00:00 *m  04 12 21.03 +20 58 33.4  04 13 55.31 +21 02 41.4  3.484083  0.606622  348.909030 -47.226418    5.741   8.226   99.93612  3.582768   92.817569  75.936303  19.6722909215035 -28.5122287   75.8750 /L    2.8952   0.0589417   80.123100   -63.82242         n.a.     n.a.
 2026-Aug-16 12:00 *   04 12 34.88 +20 59 09.3  04 14 09.27 +21 03 17.0  2.976024  0.562341   88.392242  84.735159    5.736   8.225   99.93495  3.590346  265.950722  75.981170  19.6307674117462 -28.8770543   78.2267 /L    2.9219   0.0504781   79.299705   -67.47158         n.a.     n.a.
 2026-Aug-19 00:00 *m  04 12 47.46 +20 59 41.3  04 14 21.90 +21 03 48.8  2.900903  0.502273  355.510418 -47.818307    5.732   8.225   99.93401  3.597994   79.074233  76.021943  19.5890412017517 -29.0318903   80.5770 /L    2.9431   0.0490678   80.176984   -68.18857         n.a.     n.a.
 2026-Aug-21 12:00 *   04 12 58.78 +21 00 10.7  04 14 33.36 +21 04 17.9  2.383047  0.450883   84.458856  89.238215    5.727   8.225   99.93328  3.605753  252.189786  76.058533  19.5468884927163 -29.2283937   82.9423 /L    2.9597   0.0404221   79.286039   -71.90427         n.a.     n.a.
 2026-Aug-24 00:00 *m  04 13 08.81 +21 00 36.1  04 14 43.46 +21 04 43.2  2.302990  0.396891    2.240031 -47.891951    5.722   8.225   99.93278  3.613556   65.294767  76.090995  19.5046772952894 -29.3530730   85.3065 /L    2.9709   0.0389490   80.221845   -72.62797         n.a.     n.a.
 2026-Aug-26 12:00 *   04 13 17.55 +21 00 58.8  04 14 52.33 +21 05 06.0  1.778595  0.338168  272.016800  86.231661    5.717   8.225   99.93251  3.621447  238.390819  76.119176  19.4621803847571 -29.3842559   87.6862 /L    2.9773   0.0301743   79.234717   -76.41864         n.a.     n.a.
 2026-Aug-29 00:00 *   04 13 25.00 +21 01 17.6  04 14 59.81 +21 05 24.8  1.693583  0.290399    8.941467 -47.437794    5.713   8.225   99.93247  3.629357   51.475491  76.143214  19.4197632656405 -29.4821935   90.0653 /L    2.9782   0.0286383   80.270116   -77.15480         n.a.     n.a.
 2026-Aug-31 12:00 *m  04 13 31.11 +21 01 33.6  04 15 06.03 +21 05 40.7  1.164903  0.224417  272.253339  81.687139    5.708   8.225   99.93267  3.637329  224.550371  76.162886  19.3771984813320 -29.3500280   92.4606 /L    2.9743   0.0197721   79.095616   -81.03314         n.a.     n.a.
 2026-Sep-03 00:00 *   04 13 35.92 +21 01 45.6  04 15 10.88 +21 05 52.7  1.073180  0.182753   15.462341 -46.465611    5.703   8.225   99.93310  3.645296   37.613155  76.178396  19.3348494318290 -29.4204552   94.8561 /L    2.9648   0.0181438   80.335763   -81.79816         n.a.     n.a.
 2026-Sep-05 12:00 *m  04 13 39.36 +21 01 54.8  04 15 14.47 +21 06 02.0  0.541975  0.109132  272.934179  77.123838    5.698   8.225   99.93377  3.653299  210.665316  76.189448  19.2924952143710 -29.1210749   97.2683 /L    2.9502   0.0092142   78.615161   -85.77988         n.a.     n.a.
 2026-Sep-08 00:00 C   04 13 41.49 +21 02 00.1  04 15 16.66 +21 06 07.4  0.442851  0.073840   21.675054 -45.001977    5.693   8.225   99.93467  3.661268   23.704742  76.196321  19.2505013329634 -29.1542133   99.6813 /L    2.9301   0.0074827   80.533703   -86.58211         n.a.     n.a.
 2026-Sep-10 12:00 *m  04 13 42.23 +21 02 02.4  04 15 17.52 +21 06 10.2  -0.08702  -0.00660  273.722058  72.542601    5.689   8.225   99.93581  3.669243  196.732817  76.198658  19.2086611117446 -28.6771240  102.1112 /L    2.9049   0.0014545   265.66426   -89.32527         n.a.     n.a.
 2026-Sep-13 00:00 Cm  04 13 41.66 +21 02 00.8  04 15 16.96 +21 06 08.7  -0.19135  -0.03496   27.489725 -43.086249    5.684   8.225   99.93717  3.677153    9.747687  76.196829  19.1673401230824 -28.6629480  104.5414 /L    2.8742   0.0032420   259.64662   -88.49885         n.a.     n.a.
 2026-Sep-15 12:00 *   04 13 39.70 +21 01 56.4  04 15 15.10 +21 06 04.5  -0.71324  -0.12138  274.560572  67.944405    5.679   8.225   99.93874  3.685036  182.750696  76.190445  19.1263406964072 -28.0075938  106.9881 /L    2.8382   0.0120582   260.34184   -84.31564         n.a.     n.a.
 2026-Sep-18 00:00 Cm  04 13 36.44 +21 01 48.0  04 15 11.89 +21 05 56.3  -0.81988  -0.14230   32.856397 -40.764876    5.674   8.225   99.94052  3.692821  355.740296  76.179968  19.0860163896193 -27.9486926  109.4348 /L    2.7969   0.0138690   260.15346   -83.46896         n.a.     n.a.
 2026-Sep-20 12:00 *   04 13 31.80 +21 01 36.9  04 15 07.38 +21 05 45.6  -1.32882  -0.23439  275.435146  63.330638    5.670   8.225   99.94250  3.700546  168.717758  76.164964  19.0461738886086 -27.1242634  111.8978 /L    2.7504   0.0224889   259.99653   -79.19329         n.a.     n.a.
 2026-Sep-23 00:00 Cm  04 13 25.91 +21 01 21.9  04 15 01.53 +21 05 31.0  -1.43661  -0.24800   37.760127 -38.086215    5.665   8.225   99.94465  3.708144  341.681808  76.145978  19.0071504239185 -27.0259815  114.3607 /L    2.6986   0.0242976   260.20574   -78.32916         n.a.     n.a.
 2026-Sep-25 12:00 *   04 13 18.67 +21 01 04.2  04 14 54.37 +21 05 13.9  -1.92871  -0.34522  276.341588  58.702907    5.661   8.225   99.94697  3.715649  154.633626  76.122525  18.9687595488245 -26.0418946  116.8400 /L    2.6418   0.0326561   259.85206   -73.95880         n.a.     n.a.
 2026-Sep-28 00:00 C   04 13 10.21 +21 00 42.6  04 14 45.93 +21 04 52.6  -2.03805  -0.35150   42.212322 -35.097269    5.657   8.225   99.94943  3.722997  327.572205  76.095216  18.9313213155526 -25.9073459  119.3194 /L    2.5798   0.0344690   260.21463   -73.06664         n.a.     n.a.
 2026-Sep-30 12:00 *m  04 13 00.42 +21 00 18.4  04 14 36.24 +21 04 28.9  -2.51101  -0.45387  277.279634  54.063134    5.652   8.225   99.95204  3.730220  140.498565  76.063510  18.8946601093503 -24.7706144  121.8157 /L    2.5129   0.0425283   259.75427   -68.58883         n.a.     n.a.
 2026-Oct-03 00:00 N   04 12 49.47 +20 59 50.5  04 14 25.34 +21 04 01.4  -2.62268  -0.45318   46.240990 -31.841038    5.648   8.224   99.95474  3.737258  313.411941  76.028079  18.8590813254589 -24.5961256  124.3125 /L    2.4412   0.0443590   260.19652   -67.65117         n.a.     n.a.
 2026-Oct-05 12:00 *m  04 12 37.23 +20 59 20.0  04 14 13.20 +21 03 31.7  -3.07331  -0.55971  278.251692  49.413461    5.644   8.224   99.95756  3.744137  126.313203  75.988333  18.8244293038978 -23.3048015  126.8265 /L    2.3645   0.0520644   259.67837   -63.05405         n.a.     n.a.
 2026-Oct-08 00:00 N   04 12 23.87 +20 58 45.9  04 13 59.87 +21 02 58.2  -3.18578  -0.55170   49.883030 -28.355409    5.640   8.224   99.96043  3.750798  299.201864  75.945014  18.7909981024796 -23.0798706  129.3407 /L    2.2832   0.0538867   260.17528   -62.06241         n.a.     n.a.
 2026-Oct-10 12:00 *m  04 12 09.27 +20 58 09.2  04 13 45.33 +21 02 22.3  -3.60784  -0.66115  279.260909  44.756266    5.636   8.224   99.96337  3.757266  112.078681  75.897516  18.7586517165146 -21.6350936  131.8719 /L    2.1972   0.0611320   259.61560   -57.35312         n.a.     n.a.
 2026-Oct-13 00:00 Nm  04 11 53.64 +20 57 29.3  04 13 29.72 +21 01 42.7  -3.71710  -0.64522   53.178627 -24.673518    5.633   8.224   99.96633  3.763483  284.943495  75.846667  18.7276631125921 -21.3592518  134.4026 /L    2.1069   0.0628781   260.15258   -56.32106         n.a.     n.a.
 2026-Oct-15 12:00 *   04 11 36.83 +20 56 46.8  04 13 13.00 +21 01 01.1  -4.10457  -0.75645  280.311539  40.094600    5.629   8.225   99.96930  3.769472   97.796964  75.791846  18.6979085594997 -19.7748018  136.9494 /L    2.0121   0.0695615   259.55789   -51.51493         n.a.     n.a.
 2026-Oct-18 00:00 Nm  04 11 19.09 +20 56 01.3  04 12 55.30 +21 00 16.2  -4.20818  -0.73284   56.167125 -20.823641    5.626   8.225   99.97225  3.775181  270.639206  75.733952  18.6696316648482 -19.4560514  139.4948 /L    1.9134   0.0711919   260.12124   -50.45277         n.a.     n.a.
 2026-Oct-20 12:00 *   04 11 00.27 +20 55 13.5  04 12 36.54 +20 59 29.5  -4.55671  -0.84502  281.408895  35.431997    5.623   8.225   99.97516  3.780631   83.470746  75.672343  18.6427199996757 -17.7498757  142.0560 /L    1.8106   0.0772400   259.49407   -45.56257         n.a.     n.a.
 2026-Oct-23 00:00 Nm  04 10 40.61 +20 54 22.8  04 12 16.89 +20 58 39.5  -4.65395  -0.81366   58.885637 -16.829976    5.620   8.225   99.97800  3.785775  256.291962  75.607976  18.6173869594822 -17.3951562  144.6150 /L    1.7043   0.0787424   260.08308   -44.47152         n.a.     n.a.
 2026-Oct-25 12:00 *   04 10 19.97 +20 53 30.1  04 11 56.29 +20 57 47.6  -4.96125  -0.92613  282.558734  30.772428    5.617   8.225   99.98076  3.790632   69.103198  75.540178  18.5935342378323 -15.5838098  147.1896 /L    1.5943   0.0841159   259.42609   -39.50164         n.a.     n.a.
 2026-Oct-28 00:00 N   04 09 58.60 +20 52 34.7  04 11 34.95 +20 56 52.8  -5.05261  -0.88778   61.368021 -12.713249    5.614   8.225   99.98341  3.795161  241.905035  75.469946  18.5713450499174 -15.1973878  149.7618 /L    1.4811   0.0855003   260.03446   -38.37481         n.a.     n.a.
 2026-Oct-30 12:00 *m  04 09 36.34 +20 51 37.5  04 11 12.76 +20 55 56.6  -5.31725  -0.99963  283.767942  26.120395    5.612   8.225   99.98593  3.799376   54.697619  75.396583  18.5507408633029 -13.2913921  152.3497 /L    1.3646   0.0901733   259.35279   -33.32164         n.a.     n.a.
 2026-Nov-02 00:00 N   04 09 13.48 +20 50 37.9  04 10 49.93 +20 54 57.9  -5.40272  -0.95433   63.644247  -8.490900    5.610   8.225   99.98828  3.803243  227.481724  75.321116  18.5318818436885 -12.8668032  154.9353 /L    1.2455   0.0914394   259.98267   -32.13904         n.a.     n.a.
 2026-Nov-04 12:00 *m  04 08 49.82 +20 49 36.6  04 10 26.31 +20 53 57.8  -5.62105  -1.06415  285.044559  21.480789    5.608   8.225   99.99048  3.806769   40.257321  75.242849  18.5147154634899 -10.8704611  157.5364 /L    1.1234   0.0953481   259.27989   -26.99912         n.a.     n.a.
 2026-Nov-07 00:00 A   04 08 25.68 +20 48 33.4  04 10 02.16 +20 52 55.2  -5.69690  -1.01148   65.741001  -4.177987    5.606   8.225   99.99248  3.809926  213.025425  75.162863  18.4993744881901 -10.4052145  160.1343 /L    0.9992   0.0964333   259.93206   -25.76276         n.a.     n.a.
 2026-Nov-09 12:00 *   04 08 00.88 +20 47 28.7  04 09 37.39 +20 51 51.6  -5.86388  -1.11757  286.397475  16.859266    5.604   8.225   99.99428  3.812719   25.785886  75.080478  18.4858244056100  -8.3346624  162.7470 /L    0.8725   0.0994905   259.20970   -20.55601         n.a.     n.a.
 2026-Nov-12 00:00 Am  04 07 35.73 +20 46 22.5  04 09 12.27 +20 50 46.0  -5.92724  -1.05770   67.681355   0.212301    5.603   8.225   99.99584  3.815126  198.539926  74.996821  18.4741611640723  -7.8376585  165.3552 /L    0.7443   0.1003479   259.88227   -19.28252        0.083   99.597
 2026-Nov-14 12:00 *   04 07 10.07 +20 45 15.1  04 08 46.64 +20 49 39.9  -6.03971  -1.15918  287.837327  12.262464    5.602   8.225   99.99718  3.817150   11.287248  74.911222  18.4643632616259  -5.7170849  167.9771 /L    0.6140   0.1024990   259.13552   -14.03634         n.a.     n.a.
 2026-Nov-17 00:00 Am  04 06 44.21 +20 44 06.6  04 08 20.80 +20 48 32.2  -6.08950  -1.09227   69.485312   4.668472    5.601   8.225   99.99827  3.818779  184.029258  74.824829  18.4564874230715  -5.1995731  170.5932 /L    0.4829   0.1031115   259.83102   -12.74185        0.845    9.732
 2026-Nov-19 12:00 C   04 06 17.97 +20 42 57.3  04 07 54.56 +20 47 24.1  -6.14689  -1.18812  289.376170   7.697791    5.600   8.225   99.99910  3.820013  356.765490  74.736976  18.4505269725983  -3.0518320  173.2219 /L    0.3504   0.1043444   259.06028   -7.476743         n.a.     n.a.
 2026-Nov-22 00:00 Am  04 05 51.69 +20 41 47.2  04 07 28.27 +20 46 14.8  -6.18382  -1.11512   71.170569   9.180278    5.600   8.225   99.99966  3.820846  169.497478  74.648811  18.4465008033372  -2.5227326  175.8434 /L    0.2176   0.1047259   259.77781   -6.171566        2.820    2.917
 2026-Nov-24 12:00 Cm  04 05 25.17 +20 40 36.7  04 07 01.77 +20 45 05.2  -6.18698  -1.20473  291.027837   3.173613    5.599   8.225   99.99995  3.821278  342.224564  74.559668  18.4444188070237  -0.3680138  178.4736 /L    0.0840   0.1050530   258.98119   -0.905936         n.a.     n.a.
 2026-Nov-27 00:00 A   04 04 58.75 +20 39 25.8  04 06 35.39 +20 43 55.2  -6.21269  -1.12625   72.752487  13.738686    5.599   8.225   99.99998  3.821309  154.948393  74.470677  18.4442668167520   0.1705524  178.8814 /T    0.0504   0.1052325   259.72485   0.4107312         n.a.     n.a.
 2026-Nov-29 12:00 Cm  04 04 32.23 +20 38 14.8  04 06 08.88 +20 42 45.5  -6.16290  -1.20873  292.808755  -1.300600    5.599   8.225   99.99973  3.820934  327.668112  74.381178  18.4460799107182   2.3232525  176.2485 /T    0.1839   0.1046720   258.90345   5.6790070         n.a.     n.a.
 2026-Dec-02 00:00 A   04 04 05.94 +20 37 03.9  04 05 42.59 +20 41 35.4  -6.17610  -1.12491   74.244618  18.335844    5.600   8.225   99.99921  3.820160  140.385481  74.292298  18.4498169952421   2.8765478  173.6171 /T    0.3168   0.1046286   259.67732   7.0221078         n.a.     n.a.
 2026-Dec-04 12:00 Cm  04 03 39.71 +20 35 53.2  04 05 16.32 +20 40 25.7  -6.07125  -1.19864  294.737664  -5.714203    5.600   8.225   99.99842  3.818976  313.099543  74.203416  18.4555350283902   5.0143429  170.9735 /T    0.4496   0.1031407   258.83182   12.288576         n.a.     n.a.
 2026-Dec-07 00:00 A   04 03 13.85 +20 34 43.1  04 04 50.47 +20 39 16.3  -6.06951  -1.10956   75.659186  22.964431    5.601   8.225   99.99738  3.817400  125.812200  74.115653  18.4631567418336   5.5753664  168.3380 /T    0.5810   0.1028349   259.64022   13.648912         n.a.     n.a.
 2026-Dec-09 12:00 C   04 02 48.20 +20 33 33.6  04 04 24.81 +20 38 07.8  -5.90895  -1.17398  296.836461 -10.054580    5.602   8.225   99.99608  3.815417  298.522373  74.028429  18.4727518696658   7.6737682  165.6920 /T    0.7116   0.1004074   258.76293   18.889297         n.a.     n.a.
 2026-Dec-12 00:00 Am  04 02 23.07 +20 32 25.2  04 03 59.70 +20 37 00.2  -5.89154  -1.08029   77.006792  27.617808    5.604   8.225   99.99455  3.813053  111.232081  73.942841  18.4842032458010   8.2294680  163.0558 /T    0.8401   0.0998294   259.60955   20.246480        0.063  129.806
 2026-Dec-14 12:00 C   04 01 58.30 +20 31 17.7  04 03 34.90 +20 35 53.9  -5.67721  -1.13466  299.130603 -14.307104    5.605   8.225   99.99280  3.810293  283.940132  73.858331  18.4975927531458  10.2639704  160.4103 /T    0.9673   0.0964915   258.69767   25.437512         n.a.     n.a.
 2026-Dec-17 00:00 Nm  04 01 34.19 +20 30 11.9  04 03 10.79 +20 34 48.7  -5.64576  -1.03743   78.297370  32.289908    5.607   8.225   99.99083  3.807170   96.648618  73.775947  18.5127663455929  10.8037800  157.7758 /T    1.0917   0.0956715   259.58782   26.772595         n.a.     n.a.
 2026-Dec-19 12:00 C   04 01 10.59 +20 29 07.3  04 02 47.13 +20 33 45.0  -5.38132  -1.08178  301.649193 -18.454882    5.609   8.224   99.98867  3.803666  269.356207  73.695153  18.5298192704740  12.7533123  155.1332 /T    1.2144   0.0914830   258.63364   31.893972         n.a.     n.a.
 2026-Dec-22 00:00 Nm  04 00 47.78 +20 28 04.8  04 02 24.33 +20 32 43.0  -5.33821  -0.98210   79.540393  36.975173    5.611   8.224   99.98635  3.799822   82.065048  73.616932  18.5485644404082  13.2704324  152.5025 /T    1.3338   0.0904634   259.57550   33.191664         n.a.     n.a.
 2026-Dec-24 12:00 Cm  04 00 25.59 +20 27 03.8  04 02 02.13 +20 31 43.1  -5.02885  -1.01638  304.425740 -22.478053    5.614   8.224   99.98386  3.795617  254.773675  73.540764  18.5691147313433  15.1217996  149.8644 /T    1.4508   0.0855088   258.57386   38.230310         n.a.     n.a.
 2026-Dec-27 00:00 N   04 00 04.30 +20 26 05.4  04 01 40.86 +20 30 45.3  -4.97625  -0.91526   80.744815  41.668766    5.616   8.224   99.98125  3.791096   67.484260  73.467556  18.5912594662923  15.6200486  147.2384 /T    1.5642   0.0843286   259.57835   39.493531         n.a.     n.a.
 2026-Dec-29 12:00 Cm  03 59 43.76 +20 25 08.8  04 01 20.26 +20 29 49.6  -4.62445  -0.93881  307.498201 -26.353414    5.619   8.224   99.97852  3.786233  240.195250  73.396834  18.6151347129710  17.3688678  144.6050 /T    1.6748   0.0786464   258.52434   44.461851         n.a.     n.a.
$$EOE
**********************************************************************************************************************************************************************************************************************************************************************************************
Column meaning:
 
TIME

  Times PRIOR to 1962 are UT1, a mean-solar time closely related to the
prior but now-deprecated GMT. Times AFTER 1962 are in UTC, the current
civil or "wall-clock" time-scale. UTC is kept within 0.9 seconds of UT1
using integer leap-seconds for 1972 and later years.

  Conversion from the internal Barycentric Dynamical Time (TDB) of solar
system dynamics to the non-uniform civil UT time-scale requested for output
has not been determined for UTC times after the next July or January 1st.
Therefore, the last known leap-second is used as a constant over future
intervals.

  Time tags refer to the UT time-scale conversion from TDB on Earth
regardless of observer location within the solar system, although clock
rates may differ due to the local gravity field and no analog to "UT"
may be defined for that location.

  Any 'b' symbol in the 1st-column denotes a B.C. date. First-column blank
(" ") denotes an A.D. date.
 
CALENDAR SYSTEM

  Mixed calendar mode was active such that calendar dates after AD 1582-Oct-15
(if any) are in the modern Gregorian system. Dates prior to 1582-Oct-5 (if any)
are in the Julian calendar system, which is automatically extended for dates
prior to its adoption on 45-Jan-1 BC.  The Julian calendar is useful for
matching historical dates. The Gregorian calendar more accurately corresponds
to the Earth's orbital motion and seasons. A "Gregorian-only" calendar mode is
available if such physical events are the primary interest.

  NOTE: "n.a." in output means quantity "not available" at the print-time.
 
SOLAR PRESENCE (OBSERVING SITE)
  Time tag is followed by a blank, then a solar-presence symbol:

       '*'  Daylight (refracted solar upper-limb on or above apparent horizon)
       'C'  Civil twilight/dawn
       'N'  Nautical twilight/dawn
       'A'  Astronomical twilight/dawn
       ' '  Night OR geocentric ephemeris

LUNAR PRESENCE (OBSERVING SITE)
  The solar-presence symbol is immediately followed by a lunar-presence symbol:

       'm'  Refracted upper-limb of Moon on or above apparent horizon
       ' '  Refracted upper-limb of Moon below apparent horizon OR geocentric
            ephemeris
 
 'R.A._____(ICRF)_____DEC' =
  Astrometric right ascension and declination of the target center with
respect to the observing site (coordinate origin) in the reference frame of
the planetary ephemeris (ICRF). Compensated for down-leg light-time delay
aberration.

  Units: RA  in hours-minutes-seconds of time,    HH MM SS.ff{ffff}
         DEC in degrees-minutes-seconds of arc,  sDD MN SC.f{ffff}
 
 'R.A.__(a-apparent)__DEC' =
  Airless apparent right ascension and declination of the target center
with respect to an instantaneous reference frame defined by the Earth equator
of-date (z-axis) and meridian containing the Earth equinox of-date (x-axis,
EOP-corrected IAU76/80). Compensated for down-leg light-time delay,
gravitational deflection of light, stellar aberration, precession & nutation.
Note: equinox (RA origin) is offset -53 mas from the of-date frame defined
by the IAU06/00a P & N system.

  Units: RA  in hours-minutes-seconds of time,   HH MM SS.ff{ffff}
         DEC in degrees-minutes-seconds of arc, sDD MN SC.f{ffff}
 
 'dRA*cosD d(DEC)/dt' =
  The angular rate of change in apparent RA and DEC of the target. This is
with respect to the non-inertial IAU76/80 Earth true equator and equinox
of-date reference frame.  d(RA)/dt is multiplied by the cosine of declination
to provide a linear rate in the plane-of-sky. Units: ARCSECONDS PER HOUR
 
 'Azi____(a-app)___Elev' =
  Airless apparent azimuth and elevation of target center. Compensated
for light-time, the gravitational deflection of light, stellar aberration,
precession and nutation. Azimuth is measured clockwise from north:

  North(0) -> East(90) -> South(180) -> West(270) -> North (360)

Elevation angle is with respect to a plane perpendicular to the reference
surface local zenith direction. TOPOCENTRIC ONLY.  Units: DEGREES
 
 'APmag   S-brt' =
  The targets' approximate apparent visual magnitude and surface brightness.
For planets and natural satellites, output is restricted to solar phase angles
covered by observational data. Outside the observed phase angle range, "n.a."
may be output to avoid extrapolation beyond the limit of model validity.

   For Earth-based observers, the estimated dimming due to atmospheric
absorption (extinction) is available as a separate, requestable quantity.

   Surface brightness is the average airless visual magnitude of a
square-arcsecond of the illuminated portion of the apparent disk. It is
computed only if the target radius is known.

   Units: MAGNITUDES & MAGNITUDES PER SQUARE ARCSECOND
 
 'Illu%' =
   Fraction of the target objects' assumed circular disk illuminated by Sun
(phase), as seen by the observer.  Units: PERCENT
 
 'Ang-diam' =
   The equatorial angular width of the target body full disk, if it were fully
illuminated and visible to the observer. If the target body diameter is unknown
"n.a." is output.

   Units: ARCSECONDS
 
 'ObsSub-LON ObsSub-LAT' =
   Apparent planetodetic longitude and latitude of the center of the target
disc seen by the OBSERVER at print-time. This is NOT exactly the same as the
"nearest" sub-point for a non-spherical target shape (since the center of the
disc might not be the point closest to the observer), but is generally very
close if not a very irregular body shape. Down-leg light travel-time from
target to observer is taken into account. Latitude is the angle between the
equatorial plane and the line perpendicular to the reference ellipsoid of the
body, so includes body oblateness. The reference ellipsoid is an oblate
spheroid with a single flatness coefficient in which the y-axis body radius
is taken to be the same value as the x-axis radius. For Jupiter, Saturn, and
Uranus, IAU2015 longitude is based on the "System III" prime meridian rotation
angle of the magnetic field. By contrast, pole direction (thus latitude) is
relative to the body dynamical equator.  There can be an offset between the
magnetic pole and the dynamical pole of rotation. For Neptune, rotation is
IAU2015 "System II" rotation of optically observed features in the Neptunian
atmosphere. Positive longitude is to the EAST for this target. Cartographic
system is specified in the header. Units: DEGREES DEGREES
 
 'delta      deldot' =
   Apparent range ("delta", light-time aberrated) and range-rate ("delta-dot")
of the target center relative to the observer. A positive "deldot" means the
target center is moving away from the observer, negative indicates movement
toward the observer.  Units: AU and KM/S
 
 'S-O-T /r' =
   Sun-Observer-Target apparent SOLAR ELONGATION ANGLE seen from the observers'
location at print-time.

   The '/r' column provides a code indicating the targets' apparent position
relative to the Sun in the observers' sky, as described below:

   Case A: For an observing location on the surface of a rotating body, that
body rotational sense is considered:

    /T indicates target TRAILS Sun   (evening sky: rises and sets AFTER Sun)
    /L indicates target LEADS Sun    (morning sky: rises and sets BEFORE Sun)

   Case B: For an observing point that does not have a rotational model (such
as a spacecraft), the "leading" and "trailing" condition is defined by the
observers' heliocentric ORBITAL motion:

    * If continuing in the observers' current direction of heliocentric
       motion would encounter the targets' apparent longitude first, followed
       by the Sun's, the target LEADS the Sun as seen by the observer.

    * If the Sun's apparent longitude would be encountered first, followed
       by the targets', the target TRAILS the Sun.

   Two other codes can be output:
    /* indicates observer is Sun-centered    (undefined)
    /? Target is aligned with Sun center     (no lead or trail)

   The S-O-T solar elongation angle is numerically the minimum separation
angle of the Sun and target in the sky in any direction. It does NOT indicate
the amount of separation in the leading or trailing directions, which would
be defined along the equator of a spherical coordinate system.

   Units: DEGREES
 
 'S-T-O' =
   The Sun-Target-Observer angle; the interior vertex angle at target center
formed by a vector from the target to the apparent center of the Sun (at
reflection time on the target) and the apparent vector from target to the
observer at print-time. Slightly different from true PHASE ANGLE (requestable
separately) at the few arcsecond level in that it includes stellar aberration
on the down-leg from target to observer.  Units: DEGREES
 
 'Sky_motion  Sky_mot_PA  RelVel-ANG' =
  Total apparent angular rate of the target in the plane-of-sky. "Sky_mot_PA"
is the position angle of the target's direction of motion in the plane-of-sky,
measured counter-clockwise from the apparent of-date north pole direction.
"RelVel-ANG" is the flight path angle of the target's relative motion with
respect to the observer's line-of-sight, in the range [-90,+90], where positive
values indicate motion away from the observer, negative values are toward the
observer:

  -90 = target is moving directly toward the observer
    0 = target is moving at right angles to the observer's line-of-sight
  +90 = target is moving directly away from the observer

UNITS:  ARCSECONDS/MINUTE, DEGREES, DEGREES
 
 'Lun_Sky_Brt  sky_SNR' =
  Sky brightness due to moonlight scattered by Earth's atmosphere at the
target's position in the sky. "sky_SNR" is the visual signal-to-noise ratio
(SNR) of the target's surface brightness relative to background sky. Output
only for topocentric Earth observers when both the Moon and target are above
the local horizon and the Sun is in astronomical twilight (or further) below
the horizon, and the target is not the Moon or Sun. If all conditions are
not met, "n.a." is output. Galactic brightness, local sky light-pollution
and weather are NOT considered. Lunar opposition surge is considered. The
value returned is accurate under ideal conditions at the approximately 8-23%
level, so is a useful but not definitive value.

  If the target-body radius is also known, "sky_SNR" is output. This is the
approximate visual signal-to-noise ratio of the target's brightness divided
by lunar sky brightness. When sky_SNR < 1, the target is dimmer than the
ideal moonlight-scattering background sky, so unlikely to be detectable at
visual wavelengths. In practice, visibility requires sky_SNR > 1 and a
detector sensitive enough to reach the target's magnitude, even if it isn't
washed out by moonlight. When relating magnitudes and brightness values,
keep in mind their logarithmic relationship m2-m1 = -2.5*log_10(b2/b1).

  UNITS: VISUAL MAGNITUDES / ARCSECOND^2, and unitless ratio

Computations by ...

    Solar System Dynamics Group, Horizons On-Line Ephemeris System
    4800 Oak Grove Drive, Jet Propulsion Laboratory
    Pasadena, CA  91109   USA

    General site: https://ssd.jpl.nasa.gov/
    Mailing list: https://ssd.jpl.nasa.gov/email_list.html
    System news : https://ssd.jpl.nasa.gov/horizons/news.html
    User Guide  : https://ssd.jpl.nasa.gov/horizons/manual.html
    Connect     : browser        https://ssd.jpl.nasa.gov/horizons/app.html#/x
                  API            https://ssd-api.jpl.nasa.gov/doc/horizons.html
                  command-line   telnet ssd.jpl.nasa.gov 6775
                  e-mail/batch   https://ssd.jpl.nasa.gov/ftp/ssd/horizons_batch.txt
                  scripts        https://ssd.jpl.nasa.gov/ftp/ssd/SCRIPTS
    Author      : Jon.D.Giorgini@jpl.nasa.gov

**********************************************************************************************************************************************************************************************************************************************************************************************
