*******************************************************************************
 Revised: September 25, 2025           Uranus                               799
 
 PHYSICAL DATA:
  Mass x10^24 (kg)      = 86.813          Density (g/cm^3)       =  1.271
  Equat. radius (1 bar) = 25559+-4 km     Polar radius (km)      = 24973+-20
  Vol. Mean Radius (km) = 25362+-12       Flattening             =  0.02293
  Geometric Albedo      = 0.51
  Sid. rot. period (III)= 17.24+-0.01 h   Sid. rot. rate (rad/s) = -0.000101237
  Mean solar day, h     =~17.24           Rocky core mass (Mc/M) =  0.0012        
  GM (km^3/s^2)         = 5793950.6103    GM 1-sigma (km^3/s^2)  = +-4.3 
  Equ. grav, ge (m/s^2) =  8.87           Pol. grav, gp (m/s^2)  =   9.19+-0.02
  Visual magnitude V(1,0)= -7.11
  Vis. mag. (opposition)=  +5.52          Obliquity to orbit     = 97.77 deg
  Sidereal orbit period = 84.0120465 y    Sidereal orbit period  = 30685.4 d
  Mean daily motion     = 0.01176904 dg/d Mean orbit velocity    =  6.8 km/s
  Atmos. temp. (1 bar)  =  76+-2 K        Escape speed, km/s     =  21.3           
  Aroche(ice)/Rp        =  2.20           Hill's sphere rad., Rp = 2700
                                 Perihelion   Aphelion    Mean
  Solar Constant (W/m^2)         4.09         3.39        3.71
  Maximum Planetary IR (W/m^2)   0.72         0.55        0.63
  Minimum Planetary IR (W/m^2)   0.72         0.55        0.63
*******************************************************************************


*******************************************************************************
Ephemeris / WWW_USER Mon Apr  6 16:51:44 2026 Pasadena, USA      / Horizons    
*******************************************************************************
Target body name: Uranus (799)                    {source: ura184_merged}
Center body name: Earth (399)                     {source: DE441}
Center-site name: (user defined site below)
*******************************************************************************
Start time      : A.D. 2026-Jan-01 00:00:00.0000 UT      
Stop  time      : A.D. 2026-Dec-31 00:00:00.0000 UT      
Step-size       : 3600 minutes
*******************************************************************************
Target pole/equ : IAU_URANUS                      {East-longitude positive}
Target radii    : 25559.0, 25559.0, 24973.0 km    {Equator_a, b, pole_c}       
Center geodetic : 260.5, 19.5, 2.6                {E-lon(deg),Lat(deg),Alt(km)}
Center cylindric: 260.5, 6016.99109, 2116.4702    {E-lon(deg),Dxy(km),Dz(km)}
Center pole/equ : ITRF93                          {East-longitude positive}
Center radii    : 6378.137, 6378.137, 6356.752 km {Equator_a, b, pole_c}       
Target primary  : Sun
Vis. interferer : MOON (R_eq= 1737.400) km        {source: DE441}
Rel. light bend : Sun                             {source: DE441}
Rel. lght bnd GM: 1.3271E+11 km^3/s^2                                          
Atmos refraction: NO (AIRLESS)
RA format       : HMS
Time format     : CAL 
Calendar mode   : Mixed Julian/Gregorian
EOP file        : eop.260406.p260703                                           
EOP coverage    : DATA-BASED 1962-JAN-20 TO 2026-APR-06. PREDICTS-> 2026-JUL-02
Units conversion: 1 au= 149597870.700 km, c= 299792.458 km/s, 1 day= 86400.0 s 
Table cut-offs 1: Elevation (-90.0deg=NO ),Airmass (>38.000=NO), Daylight (NO )
Table cut-offs 2: Solar elongation (  0.0,180.0=NO ),Local Hour Angle( 0.0=NO )
Table cut-offs 3: RA/DEC angular rate (     0.0=NO )                           
**********************************************************************************************************************************************************************************************************************************************************************************************
 Date__(UT)__HR:MN     R.A._____(ICRF)_____DEC  R.A.__(a-apparent)__DEC  dRA*cosD d(DEC)/dt  Azi____(a-app)___Elev    APmag   S-brt      Illu%  Ang-diam  ObsSub-LON ObsSub-LAT             delta      deldot     S-O-T /r     S-T-O  Sky_motion  Sky_mot_PA  RelVel-ANG  Lun_Sky_Brt  sky_SNR
**********************************************************************************************************************************************************************************************************************************************************************************************
$$SOE
 2026-Jan-01 00:00 *m  03 41 25.54 +19 25 28.6  03 42 56.94 +19 30 34.6  -4.09157  -0.85016   80.217482  38.792507    5.646   8.236   99.97084  3.757945    3.751305  69.516108  18.7552649964089  19.6540003  137.3828 /T    1.9525   0.0696493   258.26195   51.219511         n.a.     n.a.
 2026-Jan-03 12:00 Am  03 41 08.95 +19 24 36.7  03 42 40.33 +19 29 43.4  -3.70462  -0.85629  304.359317 -25.796073    5.649   8.236   99.96794  3.752021  176.501902  69.455687  18.7848736519126  21.2781730  134.7643 /T    2.0479   0.0633716   256.98516   55.929598         n.a.     n.a.
 2026-Jan-06 00:00 *   03 40 53.54 +19 23 48.6  03 42 24.93 +19 28 55.7  -3.59336  -0.73789   81.273317  43.497464    5.652   8.236   99.96505  3.745865  349.253857  69.399494  18.8157466548971  21.5570120  132.1599 /T    2.1385   0.0611390   258.39577   57.174393         n.a.     n.a.
 2026-Jan-08 12:00 Am  03 40 39.14 +19 23 03.7  03 42 10.46 +19 28 11.5  -3.17222  -0.73437  307.493632 -29.668887    5.656   8.236   99.96217  3.739452  162.006036  69.346980  18.8480156181578  23.0513781  129.5501 /T    2.2252   0.0542686   256.96555   61.791292         n.a.     n.a.
 2026-Jan-11 00:00 *   03 40 25.99 +19 22 23.1  03 41 57.29 +19 27 30.9  -3.05703  -0.61579   82.290938  48.199269    5.660   8.235   99.95936  3.732837  334.760161  69.298965  18.8814155160160  23.2910959  126.9545 /T    2.3066   0.0519739   258.61116   63.009246         n.a.     n.a.
 2026-Jan-13 12:00 Am  03 40 13.95 +19 21 45.9  03 41 45.18 +19 26 54.1  -2.60383  -0.60254  310.996829 -33.358287    5.664   8.235   99.95661  3.725994  147.515031  69.254956  18.9160902736116  24.6409470  124.3540 /T    2.3839   0.0445440   256.97079   67.542058         n.a.     n.a.
 2026-Jan-16 00:00 *   03 40 03.21 +19 21 13.2  03 41 34.45 +19 26 21.5  -2.48507  -0.48465   83.275648  52.894598    5.668   8.235   99.95397  3.718984  320.272466  69.215695  18.9517468658499  24.8337974  121.7683 /T    2.4556   0.0421982   258.96442   68.730196         n.a.     n.a.
 2026-Jan-18 12:00 A   03 39 53.65 +19 20 44.2  03 41 24.84 +19 25 53.0  -2.00425  -0.46213  314.920152 -36.829729    5.672   8.235   99.95143  3.711778  133.031199  69.180730  18.9885392542599  26.0236435  119.1787 /T    2.5228   0.0342807   257.01598   73.176634         n.a.     n.a.
 2026-Jan-21 00:00 *m  03 39 45.45 +19 20 19.9  03 41 16.64 +19 25 29.0  -1.88369  -0.34653   84.232346  57.580534    5.676   8.235   99.94904  3.704441  305.793109  69.150711  19.0261491961860  26.1624741  116.6047 /T    2.5843   0.0319217   259.57632   74.325022         n.a.     n.a.
 2026-Jan-23 12:00 A   03 39 38.50 +19 19 59.6  03 41 09.60 +19 25 08.9  -1.38057  -0.31566  319.314703 -40.042509    5.681   8.235   99.94680  3.696943  118.556866  69.125224  19.0647394088474  27.1784154  114.0278 /T    2.6410   0.0236033   257.12089   78.682400         n.a.     n.a.
 2026-Jan-26 00:00 *m  03 39 32.94 +19 19 44.1  03 41 04.02 +19 24 53.3  -1.26141  -0.20356   85.166415  62.254479    5.685   8.235   99.94474  3.689351  291.324396  69.104811  19.1039710994500  27.2597873  111.4676 /T    2.6918   0.0212955   260.83294   79.773744         n.a.     n.a.
 2026-Jan-28 12:00 A   03 39 28.66 +19 19 32.6  03 40 59.68 +19 24 41.9  -0.74305  -0.16550  324.225628 -42.949331    5.690   8.235   99.94285  3.681632  104.094293  69.089084  19.1440203535273  28.0969840  108.9052 /T    2.7378   0.0126876   257.44328   84.034404         n.a.     n.a.
 2026-Jan-31 00:00 *m  03 39 25.78 +19 19 26.1  03 40 56.83 +19 24 35.4  -0.62848  -0.05846   86.083251  66.914341    5.694   8.235   99.94118  3.673857  276.868485  69.078476  19.1845376020688  28.1276697  106.3597 /T    2.7778   0.0105200   264.68534   85.043000         n.a.     n.a.
 2026-Feb-02 12:00 Am  03 39 24.21 +19 19 23.6  03 40 55.20 +19 24 33.0  -0.09975  -0.01366  329.683064 -45.496629    5.699   8.235   99.93970  3.665988   89.645503  69.072643  19.2257174222867  28.7913252  103.8123 /T    2.8128   0.0016781   262.20328   89.223974         n.a.     n.a.
 2026-Feb-05 00:00 *   03 39 24.04 +19 19 26.1  03 40 55.02 +19 24 35.5  0.010187  0.087970   86.989949  71.558470    5.703   8.235   99.93846  3.658094  262.427304  69.071930  19.2672049922607  28.7816913  101.2815 /T    2.8418   0.0014760   6.6052443   89.315729         n.a.     n.a.
 2026-Feb-07 12:00 Am  03 39 25.20 +19 19 32.7  03 40 56.09 +19 24 41.8  0.547158  0.139510  335.688282 -47.626907    5.708   8.235   99.93743  3.650137   75.212393  69.076066  19.3092070193419  29.2721430   98.7486 /T    2.8658   0.0094111   75.695951   85.708524         n.a.     n.a.
 2026-Feb-10 00:00 *   03 39 27.76 +19 19 44.3  03 40 58.65 +19 24 53.2  0.653650  0.235328   87.898628  76.185302    5.713   8.235   99.93664  3.642186  248.002767  69.085313  19.3513564521400  29.2203287   96.2322 /T    2.8839   0.0115787   70.200056   84.704367         n.a.     n.a.
 2026-Feb-12 12:00 Am  03 39 31.66 +19 20 00.0  03 41 02.49 +19 25 08.6  1.195436  0.293243  342.199298 -49.282228    5.717   8.235   99.93609  3.634203   60.796934  69.099463  19.3938637801151  29.5302528   93.7139 /T    2.8968   0.0205146   76.217382   80.750130         n.a.     n.a.
 2026-Feb-15 00:00 *   03 39 36.96 +19 20 20.7  03 41 07.81 +19 25 29.2  1.297603  0.382173   88.836596  80.793497    5.722   8.235   99.93579  3.626259  233.596896  69.118679  19.4363511155327  29.4321498   91.2122 /T    2.9038   0.0225452   73.589131   79.797796         n.a.     n.a.
 2026-Feb-17 12:00 A   03 39 43.59 +19 20 45.4  03 41 14.37 +19 25 53.7  1.839841  0.445278  349.119368 -50.410928    5.727   8.234   99.93572  3.618314   46.401149  69.142810  19.4790311498729  29.5553495   88.7093 /T    2.9057   0.0315493   76.394909   75.891253         n.a.     n.a.
 2026-Feb-20 00:00 *m  03 39 51.60 +19 21 15.1  03 41 22.37 +19 26 23.1  1.936099  0.526497   89.930435  85.381902    5.731   8.234   99.93590  3.610439  219.211691  69.171914  19.5215179560324  29.4077368   86.2234 /T    2.9017   0.0334402   74.787045   74.979626         n.a.     n.a.
 2026-Feb-22 12:00 A   03 40 00.94 +19 21 48.7  03 41 31.62 +19 26 56.1  2.472873  0.593780  356.295939 -50.975716    5.736   8.234   99.93632  3.602594   32.027011  69.205882  19.5640275001141  29.3429098   83.7370 /T    2.8927   0.0423861   76.497896   71.139394         n.a.     n.a.
 2026-Feb-25 00:00 *m  03 40 11.60 +19 22 27.2  03 41 42.31 +19 27 34.1  2.560202  0.665972  129.119792  89.935773    5.741   8.234   99.93697  3.594850  204.849053  69.244660  19.6061742627062  29.1506256   81.2682 /T    2.8780   0.0440900   75.419083   70.279456         n.a.     n.a.
 2026-Feb-27 12:00 A   03 40 23.57 +19 23 09.3  03 41 54.24 +19 28 15.8  3.086310  0.736472    3.536335 -50.960221    5.745   8.234   99.93784  3.587164   17.676287  69.288183  19.6481831918157  28.9076434   78.7991 /T    2.8585   0.0528827   76.578752   66.515702         n.a.     n.a.
 2026-Mar-02 00:00 *m  03 40 36.81 +19 23 56.1  03 42 07.50 +19 29 02.3  3.164017  0.799398  270.592117  85.502986    5.750   8.234   99.93893  3.579604  190.510608  69.336303  19.6896782430599  28.6839389   76.3475 /T    2.8334   0.0543907   75.820783   65.709748         n.a.     n.a.
 2026-Mar-04 12:00 Am  03 40 51.32 +19 24 46.4  03 42 21.93 +19 29 52.0  3.677228  0.873037   10.637252 -50.373031    5.754   8.234   99.94022  3.572127    3.350497  69.389025  19.7308928695861  28.2754268   73.8954 /T    2.8035   0.0629907   76.644274   62.016657         n.a.     n.a.
 2026-Mar-07 00:00 *   03 41 07.05 +19 25 41.2  03 42 37.66 +19 30 46.1  3.747380  0.926813  271.682774  80.977651    5.759   8.234   99.94171  3.564798  176.197813  69.446129  19.7714575259697  28.0262491   71.4600 /T    2.7684   0.0643382   76.108215   61.248461         n.a.     n.a.
 2026-Mar-09 12:00 Am  03 41 24.00 +19 26 39.3  03 42 54.55 +19 31 43.5  4.246435  1.003627   17.418261 -49.246357    5.763   8.234   99.94339  3.557574  349.051102  69.507697  19.8116036847621  27.4546347   69.0238 /T    2.7288   0.0727237   76.702394   57.610396         n.a.     n.a.
 2026-Mar-12 00:00 *   03 41 42.13 +19 27 41.8  03 43 12.71 +19 32 45.3  4.309691  1.048108  272.603256  76.474076    5.767   8.234   99.94523  3.550520  161.912175  69.573426  19.8509648110416  27.1778146   66.6038 /T    2.6840   0.0739218   76.331145   56.868383         n.a.     n.a.
 2026-Mar-14 12:00 Nm  03 42 01.44 +19 28 47.3  03 43 31.98 +19 33 50.2  4.791767  1.127082   23.746892 -47.629841    5.771   8.234   99.94724  3.543593  334.779623  69.643461  19.8897664925157  26.4430376   64.1828 /T    2.6349   0.0820422   76.763934   53.278317         n.a.     n.a.
 2026-Mar-17 00:00 *   03 42 21.86 +19 29 56.9  03 43 52.43 +19 34 59.2  4.847980  1.161836  273.485814  71.992578    5.775   8.234   99.94938  3.536857  147.655189  69.717416  19.9276470806645  26.1358560   61.7779 /T    2.5809   0.0830876   76.523030   52.554857         n.a.     n.a.
 2026-Mar-19 12:00 N   03 42 43.43 +19 31 09.4  03 44 13.92 +19 36 10.8  5.309443  1.242333   29.547746 -45.583178    5.779   8.233   99.95166  3.530271  320.537525  69.795486  19.9648254756166  25.2398365   59.3722 /T    2.5227   0.0908808   76.830540   49.009377         n.a.     n.a.
 2026-Mar-22 00:00 *m  03 43 06.03 +19 32 25.7  03 44 36.54 +19 37 26.2  5.356651  1.266714  274.358143  67.533350    5.783   8.233   99.95403  3.523895  133.428273  69.877190  20.0009495642228  24.9030337   56.9828 /T    2.4600   0.0917398   76.695385   48.308963         n.a.     n.a.
 2026-Mar-24 12:00 N   03 43 29.71 +19 33 44.6  03 45 00.19 +19 38 44.1  5.792855  1.347600   34.796782 -43.168285    5.787   8.233   99.95651  3.517689  306.326118  69.962765  20.0362348247424  23.8555621   54.5929 /T    2.3933   0.0991256   76.904122   44.816182         n.a.     n.a.
 2026-Mar-27 00:00 *m  03 43 54.33 +19 35 06.9  03 45 24.88 +19 40 05.8  5.829694  1.361402  275.231994  63.096391    5.790   8.233   99.95905  3.511710  119.232576  70.051645  20.0703490871843  23.5005217   52.2195 /T    2.3225   0.0997758   76.855356   44.150654         n.a.     n.a.
 2026-Mar-29 12:00 N   03 44 19.98 +19 36 31.6  03 45 50.49 +19 41 29.6  6.238287  1.442543   39.507795 -40.443522    5.794   8.233   99.96165  3.505917  292.146387  70.144117  20.1035097327548  22.3210971   49.8455 /T    2.2479   0.1067150   76.979768   40.717588         n.a.     n.a.
 2026-Apr-01 00:00 *m  03 44 46.48 +19 37 59.4  03 46 17.01 +19 42 56.5  6.266607  1.446210  276.113835  58.681550    5.797   8.233   99.96428  3.500364  105.068948  70.239561  20.1354064159378  21.9588287   47.4875 /T    2.1696   0.1071887   77.004772   40.084728         n.a.     n.a.
 2026-Apr-03 12:00 Nm  03 45 13.93 +19 39 29.2  03 46 44.42 +19 44 25.2  6.647866  1.527861   43.718012 -37.461244    5.801   8.233   99.96693  3.495010  277.999107  70.338337  20.1662498814081  20.6588515   45.1283 /T    2.0878   0.1136863   77.056631   36.700442         n.a.     n.a.
 2026-Apr-06 00:00 *   03 45 42.16 +19 41 01.8  03 47 12.69 +19 45 56.9  6.669699  1.522155  277.008413  54.288852    5.804   8.233   99.96958  3.489906   90.938160  70.439771  20.1957458089621  20.2899972   42.7842 /T    2.0027   0.1140198   77.144163   36.087234         n.a.     n.a.
 2026-Apr-08 12:00 Nm  03 46 11.28 +19 42 36.3  03 47 41.80 +19 47 30.2  7.022642  1.603785   47.475658 -34.266148    5.807   8.233   99.97222  3.485014  263.885060  70.544281  20.2240915988849  18.8739963   40.4383 /T    1.9142   0.1200574   77.135778   32.740705         n.a.     n.a.
 2026-Apr-11 00:00 *   03 46 41.09 +19 44 13.2  03 48 11.67 +19 49 06.3  7.038719  1.588604  277.920403  49.918398    5.809   8.233   99.97482  3.480382   76.840974  70.651139  20.2510077644276  18.4952111   38.1068 /T    1.8227   0.1202627   77.281722   32.135984         n.a.     n.a.
 2026-Apr-13 12:00 Cm  03 47 11.73 +19 45 51.7  03 48 42.29 +19 50 43.8  7.361647  1.669779   50.832259 -30.895552    5.812   8.232   99.97738  3.475976  249.804969  70.760808  20.2766766209659  16.9675892   35.7730 /T    1.7283   0.1258107   77.220323   28.818062         n.a.     n.a.
 2026-Apr-16 00:00 *   03 47 42.98 +19 47 32.4  03 49 13.57 +19 52 23.5  7.371275  1.645220  278.853804  45.570317    5.814   8.232   99.97985  3.471840   62.778065  70.872499  20.3008365446290  16.5771158   33.4533 /T    1.6311   0.1258774   77.418176   28.217031         n.a.     n.a.
 2026-Apr-18 12:00 C   03 48 14.97 +19 49 14.3  03 49 45.55 +19 54 04.0  7.661111  1.725030   53.837962 -27.380244    5.817   8.232   99.98226  3.467941  235.759425  70.986706  20.3236551318459  14.9454348   31.1311 /T    1.5313   0.1308820   77.310505   24.925595         n.a.     n.a.
 2026-Apr-21 00:00 *m  03 48 47.48 +19 50 58.0  03 50 18.14 +19 55 46.8  7.662599  1.690874  279.812737  41.244772    5.819   8.232   99.98455  3.464321   48.749881  71.102575  20.3448943001976  14.5473988   28.8231 /T    1.4292   0.1307824   77.556200   24.333457         n.a.     n.a.
 2026-Apr-23 12:00 C   03 49 20.65 +19 52 42.7  03 50 51.33 +19 57 30.3  7.916374  1.768921   56.538607 -23.744943    5.821   8.232   99.98674  3.460949  221.748686  71.220628  20.3647143775049  12.8311397   26.5129 /T    1.3247   0.1351933   77.404124   21.079809         n.a.     n.a.
 2026-Apr-26 00:00 *m  03 49 54.24 +19 54 28.8  03 51 24.98 +19 59 15.6  7.910186  1.725704  280.801921  36.941863    5.823   8.232   99.98879  3.457860   34.756475  71.339968  20.3829100886642  12.4392421   24.2166 /T    1.2183   0.1349373   77.693052   20.508926         n.a.     n.a.
 2026-Apr-28 12:00 C   03 50 28.41 +19 56 15.6  03 51 59.14 +20 01 01.0  8.128768  1.802193   58.975117 -20.009576    5.824   8.232   99.99071  3.455025  207.772633  71.461168  20.3996323560401  10.6571591   21.9177 /T    1.1099   0.1387692   77.499408   17.293990         n.a.     n.a.
 2026-May-01 00:00 *   03 51 02.90 +19 58 03.4  03 52 33.68 +20 02 47.8  8.117622  1.751200  281.825912  32.661878    5.826   8.232   99.99246  3.452475   20.797640  71.583313  20.4147020249267  10.2751137   19.6321 /T    1.0001   0.1384061   77.826249   16.738719         n.a.     n.a.
 2026-May-03 12:00 Cm  03 51 37.89 +19 59 51.7  03 53 08.69 +20 04 34.7  8.301620  1.826142   61.183004 -16.190307    5.827   8.231   99.99406  3.450185  193.831039  71.707019  20.4282520817067   8.4358579   17.3430 /T    0.8885   0.1416683   77.593992   13.552585         n.a.     n.a.
 2026-May-06 00:00 *   03 52 13.12 +20 01 40.8  03 53 44.00 +20 06 22.8  8.286813  1.767677  282.890153  28.405479    5.828   8.231   99.99548  3.448181    6.873128  71.831349  20.4401253872865   8.0602411   15.0663 /T    0.7757   0.1412208   77.958589   13.002198         n.a.     n.a.
 2026-May-08 12:00 *m  03 52 48.77 +20 03 30.1  03 54 19.70 +20 08 10.9  8.436060  1.840647   63.192565 -12.300009    5.829   8.231   99.99672  3.446443  179.923601  71.956948  20.4504334417167   6.1690212   12.7852 /T    0.6616   0.1439088   77.691645   9.8325506         n.a.     n.a.
 2026-May-11 00:00 *   03 53 24.58 +20 05 19.8  03 54 55.57 +20 09 59.8  8.417616  1.775217  284.000576  24.173548    5.830   8.231   99.99777  3.444992  352.982571  72.082856  20.4590421479795   5.7962320   10.5158 /T    0.5466   0.1433795   78.091223   9.2783953         n.a.     n.a.
 2026-May-13 12:00 *m  03 54 00.72 +20 07 09.5  03 55 31.73 +20 11 48.1  8.530550  1.845640   65.029888  -8.349143    5.831   8.231   99.99862  3.443814  166.049868  72.209730  20.4660421377162   3.8602603    8.2414 /T    0.4306   0.1454654   77.791854   6.1171258         n.a.     n.a.
 2026-May-16 00:00 *m  03 54 36.94 +20 08 59.4  03 56 08.01 +20 13 36.8  8.507360  1.773261  285.163539  19.967220    5.831   8.231   99.99927  3.442926  339.125383  72.336582  20.4713245140601   3.4887274    5.9785 /T    0.3142   0.1448367   78.225941   5.5541852         n.a.     n.a.
 2026-May-18 12:00 *   03 55 13.40 +20 10 48.9  03 56 44.55 +20 15 25.0  8.581419  1.840565   66.717167  -4.346082    5.832   8.231   99.99972  3.442314  152.209073  72.464070  20.4749621300269   1.5210919    3.7108 /T    0.1970   0.1462764   77.894459   2.4002972         n.a.     n.a.
 2026-May-21 00:00 *m  03 55 49.83 +20 12 38.2  03 57 21.09 +20 17 13.5  8.551928  1.761572  286.386584  15.787959    5.832   8.231   99.99996  3.441991  325.300573  72.591179  20.4768805100925   1.1603238    1.4586 /T    0.0800   0.1455245   78.360705   1.8395117         n.a.     n.a.
 2026-May-23 12:00 *   03 56 26.41 +20 14 27.0  03 57 57.67 +20 19 00.8  8.586870  1.825546   68.273246  -0.297084    5.832   8.230   99.99999  3.441947  138.399960  72.718581  20.4771423486617  -0.8156740    0.8290 /L    0.0387   0.1463130   77.997762   -1.296005         n.a.     n.a.
 2026-May-26 00:00 *m  03 57 02.87 +20 16 15.2  03 58 34.21 +20 20 48.3  8.553443  1.741330  287.678114  11.637214    5.831   8.230   99.99980  3.442189  311.506663  72.845271  20.4757076145617  -1.1565453    3.0697 /L    0.1553   0.1454816   78.492846   -1.845305         n.a.     n.a.
 2026-May-28 12:00 *   03 57 39.40 +20 18 02.7  03 59 10.79 +20 22 34.3  8.551341  1.802414   69.713916   3.792152    5.831   8.230   99.99941  3.442708  124.620946  72.971943  20.4726204778244  -3.1278120    5.3260 /L    0.2725   0.1456538   78.097663   -4.965026         n.a.     n.a.
 2026-May-31 00:00 *   03 58 15.72 +20 19 49.4  03 59 47.19 +20 24 20.0  8.515675  1.713744  289.047601   7.517736    5.830   8.230   99.99881  3.443507  297.742032  73.097608  20.4678669383031  -3.4511869    7.5734 /L    0.3890   0.1447734   78.621446   -5.509069         n.a.     n.a.
 2026-Jun-02 12:00 *m  03 58 52.02 +20 21 35.2  04 00 23.58 +20 26 04.5  8.477599  1.771498   71.052739   7.917686    5.829   8.230   99.99801  3.444584  110.870348  73.222966  20.4614671710945  -5.4119651    9.8280 /L    0.5053   0.1443452   78.197181   -8.625199         n.a.     n.a.
 2026-Jun-05 00:00 *   03 59 28.03 +20 23 19.9  04 00 59.68 +20 27 48.4  8.440227  1.679010  290.506237   3.432529    5.828   8.230   99.99702  3.445937  284.004912  73.347040  20.4534315782440  -5.7228875   12.0736 /L    0.6205   0.1434268   78.749055   -9.173134         n.a.     n.a.
 2026-Jun-07 12:00 *m  04 00 03.95 +20 25 03.4  04 01 35.68 +20 29 30.8  8.365837  1.733089   72.300849  12.076046    5.827   8.229   99.99582  3.447568   97.146305  73.470522  20.4437567729371  -7.6668162   14.3272 /L    0.7352   0.1423911   78.296009   -12.29685         n.a.     n.a.
 2026-Jun-10 00:00 *   04 00 39.49 +20 26 45.7  04 02 11.28 +20 31 12.2  8.326018  1.637007  292.066607  -0.614518    5.826   8.229   99.99445  3.449471  270.293311  73.592443  20.4324786879677  -7.9689459   16.5725 /L    0.8484   0.1414237   78.876758   -12.85685         n.a.     n.a.
 2026-Jun-12 12:00 *m  04 01 14.86 +20 28 26.6  04 02 46.72 +20 32 51.7  8.214130  1.686858   73.467822  16.264454    5.825   8.229   99.99289  3.451652   83.446646  73.713477  20.4195719196481  -9.8872416   18.8266 /L    0.9608   0.1397591   78.395050   -15.99802         n.a.     n.a.
 2026-Jun-15 00:00 *m  04 01 49.76 +20 30 06.0  04 03 21.73 +20 34 30.2  8.169826  1.587544  293.743333  -4.618585    5.823   8.229   99.99117  3.454099  256.604843  73.832655  20.4051018688685 -10.1784271   21.0728 /L    1.0713   0.1387107   79.003439   -16.57243         n.a.     n.a.
 2026-Jun-17 12:00 *   04 02 24.38 +20 31 43.8  04 03 56.47 +20 36 06.9  8.018917  1.632451   74.561317  20.480921    5.821   8.229   99.98929  3.456822   69.768713  73.950622  20.3890289516937 -12.0522654   23.3279 /L    1.1807   0.1363899   78.493251   -19.72949         n.a.     n.a.
 2026-Jun-20 00:00 *m  04 02 58.46 +20 33 19.7  04 04 30.62 +20 37 42.2  7.970282  1.530792  295.553676  -8.573788    5.819   8.229   99.98727  3.459804  242.936539  74.066439  20.3714553494167 -12.3204739   25.5751 /L    1.2878   0.1352659   79.128023   -20.30321         n.a.     n.a.
 2026-Jun-22 12:00 *   04 03 32.16 +20 34 54.0  04 05 04.41 +20 39 15.3  7.782823  1.571302   75.587720  24.723981    5.817   8.229   99.98511  3.463056   56.109294  74.180743  20.3523288396198 -14.1300196   27.8314 /L    1.3935   0.1323309   78.585783   -23.46638         n.a.     n.a.
 2026-Jun-25 00:00 *m  04 04 05.24 +20 36 26.2  04 05 37.55 +20 40 46.7  7.732057  1.468571  297.517284 -12.472840    5.815   8.228   99.98283  3.466556  229.285080  74.292644  20.3317800983987 -14.3729759   30.0802 /L    1.4965   0.1311714   79.245748   -24.03349         n.a.     n.a.
 2026-Jun-27 12:00 *   04 04 37.86 +20 37 56.7  04 06 10.29 +20 42 15.9  7.510499  1.504393   76.551861  28.992342    5.812   8.228   99.98044  3.470318   42.465020  74.402767  20.3097346428124 -16.1116804   32.3387 /L    1.5979   0.1276614   78.673247   -27.21036         n.a.     n.a.
 2026-Jun-30 00:00 *   04 05 09.78 +20 39 24.8  04 06 42.30 +20 43 43.3  7.458600  1.401204  299.657336 -16.306368    5.810   8.228   99.97797  3.474320  215.647037  74.510267  20.2863454003290 -16.3348962   34.5906 /L    1.6962   0.1264846   79.360190   -27.77738         n.a.     n.a.
 2026-Jul-02 12:00 *m  04 05 41.17 +20 40 51.0  04 07 13.82 +20 45 08.6  7.203945  1.432123   77.456765  33.285030    5.807   8.228   99.97541  3.478577   28.832394  74.615743  20.2615153918302 -17.9979209   36.8531 /L    1.7926   0.1224153   78.756358   -30.97952         n.a.     n.a.
 2026-Jul-05 00:00 *   04 06 11.79 +20 42 14.7  04 07 44.50 +20 46 31.7  7.150428  1.328808  302.000614 -20.062825    5.804   8.228   99.97280  3.483063  202.018821  74.718388  20.2354197647160 -18.2061102   39.1100 /L    1.8857   0.1212142   79.472467   -31.55512         n.a.     n.a.
 2026-Jul-07 12:00 *m  04 06 41.81 +20 43 36.4  04 08 14.61 +20 47 52.4  6.862787  1.354258   78.304087  37.601238    5.801   8.228   99.97013  3.487800   15.207689  74.818760  20.2079405584010 -19.7875010   41.3784 /L    1.9766   0.1165855   78.837045   -34.79533         n.a.     n.a.
 2026-Jul-10 00:00 *   04 07 10.97 +20 44 55.3  04 08 43.85 +20 49 10.6  6.806035  1.251324  304.577844 -23.728045    5.798   8.227   99.96744  3.492754  188.396538  74.916090  20.1792764017900 -19.9820960   43.6422 /L    2.0638   0.1153352   79.582223   -35.38783         n.a.     n.a.
 2026-Jul-12 12:00 *m  04 07 39.45 +20 46 12.2  04 09 12.47 +20 50 26.5  6.484367  1.270569   79.093381  41.940385    5.794   8.227   99.96472  3.497951    1.586808  75.010882  20.1492938467770 -21.4699771   45.9182 /L    2.1485   0.1101279   78.913724   -38.67730         n.a.     n.a.
 2026-Jul-15 00:00 *m  04 08 07.00 +20 47 26.1  04 09 40.11 +20 51 39.9  6.422697  1.168280  307.424568 -27.284448    5.791   8.227   99.96203  3.503354  174.775829  75.102408  20.1182203694201 -21.6433038   48.1898 /L    2.2293   0.1088014   79.690694   -39.28524         n.a.     n.a.
 2026-Jul-17 12:00 C   04 08 33.77 +20 48 37.7  04 10 07.01 +20 52 50.9  6.068404  1.181375   79.821287  46.302246    5.787   8.227   99.95934  3.508989  347.965120  75.191128  20.0859151725360 -23.0171029   50.4737 /L    2.3072   0.1030388   78.983657   -42.61736         n.a.     n.a.
 2026-Jul-20 00:00 *m  04 08 59.54 +20 49 46.2  04 10 32.83 +20 53 58.8  6.003281  1.081172  310.580734 -30.710614    5.784   8.227   99.95671  3.514812  161.151896  75.276384  20.0526354261710 -23.1590348   52.7532 /L    2.3809   0.1016644   79.790649   -43.22399         n.a.     n.a.
 2026-Jul-22 12:00 C   04 09 24.45 +20 50 52.4  04 10 57.86 +20 55 04.1  5.620310  1.088270   80.481041  50.686518    5.780   8.227   99.95413  3.520854  334.337789  75.358605  20.0182269607981 -24.4077277   55.0451 /L    2.4514   0.0954117   79.041336   -46.59376         n.a.     n.a.
 2026-Jul-25 00:00 *m  04 09 48.32 +20 51 55.4  04 11 21.80 +20 56 06.6  5.553660  0.990781  314.090126 -33.979987    5.776   8.227   99.95163  3.527067  147.519939  75.437214  19.9829642891996 -24.5220957   57.3331 /L    2.5175   0.0940224   79.884768   -47.19700         n.a.     n.a.
 2026-Jul-27 12:00 C   04 10 11.25 +20 52 55.9  04 11 44.88 +20 57 06.4  5.144695  0.991770   81.059221  55.092772    5.772   8.226   99.94921  3.533483  320.700078  75.512595  19.9466750776439 -25.6433275   59.6341 /L    2.5801   0.0873236   79.088637   -50.61293         n.a.     n.a.
 2026-Jul-30 00:00 *   04 10 33.09 +20 53 53.0  04 12 06.79 +20 58 03.3  5.076489  0.897400  317.999114 -37.060089    5.768   8.226   99.94690  3.540055  133.875272  75.584236  19.9096492032930 -25.7351967   61.9320 /L    2.6381   0.0859200   79.975071   -51.21960         n.a.     n.a.
 2026-Aug-01 12:00 Cm  04 10 53.93 +20 54 47.7  04 12 27.75 +20 58 57.5  4.643099  0.891750   81.532279  59.520520    5.763   8.226   99.94471  3.546815  307.047312  75.652467  19.8716981367242 -26.7262499   64.2437 /L    2.6924   0.0787993   79.128207   -54.69388         n.a.     n.a.
 2026-Aug-04 00:00 *   04 11 13.62 +20 55 38.9  04 12 47.48 +20 59 48.3  4.572411  0.800966  322.353000 -39.912185    5.759   8.226   99.94267  3.553713  120.213208  75.716841  19.8331263129047 -26.7990507   66.5533 /L    2.7419   0.0773672   80.064096   -55.31306         n.a.     n.a.
 2026-Aug-06 12:00 Cm  04 11 32.25 +20 56 27.5  04 13 06.25 +21 00 36.3  4.114888  0.788211   81.858184  63.968986    5.755   8.226   99.94076  3.560786  293.374779  75.777616  19.7937333545415 -27.6538971   68.8775 /L    2.7874   0.0698283   79.156290   -58.86182         n.a.     n.a.
 2026-Aug-09 00:00 *   04 11 49.68 +20 57 12.5  04 13 23.75 +21 01 20.9  4.039611  0.701024  327.190824 -42.490666    5.750   8.226   99.93903  3.567977  106.528962  75.834404  19.7538411763920 -27.7042846   71.2003 /L    2.8279   0.0683331   80.155085   -59.50414         n.a.     n.a.
 2026-Aug-11 12:00 Cm  04 12 05.98 +20 57 54.8  04 13 40.21 +21 02 03.0  3.559126  0.680746   81.955926  68.436991    5.746   8.226   99.93747  3.575324  279.677573  75.887396  19.7132453307694 -28.4090389   73.5383 /L    2.8642   0.0603941   79.171944   -63.13461         n.a.     n.a.
 2026-Aug-14 00:00 *m  04 12 21.03 +20 58 33.4  04 13 55.31 +21 02 41.5  3.479220  0.598181  332.537211 -44.743519    5.741   8.226   99.93612  3.582768   92.817554  75.936279  19.6722896450283 -28.4252635   75.8750 /L    2.8952   0.0588378   80.244535   -63.79312         n.a.     n.a.
 2026-Aug-16 12:00 C   04 12 34.88 +20 59 09.3  04 14 09.28 +21 03 17.0  2.979904  0.570871   81.656128  72.922210    5.736   8.225   99.93495  3.590346  265.950758  75.981192  19.6307690959237 -28.9646926   78.2266 /L    2.9219   0.0505682   79.155033   -67.49685         n.a.     n.a.
 2026-Aug-19 00:00 *m  04 12 47.45 +20 59 41.3  04 14 21.89 +21 03 48.8  2.898019  0.493671  338.390480 -46.614322    5.732   8.225   99.93401  3.597994   79.074212  76.021919  19.5890406011347 -28.9437323   80.5770 /L    2.9431   0.0489961   80.332589   -68.15732         n.a.     n.a.
 2026-Aug-21 12:00 C   04 12 58.78 +21 00 10.7  04 14 33.36 +21 04 17.9  2.384923  0.459543   80.541389  77.418520    5.727   8.225   99.93328  3.605753  252.189828  76.058555  19.5468894962063 -29.3169167   82.9422 /L    2.9597   0.0404799   79.093523   -71.93124         n.a.     n.a.
 2026-Aug-24 00:00 *m  04 13 08.81 +21 00 36.1  04 14 43.45 +21 04 43.3  2.302131  0.388189  344.710732 -48.045207    5.722   8.225   99.93278  3.613556   65.294741  76.090971  19.5046773801643 -29.2643420   85.3065 /L    2.9709   0.0389105   80.428732   -72.59465         n.a.     n.a.
 2026-Aug-26 12:00 C   04 13 17.56 +21 00 58.8  04 14 52.34 +21 05 06.0  1.778428  0.346898   77.258559  81.906433    5.717   8.225   99.93250  3.621447  238.390867  76.119198  19.4621807001381 -29.4730371   87.6861 /L    2.9773   0.0301991   78.962538   -76.44733         n.a.     n.a.
 2026-Aug-29 00:00 *   04 13 24.99 +21 01 17.6  04 14 59.80 +21 05 24.8  1.694782  0.281659  351.410471 -48.983056    5.713   8.225   99.93247  3.629356   51.475460  76.143190  19.4197640409325 -29.3935216   90.0653 /L    2.9782   0.0286338   80.564158   -77.11931         n.a.     n.a.
 2026-Aug-31 12:00 Nm  04 13 31.12 +21 01 33.6  04 15 06.04 +21 05 40.7  1.162667  0.233153   64.056925  86.272607    5.708   8.225   99.93266  3.637329  224.550424  76.162908  19.3771981059732 -29.4384310   92.4605 /L    2.9743   0.0197636   78.660719   -81.06341         n.a.     n.a.
 2026-Sep-03 00:00 *   04 13 35.91 +21 01 45.6  04 15 10.87 +21 05 52.7  1.076456  0.174040  358.353975 -49.386481    5.703   8.225   99.93310  3.645296   37.613119  76.178372  19.3348508975881 -29.3324824   94.8561 /L    2.9647   0.0181739   80.815972   -81.76043         n.a.     n.a.
 2026-Sep-05 12:00 Nm  04 13 39.37 +21 01 54.9  04 15 14.48 +21 06 02.0  0.537657  0.117807  322.908433  87.987551    5.698   8.225   99.93377  3.653299  210.665374  76.189470  19.2924941505782 -29.2084571   97.2683 /L    2.9503   0.0091735   77.641113   -85.81097         n.a.     n.a.
 2026-Sep-08 00:00 *   04 13 41.49 +21 02 00.1  04 15 16.65 +21 06 07.5  0.448209  0.065221    5.370049 -49.231917    5.693   8.225   99.93467  3.661268   23.704701  76.196298  19.2505034842561 -29.0675833   99.6813 /L    2.9301   0.0075488   81.720741   -86.54175         n.a.     n.a.
 2026-Sep-10 12:00 Nm  04 13 42.24 +21 02 02.5  04 15 17.52 +21 06 10.2  -0.09342  0.001950  286.436528  83.954103    5.689   8.225   99.93581  3.669243  196.732880  76.198679  19.2086593668501 -28.7628416  102.1111 /L    2.9050   0.0015573   271.19613   -89.27976         n.a.     n.a.
 2026-Sep-13 00:00 *m  04 13 41.65 +21 02 00.8  04 15 16.95 +21 06 08.7  -0.18393  -0.04342   12.276220 -48.518111    5.684   8.225   99.93717  3.677153    9.747642  76.196807  19.1673429499046 -28.5783036  104.5414 /L    2.8741   0.0031497   256.71800   -88.53725         n.a.     n.a.
 2026-Sep-15 12:00 N   04 13 39.70 +21 01 56.4  04 15 15.11 +21 06 04.5  -0.72169  -0.11303  280.615306  79.418998    5.679   8.225   99.93874  3.685036  182.750762  76.190464  19.1263382828638 -28.0910064  106.9881 /L    2.8383   0.0121748   261.09900   -84.27799         n.a.     n.a.
 2026-Sep-18 00:00 *m  04 13 36.43 +21 01 48.0  04 15 11.89 +21 05 56.3  -0.81042  -0.15053   18.906704 -47.265694    5.674   8.225   99.94052  3.692821  355.740247  76.179946  19.0860198767922 -27.8666707  109.4348 /L    2.7968   0.0137380   259.47727   -83.51125         n.a.     n.a.
 2026-Sep-20 12:00 N   04 13 31.81 +21 01 36.9  04 15 07.39 +21 05 45.6  -1.33929  -0.22630  278.799945  74.808449    5.670   8.225   99.94250  3.700547  168.717827  76.164983  19.0461708240733 -27.2047388  111.8978 /L    2.7504   0.0226379   260.40937   -79.15480         n.a.     n.a.
 2026-Sep-23 00:00 *m  04 13 25.91 +21 01 21.9  04 15 01.52 +21 05 31.0  -1.42515  -0.25593   25.134970 -45.512924    5.665   8.225   99.94465  3.708143  341.681756  76.145957  19.0071545510627 -26.9472080  114.3607 /L    2.6986   0.0241325   259.81922   -78.37337         n.a.     n.a.
 2026-Sep-25 12:00 N   04 13 18.67 +21 01 04.2  04 14 54.38 +21 05 13.9  -1.94115  -0.33746  278.229770  70.163158    5.661   8.225   99.94697  3.715649  154.633698  76.122543  18.9687558561502 -26.1188145  116.8400 /L    2.6418   0.0328377   260.13795   -73.91926         n.a.     n.a.
 2026-Sep-28 00:00 *   04 13 10.21 +21 00 42.6  04 14 45.92 +21 04 52.6  -2.02466  -0.35907   30.883613 -43.309698    5.657   8.225   99.94943  3.722996  327.572151  76.095197  18.9313260571113 -25.8324302  119.3194 /L    2.5798   0.0342709   259.94331   -73.11234         n.a.     n.a.
 2026-Sep-30 12:00 Nm  04 13 00.43 +21 00 18.5  04 14 36.25 +21 04 28.9  -2.52533  -0.44650  278.211900  65.494539    5.652   8.225   99.95204  3.730221  140.498640  76.063527  18.8946558165359 -24.8433796  121.8157 /L    2.5130   0.0427417   259.97316   -68.54846         n.a.     n.a.
 2026-Oct-03 00:00 *   04 12 49.47 +20 59 50.5  04 14 25.33 +21 04 01.4  -2.60744  -0.46032   36.121366 -40.710442    5.648   8.224   99.95475  3.737257  313.411885  76.028061  18.8590866507734 -24.5256551  124.3125 /L    2.4411   0.0441294   259.98803   -67.69790         n.a.     n.a.
 2026-Oct-05 12:00 Nm  04 12 37.23 +20 59 20.0  04 14 13.21 +21 03 31.7  -3.08943  -0.55281  278.494831  60.807917    5.644   8.224   99.95756  3.744138  126.313280  75.988348  18.8244244439858 -23.3728376  126.8264 /L    2.3645   0.0523084   259.85518   -63.01330         n.a.     n.a.
 2026-Oct-08 00:00 *   04 12 23.87 +20 58 45.9  04 13 59.86 +21 02 58.2  -3.16880  -0.55835   40.852944 -37.768751    5.640   8.224   99.96043  3.750797  299.201806  75.944998  18.7910039759384 -23.0144056  129.3408 /L    2.2832   0.0536269   260.00690   -62.10960         n.a.     n.a.
 2026-Oct-10 12:00 N   04 12 09.27 +20 58 09.3  04 13 45.34 +21 02 22.3  -3.62565  -0.65476  278.966298  56.106852    5.636   8.224   99.96337  3.757267  112.078759  75.897530  18.7586463274163 -21.6978560  131.8719 /L    2.1972   0.0614050   259.76327   -57.31253         n.a.     n.a.
 2026-Oct-13 00:00 *m  04 11 53.63 +20 57 29.2  04 13 29.71 +21 01 42.7  -3.69849  -0.65133   45.106650 -34.534561    5.633   8.224   99.96633  3.763482  284.943436  75.846653  18.7276694937975 -21.2993197  134.4026 /L    2.1068   0.0625901   260.01221   -56.36814         n.a.     n.a.
 2026-Oct-15 12:00 N   04 11 36.84 +20 56 46.9  04 13 13.01 +21 01 01.1  -4.12394  -0.75063  279.570342  51.394708    5.629   8.225   99.96930  3.769473   97.797042  75.791857  18.6979026838218 -19.8317818  136.9494 /L    2.0121   0.0698617   259.68403   -51.47504         n.a.     n.a.
 2026-Oct-18 00:00 *m  04 11 19.09 +20 56 01.3  04 12 55.29 +21 00 16.2  -4.18808  -0.73834   48.923133 -31.052039    5.626   8.225   99.97225  3.775180  270.639147  75.733939  18.6696385088341 -19.4021410  139.4949 /L    1.9134   0.0708777   260.00170   -50.49914         n.a.     n.a.
 2026-Oct-20 12:00 N   04 11 00.27 +20 55 13.5  04 12 36.55 +20 59 29.5  -4.57751  -0.83984  280.277377  46.674854    5.623   8.225   99.97516  3.780632   83.470824  75.672354  18.6427136844571 -17.8006055  142.0559 /L    1.8106   0.0775652   259.60351   -45.52399         n.a.     n.a.
 2026-Oct-23 00:00 *m  04 10 40.61 +20 54 22.8  04 12 16.89 +20 58 39.5  -4.63250  -0.81851   52.348211 -27.359499    5.620   8.225   99.97800  3.785774  256.291903  75.607965  18.6173942170281 -17.3477125  144.6150 /L    1.7043   0.0784043   259.97989   -44.51652         n.a.     n.a.
 2026-Oct-25 12:00 Nm  04 10 19.97 +20 53 30.1  04 11 56.30 +20 57 47.7  -4.98331  -0.92163  281.071017  41.950827    5.617   8.225   99.98076  3.790633   69.103276  75.540187  18.5935275341902 -15.6278685  147.1895 /L    1.5943   0.0844636   259.52196   -39.46504         n.a.     n.a.
 2026-Oct-28 00:00 *   04 09 58.60 +20 52 34.7  04 11 34.94 +20 56 52.8  -5.02999  -0.89193   55.427802 -23.489685    5.614   8.225   99.98341  3.795160  241.904977  75.469937  18.5713526679188 -15.1568071  149.7618 /L    1.4811   0.0851409   259.94466   -38.41768         n.a.     n.a.
 2026-Oct-30 12:00 Nm  04 09 36.35 +20 51 37.5  04 11 12.77 +20 55 56.7  -5.34040  -0.99584  281.943048  37.226440    5.612   8.225   99.98593  3.799378   54.697696  75.396589  18.5507338260423 -13.3284096  152.3496 /L    1.3647   0.0905409   259.43718   -33.28782         n.a.     n.a.
 2026-Nov-02 00:00 *   04 09 13.47 +20 50 37.9  04 10 49.92 +20 54 57.9  -5.37910  -0.95775   58.204794 -19.469981    5.610   8.225   99.98828  3.803241  227.481667  75.321109  18.5318897655850 -12.8334281  154.9353 /L    1.2455   0.0910617   259.90429   -32.17882         n.a.     n.a.
 2026-Nov-04 12:00 Nm  04 08 49.82 +20 49 36.7  04 10 26.31 +20 53 57.8  -5.64510  -1.06111  282.890379  32.505657    5.608   8.225   99.99048  3.806771   40.257397  75.242853  18.5147081506433 -10.9001227  157.5363 /L    1.1234   0.0957326   259.35429   -26.96904         n.a.     n.a.
 2026-Nov-07 00:00 *   04 08 25.68 +20 48 33.4  04 10 02.16 +20 52 55.2  -5.67247  -1.01413   60.718234 -15.323584    5.606   8.225   99.99248  3.809924  213.025369  75.162858  18.4993826544559 -10.3793305  160.1344 /L    0.9992   0.0960402   259.86365   -25.79848         n.a.     n.a.
 2026-Nov-09 12:00 N   04 08 00.88 +20 47 28.7  04 09 37.40 +20 51 51.6  -5.88864  -1.11531  283.913031  27.792996    5.604   8.225   99.99428  3.812720   25.785959  75.080481  18.4858168779294  -8.3567130  162.7469 /L    0.8725   0.0998888   259.27521   -20.53056         n.a.     n.a.
 2026-Nov-12 00:00 *m  04 07 35.73 +20 46 22.5  04 09 12.26 +20 50 46.0  -5.90221  -1.05956   63.002289 -11.070243    5.603   8.225   99.99584  3.815124  198.539873  74.996817  18.4741695127245  -7.8194897  165.3552 /L    0.7442   0.0999427   259.82276   -19.31331         n.a.     n.a.
 2026-Nov-14 12:00 N   04 07 10.07 +20 45 15.1  04 08 46.65 +20 49 39.9  -6.06496  -1.15772  285.014110  23.093653    5.602   8.225   99.99718  3.817152   11.287318  74.911222  18.4643555820606  -5.7313321  167.9770 /L    0.6141   0.1029078   259.19298   -14.01628         n.a.     n.a.
 2026-Nov-17 00:00 *m  04 06 44.21 +20 44 06.6  04 08 20.79 +20 48 32.2  -6.06408  -1.09332   65.086547  -6.726724    5.601   8.225   99.99827  3.818777  184.029207  74.824829  18.4564958902455  -5.1892793  170.5932 /L    0.4829   0.1026976   259.77964   -12.76699         n.a.     n.a.
 2026-Nov-19 12:00 N   04 06 17.97 +20 42 57.3  04 07 54.57 +20 47 24.2  -6.17243  -1.18748  286.198726  18.413300    5.600   8.225   99.99910  3.820014  356.765558  74.736974  18.4505192056822  -3.0581492  173.2218 /L    0.3504   0.1047603   259.11024   -7.462668         n.a.     n.a.
 2026-Nov-22 00:00 *m  04 05 51.69 +20 41 47.2  04 07 28.27 +20 46 14.7  -6.15822  -1.11536   66.996748  -2.307531    5.600   8.225   99.99966  3.820845  169.497429  74.648812  18.4465093239124  -2.5204071  175.8434 /L    0.2175   0.1043068   259.73407   -6.190468         n.a.     n.a.
 2026-Nov-24 12:00 Am  04 05 25.17 +20 40 36.7  04 07 01.77 +20 45 05.3  -6.21258  -1.20490  287.473931  13.758194    5.599   8.225   99.99995  3.821279  342.224630  74.559663  18.4444110182381  -0.3663415  178.4736 /L    0.0840   0.1054725   259.02400   -0.898301        4.224    1.947
 2026-Nov-27 00:00 *   04 04 58.75 +20 39 25.8  04 06 35.38 +20 43 55.2  -6.18713  -1.12568   68.754817   2.174890    5.599   8.225   99.99998  3.821307  154.948348  74.470680  18.4442753249861   0.1648841  178.8813 /T    0.0504   0.1048117   259.68848   0.3985239         n.a.     n.a.
 2026-Nov-29 12:00 Am  04 04 32.23 +20 38 14.8  04 06 08.88 +20 42 45.5  -6.18836  -1.20971  288.849207   9.135204    5.599   8.225   99.99973  3.820935  327.668174  74.381172  18.4460721658676   2.3329059  176.2486 /T    0.1839   0.1050915   258.93923   5.6798186        1.552    5.298
 2026-Dec-02 00:00 *   04 04 05.95 +20 37 03.9  04 05 42.59 +20 41 35.4  -6.15080  -1.12353   70.379500   6.709934    5.600   8.225   99.99921  3.820158  140.385439  74.292303  18.4498254254182   2.8629282  173.6171 /T    0.3168   0.1042096   259.64824   7.0170228         n.a.     n.a.
 2026-Dec-04 12:00 Am  04 03 39.71 +20 35 53.2  04 05 16.33 +20 40 25.8  -6.09635  -1.20042  290.335879   4.551841    5.600   8.225   99.99842  3.818978  313.099602  74.203407  18.4555273929295   5.0319009  170.9736 /T    0.4496   0.1035568   258.86052   12.282242        0.315   26.088
 2026-Dec-07 00:00 *   04 03 13.85 +20 34 43.1  04 04 50.47 +20 39 16.3  -6.04468  -1.10739   71.886899  11.288053    5.601   8.225   99.99738  3.817398  125.812161  74.115661  18.4631650289201   5.5539059  168.3380 /T    0.5810   0.1024213   259.61853   13.651207         n.a.     n.a.
 2026-Dec-09 12:00 A   04 02 48.19 +20 33 33.6  04 04 24.81 +20 38 07.9  -5.93347  -1.17654  291.947821   0.016877    5.602   8.225   99.99608  3.815418  298.522428  74.028419  18.4727444080618   7.6990867  165.6921 /T    0.7116   0.1008165   258.78439   18.875734         n.a.     n.a.
 2026-Dec-12 00:00 *m  04 02 23.07 +20 32 25.2  04 03 59.70 +20 37 00.2  -5.86739  -1.07734   73.290284  15.900819    5.604   8.225   99.99455  3.813051  111.232046  73.942850  18.4842113260898   8.2003439  163.0557 /T    0.8401   0.0994247   259.59550   20.256121         n.a.     n.a.
 2026-Dec-14 12:00 A   04 01 58.30 +20 31 17.8  04 03 34.91 +20 35 53.9  -5.70095  -1.13797  293.701678  -4.459760    5.605   8.225   99.99280  3.810294  283.940183  73.858319  18.4975855282421  10.2968394  160.4103 /T    0.9673   0.0968902   258.71148   25.416909         n.a.     n.a.
 2026-Dec-17 00:00 *m  04 01 34.20 +20 30 11.9  04 03 10.79 +20 34 48.7  -5.62249  -1.03375   74.601015  20.540704    5.607   8.225   99.99083  3.807168   96.648587  73.775958  18.5127741573359  10.7672343  157.7758 /T    1.0918   0.0952789   259.58193   26.789271         n.a.     n.a.
 2026-Dec-19 12:00 A   04 01 10.59 +20 29 07.3  04 02 47.13 +20 33 45.1  -5.40408  -1.08581  295.616904  -8.866882    5.609   8.224   99.98867  3.803668  269.356254  73.695139  18.5298123428565  12.7934583  155.1332 /T    1.2144   0.0918681   258.63916   31.866774         n.a.     n.a.
 2026-Dec-22 00:00 *m  04 00 47.78 +20 28 04.8  04 02 24.33 +20 32 43.0  -5.31601  -0.97773   75.828648  25.200960    5.611   8.224   99.98635  3.799821   82.065021  73.616945  18.5485719244191  13.2267692  152.5025 /T    1.3338   0.0900862   259.57857   33.214820         n.a.     n.a.
 2026-Dec-24 12:00 Am  04 00 25.59 +20 27 03.9  04 02 02.13 +20 31 43.1  -5.05045  -1.02109  297.716651 -13.191599    5.614   8.224   99.98386  3.795618  254.773718  73.540748  18.5691081587784  15.1688889  149.8644 /T    1.4508   0.0858773   258.57007   38.197166         n.a.     n.a.
 2026-Dec-27 00:00 *   04 00 04.31 +20 26 05.3  04 01 40.86 +20 30 45.3  -4.95529  -0.91022   76.980710  29.875783    5.616   8.224   99.98125  3.791094   67.484237  73.467572  18.5912665664782  15.5696302  147.2384 /T    1.5642   0.0839699   259.59157   39.522473         n.a.     n.a.
 2026-Dec-29 12:00 Am  03 59 43.76 +20 25 08.8  04 01 20.26 +20 29 49.7  -4.64472  -0.94416  300.028172 -17.419169    5.619   8.224   99.97852  3.786235  240.195287  73.396817  18.6151285498961  17.4225109  144.6050 /T    1.6748   0.0789952   258.50973   44.423435         n.a.     n.a.
$$EOE
**********************************************************************************************************************************************************************************************************************************************************************************************
Column meaning:
 
TIME

  Times PRIOR to 1962 are UT1, a mean-solar time closely related to the
prior but now-deprecated GMT. Times AFTER 1962 are in UTC, the current
civil or "wall-clock" time-scale. UTC is kept within 0.9 seconds of UT1
using integer leap-seconds for 1972 and later years.

  Conversion from the internal Barycentric Dynamical Time (TDB) of solar
system dynamics to the non-uniform civil UT time-scale requested for output
has not been determined for UTC times after the next July or January 1st.
Therefore, the last known leap-second is used as a constant over future
intervals.

  Time tags refer to the UT time-scale conversion from TDB on Earth
regardless of observer location within the solar system, although clock
rates may differ due to the local gravity field and no analog to "UT"
may be defined for that location.

  Any 'b' symbol in the 1st-column denotes a B.C. date. First-column blank
(" ") denotes an A.D. date.
 
CALENDAR SYSTEM

  Mixed calendar mode was active such that calendar dates after AD 1582-Oct-15
(if any) are in the modern Gregorian system. Dates prior to 1582-Oct-5 (if any)
are in the Julian calendar system, which is automatically extended for dates
prior to its adoption on 45-Jan-1 BC.  The Julian calendar is useful for
matching historical dates. The Gregorian calendar more accurately corresponds
to the Earth's orbital motion and seasons. A "Gregorian-only" calendar mode is
available if such physical events are the primary interest.

  NOTE: "n.a." in output means quantity "not available" at the print-time.
 
SOLAR PRESENCE (OBSERVING SITE)
  Time tag is followed by a blank, then a solar-presence symbol:

       '*'  Daylight (refracted solar upper-limb on or above apparent horizon)
       'C'  Civil twilight/dawn
       'N'  Nautical twilight/dawn
       'A'  Astronomical twilight/dawn
       ' '  Night OR geocentric ephemeris

LUNAR PRESENCE (OBSERVING SITE)
  The solar-presence symbol is immediately followed by a lunar-presence symbol:

       'm'  Refracted upper-limb of Moon on or above apparent horizon
       ' '  Refracted upper-limb of Moon below apparent horizon OR geocentric
            ephemeris
 
 'R.A._____(ICRF)_____DEC' =
  Astrometric right ascension and declination of the target center with
respect to the observing site (coordinate origin) in the reference frame of
the planetary ephemeris (ICRF). Compensated for down-leg light-time delay
aberration.

  Units: RA  in hours-minutes-seconds of time,    HH MM SS.ff{ffff}
         DEC in degrees-minutes-seconds of arc,  sDD MN SC.f{ffff}
 
 'R.A.__(a-apparent)__DEC' =
  Airless apparent right ascension and declination of the target center
with respect to an instantaneous reference frame defined by the Earth equator
of-date (z-axis) and meridian containing the Earth equinox of-date (x-axis,
EOP-corrected IAU76/80). Compensated for down-leg light-time delay,
gravitational deflection of light, stellar aberration, precession & nutation.
Note: equinox (RA origin) is offset -53 mas from the of-date frame defined
by the IAU06/00a P & N system.

  Units: RA  in hours-minutes-seconds of time,   HH MM SS.ff{ffff}
         DEC in degrees-minutes-seconds of arc, sDD MN SC.f{ffff}
 
 'dRA*cosD d(DEC)/dt' =
  The angular rate of change in apparent RA and DEC of the target. This is
with respect to the non-inertial IAU76/80 Earth true equator and equinox
of-date reference frame.  d(RA)/dt is multiplied by the cosine of declination
to provide a linear rate in the plane-of-sky. Units: ARCSECONDS PER HOUR
 
 'Azi____(a-app)___Elev' =
  Airless apparent azimuth and elevation of target center. Compensated
for light-time, the gravitational deflection of light, stellar aberration,
precession and nutation. Azimuth is measured clockwise from north:

  North(0) -> East(90) -> South(180) -> West(270) -> North (360)

Elevation angle is with respect to a plane perpendicular to the reference
surface local zenith direction. TOPOCENTRIC ONLY.  Units: DEGREES
 
 'APmag   S-brt' =
  The targets' approximate apparent visual magnitude and surface brightness.
For planets and natural satellites, output is restricted to solar phase angles
covered by observational data. Outside the observed phase angle range, "n.a."
may be output to avoid extrapolation beyond the limit of model validity.

   For Earth-based observers, the estimated dimming due to atmospheric
absorption (extinction) is available as a separate, requestable quantity.

   Surface brightness is the average airless visual magnitude of a
square-arcsecond of the illuminated portion of the apparent disk. It is
computed only if the target radius is known.

   Units: MAGNITUDES & MAGNITUDES PER SQUARE ARCSECOND
 
 'Illu%' =
   Fraction of the target objects' assumed circular disk illuminated by Sun
(phase), as seen by the observer.  Units: PERCENT
 
 'Ang-diam' =
   The equatorial angular width of the target body full disk, if it were fully
illuminated and visible to the observer. If the target body diameter is unknown
"n.a." is output.

   Units: ARCSECONDS
 
 'ObsSub-LON ObsSub-LAT' =
   Apparent planetodetic longitude and latitude of the center of the target
disc seen by the OBSERVER at print-time. This is NOT exactly the same as the
"nearest" sub-point for a non-spherical target shape (since the center of the
disc might not be the point closest to the observer), but is generally very
close if not a very irregular body shape. Down-leg light travel-time from
target to observer is taken into account. Latitude is the angle between the
equatorial plane and the line perpendicular to the reference ellipsoid of the
body, so includes body oblateness. The reference ellipsoid is an oblate
spheroid with a single flatness coefficient in which the y-axis body radius
is taken to be the same value as the x-axis radius. For Jupiter, Saturn, and
Uranus, IAU2015 longitude is based on the "System III" prime meridian rotation
angle of the magnetic field. By contrast, pole direction (thus latitude) is
relative to the body dynamical equator.  There can be an offset between the
magnetic pole and the dynamical pole of rotation. For Neptune, rotation is
IAU2015 "System II" rotation of optically observed features in the Neptunian
atmosphere. Positive longitude is to the EAST for this target. Cartographic
system is specified in the header. Units: DEGREES DEGREES
 
 'delta      deldot' =
   Apparent range ("delta", light-time aberrated) and range-rate ("delta-dot")
of the target center relative to the observer. A positive "deldot" means the
target center is moving away from the observer, negative indicates movement
toward the observer.  Units: AU and KM/S
 
 'S-O-T /r' =
   Sun-Observer-Target apparent SOLAR ELONGATION ANGLE seen from the observers'
location at print-time.

   The '/r' column provides a code indicating the targets' apparent position
relative to the Sun in the observers' sky, as described below:

   Case A: For an observing location on the surface of a rotating body, that
body rotational sense is considered:

    /T indicates target TRAILS Sun   (evening sky: rises and sets AFTER Sun)
    /L indicates target LEADS Sun    (morning sky: rises and sets BEFORE Sun)

   Case B: For an observing point that does not have a rotational model (such
as a spacecraft), the "leading" and "trailing" condition is defined by the
observers' heliocentric ORBITAL motion:

    * If continuing in the observers' current direction of heliocentric
       motion would encounter the targets' apparent longitude first, followed
       by the Sun's, the target LEADS the Sun as seen by the observer.

    * If the Sun's apparent longitude would be encountered first, followed
       by the targets', the target TRAILS the Sun.

   Two other codes can be output:
    /* indicates observer is Sun-centered    (undefined)
    /? Target is aligned with Sun center     (no lead or trail)

   The S-O-T solar elongation angle is numerically the minimum separation
angle of the Sun and target in the sky in any direction. It does NOT indicate
the amount of separation in the leading or trailing directions, which would
be defined along the equator of a spherical coordinate system.

   Units: DEGREES
 
 'S-T-O' =
   The Sun-Target-Observer angle; the interior vertex angle at target center
formed by a vector from the target to the apparent center of the Sun (at
reflection time on the target) and the apparent vector from target to the
observer at print-time. Slightly different from true PHASE ANGLE (requestable
separately) at the few arcsecond level in that it includes stellar aberration
on the down-leg from target to observer.  Units: DEGREES
 
 'Sky_motion  Sky_mot_PA  RelVel-ANG' =
  Total apparent angular rate of the target in the plane-of-sky. "Sky_mot_PA"
is the position angle of the target's direction of motion in the plane-of-sky,
measured counter-clockwise from the apparent of-date north pole direction.
"RelVel-ANG" is the flight path angle of the target's relative motion with
respect to the observer's line-of-sight, in the range [-90,+90], where positive
values indicate motion away from the observer, negative values are toward the
observer:

  -90 = target is moving directly toward the observer
    0 = target is moving at right angles to the observer's line-of-sight
  +90 = target is moving directly away from the observer

UNITS:  ARCSECONDS/MINUTE, DEGREES, DEGREES
 
 'Lun_Sky_Brt  sky_SNR' =
  Sky brightness due to moonlight scattered by Earth's atmosphere at the
target's position in the sky. "sky_SNR" is the visual signal-to-noise ratio
(SNR) of the target's surface brightness relative to background sky. Output
only for topocentric Earth observers when both the Moon and target are above
the local horizon and the Sun is in astronomical twilight (or further) below
the horizon, and the target is not the Moon or Sun. If all conditions are
not met, "n.a." is output. Galactic brightness, local sky light-pollution
and weather are NOT considered. Lunar opposition surge is considered. The
value returned is accurate under ideal conditions at the approximately 8-23%
level, so is a useful but not definitive value.

  If the target-body radius is also known, "sky_SNR" is output. This is the
approximate visual signal-to-noise ratio of the target's brightness divided
by lunar sky brightness. When sky_SNR < 1, the target is dimmer than the
ideal moonlight-scattering background sky, so unlikely to be detectable at
visual wavelengths. In practice, visibility requires sky_SNR > 1 and a
detector sensitive enough to reach the target's magnitude, even if it isn't
washed out by moonlight. When relating magnitudes and brightness values,
keep in mind their logarithmic relationship m2-m1 = -2.5*log_10(b2/b1).

  UNITS: VISUAL MAGNITUDES / ARCSECOND^2, and unitless ratio

Computations by ...

    Solar System Dynamics Group, Horizons On-Line Ephemeris System
    4800 Oak Grove Drive, Jet Propulsion Laboratory
    Pasadena, CA  91109   USA

    General site: https://ssd.jpl.nasa.gov/
    Mailing list: https://ssd.jpl.nasa.gov/email_list.html
    System news : https://ssd.jpl.nasa.gov/horizons/news.html
    User Guide  : https://ssd.jpl.nasa.gov/horizons/manual.html
    Connect     : browser        https://ssd.jpl.nasa.gov/horizons/app.html#/x
                  API            https://ssd-api.jpl.nasa.gov/doc/horizons.html
                  command-line   telnet ssd.jpl.nasa.gov 6775
                  e-mail/batch   https://ssd.jpl.nasa.gov/ftp/ssd/horizons_batch.txt
                  scripts        https://ssd.jpl.nasa.gov/ftp/ssd/SCRIPTS
    Author      : Jon.D.Giorgini@jpl.nasa.gov

**********************************************************************************************************************************************************************************************************************************************************************************************
