*******************************************************************************
 Revised: September 25, 2025           Uranus                               799
 
 PHYSICAL DATA:
  Mass x10^24 (kg)      = 86.813          Density (g/cm^3)       =  1.271
  Equat. radius (1 bar) = 25559+-4 km     Polar radius (km)      = 24973+-20
  Vol. Mean Radius (km) = 25362+-12       Flattening             =  0.02293
  Geometric Albedo      = 0.51
  Sid. rot. period (III)= 17.24+-0.01 h   Sid. rot. rate (rad/s) = -0.000101237
  Mean solar day, h     =~17.24           Rocky core mass (Mc/M) =  0.0012        
  GM (km^3/s^2)         = 5793950.6103    GM 1-sigma (km^3/s^2)  = +-4.3 
  Equ. grav, ge (m/s^2) =  8.87           Pol. grav, gp (m/s^2)  =   9.19+-0.02
  Visual magnitude V(1,0)= -7.11
  Vis. mag. (opposition)=  +5.52          Obliquity to orbit     = 97.77 deg
  Sidereal orbit period = 84.0120465 y    Sidereal orbit period  = 30685.4 d
  Mean daily motion     = 0.01176904 dg/d Mean orbit velocity    =  6.8 km/s
  Atmos. temp. (1 bar)  =  76+-2 K        Escape speed, km/s     =  21.3           
  Aroche(ice)/Rp        =  2.20           Hill's sphere rad., Rp = 2700
                                 Perihelion   Aphelion    Mean
  Solar Constant (W/m^2)         4.09         3.39        3.71
  Maximum Planetary IR (W/m^2)   0.72         0.55        0.63
  Minimum Planetary IR (W/m^2)   0.72         0.55        0.63
*******************************************************************************


*******************************************************************************
Ephemeris / WWW_USER Mon Apr  6 16:49:36 2026 Pasadena, USA      / Horizons    
*******************************************************************************
Target body name: Uranus (799)                    {source: ura184_merged}
Center body name: Earth (399)                     {source: DE441}
Center-site name: (user defined site below)
*******************************************************************************
Start time      : A.D. 2026-Jan-01 00:00:00.0000 UT      
Stop  time      : A.D. 2026-Dec-31 00:00:00.0000 UT      
Step-size       : 3600 minutes
*******************************************************************************
Target pole/equ : IAU_URANUS                      {East-longitude positive}
Target radii    : 25559.0, 25559.0, 24973.0 km    {Equator_a, b, pole_c}       
Center geodetic : 259.5, 20.5, 1.8                {E-lon(deg),Lat(deg),Alt(km)}
Center cylindric: 259.5, 5978.36359, 2220.25937   {E-lon(deg),Dxy(km),Dz(km)}
Center pole/equ : ITRF93                          {East-longitude positive}
Center radii    : 6378.137, 6378.137, 6356.752 km {Equator_a, b, pole_c}       
Target primary  : Sun
Vis. interferer : MOON (R_eq= 1737.400) km        {source: DE441}
Rel. light bend : Sun                             {source: DE441}
Rel. lght bnd GM: 1.3271E+11 km^3/s^2                                          
Atmos refraction: NO (AIRLESS)
RA format       : HMS
Time format     : CAL 
Calendar mode   : Mixed Julian/Gregorian
EOP file        : eop.260406.p260703                                           
EOP coverage    : DATA-BASED 1962-JAN-20 TO 2026-APR-06. PREDICTS-> 2026-JUL-02
Units conversion: 1 au= 149597870.700 km, c= 299792.458 km/s, 1 day= 86400.0 s 
Table cut-offs 1: Elevation (-90.0deg=NO ),Airmass (>38.000=NO), Daylight (NO )
Table cut-offs 2: Solar elongation (  0.0,180.0=NO ),Local Hour Angle( 0.0=NO )
Table cut-offs 3: RA/DEC angular rate (     0.0=NO )                           
**********************************************************************************************************************************************************************************************************************************************************************************************
 Date__(UT)__HR:MN     R.A._____(ICRF)_____DEC  R.A.__(a-apparent)__DEC  dRA*cosD d(DEC)/dt  Azi____(a-app)___Elev    APmag   S-brt      Illu%  Ang-diam  ObsSub-LON ObsSub-LAT             delta      deldot     S-O-T /r     S-T-O  Sky_motion  Sky_mot_PA  RelVel-ANG  Lun_Sky_Brt  sky_SNR
**********************************************************************************************************************************************************************************************************************************************************************************************
$$SOE
 2026-Jan-01 00:00 *m  03 41 25.54 +19 25 28.6  03 42 56.94 +19 30 34.6  -4.08949  -0.84998   80.780511  38.030705    5.646   8.236   99.97084  3.757944    3.751297  69.516109  18.7552654448124  19.6520573  137.3828 /T    1.9525   0.0696147   258.25858   51.230651         n.a.     n.a.
 2026-Jan-03 12:00  m  03 41 08.95 +19 24 36.7  03 42 40.33 +19 29 43.4  -3.70667  -0.85650  304.156810 -24.456488    5.649   8.236   99.96794  3.752021  176.501901  69.455687  18.7848727487683  21.2804424  134.7644 /T    2.0479   0.0634057   256.98901   55.918108         n.a.     n.a.
 2026-Jan-06 00:00 *   03 40 53.54 +19 23 48.6  03 42 24.93 +19 28 55.7  -3.59134  -0.73765   81.985347  42.713284    5.652   8.236   99.96505  3.745865  349.253849  69.399495  18.8157470853594  21.5544216  132.1599 /T    2.1385   0.0611052   258.39312   57.185688         n.a.     n.a.
 2026-Jan-08 12:00  m  03 40 39.14 +19 23 03.7  03 42 10.46 +19 28 11.5  -3.17421  -0.73465  307.275721 -28.315070    5.656   8.236   99.96217  3.739452  162.006034  69.346979  18.8480147361300  23.0542844  129.5501 /T    2.2252   0.0543019   256.96878   61.779695         n.a.     n.a.
 2026-Jan-11 00:00 *   03 40 25.99 +19 22 23.0  03 41 57.29 +19 27 30.9  -3.05509  -0.61549   83.173887  47.393543    5.660   8.235   99.95936  3.732837  334.760153  69.298966  18.8814159234040  23.2878804  126.9545 /T    2.3066   0.0519412   258.60950   63.020635         n.a.     n.a.
 2026-Jan-13 12:00  m  03 40 13.94 +19 21 45.9  03 41 45.18 +19 26 54.1  -2.60573  -0.60287  310.745393 -31.993355    5.664   8.235   99.95661  3.725995  147.515030  69.254955  18.9160894176261  24.6444654  124.3540 /T    2.3839   0.0445760   256.97315   67.530402         n.a.     n.a.
 2026-Jan-16 00:00 *   03 40 03.21 +19 21 13.2  03 41 34.45 +19 26 21.5  -2.48323  -0.48430   84.360243  52.067954    5.668   8.235   99.95397  3.718984  320.272458  69.215697  18.9517472452689  24.8299838  121.7683 /T    2.4556   0.0421668   258.96424   68.741626         n.a.     n.a.
 2026-Jan-18 12:00     03 39 53.65 +19 20 44.2  03 41 24.84 +19 25 53.0  -2.00605  -0.46251  314.613316 -35.458355    5.672   8.235   99.95143  3.711778  133.031198  69.180729  18.9885384289747  26.0277445  119.1787 /T    2.5228   0.0343113   257.01697   73.164964         n.a.     n.a.
 2026-Jan-21 00:00 *m  03 39 45.45 +19 20 19.9  03 41 16.64 +19 25 29.0  -1.88195  -0.34612   85.562875  56.733371    5.676   8.235   99.94904  3.704441  305.793101  69.150713  19.0261495430180  26.1580942  116.6047 /T    2.5843   0.0318919   259.57875   74.336437         n.a.     n.a.
 2026-Jan-23 12:00     03 39 38.50 +19 19 59.6  03 41 09.60 +19 25 08.9  -1.38226  -0.31609  318.926688 -38.671434    5.681   8.235   99.94680  3.696943  118.556864  69.125223  19.0647386186198  27.1830654  114.0279 /T    2.6410   0.0236323   257.11926   78.670759         n.a.     n.a.
 2026-Jan-26 00:00 *m  03 39 32.94 +19 19 44.1  03 41 04.02 +19 24 53.3  -1.25978  -0.20311   86.809287  61.386888    5.685   8.235   99.94474  3.689350  291.324389  69.104813  19.1039714093919  27.2548767  111.4676 /T    2.6918   0.0212675   260.84127   79.785070         n.a.     n.a.
 2026-Jan-28 12:00     03 39 28.65 +19 19 32.6  03 40 59.68 +19 24 41.9  -0.74461  -0.16597  323.727326 -41.587919    5.690   8.235   99.94285  3.681633  104.094291  69.089083  19.1440196023841  28.1021454  108.9052 /T    2.7378   0.0127147   257.43421   84.022842         n.a.     n.a.
 2026-Jan-31 00:00 *m  03 39 25.78 +19 19 26.1  03 40 56.83 +19 24 35.4  -0.62699  -0.05797   88.143778  66.025964    5.694   8.235   99.94118  3.673857  276.868478  69.078478  19.1845378711564  28.1222677  106.3597 /T    2.7778   0.0104944   264.71738   85.054044         n.a.     n.a.
 2026-Feb-02 12:00  m  03 39 24.21 +19 19 23.6  03 40 55.20 +19 24 33.0  -0.10118  -0.01417  329.043847 -44.157364    5.699   8.235   99.93970  3.665988   89.645501  69.072642  19.2257167138991  28.7969571  103.8123 /T    2.8128   0.0017028   262.02727   89.212695         n.a.     n.a.
 2026-Feb-05 00:00 *   03 39 24.04 +19 19 26.1  03 40 55.02 +19 24 35.4  0.011543  0.088501   89.648889  70.648159    5.703   8.235   99.93846  3.658094  262.427297  69.071932  19.2672052168926  28.7758404  101.2815 /T    2.8418   0.0014875   7.4309331   89.310233         n.a.     n.a.
 2026-Feb-07 12:00  m  03 39 25.20 +19 19 32.6  03 40 56.09 +19 24 41.8  0.545875  0.138961  334.879580 -46.325614    5.708   8.235   99.93743  3.650137   75.212390  69.076064  19.3092063570079  29.2782014   98.7486 /T    2.8658   0.0093881   75.717768   85.719850         n.a.     n.a.
 2026-Feb-10 00:00 *   03 39 27.76 +19 19 44.3  03 40 58.65 +19 24 53.2  0.654860  0.235894   91.504870  75.250236    5.713   8.235   99.93665  3.642186  248.002761  69.085315  19.3513566291009  29.2140744   96.2321 /T    2.8839   0.0116008   70.189952   84.693163         n.a.     n.a.
 2026-Feb-12 12:00 Am  03 39 31.66 +19 19 59.9  03 41 02.49 +19 25 08.6  1.194303  0.292662  341.200012 -48.037735    5.717   8.235   99.93609  3.634204   60.796931  69.099462  19.3938631667393  29.5366910   93.7139 /T    2.8968   0.0204940   76.231088   80.761256         n.a.     n.a.
 2026-Feb-15 00:00 *   03 39 36.96 +19 20 20.7  03 41 07.81 +19 25 29.2  1.298658  0.382769   94.205268  79.826356    5.722   8.235   99.93579  3.626259  233.596890  69.118681  19.4363512420033  29.4255398   91.2122 /T    2.9038   0.0225649   73.577565   79.786835         n.a.     n.a.
 2026-Feb-17 12:00 A   03 39 43.59 +19 20 45.4  03 41 14.37 +19 25 53.7  1.838865  0.444669  347.922196 -49.243898    5.727   8.234   99.93572  3.618314   46.401146  69.142808  19.4790305879549  29.5621187   88.7093 /T    2.9057   0.0315311   76.405865   75.902164         n.a.     n.a.
 2026-Feb-20 00:00 *m  03 39 51.60 +19 21 15.1  03 41 22.37 +19 26 23.1  1.936995  0.527118   99.810622  84.356589    5.731   8.234   99.93590  3.610439  219.211685  69.171916  19.5215180296046  29.4008207   86.2234 /T    2.9017   0.0334573   74.776648   74.968910         n.a.     n.a.
 2026-Feb-22 12:00 A   03 40 00.94 +19 21 48.7  03 41 31.62 +19 26 56.1  2.472060  0.593149  354.912394 -49.906596    5.736   8.234   99.93632  3.602594   32.027007  69.205881  19.5640269917428  29.3499597   83.7370 /T    2.8927   0.0423704   76.507452   71.150074         n.a.     n.a.
 2026-Feb-25 00:00 *m  03 40 11.60 +19 22 27.2  03 41 42.31 +19 27 34.1  2.560933  0.666614  136.259472  88.564122    5.741   8.234   99.93697  3.594850  204.849048  69.244662  19.6061742813897  29.1434547   81.2682 /T    2.8780   0.0441045   75.409622   70.268994         n.a.     n.a.
 2026-Feb-27 12:00 A   03 40 23.57 +19 23 09.3  03 41 54.24 +19 28 15.8  3.085662  0.735822    1.997736 -50.006704    5.745   8.234   99.93784  3.587164   17.676283  69.288181  19.6481827386650  28.9149220   78.7992 /T    2.8585   0.0528697   76.587453   66.526131         n.a.     n.a.
 2026-Mar-02 00:00 *m  03 40 36.81 +19 23 56.1  03 42 07.50 +19 29 02.3  3.164582  0.800056  254.650352  86.314014    5.750   8.234   99.93893  3.579604  190.510603  69.336305  19.6896782052790  28.6765655   76.3475 /T    2.8334   0.0544025   75.812012   65.699559         n.a.     n.a.
 2026-Mar-04 12:00 Am  03 40 51.32 +19 24 46.4  03 42 21.92 +19 29 52.0  3.676748  0.872373    8.990322 -49.547782    5.754   8.234   99.94022  3.572127    3.350492  69.389023  19.7308924729171  28.2828814   73.8954 /T    2.8035   0.0629804   76.652385   62.026814         n.a.     n.a.
 2026-Mar-07 00:00 *   03 41 07.05 +19 25 41.2  03 42 37.66 +19 30 46.1  3.747776  0.927482  264.495442  81.885133    5.759   8.234   99.94171  3.564798  176.197809  69.446131  19.7714574305694  28.0187262   71.4600 /T    2.7684   0.0643473   76.099979   61.238561         n.a.     n.a.
 2026-Mar-09 12:00 Am  03 41 24.00 +19 26 39.3  03 42 54.55 +19 31 43.5  4.246123  1.002954   15.716733 -48.555777    5.763   8.234   99.94339  3.557574  349.051097  69.507695  19.8116033454244  27.4622121   69.0238 /T    2.7288   0.0727161   76.710058   57.620267         n.a.     n.a.
 2026-Mar-12 00:00 *   03 41 42.13 +19 27 41.8  03 43 12.71 +19 32 45.3  4.309918  1.048785  267.967153  77.419436    5.767   8.234   99.94523  3.550520  161.912171  69.573429  19.8509646572819  27.1701955   66.6038 /T    2.6840   0.0739282   76.323344   56.858782         n.a.     n.a.
 2026-Mar-14 12:00 Am  03 42 01.44 +19 28 47.3  03 43 31.98 +19 33 50.2  4.791625  1.126403   22.042568 -47.074166    5.771   8.234   99.94724  3.543594  334.779618  69.643459  19.8897662109483  26.4506845   64.1828 /T    2.6349   0.0820374   76.771239   53.287893         n.a.     n.a.
 2026-Mar-17 00:00 *   03 42 21.86 +19 29 56.9  03 43 52.43 +19 34 59.2  4.848038  1.162516  270.069862  72.963228    5.775   8.234   99.94938  3.536857  147.655185  69.717418  19.9276468682147  26.1281940   61.7779 /T    2.5809   0.0830912   76.515593   52.545558         n.a.     n.a.
 2026-Mar-19 12:00 N   03 42 43.43 +19 31 09.4  03 44 13.92 +19 36 10.8  5.309469  1.241655   27.884051 -45.157639    5.779   8.233   99.95166  3.530271  320.537519  69.795484  19.9648252518587  25.2474997   59.3722 /T    2.5227   0.0908787   76.837544   49.018660         n.a.     n.a.
 2026-Mar-22 00:00 *m  03 43 06.03 +19 32 25.7  03 44 36.54 +19 37 26.2  5.356541  1.267392  271.662946  68.524509    5.783   8.233   99.95403  3.523895  133.428269  69.877193  20.0009492931565  24.8953819   56.9828 /T    2.4600   0.0917406   76.688261   48.299964         n.a.     n.a.
 2026-Mar-24 12:00 N   03 43 29.71 +19 33 44.6  03 45 00.19 +19 38 44.1  5.793048  1.346926   33.206013 -42.864747    5.787   8.233   99.95651  3.517689  306.326112  69.962764  20.0362346584434  23.8631888   54.5929 /T    2.3933   0.0991262   76.910870   44.825173         n.a.     n.a.
 2026-Mar-27 00:00 *m  03 43 54.34 +19 35 06.9  03 45 24.88 +19 40 05.8  5.829420  1.362073  273.016618  64.105740    5.790   8.233   99.95905  3.511710  119.232573  70.051647  20.0703487579647  23.4929323   52.2195 /T    2.3225   0.0997739   76.848504   44.141953         n.a.     n.a.
 2026-Mar-29 12:00 N   03 44 19.98 +19 36 31.6  03 45 50.49 +19 41 29.6  6.238643  1.441877   38.011387 -40.252050    5.794   8.233   99.96165  3.505918  292.146381  70.144116  20.1035096231856  22.3286357   49.8456 /T    2.2479   0.1067183   76.986291   40.726285         n.a.     n.a.
 2026-Apr-01 00:00 *m  03 44 46.48 +19 37 59.4  03 46 17.01 +19 42 56.5  6.266171  1.446871  274.243658  59.707795    5.797   8.233   99.96428  3.500364  105.068946  70.239563  20.1354060294064  21.9513529   47.4875 /T    2.1696   0.1071841   76.998164   40.076328         n.a.     n.a.
 2026-Apr-03 12:00 Nm  03 45 13.93 +19 39 29.2  03 46 44.42 +19 44 25.2  6.648381  1.527208   42.328405 -37.371333    5.801   8.233   99.96693  3.495010  277.999100  70.338335  20.1662498274769  20.6662512   45.1284 /T    2.0879   0.1136922   77.062949   36.708844         n.a.     n.a.
 2026-Apr-06 00:00 *   03 45 42.16 +19 41 01.8  03 47 12.69 +19 45 56.9  6.669106  1.522801  275.400533  55.331213    5.804   8.233   99.96958  3.489906   90.938157  70.439773  20.1957453663286  20.2826850   42.7842 /T    2.0026   0.1140125   77.137784   36.079135         n.a.     n.a.
 2026-Apr-08 12:00 Nm  03 46 11.28 +19 42 36.3  03 47 41.80 +19 47 30.2  7.023311  1.603148   46.198663 -34.267524    5.807   8.233   99.97222  3.485014  263.885053  70.544279  20.2240915991458  18.8812080   40.4384 /T    1.9142   0.1200659   77.141901   32.748815         n.a.     n.a.
 2026-Apr-11 00:00 *   03 46 41.09 +19 44 13.2  03 48 11.68 +19 49 06.3  7.037975  1.589231  276.520102  50.976400    5.809   8.233   99.97482  3.480382   76.840972  70.651141  20.2510072672525  18.4881109   38.1068 /T    1.8227   0.1202529   77.275561   32.128179         n.a.     n.a.
 2026-Apr-13 12:00 Nm  03 47 11.73 +19 45 51.7  03 48 42.29 +19 50 43.7  7.362466  1.669163   49.669219 -30.978637    5.812   8.232   99.97738  3.475976  249.804962  70.760806  20.2766766736341  16.9745653   35.7731 /T    1.7283   0.1258218   77.226258   28.825889         n.a.     n.a.
 2026-Apr-16 00:00 *   03 47 42.98 +19 47 32.4  03 49 13.57 +19 52 23.5  7.370384  1.645825  277.623013  46.643667    5.814   8.232   99.97985  3.471840   62.778063  70.872501  20.3008359948110  16.5702742   33.4533 /T    1.6311   0.1258651   77.412226   28.209508         n.a.     n.a.
 2026-Apr-18 12:00 C   03 48 14.97 +19 49 14.3  03 49 45.55 +19 54 04.0  7.662072  1.724438   52.787451 -27.536379    5.817   8.232   99.98226  3.467941  235.759417  70.986704  20.3236552348177  14.9521299   31.1312 /T    1.5313   0.1308955   77.316257   24.933151         n.a.     n.a.
 2026-Apr-21 00:00 *m  03 48 47.48 +19 50 58.0  03 50 18.14 +19 55 46.8  7.661570  1.691452  278.723852  42.333307    5.819   8.232   99.98455  3.464321   48.749879  71.102577  20.3448936999564  14.5408603   28.8231 /T    1.4292   0.1307677   77.550454   24.326202         n.a.     n.a.
 2026-Apr-23 12:00 C   03 49 20.65 +19 52 42.7  03 50 51.33 +19 57 30.3  7.917471  1.768357   55.597679 -23.966439    5.821   8.232   99.98674  3.460949  221.748678  71.220627  20.3647145283720  12.8375102   26.5129 /T    1.3247   0.1352091   77.409699   21.087109         n.a.     n.a.
 2026-Apr-26 00:00 *m  03 49 54.24 +19 54 28.8  03 51 24.98 +19 59 15.6  7.909024  1.726253  279.834240  38.045517    5.823   8.232   99.98879  3.457860   34.756474  71.339970  20.3829094405186  12.4330490   24.2166 /T    1.2183   0.1349204   77.687505   20.501928         n.a.     n.a.
 2026-Apr-28 12:00 C   03 50 28.41 +19 56 15.6  03 51 59.14 +20 01 01.0  8.129993  1.801660   58.140144 -20.289687    5.824   8.232   99.99071  3.455025  207.772624  71.461166  20.3996325521111  10.6631639   21.9177 /T    1.1099   0.1387872   77.504807   17.301042         n.a.     n.a.
 2026-May-01 00:00 *   03 51 02.90 +19 58 03.4  03 52 33.68 +20 02 47.8  8.116336  1.751715  280.963442  33.780654    5.826   8.232   99.99246  3.452475   20.797639  71.583315  20.4147013316815  10.2693059   19.6321 /T    1.0001   0.1383870   77.820902   16.731970         n.a.     n.a.
 2026-May-03 12:00 Cm  03 51 37.89 +19 59 51.7  03 53 08.69 +20 04 34.7  8.302965  1.825645   60.450232 -16.523151    5.827   8.231   99.99406  3.450185  193.831031  71.707018  20.4282523200231   8.4414585   17.3430 /T    0.8885   0.1416884   77.599212   13.559398         n.a.     n.a.
 2026-May-06 00:00 *   03 52 13.12 +20 01 40.8  03 53 44.01 +20 06 22.8  8.285412  1.768156  282.120215  29.539440    5.828   8.231   99.99548  3.448181    6.873127  71.831351  20.4401246520121   8.0548557   15.0663 /T    0.7757   0.1411997   77.953446   12.995687         n.a.     n.a.
 2026-May-08 12:00 Cm  03 52 48.77 +20 03 30.1  03 54 19.69 +20 08 10.9  8.437516  1.840188   62.558460 -12.680467    5.829   8.231   99.99672  3.446443  179.923593  71.956948  20.4504337190678   6.1741818   12.7852 /T    0.6616   0.1439309   77.696680   9.8391377         n.a.     n.a.
 2026-May-11 00:00 *   03 53 24.58 +20 05 19.8  03 54 55.57 +20 09 59.8  8.416108  1.775656  283.312866  25.322808    5.830   8.231   99.99777  3.444993  352.982570  72.082858  20.4590413739930   5.7913036   10.5158 /T    0.5466   0.1433564   78.086288   9.2721071         n.a.     n.a.
 2026-May-13 12:00 *m  03 54 00.72 +20 07 09.5  03 55 31.73 +20 11 48.1  8.532107  1.845222   64.491357  -8.772766    5.831   8.231   99.99862  3.443814  166.049859  72.209729  20.4660424506621   3.8649479    8.2414 /T    0.4306   0.1454893   77.796698   6.1235038         n.a.     n.a.
 2026-May-16 00:00 *m  03 54 36.94 +20 08 59.4  03 56 08.01 +20 13 36.8  8.505755  1.773657  284.549473  21.131924    5.831   8.231   99.99927  3.442926  339.125383  72.336583  20.4713237049074   3.4842872    5.9784 /T    0.3142   0.1448119   78.221222   5.5481008         n.a.     n.a.
 2026-May-18 12:00 *   03 55 13.40 +20 10 48.9  03 56 44.55 +20 15 25.0  8.583068  1.840191   66.271699  -4.809003    5.832   8.231   99.99972  3.442314  152.209064  72.464069  20.4749624749190   1.5252767    3.7109 /T    0.1970   0.1463020   77.899106   2.4064861         n.a.     n.a.
 2026-May-21 00:00 *m  03 55 49.83 +20 12 38.2  03 57 21.09 +20 17 13.5  8.550236  1.761923  285.838830  16.968289    5.832   8.231   99.99996  3.441992  325.300572  72.591181  20.4768796695243   1.1564001    1.4586 /T    0.0800   0.1454981   78.356206   1.8336119         n.a.     n.a.
 2026-May-23 12:00 *   03 56 26.41 +20 14 27.0  03 57 57.67 +20 19 00.8  8.588601  1.825218   67.919013  -0.795932    5.832   8.230   99.99999  3.441947  138.399950  72.718580  20.4771427216610  -0.8120186    0.8289 /L    0.0387   0.1463401   78.002205   -1.289988         n.a.     n.a.
 2026-May-26 00:00 *m  03 57 02.87 +20 16 15.2  03 58 34.21 +20 20 48.3  8.551675  1.741634  287.190232  12.833369    5.831   8.230   99.99980  3.442189  311.506663  72.845272  20.4757067465140  -1.1599274    3.0697 /L    0.1553   0.1454537   78.488575   -1.851033         n.a.     n.a.
 2026-May-28 12:00 *   03 57 39.40 +20 18 02.7  03 59 10.79 +20 22 34.3  8.553143  1.802135   69.449833   3.260326    5.831   8.230   99.99941  3.442708  124.620937  72.971943  20.4726208749262  -3.1247095    5.3260 /L    0.2725   0.1456822   78.101891   -4.959170         n.a.     n.a.
 2026-May-31 00:00 *   03 58 15.72 +20 19 49.4  03 59 47.19 +20 24 20.0  8.513842  1.713999  288.613747   8.729924    5.830   8.230   99.99881  3.443507  297.742031  73.097609  20.4678660468779  -3.4540058    7.5734 /L    0.3890   0.1447443   78.617417   -5.514636         n.a.     n.a.
 2026-Jun-02 12:00 *m  03 58 52.02 +20 21 35.2  04 00 23.58 +20 26 04.5  8.479461  1.771269   70.878544   7.355466    5.829   8.230   99.99801  3.444584  110.870338  73.222966  20.4614675881442  -5.4094354    9.8279 /L    0.5053   0.1443748   78.201180   -8.619493         n.a.     n.a.
 2026-Jun-05 00:00 *   03 59 28.03 +20 23 19.9  04 00 59.68 +20 27 48.4  8.438340  1.679213  290.120925   4.660953    5.828   8.230   99.99702  3.445938  284.004911  73.347041  20.4534306676852  -5.7251249   12.0736 /L    0.6205   0.1433966   78.745280   -9.178554         n.a.     n.a.
 2026-Jun-07 12:00 *m  04 00 03.95 +20 25 03.4  04 01 35.67 +20 29 30.8  8.367747  1.732913   72.217182  11.485713    5.827   8.229   99.99582  3.447568   97.146295  73.470522  20.4437572056521  -7.6648756   14.3271 /L    0.7352   0.1424217   78.299763   -12.29128         n.a.     n.a.
 2026-Jun-10 00:00 *   04 00 39.49 +20 26 45.7  04 02 11.28 +20 31 12.1  8.324088  1.637157  291.724484   0.630319    5.826   8.229   99.99445  3.449471  270.293310  73.592444  20.4324777626412  -7.9705873   16.5725 /L    0.8484   0.1413926   78.873256   -12.86214         n.a.     n.a.
 2026-Jun-12 12:00 *m  04 01 14.86 +20 28 26.6  04 02 46.72 +20 32 51.7  8.216077  1.686736   73.476333  15.648026    5.825   8.229   99.99289  3.451651   83.446636  73.713477  20.4195723636445  -9.8859029   18.8265 /L    0.9608   0.1397905   78.398541   -15.99256         n.a.     n.a.
 2026-Jun-15 00:00 *m  04 01 49.76 +20 30 06.0  04 03 21.73 +20 34 30.2  8.167865  1.587639  293.438960  -3.357208    5.823   8.229   99.99117  3.454099  256.604842  73.832655  20.4051009332388 -10.1794615   21.0728 /L    1.0713   0.1386789   79.000227   -16.57761         n.a.     n.a.
 2026-Jun-17 12:00 *   04 02 24.38 +20 31 43.8  04 03 56.47 +20 36 06.9  8.020888  1.632384   74.664822  19.840200    5.821   8.229   99.98929  3.456822   69.768702  73.950623  20.3890294025042 -12.0515377   23.3278 /L    1.1807   0.1364219   78.496461   -19.72412         n.a.     n.a.
 2026-Jun-20 00:00 *m  04 02 58.46 +20 33 19.7  04 04 30.62 +20 37 42.2  7.968303  1.530830  295.281305  -7.295834    5.819   8.229   99.98727  3.459804  242.936538  74.066439  20.3714544080216 -12.3208942   25.5751 /L    1.2878   0.1352336   79.125121   -20.30829         n.a.     n.a.
 2026-Jun-22 12:00 *   04 03 32.16 +20 34 54.0  04 05 04.41 +20 39 15.3  7.784807  1.571292   75.790413  24.060583    5.817   8.229   99.98511  3.463056   56.109284  74.180744  20.3523292927205 -14.1299082   27.8313 /L    1.3935   0.1323633   78.588688   -23.46109         n.a.     n.a.
 2026-Jun-25 00:00 *m  04 04 05.24 +20 36 26.2  04 05 37.55 +20 40 46.7  7.730071  1.468553  297.270612 -11.178408    5.815   8.228   99.98283  3.466556  229.285078  74.292644  20.3317791558293 -14.3727787   30.0802 /L    1.4966   0.1311389   79.243181   -24.03849         n.a.     n.a.
 2026-Jun-27 12:00 *   04 04 37.86 +20 37 56.6  04 06 10.29 +20 42 15.9  7.512483  1.504440   76.859612  28.307730    5.812   8.228   99.98044  3.470318   42.465010  74.402768  20.3097350936455 -16.1121868   32.3386 /L    1.5979   0.1276940   78.675818   -27.20515         n.a.     n.a.
 2026-Jun-30 00:00 *   04 05 09.78 +20 39 24.8  04 06 42.30 +20 43 43.3  7.456621  1.401128  299.429217 -14.995766    5.810   8.228   99.97797  3.474320  215.647036  74.510268  20.2863444612027 -16.3340819   34.5906 /L    1.6962   0.1264520   79.357992   -27.78230         n.a.     n.a.
 2026-Jul-02 12:00 *m  04 05 41.17 +20 40 51.0  04 07 13.82 +20 45 08.6  7.205916  1.432227   77.877555  32.580555    5.807   8.228   99.97541  3.478577   28.832384  74.615744  20.2615158358242 -17.9990427   36.8530 /L    1.7926   0.1224478   78.758560   -30.97437         n.a.     n.a.
 2026-Jul-05 00:00 *   04 06 11.79 +20 42 14.7  04 07 44.50 +20 46 31.7  7.148468  1.328675  301.782733 -18.736663    5.804   8.228   99.97280  3.483063  202.018819  74.718388  20.2354188336525 -18.2046832   39.1100 /L    1.8857   0.1211816   79.470675   -31.55997         n.a.     n.a.
 2026-Jul-07 12:00 Cm  04 06 41.81 +20 43 36.4  04 08 14.61 +20 47 52.4  6.864733  1.354419   78.848631  36.878159    5.801   8.228   99.97013  3.487799   15.207679  74.818761  20.2079409910006 -19.7892318   41.3784 /L    1.9766   0.1166179   78.838834   -34.79024         n.a.     n.a.
 2026-Jul-10 00:00 *   04 07 10.97 +20 44 55.3  04 08 43.85 +20 49 10.6  6.804107  1.251134  304.360344 -22.387372    5.798   8.227   99.96744  3.492754  188.396536  74.916090  20.1792754833866 -19.9800647   43.6422 /L    2.0638   0.1153030   79.580884   -35.39263         n.a.     n.a.
 2026-Jul-12 12:00 Cm  04 07 39.45 +20 46 12.2  04 09 12.47 +20 50 26.5  6.486274  1.270788   79.776071  41.199908    5.794   8.227   99.96472  3.497951    1.586798  75.010883  20.1492942634677 -21.4723066   45.9182 /L    2.1485   0.1101598   78.915047   -38.67224         n.a.     n.a.
 2026-Jul-15 00:00 *m  04 08 07.00 +20 47 26.1  04 09 40.11 +20 51 39.9  6.420813  1.168033  307.195622 -25.930923    5.791   8.227   99.96203  3.503354  174.775826  75.102408  20.1182194682241 -21.6406803   48.1898 /L    2.2293   0.1087698   79.689866   -39.29000         n.a.     n.a.
 2026-Jul-17 12:00 C   04 08 33.77 +20 48 37.7  04 10 07.01 +20 52 50.8  6.070261  1.181649   80.661636  45.545564    5.787   8.227   99.95934  3.508988  347.965110  75.191129  20.0859155688660 -23.0200171   50.4737 /L    2.3072   0.1030700   78.984448   -42.61232         n.a.     n.a.
 2026-Jul-20 00:00 *m  04 08 59.54 +20 49 46.2  04 10 32.83 +20 53 58.8  6.001454  1.080870  310.326095 -29.346747    5.784   8.227   99.95671  3.514812  161.151893  75.276383  20.0526345466558 -23.1558352   52.7532 /L    2.3809   0.1016335   79.790405   -43.22872         n.a.     n.a.
 2026-Jul-22 12:00 C   04 09 24.45 +20 50 52.4  04 10 57.86 +20 55 04.1  5.622104  1.088600   81.505950  49.914861    5.780   8.227   99.95413  3.520854  334.337780  75.358607  20.0182273324110 -24.4112084   55.0451 /L    2.4514   0.0954421   79.041509   -46.58873         n.a.     n.a.
 2026-Jul-25 00:00 *m  04 09 48.32 +20 51 55.3  04 11 21.80 +20 56 06.6  5.551904  0.990424  313.792709 -32.609449    5.776   8.227   99.95163  3.527067  147.519936  75.437213  19.9829634357366 -24.5183399   57.3332 /L    2.5175   0.0939926   79.885205   -47.20170         n.a.     n.a.
 2026-Jul-27 12:00 C   04 10 11.25 +20 52 55.9  04 11 44.88 +20 57 06.4  5.146412  0.992153   82.306757  54.307496    5.772   8.226   99.94921  3.533483  320.700069  75.512597  19.9466754203002 -25.6473528   59.6341 /L    2.5801   0.0873529   79.088076   -50.60791         n.a.     n.a.
 2026-Jul-30 00:00 *   04 10 33.09 +20 53 53.0  04 12 06.79 +20 58 03.3  5.074815  0.896990  317.638739 -35.688094    5.768   8.226   99.94690  3.540055  133.875268  75.584235  19.9096483801216 -25.7309087   61.9321 /L    2.6381   0.0858913   79.976318   -51.22427         n.a.     n.a.
 2026-Aug-01 12:00 Cm  04 10 53.93 +20 54 47.7  04 12 27.75 +20 58 57.5  4.644727  0.892185   83.058287  58.723231    5.763   8.226   99.94471  3.546815  307.047304  75.652469  19.8716984463310 -26.7307941   64.2437 /L    2.6924   0.0788273   79.126752   -54.68887         n.a.     n.a.
 2026-Aug-04 00:00 *   04 11 13.62 +20 55 38.9  04 12 47.48 +20 59 48.3  4.570831  0.800506  321.906493 -38.545941    5.759   8.226   99.94267  3.553714  120.213204  75.716840  19.8331255241067 -26.7942581   66.5533 /L    2.7419   0.0773400   80.066331   -55.31771         n.a.     n.a.
 2026-Aug-06 12:00 Cm  04 11 32.25 +20 56 27.5  04 13 06.25 +21 00 36.2  4.116416  0.788695   83.748719  63.161775    5.755   8.226   99.94076  3.560786  293.374771  75.777618  19.7937336271837 -27.6589307   68.8775 /L    2.7874   0.0698548   79.153715   -58.85680         n.a.     n.a.
 2026-Aug-09 00:00 *   04 11 49.68 +20 57 12.5  04 13 23.75 +21 01 20.9  4.038138  0.700515  326.632819 -41.139841    5.750   8.226   99.93903  3.567977  106.528957  75.834403  19.7538404258620 -27.6990188   71.2004 /L    2.8279   0.0683075   80.158570   -59.50878         n.a.     n.a.
 2026-Aug-11 12:00 Cm  04 12 05.98 +20 57 54.8  04 13 40.21 +21 02 03.0  3.560541  0.681277   84.353006  67.622917    5.746   8.226   99.93747  3.575324  279.677566  75.887399  19.7132455627327 -28.4145287   73.5383 /L    2.8642   0.0604189   79.167901   -63.12958         n.a.     n.a.
 2026-Aug-14 00:00 *m  04 12 21.03 +20 58 33.4  04 13 55.31 +21 02 41.5  3.477865  0.597627  331.842021 -43.420620    5.741   8.226   99.93612  3.582768   92.817549  75.936278  19.6722889364458 -28.4195593   75.8750 /L    2.8952   0.0588140   80.249671   -63.79775         n.a.     n.a.
 2026-Aug-16 12:00 C   04 12 34.88 +20 59 09.3  04 14 09.28 +21 03 17.0  2.981196  0.571446   84.818266  72.106391    5.736   8.225   99.93495  3.590346  265.950751  75.981194  19.6307692837253 -28.9706020   78.2266 /L    2.9219   0.0505912   79.148963   -67.49179         n.a.     n.a.
 2026-Aug-19 00:00 *m  04 12 47.45 +20 59 41.3  04 14 21.89 +21 03 48.8  2.896793  0.493075  337.535395 -45.334803    5.732   8.225   99.93401  3.597994   79.074207  76.021918  19.5890399379378 -28.9376280   80.5770 /L    2.9431   0.0489743   80.340029   -68.16196         n.a.     n.a.
 2026-Aug-21 12:00 N   04 12 58.78 +21 00 10.7  04 14 33.36 +21 04 17.8  2.386081  0.460158   85.015379  76.611234    5.727   8.225   99.93328  3.605753  252.189822  76.058558  19.5468896366248 -29.3232057   82.9422 /L    2.9597   0.0405008   79.084449   -71.92615         n.a.     n.a.
 2026-Aug-24 00:00 *m  04 13 08.81 +21 00 36.1  04 14 43.45 +21 04 43.3  2.301045  0.387555  343.680667 -46.827072    5.722   8.225   99.93278  3.613556   65.294734  76.090969  19.5046767655153 -29.2578792   85.3065 /L    2.9709   0.0388909   80.439649   -72.59928         n.a.     n.a.
 2026-Aug-26 12:00 N   04 13 17.56 +21 00 58.8  04 14 52.34 +21 05 06.0  1.779441  0.347549   84.542525  81.134964    5.717   8.225   99.93250  3.621446  238.390861  76.119201  19.4621807902389 -29.4796627   87.6861 /L    2.9773   0.0302177   78.948470   -76.44221         n.a.     n.a.
 2026-Aug-29 00:00 *   04 13 24.99 +21 01 17.6  04 14 59.80 +21 05 24.8  1.693845  0.280991  350.203066 -47.845748    5.713   8.225   99.93247  3.629357   51.475453  76.143189  19.4197634776916 -29.3867450   90.0653 /L    2.9782   0.0286166   80.581025   -77.12394         n.a.     n.a.
 2026-Aug-31 12:00 Nm  04 13 31.12 +21 01 33.6  04 15 06.04 +21 05 40.7  1.163526  0.233836   81.302616  85.666063    5.708   8.225   99.93266  3.637329  224.550418  76.162910  19.3771981431412 -29.4453469   92.4605 /L    2.9743   0.0197798   78.636544   -81.05824         n.a.     n.a.
 2026-Sep-03 00:00 *   04 13 35.91 +21 01 45.6  04 15 10.87 +21 05 52.7  1.075677  0.173342  356.983358 -48.349049    5.703   8.225   99.93310  3.645296   37.613112  76.178371  19.3348503882858 -29.3254395   94.8561 /L    2.9647   0.0181592   80.845652   -81.76505         n.a.     n.a.
 2026-Sep-05 12:00 Nm  04 13 39.37 +21 01 54.8  04 15 14.48 +21 06 02.0  0.538354  0.118517  334.966219  89.336893    5.698   8.225   99.93377  3.653299  210.665369  76.189472  19.2924941325431 -29.2156146   97.2683 /L    2.9503   0.0091874   77.584517   -85.80567         n.a.     n.a.
 2026-Sep-08 00:00 *   04 13 41.49 +21 02 00.1  04 15 16.65 +21 06 07.5  0.447595  0.064498    3.867197 -48.310788    5.693   8.225   99.93467  3.661268   23.704693  76.196297  19.2505030310655 -29.0603242   99.6814 /L    2.9301   0.0075370   81.800129   -86.54630         n.a.     n.a.
 2026-Sep-10 12:00 Nm  04 13 42.24 +21 02 02.5  04 15 17.53 +21 06 10.2  -0.09289  0.002683  277.969267  85.086809    5.689   8.225   99.93581  3.669243  196.732875  76.198681  19.2086592917081 -28.7701893  102.1111 /L    2.9050   0.0015488   271.65442   -89.28388         n.a.     n.a.
 2026-Sep-13 00:00 *m  04 13 41.65 +21 02 00.8  04 15 16.95 +21 06 08.7  -0.18437  -0.04416   10.684962 -47.725109    5.684   8.225   99.93717  3.677153    9.747633  76.196806  19.1673425546191 -28.5708806  104.5414 /L    2.8741   0.0031597   256.53036   -88.53222         n.a.     n.a.
 2026-Sep-15 12:00 N   04 13 39.70 +21 01 56.4  04 15 15.11 +21 06 04.5  -0.72134  -0.11228  275.421825  80.489987    5.679   8.225   99.93874  3.685036  182.750758  76.190467  19.1263381491081 -28.0984910  106.9881 /L    2.8383   0.0121670   261.15281   -84.28311         n.a.     n.a.
 2026-Sep-18 00:00 *m  04 13 36.43 +21 01 48.0  04 15 11.89 +21 05 56.3  -0.81068  -0.15129   17.276559 -46.606907    5.674   8.225   99.94052  3.692821  355.740238  76.179945  19.0860195407982 -27.8591382  109.4349 /L    2.7968   0.0137446   259.42896   -83.50642         n.a.     n.a.
 2026-Sep-20 12:00 N   04 13 31.81 +21 01 36.9  04 15 07.39 +21 05 45.6  -1.33912  -0.22554  275.098463  75.862713    5.670   8.225   99.94250  3.700547  168.717824  76.164985  19.0461706306138 -27.2123052  111.8978 /L    2.7504   0.0226330   260.43980   -79.16005         n.a.     n.a.
 2026-Sep-23 00:00 *m  04 13 25.91 +21 01 21.9  04 15 01.52 +21 05 31.0  -1.42523  -0.25670   23.513517 -44.988730    5.665   8.225   99.94465  3.708143  341.681746  76.145956  19.0071542753146 -26.9396218  114.3608 /L    2.6986   0.0241360   259.79001   -78.36851         n.a.     n.a.
 2026-Sep-25 12:00 N   04 13 18.67 +21 01 04.2  04 14 54.38 +21 05 13.9  -1.94116  -0.33669  275.371302  71.214938    5.661   8.225   99.94697  3.715649  154.633695  76.122545  18.9687556023355 -26.1264061  116.8400 /L    2.6418   0.0328357   260.15996   -73.92461         n.a.     n.a.
 2026-Sep-28 00:00 *   04 13 10.20 +21 00 42.6  04 14 45.92 +21 04 52.6  -2.02456  -0.35984   29.310890 -42.915739    5.657   8.225   99.94943  3.722996  327.572140  76.095196  18.9313258421155 -25.8248474  119.3195 /L    2.5798   0.0342715   259.92177   -73.10743         n.a.     n.a.
 2026-Sep-30 12:00 Nm  04 13 00.43 +21 00 18.5  04 14 36.25 +21 04 28.9  -2.52553  -0.44574  275.897845  66.550125    5.652   8.225   99.95204  3.730221  140.498637  76.063529  18.8946555021729 -24.8509390  121.8157 /L    2.5130   0.0427427   259.99076   -68.55392         n.a.     n.a.
 2026-Oct-03 00:00 *   04 12 49.47 +20 59 50.5  04 14 25.33 +21 04 01.4  -2.60715  -0.46109   34.627371 -40.439061    5.648   8.224   99.95475  3.737257  313.411874  76.028060  18.8590864965708 -24.5181334  124.3125 /L    2.4411   0.0441268   259.97067   -67.69291         n.a.     n.a.
 2026-Oct-05 12:00 Nm  04 12 37.23 +20 59 20.0  04 14 13.21 +21 03 31.7  -3.08982  -0.55205  276.564246  61.870678    5.644   8.224   99.95756  3.744138  126.313277  75.988350  18.8244240693478 -23.3803068  126.8264 /L    2.3645   0.0523125   259.87005   -63.01888         n.a.     n.a.
 2026-Oct-08 00:00 *   04 12 23.87 +20 58 45.9  04 13 59.86 +21 02 58.2  -3.16832  -0.55910   39.457743 -37.610439    5.640   8.224   99.96043  3.750797  299.201795  75.944997  18.7910038820939 -23.0070031  129.3408 /L    2.2832   0.0536212   259.99222   -62.10449         n.a.     n.a.
 2026-Oct-10 12:00 N   04 12 09.27 +20 58 09.3  04 13 45.34 +21 02 22.3  -3.62623  -0.65401  277.322702  57.178837    5.636   8.224   99.96337  3.757267  112.078757  75.897532  18.7586458932552 -21.7051771  131.8719 /L    2.1972   0.0614122   259.77625   -57.31827         n.a.     n.a.
 2026-Oct-13 00:00 *m  04 11 53.63 +20 57 29.2  04 13 29.71 +21 01 42.7  -3.69783  -0.65207   43.821983 -34.479119    5.633   8.224   99.96633  3.763482  284.943425  75.846652  18.7276694593931 -21.2920942  134.4026 /L    2.1068   0.0625813   259.99939   -56.36287         n.a.     n.a.
 2026-Oct-15 12:00 N   04 11 36.84 +20 56 46.9  04 13 13.01 +21 01 01.1  -4.12470  -0.74991  278.151347  52.477299    5.629   8.225   99.96930  3.769473   97.797041  75.791860  18.6979021913755 -19.8388972  136.9493 /L    2.0121   0.0698719   259.69564   -51.48097         n.a.     n.a.
 2026-Oct-18 00:00 *m  04 11 19.09 +20 56 01.3  04 12 55.29 +21 00 16.2  -4.18723  -0.73906   47.754534 -31.089378    5.626   8.225   99.97225  3.775180  270.639136  75.733937  18.6696385324590 -19.3951495  139.4949 /L    1.9134   0.0708659   259.99025   -50.49369         n.a.     n.a.
 2026-Oct-20 12:00 N   04 11 00.27 +20 55 13.5  04 12 36.55 +20 59 29.5  -4.57844  -0.83914  279.040290  47.769070    5.623   8.225   99.97516  3.780632   83.470822  75.672356  18.6427131354477 -17.8074588  142.0559 /L    1.8107   0.0775784   259.61406   -45.53014         n.a.     n.a.
 2026-Oct-23 00:00 *m  04 10 40.61 +20 54 22.8  04 12 16.89 +20 58 39.4  -4.63148  -0.81920   51.296996 -27.480128    5.620   8.225   99.97800  3.785774  256.291891  75.607964  18.6173942967826 -17.3410108  144.6151 /L    1.7043   0.0783895   259.96950   -44.51086         n.a.     n.a.
 2026-Oct-25 12:00 Nm  04 10 19.97 +20 53 30.1  04 11 56.30 +20 57 47.7  -4.98442  -0.92096  279.985278  43.057470    5.617   8.225   99.98076  3.790634   69.103274  75.540189  18.5935269308219 -15.6344048  147.1895 /L    1.5943   0.0844798   259.53166   -39.47143         n.a.     n.a.
 2026-Oct-28 00:00 *   04 09 58.60 +20 52 34.7  04 11 34.94 +20 56 52.8  -5.02880  -0.89258   54.492683 -23.684954    5.614   8.225   99.98341  3.795160  241.904966  75.469936  18.5713528014239 -15.1504490  149.7619 /L    1.4811   0.0851233   259.93514   -38.41176         n.a.     n.a.
 2026-Oct-30 12:00 Nm  04 09 36.35 +20 51 37.5  04 11 12.77 +20 55 56.7  -5.34167  -0.99521  280.985970  38.346188    5.612   8.225   99.98593  3.799378   54.697694  75.396591  18.5507331709885 -13.3345761  152.3496 /L    1.3647   0.0905598   259.44619   -33.29449         n.a.     n.a.
 2026-Nov-02 00:00 *   04 09 13.47 +20 50 37.9  04 10 49.92 +20 54 57.9  -5.37775  -0.95836   57.383077 -19.732162    5.610   8.225   99.98828  3.803241  227.481655  75.321108  18.5318899499928 -12.8274652  154.9353 /L    1.2455   0.0910413   259.89550   -32.17260         n.a.     n.a.
 2026-Nov-04 12:00 Nm  04 08 49.82 +20 49 36.6  04 10 26.31 +20 53 57.8  -5.64652  -1.06052  282.044586  33.639112    5.608   8.225   99.99048  3.806771   40.257396  75.242855  18.5147074470265 -10.9058693  157.5363 /L    1.1234   0.0957542   259.36268   -26.97603         n.a.     n.a.
 2026-Nov-07 00:00 *   04 08 25.68 +20 48 33.3  04 10 02.16 +20 52 55.2  -5.67097  -1.01470   60.006653 -15.645865    5.606   8.225   99.99248  3.809924  213.025358  75.162857  18.4993828864740 -10.3738115  160.1344 /L    0.9992   0.0960173   259.85549   -25.79192         n.a.     n.a.
 2026-Nov-09 12:00 N   04 08 00.88 +20 47 28.7  04 09 37.40 +20 51 51.6  -5.89021  -1.11477  283.164819  28.940713    5.604   8.225   99.99428  3.812720   25.785958  75.080483  18.4858161293033  -8.3619926  162.7469 /L    0.8725   0.0999129   259.28308   -20.53791         n.a.     n.a.
 2026-Nov-12 00:00 *m  04 07 35.73 +20 46 22.4  04 09 12.26 +20 50 46.0  -5.90057  -1.06007   62.397553 -11.446658    5.603   8.225   99.99584  3.815124  198.539861  74.996817  18.4741697886360  -7.8144597  165.3553 /L    0.7442   0.0999173   259.81515   -19.30635         n.a.     n.a.
 2026-Nov-14 12:00 A   04 07 10.07 +20 45 15.1  04 08 46.65 +20 49 39.9  -6.06666  -1.15724  284.352368  24.256160    5.602   8.225   99.99718  3.817152   11.287318  74.911224  18.4643547923789  -5.7361015  167.9770 /L    0.6141   0.1029342   259.20039   -14.02403         n.a.     n.a.
 2026-Nov-17 00:00 *m  04 06 44.21 +20 44 06.6  04 08 20.79 +20 48 32.2  -6.06232  -1.09378   64.585711  -7.152067    5.601   8.225   99.99827  3.818777  184.029196  74.824828  18.4564962059381  -5.1847797  170.5932 /L    0.4829   0.1026700   259.77252   -12.75960         n.a.     n.a.
 2026-Nov-19 12:00 A   04 06 17.97 +20 42 57.3  04 07 54.57 +20 47 24.2  -6.17425  -1.18705  285.614184  19.591104    5.600   8.225   99.99910  3.820014  356.765557  74.736976  18.4505183792652  -3.0623691  173.2218 /L    0.3504   0.1047887   259.11724   -7.470839         n.a.     n.a.
 2026-Nov-22 00:00 *m  04 05 51.69 +20 41 47.2  04 07 28.27 +20 46 14.7  -6.15634  -1.11576   66.597458  -2.777269    5.600   8.225   99.99966  3.820845  169.497418  74.648812  18.4465096749196  -2.5164748  175.8434 /L    0.2175   0.1042772   259.72739   -6.182628         n.a.     n.a.
 2026-Nov-24 12:00 Am  04 05 25.17 +20 40 36.7  04 07 01.78 +20 45 05.3  -6.21451  -1.20453  286.958613  14.951783    5.599   8.225   99.99995  3.821279  342.224629  74.559665  18.4444101597337  -0.3699773  178.4736 /L    0.0840   0.1055028   259.03061   -0.906900        4.244    1.938
 2026-Nov-27 00:00 *   04 04 58.75 +20 39 25.8  04 06 35.38 +20 43 55.2  -6.18516  -1.12602   68.455480   1.664705    5.599   8.225   99.99998  3.821307  154.948336  74.470680  18.4442757065273   0.1682167  178.8813 /T    0.0504   0.1047804   259.68223   0.4068193         n.a.     n.a.
 2026-Nov-29 12:00 Am  04 04 32.23 +20 38 14.8  04 06 08.89 +20 42 45.5  -6.19037  -1.20940  288.396005  10.345049    5.599   8.225   99.99973  3.820935  327.668173  74.381173  18.4460712802032   2.3298838  176.2486 /T    0.1839   0.1051234   258.94547   5.6707892        1.538    5.348
 2026-Dec-02 00:00 *   04 04 05.94 +20 37 03.9  04 05 42.58 +20 41 35.4  -6.14876  -1.12381   70.179430   6.162745    5.600   8.225   99.99921  3.820158  140.385428  74.292303  18.4498258324450   2.8656341  173.6171 /T    0.3168   0.1041768   259.64239   7.0257812         n.a.     n.a.
 2026-Dec-04 12:00 Am  04 03 39.71 +20 35 53.2  04 05 16.33 +20 40 25.8  -6.09843  -1.20018  289.938211   5.778374    5.600   8.225   99.99842  3.818978  313.099601  74.203408  18.4555264852664   5.0295172  170.9736 /T    0.4496   0.1035900   258.86641   12.272778        0.309   26.640
 2026-Dec-07 00:00 *   04 03 13.85 +20 34 43.1  04 04 50.47 +20 39 16.2  -6.04257  -1.10759   71.786445  10.706867    5.601   8.225   99.99738  3.817398  125.812150  74.115661  18.4631654561689   5.5559633  168.3380 /T    0.5810   0.1023874   259.61307   13.660431         n.a.     n.a.
 2026-Dec-09 12:00 A   04 02 48.19 +20 33 33.6  04 04 24.81 +20 38 07.9  -5.93560  -1.17636  291.599311   1.260482    5.602   8.225   99.99608  3.815418  298.522427  74.028420  18.4727434837433   7.6973602  165.6921 /T    0.7116   0.1008507   258.78994   18.865842         n.a.     n.a.
 2026-Dec-12 00:00 *m  04 02 23.07 +20 32 25.2  04 03 59.70 +20 37 00.2  -5.86524  -1.07748   73.290981  15.288276    5.604   8.225   99.99455  3.813051  111.232035  73.942851  18.4842117681278   8.2017366  163.0557 /T    0.8401   0.0993899   259.59044   20.265800         n.a.     n.a.
 2026-Dec-14 12:00 A   04 01 58.30 +20 31 17.8  04 03 34.91 +20 35 53.9  -5.70311  -1.13787  293.395864  -3.198784    5.605   8.225   99.99280  3.810295  283.940182  73.858319  18.4975845927388  10.2957836  160.4103 /T    0.9673   0.0969252   258.71669   25.406609         n.a.     n.a.
 2026-Dec-17 00:00 *m  04 01 34.20 +20 30 11.9  04 03 10.79 +20 34 48.7  -5.62032  -1.03383   74.705781  19.899129    5.607   8.225   99.99083  3.807168   96.648576  73.775959  18.5127746086198  10.7679519  157.7757 /T    1.0918   0.0952435   259.57728   26.799374         n.a.     n.a.
 2026-Dec-19 12:00 A   04 01 10.59 +20 29 07.3  04 02 47.13 +20 33 45.1  -5.40626  -1.08577  295.346931  -7.588366    5.609   8.224   99.98867  3.803668  269.356252  73.695140  18.5298114017130  12.7930807  155.1332 /T    1.2144   0.0919036   258.64400   31.856104         n.a.     n.a.
 2026-Dec-22 00:00 *m  04 00 47.78 +20 28 04.7  04 02 24.33 +20 32 43.0  -5.31383  -0.97773   76.042052  24.532404    5.611   8.224   99.98635  3.799821   82.065010  73.616946  18.5485723793523  13.2268069  152.5025 /T    1.3338   0.0900506   259.57435   33.225300         n.a.     n.a.
 2026-Dec-24 12:00 Am  04 00 25.59 +20 27 03.9  04 02 02.13 +20 31 43.1  -5.05262  -1.02113  297.474938 -11.895571    5.614   8.224   99.98386  3.795618  254.773716  73.540748  18.5691072175561  15.1691914  149.8644 /T    1.4508   0.0859129   258.57453   38.186178         n.a.     n.a.
 2026-Dec-27 00:00 *   04 00 04.31 +20 26 05.3  04 01 40.86 +20 30 45.3  -4.95313  -0.91016   77.309360  29.182072    5.616   8.224   99.98125  3.791094   67.484227  73.467573  18.5912670194609  15.5689889  147.2383 /T    1.5642   0.0839343   259.58784   39.533270         n.a.     n.a.
 2026-Dec-29 12:00 Am  03 59 43.76 +20 25 08.8  04 01 20.26 +20 29 49.7  -4.64687  -0.94426  299.806029 -16.105942    5.619   8.224   99.97852  3.786235  240.195286  73.396817  18.6151276141199  17.4234896  144.6051 /T    1.6748   0.0790307   258.51375   44.412186         n.a.     n.a.
$$EOE
**********************************************************************************************************************************************************************************************************************************************************************************************
Column meaning:
 
TIME

  Times PRIOR to 1962 are UT1, a mean-solar time closely related to the
prior but now-deprecated GMT. Times AFTER 1962 are in UTC, the current
civil or "wall-clock" time-scale. UTC is kept within 0.9 seconds of UT1
using integer leap-seconds for 1972 and later years.

  Conversion from the internal Barycentric Dynamical Time (TDB) of solar
system dynamics to the non-uniform civil UT time-scale requested for output
has not been determined for UTC times after the next July or January 1st.
Therefore, the last known leap-second is used as a constant over future
intervals.

  Time tags refer to the UT time-scale conversion from TDB on Earth
regardless of observer location within the solar system, although clock
rates may differ due to the local gravity field and no analog to "UT"
may be defined for that location.

  Any 'b' symbol in the 1st-column denotes a B.C. date. First-column blank
(" ") denotes an A.D. date.
 
CALENDAR SYSTEM

  Mixed calendar mode was active such that calendar dates after AD 1582-Oct-15
(if any) are in the modern Gregorian system. Dates prior to 1582-Oct-5 (if any)
are in the Julian calendar system, which is automatically extended for dates
prior to its adoption on 45-Jan-1 BC.  The Julian calendar is useful for
matching historical dates. The Gregorian calendar more accurately corresponds
to the Earth's orbital motion and seasons. A "Gregorian-only" calendar mode is
available if such physical events are the primary interest.

  NOTE: "n.a." in output means quantity "not available" at the print-time.
 
SOLAR PRESENCE (OBSERVING SITE)
  Time tag is followed by a blank, then a solar-presence symbol:

       '*'  Daylight (refracted solar upper-limb on or above apparent horizon)
       'C'  Civil twilight/dawn
       'N'  Nautical twilight/dawn
       'A'  Astronomical twilight/dawn
       ' '  Night OR geocentric ephemeris

LUNAR PRESENCE (OBSERVING SITE)
  The solar-presence symbol is immediately followed by a lunar-presence symbol:

       'm'  Refracted upper-limb of Moon on or above apparent horizon
       ' '  Refracted upper-limb of Moon below apparent horizon OR geocentric
            ephemeris
 
 'R.A._____(ICRF)_____DEC' =
  Astrometric right ascension and declination of the target center with
respect to the observing site (coordinate origin) in the reference frame of
the planetary ephemeris (ICRF). Compensated for down-leg light-time delay
aberration.

  Units: RA  in hours-minutes-seconds of time,    HH MM SS.ff{ffff}
         DEC in degrees-minutes-seconds of arc,  sDD MN SC.f{ffff}
 
 'R.A.__(a-apparent)__DEC' =
  Airless apparent right ascension and declination of the target center
with respect to an instantaneous reference frame defined by the Earth equator
of-date (z-axis) and meridian containing the Earth equinox of-date (x-axis,
EOP-corrected IAU76/80). Compensated for down-leg light-time delay,
gravitational deflection of light, stellar aberration, precession & nutation.
Note: equinox (RA origin) is offset -53 mas from the of-date frame defined
by the IAU06/00a P & N system.

  Units: RA  in hours-minutes-seconds of time,   HH MM SS.ff{ffff}
         DEC in degrees-minutes-seconds of arc, sDD MN SC.f{ffff}
 
 'dRA*cosD d(DEC)/dt' =
  The angular rate of change in apparent RA and DEC of the target. This is
with respect to the non-inertial IAU76/80 Earth true equator and equinox
of-date reference frame.  d(RA)/dt is multiplied by the cosine of declination
to provide a linear rate in the plane-of-sky. Units: ARCSECONDS PER HOUR
 
 'Azi____(a-app)___Elev' =
  Airless apparent azimuth and elevation of target center. Compensated
for light-time, the gravitational deflection of light, stellar aberration,
precession and nutation. Azimuth is measured clockwise from north:

  North(0) -> East(90) -> South(180) -> West(270) -> North (360)

Elevation angle is with respect to a plane perpendicular to the reference
surface local zenith direction. TOPOCENTRIC ONLY.  Units: DEGREES
 
 'APmag   S-brt' =
  The targets' approximate apparent visual magnitude and surface brightness.
For planets and natural satellites, output is restricted to solar phase angles
covered by observational data. Outside the observed phase angle range, "n.a."
may be output to avoid extrapolation beyond the limit of model validity.

   For Earth-based observers, the estimated dimming due to atmospheric
absorption (extinction) is available as a separate, requestable quantity.

   Surface brightness is the average airless visual magnitude of a
square-arcsecond of the illuminated portion of the apparent disk. It is
computed only if the target radius is known.

   Units: MAGNITUDES & MAGNITUDES PER SQUARE ARCSECOND
 
 'Illu%' =
   Fraction of the target objects' assumed circular disk illuminated by Sun
(phase), as seen by the observer.  Units: PERCENT
 
 'Ang-diam' =
   The equatorial angular width of the target body full disk, if it were fully
illuminated and visible to the observer. If the target body diameter is unknown
"n.a." is output.

   Units: ARCSECONDS
 
 'ObsSub-LON ObsSub-LAT' =
   Apparent planetodetic longitude and latitude of the center of the target
disc seen by the OBSERVER at print-time. This is NOT exactly the same as the
"nearest" sub-point for a non-spherical target shape (since the center of the
disc might not be the point closest to the observer), but is generally very
close if not a very irregular body shape. Down-leg light travel-time from
target to observer is taken into account. Latitude is the angle between the
equatorial plane and the line perpendicular to the reference ellipsoid of the
body, so includes body oblateness. The reference ellipsoid is an oblate
spheroid with a single flatness coefficient in which the y-axis body radius
is taken to be the same value as the x-axis radius. For Jupiter, Saturn, and
Uranus, IAU2015 longitude is based on the "System III" prime meridian rotation
angle of the magnetic field. By contrast, pole direction (thus latitude) is
relative to the body dynamical equator.  There can be an offset between the
magnetic pole and the dynamical pole of rotation. For Neptune, rotation is
IAU2015 "System II" rotation of optically observed features in the Neptunian
atmosphere. Positive longitude is to the EAST for this target. Cartographic
system is specified in the header. Units: DEGREES DEGREES
 
 'delta      deldot' =
   Apparent range ("delta", light-time aberrated) and range-rate ("delta-dot")
of the target center relative to the observer. A positive "deldot" means the
target center is moving away from the observer, negative indicates movement
toward the observer.  Units: AU and KM/S
 
 'S-O-T /r' =
   Sun-Observer-Target apparent SOLAR ELONGATION ANGLE seen from the observers'
location at print-time.

   The '/r' column provides a code indicating the targets' apparent position
relative to the Sun in the observers' sky, as described below:

   Case A: For an observing location on the surface of a rotating body, that
body rotational sense is considered:

    /T indicates target TRAILS Sun   (evening sky: rises and sets AFTER Sun)
    /L indicates target LEADS Sun    (morning sky: rises and sets BEFORE Sun)

   Case B: For an observing point that does not have a rotational model (such
as a spacecraft), the "leading" and "trailing" condition is defined by the
observers' heliocentric ORBITAL motion:

    * If continuing in the observers' current direction of heliocentric
       motion would encounter the targets' apparent longitude first, followed
       by the Sun's, the target LEADS the Sun as seen by the observer.

    * If the Sun's apparent longitude would be encountered first, followed
       by the targets', the target TRAILS the Sun.

   Two other codes can be output:
    /* indicates observer is Sun-centered    (undefined)
    /? Target is aligned with Sun center     (no lead or trail)

   The S-O-T solar elongation angle is numerically the minimum separation
angle of the Sun and target in the sky in any direction. It does NOT indicate
the amount of separation in the leading or trailing directions, which would
be defined along the equator of a spherical coordinate system.

   Units: DEGREES
 
 'S-T-O' =
   The Sun-Target-Observer angle; the interior vertex angle at target center
formed by a vector from the target to the apparent center of the Sun (at
reflection time on the target) and the apparent vector from target to the
observer at print-time. Slightly different from true PHASE ANGLE (requestable
separately) at the few arcsecond level in that it includes stellar aberration
on the down-leg from target to observer.  Units: DEGREES
 
 'Sky_motion  Sky_mot_PA  RelVel-ANG' =
  Total apparent angular rate of the target in the plane-of-sky. "Sky_mot_PA"
is the position angle of the target's direction of motion in the plane-of-sky,
measured counter-clockwise from the apparent of-date north pole direction.
"RelVel-ANG" is the flight path angle of the target's relative motion with
respect to the observer's line-of-sight, in the range [-90,+90], where positive
values indicate motion away from the observer, negative values are toward the
observer:

  -90 = target is moving directly toward the observer
    0 = target is moving at right angles to the observer's line-of-sight
  +90 = target is moving directly away from the observer

UNITS:  ARCSECONDS/MINUTE, DEGREES, DEGREES
 
 'Lun_Sky_Brt  sky_SNR' =
  Sky brightness due to moonlight scattered by Earth's atmosphere at the
target's position in the sky. "sky_SNR" is the visual signal-to-noise ratio
(SNR) of the target's surface brightness relative to background sky. Output
only for topocentric Earth observers when both the Moon and target are above
the local horizon and the Sun is in astronomical twilight (or further) below
the horizon, and the target is not the Moon or Sun. If all conditions are
not met, "n.a." is output. Galactic brightness, local sky light-pollution
and weather are NOT considered. Lunar opposition surge is considered. The
value returned is accurate under ideal conditions at the approximately 8-23%
level, so is a useful but not definitive value.

  If the target-body radius is also known, "sky_SNR" is output. This is the
approximate visual signal-to-noise ratio of the target's brightness divided
by lunar sky brightness. When sky_SNR < 1, the target is dimmer than the
ideal moonlight-scattering background sky, so unlikely to be detectable at
visual wavelengths. In practice, visibility requires sky_SNR > 1 and a
detector sensitive enough to reach the target's magnitude, even if it isn't
washed out by moonlight. When relating magnitudes and brightness values,
keep in mind their logarithmic relationship m2-m1 = -2.5*log_10(b2/b1).

  UNITS: VISUAL MAGNITUDES / ARCSECOND^2, and unitless ratio

Computations by ...

    Solar System Dynamics Group, Horizons On-Line Ephemeris System
    4800 Oak Grove Drive, Jet Propulsion Laboratory
    Pasadena, CA  91109   USA

    General site: https://ssd.jpl.nasa.gov/
    Mailing list: https://ssd.jpl.nasa.gov/email_list.html
    System news : https://ssd.jpl.nasa.gov/horizons/news.html
    User Guide  : https://ssd.jpl.nasa.gov/horizons/manual.html
    Connect     : browser        https://ssd.jpl.nasa.gov/horizons/app.html#/x
                  API            https://ssd-api.jpl.nasa.gov/doc/horizons.html
                  command-line   telnet ssd.jpl.nasa.gov 6775
                  e-mail/batch   https://ssd.jpl.nasa.gov/ftp/ssd/horizons_batch.txt
                  scripts        https://ssd.jpl.nasa.gov/ftp/ssd/SCRIPTS
    Author      : Jon.D.Giorgini@jpl.nasa.gov

**********************************************************************************************************************************************************************************************************************************************************************************************
