*******************************************************************************
 Revised: September 25, 2025           Uranus                               799
 
 PHYSICAL DATA:
  Mass x10^24 (kg)      = 86.813          Density (g/cm^3)       =  1.271
  Equat. radius (1 bar) = 25559+-4 km     Polar radius (km)      = 24973+-20
  Vol. Mean Radius (km) = 25362+-12       Flattening             =  0.02293
  Geometric Albedo      = 0.51
  Sid. rot. period (III)= 17.24+-0.01 h   Sid. rot. rate (rad/s) = -0.000101237
  Mean solar day, h     =~17.24           Rocky core mass (Mc/M) =  0.0012        
  GM (km^3/s^2)         = 5793950.6103    GM 1-sigma (km^3/s^2)  = +-4.3 
  Equ. grav, ge (m/s^2) =  8.87           Pol. grav, gp (m/s^2)  =   9.19+-0.02
  Visual magnitude V(1,0)= -7.11
  Vis. mag. (opposition)=  +5.52          Obliquity to orbit     = 97.77 deg
  Sidereal orbit period = 84.0120465 y    Sidereal orbit period  = 30685.4 d
  Mean daily motion     = 0.01176904 dg/d Mean orbit velocity    =  6.8 km/s
  Atmos. temp. (1 bar)  =  76+-2 K        Escape speed, km/s     =  21.3           
  Aroche(ice)/Rp        =  2.20           Hill's sphere rad., Rp = 2700
                                 Perihelion   Aphelion    Mean
  Solar Constant (W/m^2)         4.09         3.39        3.71
  Maximum Planetary IR (W/m^2)   0.72         0.55        0.63
  Minimum Planetary IR (W/m^2)   0.72         0.55        0.63
*******************************************************************************


*******************************************************************************
Ephemeris / WWW_USER Mon Apr  6 16:44:31 2026 Pasadena, USA      / Horizons    
*******************************************************************************
Target body name: Uranus (799)                    {source: ura184_merged}
Center body name: Earth (399)                     {source: DE441}
Center-site name: (user defined site below)
*******************************************************************************
Start time      : A.D. 2026-Jan-01 00:00:00.0000 UT      
Stop  time      : A.D. 2026-Dec-31 00:00:00.0000 UT      
Step-size       : 3600 minutes
*******************************************************************************
Target pole/equ : IAU_URANUS                      {East-longitude positive}
Target radii    : 25559.0, 25559.0, 24973.0 km    {Equator_a, b, pole_c}       
Center geodetic : 249.0, 29.0, .200               {E-lon(deg),Lat(deg),Alt(km)}
Center cylindric: 249.0, 5583.01313, 3073.99816   {E-lon(deg),Dxy(km),Dz(km)}
Center pole/equ : ITRF93                          {East-longitude positive}
Center radii    : 6378.137, 6378.137, 6356.752 km {Equator_a, b, pole_c}       
Target primary  : Sun
Vis. interferer : MOON (R_eq= 1737.400) km        {source: DE441}
Rel. light bend : Sun                             {source: DE441}
Rel. lght bnd GM: 1.3271E+11 km^3/s^2                                          
Atmos refraction: NO (AIRLESS)
RA format       : HMS
Time format     : CAL 
Calendar mode   : Mixed Julian/Gregorian
EOP file        : eop.260406.p260703                                           
EOP coverage    : DATA-BASED 1962-JAN-20 TO 2026-APR-06. PREDICTS-> 2026-JUL-02
Units conversion: 1 au= 149597870.700 km, c= 299792.458 km/s, 1 day= 86400.0 s 
Table cut-offs 1: Elevation (-90.0deg=NO ),Airmass (>38.000=NO), Daylight (NO )
Table cut-offs 2: Solar elongation (  0.0,180.0=NO ),Local Hour Angle( 0.0=NO )
Table cut-offs 3: RA/DEC angular rate (     0.0=NO )                           
**********************************************************************************************************************************************************************************************************************************************************************************************
 Date__(UT)__HR:MN     R.A._____(ICRF)_____DEC  R.A.__(a-apparent)__DEC  dRA*cosD d(DEC)/dt  Azi____(a-app)___Elev    APmag   S-brt      Illu%  Ang-diam  ObsSub-LON ObsSub-LAT             delta      deldot     S-O-T /r     S-T-O  Sky_motion  Sky_mot_PA  RelVel-ANG  Lun_Sky_Brt  sky_SNR
**********************************************************************************************************************************************************************************************************************************************************************************************
$$SOE
 2026-Jan-01 00:00 *m  03 41 25.54 +19 25 28.5  03 42 56.94 +19 30 34.5  -4.06795  -0.84886   82.935939  29.751654    5.646   8.236   99.97084  3.757943    3.751218  69.516116  18.7552705680891  19.6402325  137.3825 /T    1.9525   0.0692596   258.21316   51.356813         n.a.     n.a.
 2026-Jan-03 12:00  m  03 41 08.95 +19 24 36.7  03 42 40.33 +19 29 43.4  -3.72800  -0.85792  300.419245 -11.861787    5.649   8.236   99.96794  3.752023  176.501900  69.455684  18.7848638693646  21.2956481  134.7647 /T    2.0479   0.0637575   257.04020   55.789873         n.a.     n.a.
 2026-Jan-06 00:00 *   03 40 53.54 +19 23 48.5  03 42 24.92 +19 28 55.6  -3.57025  -0.73591   85.134046  34.143986    5.652   8.236   99.96505  3.745864  349.253772  69.399503  18.8157520893305  21.5358742  132.1597 /T    2.1385   0.0607551   258.35312   57.313021         n.a.     n.a.
 2026-Jan-08 12:00  m  03 40 39.14 +19 23 03.7  03 42 10.46 +19 28 11.4  -3.19501  -0.73668  303.421186 -15.628800    5.656   8.236   99.96217  3.739454  162.006033  69.346974  18.8480060078841  23.0761354  129.5504 /T    2.2252   0.0546473   257.01614   61.650737         n.a.     n.a.
 2026-Jan-11 00:00 *   03 40 25.99 +19 22 23.0  03 41 57.29 +19 27 30.8  -3.03461  -0.61315   87.395926  38.536371    5.660   8.235   99.95936  3.732836  334.760078  69.298976  18.8814207543662  23.2627774  126.9542 /T    2.3066   0.0515989   258.57699   63.148580         n.a.     n.a.
 2026-Jan-13 12:00  m  03 40 13.94 +19 21 45.8  03 41 45.18 +19 26 54.1  -2.62584  -0.60549  306.639716 -19.248113    5.664   8.235   99.95661  3.725996  147.515027  69.254948  18.9160808925531  24.6727689  124.3543 /T    2.3839   0.0449125   257.01525   67.401174         n.a.     n.a.
 2026-Jan-16 00:00 *   03 40 03.21 +19 21 13.1  03 41 34.45 +19 26 21.4  -2.46351  -0.48139   89.762307  42.921108    5.668   8.235   99.95397  3.718983  320.272386  69.215709  18.9517518514700  24.7985433  121.7681 /T    2.4556   0.0418351   258.94328   68.869697         n.a.     n.a.
 2026-Jan-18 12:00     03 39 53.65 +19 20 44.2  03 41 24.84 +19 25 53.0  -2.02533  -0.46569  310.101846 -22.697859    5.672   8.235   99.95143  3.711780  133.031193  69.180721  18.9885301568489  26.0622579  119.1790 /T    2.5228   0.0346363   257.05089   73.035869         n.a.     n.a.
 2026-Jan-21 00:00 *m  03 39 45.46 +19 20 19.9  03 41 16.64 +19 25 28.9  -1.86315  -0.34267   92.286516  47.289940    5.676   8.235   99.94904  3.704440  305.793031  69.150726  19.0261538750704  26.1205822  116.6045 /T    2.5843   0.0315733   259.57863   74.464137         n.a.     n.a.
 2026-Jan-23 12:00     03 39 38.49 +19 19 59.5  03 41 09.60 +19 25 08.8  -1.40055  -0.31980  313.834127 -25.953523    5.681   8.235   99.94680  3.696944  118.556857  69.125213  19.0647306465994  27.2234999  114.0282 /T    2.6410   0.0239433   257.13767   78.542176         n.a.     n.a.
 2026-Jan-26 00:00 *m  03 39 32.94 +19 19 44.0  03 41 04.02 +19 24 53.2  -1.24203  -0.19914   95.042169  51.633216    5.685   8.235   99.94474  3.689350  291.324322  69.104828  19.1039754206898  27.2116039  111.4674 /T    2.6918   0.0209648   260.89086   79.911763         n.a.     n.a.
 2026-Jan-28 12:00     03 39 28.65 +19 19 32.6  03 40 59.68 +19 24 41.8  -0.76180  -0.17018  317.861208 -28.987697    5.690   8.235   99.94285  3.681634  104.094281  69.089072  19.1440119746744  28.1481695  108.9055 /T    2.7378   0.0130096   257.40750   83.895200         n.a.     n.a.
 2026-Jan-31 00:00 *m  03 39 25.78 +19 19 26.0  03 40 56.83 +19 24 35.3  -0.61040  -0.05353   98.134722  55.939092    5.694   8.235   99.94118  3.673856  276.868415  69.078494  19.1845415181592  28.0735855  106.3595 /T    2.7778   0.0102124   264.98807   85.178016         n.a.     n.a.
 2026-Feb-02 12:00  m  03 39 24.20 +19 19 23.5  03 40 55.20 +19 24 33.0  -0.11714  -0.01883  322.203825 -31.769977    5.699   8.235   99.93970  3.665989   89.645489  69.072629  19.2257094714593  28.8482006  103.8126 /T    2.8128   0.0019775   260.86769   89.087343         n.a.     n.a.
 2026-Feb-05 00:00 *   03 39 24.05 +19 19 26.0  03 40 55.02 +19 24 35.4  0.026855  0.093379  101.723485  60.191360    5.703   8.235   99.93846  3.658093  262.427237  69.071950  19.2672084594069  28.7221367  101.2813 /T    2.8418   0.0016194   16.045005   89.247678         n.a.     n.a.
 2026-Feb-07 12:00  m  03 39 25.20 +19 19 32.6  03 40 56.08 +19 24 41.8  0.531238  0.133884  326.874814 -34.267687    5.708   8.235   99.93743  3.650138   75.212375  69.076050  19.3091995373265  29.3342597   98.7490 /T    2.8659   0.0091308   75.854692   85.844647         n.a.     n.a.
 2026-Feb-10 00:00 *   03 39 27.77 +19 19 44.2  03 40 58.65 +19 24 53.1  0.668798  0.241168  106.061144  64.365260    5.713   8.235   99.93665  3.642186  248.002703  69.085334  19.3513594305444  29.1557694   96.2320 /T    2.8839   0.0118492   70.170765   84.569447         n.a.     n.a.
 2026-Feb-12 12:00  m  03 39 31.66 +19 19 59.9  03 41 02.49 +19 25 08.6  1.181084  0.287210  331.875359 -36.446171    5.717   8.235   99.93609  3.634205   60.796914  69.099446  19.3938568035982  29.5971289   93.7142 /T    2.8968   0.0202584   76.332395   80.884000         n.a.     n.a.
 2026-Feb-15 00:00 *   03 39 36.96 +19 20 20.6  03 41 07.81 +19 25 29.1  1.311139  0.388396  111.569011  68.420005    5.722   8.235   99.93579  3.626259  233.596836  69.118701  19.4363535695577  29.3630828   91.2121 /T    2.9038   0.0227909   73.499227   79.665232         n.a.     n.a.
 2026-Feb-17 12:00     03 39 43.59 +19 20 45.4  03 41 14.36 +19 25 53.7  1.827141  0.438885  337.190521 -38.270665    5.727   8.234   99.93572  3.618315   46.401125  69.142792  19.4790247112672  29.6264744   88.7097 /T    2.9057   0.0313185   76.493266   76.022682         n.a.     n.a.
 2026-Feb-20 00:00 *m  03 39 51.61 +19 21 15.1  03 41 22.37 +19 26 23.0  1.947947  0.533056  118.987587  72.281535    5.731   8.234   99.93590  3.610438  219.211634  69.171937  19.5215198543983  29.3346850   86.2233 /T    2.9017   0.0336594   74.695686   74.849712         n.a.     n.a.
 2026-Feb-22 12:00     03 40 00.93 +19 21 48.7  03 41 31.62 +19 26 56.1  2.461894  0.587077  342.785276 -39.708791    5.736   8.234   99.93632  3.602595   32.026983  69.205864  19.5640216274512  29.4177494   83.7374 /T    2.8928   0.0421821   76.587432   71.268218         n.a.     n.a.
 2026-Feb-25 00:00 *m  03 40 11.61 +19 22 27.1  03 41 42.32 +19 27 34.0  2.570300  0.672818  129.648433  75.803692    5.741   8.234   99.93697  3.594849  204.849001  69.244683  19.6061755786053  29.0741335   81.2680 /T    2.8780   0.0442817   75.331033   70.152353         n.a.     n.a.
 2026-Feb-27 12:00     03 40 23.57 +19 23 09.2  03 41 54.23 +19 28 15.8  3.077107  0.729507  348.603183 -40.732805    5.745   8.234   99.93784  3.587164   17.676256  69.288164  19.6481779086596  28.9856439   78.7995 /T    2.8585   0.0527066   76.662805   66.641724         n.a.     n.a.
 2026-Mar-02 00:00 *m  03 40 36.82 +19 23 56.0  03 42 07.50 +19 29 02.2  3.172317  0.806481  145.737831  78.683626    5.750   8.234   99.93893  3.579604  190.510559  69.336327  19.6896789541687  28.6045680   76.3474 /T    2.8334   0.0545538   75.736171   65.585663         n.a.     n.a.
 2026-Mar-04 12:00  m  03 40 51.31 +19 24 46.4  03 42 21.92 +19 29 52.0  3.669842  0.865859  354.567633 -41.322819    5.754   8.234   99.94022  3.572127    3.350461  69.389005  19.7308881950163  28.3560201   73.8958 /T    2.8036   0.0628434   76.724467   62.139655         n.a.     n.a.
 2026-Mar-07 00:00 *   03 41 07.05 +19 25 41.2  03 42 37.66 +19 30 46.1  3.753847  0.934082  169.098259  80.352070    5.759   8.234   99.94172  3.564798  176.197769  69.446154  19.7714576145395  27.9445734   71.4599 /T    2.7684   0.0644719   76.026688   61.127590         n.a.     n.a.
 2026-Mar-09 12:00  m  03 41 24.00 +19 26 39.3  03 42 54.55 +19 31 43.5  4.240894  0.996288    0.586951 -41.469172    5.763   8.234   99.94339  3.557575  349.051063  69.507677  19.8115996333479  27.5372421   69.0241 /T    2.7288   0.0726058   76.779579   57.730213         n.a.     n.a.
 2026-Mar-12 00:00 *   03 41 42.13 +19 27 41.7  03 43 12.72 +19 32 45.2  4.314303  1.055514  196.000723  80.195451    5.767   8.234   99.94524  3.550520  161.912134  69.573451  19.8509642638798  27.0944165   66.6037 /T    2.6840   0.0740258   76.252367   56.750835         n.a.     n.a.
 2026-Mar-14 12:00  m  03 42 01.44 +19 28 47.3  03 43 31.98 +19 33 50.1  4.788088  1.119630    6.563464 -41.173489    5.771   8.234   99.94724  3.543594  334.779580  69.643441  19.8897630743008  26.5270740   64.1832 /T    2.6349   0.0819542   76.838640   53.394876         n.a.     n.a.
 2026-Mar-17 00:00 *   03 42 21.87 +19 29 56.9  03 43 52.43 +19 34 59.1  4.850728  1.169330  218.047855  78.308049    5.775   8.234   99.94938  3.536858  147.655152  69.717441  19.9276458891047  26.0513223   61.7778 /T    2.5809   0.0831613   76.446706   52.440665         n.a.     n.a.
 2026-Mar-19 12:00     03 42 43.42 +19 31 09.4  03 44 13.92 +19 36 10.8  5.307627  1.234819   12.403855 -40.449264    5.779   8.233   99.95165  3.530272  320.537477  69.795465  19.9648226961925  25.3247144   59.3726 /T    2.5227   0.0908229   76.903122   49.122676         n.a.     n.a.
 2026-Mar-22 00:00 *m  03 43 06.03 +19 32 25.7  03 44 36.55 +19 37 26.2  5.357538  1.274245  232.933256  75.361445    5.783   8.233   99.95403  3.523895  133.428239  69.877216  20.0009477241019  24.8179516   56.9826 /T    2.4600   0.0917831   76.621255   48.198102         n.a.     n.a.
 2026-Mar-24 12:00     03 43 29.70 +19 33 44.5  03 45 00.19 +19 38 44.1  5.792896  1.340073   18.028542 -39.320062    5.787   8.233   99.95651  3.517690  306.326066  69.962745  20.0362326853303  23.9406956   54.5933 /T    2.3933   0.0990979   76.974863   44.926251         n.a.     n.a.
 2026-Mar-27 00:00 *m  03 43 54.34 +19 35 06.9  03 45 24.89 +19 40 05.7  5.828734  1.368922  242.835418  71.879395    5.790   8.233   99.95905  3.511710  119.232547  70.051670  20.0703465987094  23.4154749   52.2193 /T    2.3225   0.0997888   76.783188   44.043109         n.a.     n.a.
 2026-Mar-29 12:00 A   03 44 19.97 +19 36 31.5  03 45 50.48 +19 41 29.5  6.240163  1.435050   23.377780 -37.816603    5.794   8.233   99.96165  3.505918  292.146331  70.144098  20.1035082303035  22.4059056   49.8459 /T    2.2480   0.1067174   77.048874   40.824418         n.a.     n.a.
 2026-Apr-01 00:00 *   03 44 46.49 +19 37 59.3  03 46 17.02 +19 42 56.4  6.263825  1.453671  249.790011  68.128124    5.797   8.233   99.96428  3.500364  105.068923  70.239585  20.1354032835890  21.8743942   47.4874 /T    2.1696   0.1071715   76.934420   39.980524         n.a.     n.a.
 2026-Apr-03 12:00 Am  03 45 13.92 +19 39 29.1  03 46 44.41 +19 44 25.1  6.651548  1.520451   28.413537 -35.974392    5.801   8.233   99.96693  3.495010  277.999046  70.338317  20.1662490087342  20.7427627   45.1287 /T    2.0879   0.1137185   77.124202   36.804013         n.a.     n.a.
 2026-Apr-06 00:00 *   03 45 42.17 +19 41 01.8  03 47 12.70 +19 45 56.8  6.665130  1.529510  254.993594  64.235394    5.804   8.233   99.96958  3.489906   90.938138  70.439795  20.1957420414068  20.2067417   42.7841 /T    2.0026   0.1139729   77.075567   35.986368         n.a.     n.a.
 2026-Apr-08 12:00 Am  03 46 11.27 +19 42 36.2  03 47 41.79 +19 47 30.1  7.028090  1.596504   33.117739 -33.830260    5.807   8.233   99.97222  3.485014  263.884996  70.544262  20.2240913447458  18.9564497   40.4387 /T    1.9143   0.1201190   77.201852   32.841048         n.a.     n.a.
 2026-Apr-11 00:00 *   03 46 41.10 +19 44 13.2  03 48 11.68 +19 49 06.3  7.032408  1.595806  259.111955  60.266074    5.809   8.233   99.97482  3.480383   76.840956  70.651162  20.2510033743597  18.4136882   38.1067 /T    1.8227   0.1201866   77.214858   32.038389         n.a.     n.a.
 2026-Apr-13 12:00 Am  03 47 11.72 +19 45 51.7  03 48 42.28 +19 50 43.7  7.368812  1.662673   37.489013 -31.420397    5.812   8.232   99.97737  3.475976  249.804901  70.760790  20.2766769702061  17.0480391   35.7734 /T    1.7283   0.1259010   77.284910   28.915271         n.a.     n.a.
 2026-Apr-16 00:00 *m  03 47 42.98 +19 47 32.4  03 49 13.58 +19 52 23.4  7.363275  1.652226  262.526640  56.255525    5.814   8.232   99.97985  3.471840   62.778050  70.872522  20.3008315486476  16.4978627   33.4531 /T    1.6311   0.1257728   77.353032   28.122579         n.a.     n.a.
 2026-Apr-18 12:00 A   03 48 14.96 +19 49 14.2  03 49 45.54 +19 54 04.0  7.669934  1.718142   41.538457 -28.778977    5.817   8.232   99.98226  3.467941  235.759352  70.986689  20.3236560655832  15.0233532   31.1315 /T    1.5313   0.1310003   77.373616   25.019818         n.a.     n.a.
 2026-Apr-21 00:00 *m  03 48 47.49 +19 50 58.0  03 50 18.14 +19 55 46.7  7.652974  1.697639  265.467806  52.224489    5.819   8.232   99.98455  3.464322   48.749869  71.102598  20.3448887186398  14.4709337   28.8230 /T    1.4291   0.1306501   77.492755   24.241982         n.a.     n.a.
 2026-Apr-23 12:00 N   03 49 20.65 +19 52 42.6  03 50 51.33 +19 57 30.2  7.926788  1.762294   45.285223 -25.936676    5.821   8.232   99.98674  3.460949  221.748609  71.220612  20.3647158732802  12.9060188   26.5132 /T    1.3247   0.1353387   77.465779   21.171201         n.a.     n.a.
 2026-Apr-26 00:00 *m  03 49 54.25 +19 54 28.8  03 51 24.99 +19 59 15.5  7.899004  1.732187  268.081986  48.185860    5.823   8.232   99.98879  3.457861   34.756466  71.339989  20.3829039453867  12.3660618   24.2165 /T    1.2183   0.1347784   77.631291   20.420302         n.a.     n.a.
 2026-Apr-28 12:00 N   03 50 28.40 +19 56 15.5  03 51 59.13 +20 01 01.0  8.140700  1.795869   48.753320 -22.920691    5.824   8.232   99.99071  3.455025  207.772552  71.461153  20.3996343880295  10.7285139   21.9181 /T    1.1100   0.1389406   77.559592   17.382651         n.a.     n.a.
 2026-May-01 00:00 *   03 51 02.91 +19 58 03.4  03 52 33.69 +20 02 47.8  8.104963  1.757359  270.466215  44.148170    5.826   8.232   99.99246  3.452476   20.797634  71.583334  20.4146953471736  10.2056910   19.6320 /T    1.0000   0.1382216   77.766208   16.652853         n.a.     n.a.
 2026-May-03 12:00 Nm  03 51 37.88 +19 59 51.7  03 53 08.69 +20 04 34.6  8.314989  1.820161   51.968644 -19.754785    5.827   8.231   99.99406  3.450184  193.830955  71.707006  20.4282546208791   8.5032284   17.3434 /T    0.8885   0.1418646   77.652648   13.638617         n.a.     n.a.
 2026-May-06 00:00 *   03 52 13.13 +20 01 40.8  03 53 44.01 +20 06 22.8  8.272761  1.773475  272.688407  40.117702    5.828   8.231   99.99548  3.448182    6.873125  71.831368  20.4401182054882   7.9950223   15.0661 /T    0.7757   0.1410120   77.900339   12.918968         n.a.     n.a.
 2026-May-08 12:00 Nm  03 52 48.76 +20 03 30.0  03 54 19.69 +20 08 10.8  8.450776  1.835046   54.957179 -16.459191    5.829   8.231   99.99672  3.446442  179.923514  71.956937  20.4504364559862   6.2319750   12.7856 /T    0.6616   0.1441286   77.748690   9.9160931         n.a.     n.a.
 2026-May-11 00:00 *   03 53 24.58 +20 05 19.8  03 54 55.57 +20 09 59.7  8.402263  1.780616  274.797849  36.099244    5.830   8.231   99.99777  3.444994  352.982570  72.082874  20.4590344955588   5.7356354   10.5156 /T    0.5466   0.1431478   78.034846   9.1976345         n.a.     n.a.
 2026-May-13 12:00 Nm  03 54 00.72 +20 07 09.5  03 55 31.73 +20 11 48.0  8.546518  1.840454   57.744328 -13.051316    5.831   8.231   99.99862  3.443814  166.049777  72.209720  20.4660455921772   3.9183943    8.2417 /T    0.4306   0.1457073   77.847201   6.1983669         n.a.     n.a.
 2026-May-16 00:00 *m  03 54 36.94 +20 08 59.3  03 56 08.02 +20 13 36.8  8.490804  1.778226  276.831578  32.096666    5.831   8.231   99.99927  3.442927  339.125384  72.336598  20.4713164272458   3.4331405    5.9783 /T    0.3142   0.1445835   78.171522   5.4756783         n.a.     n.a.
 2026-May-18 12:00 N   03 55 13.40 +20 10 48.8  03 56 44.54 +20 15 24.9  8.598539  1.835829   60.354117  -9.545864    5.832   8.231   99.99972  3.442313  152.208980  72.464061  20.4749659871634   1.5740344    3.7112 /T    0.1970   0.1465389   77.948031   2.4794659         n.a.     n.a.
 2026-May-21 00:00 *m  03 55 49.84 +20 12 38.2  03 57 21.10 +20 17 13.4  8.534273  1.766071  278.819161  28.113428    5.832   8.231   99.99996  3.441993  325.300575  72.591194  20.4768720276732   1.1101020    1.4584 /T    0.0800   0.1452515   78.308316   1.7630347         n.a.     n.a.
 2026-May-23 12:00 N   03 56 26.41 +20 14 26.9  03 57 57.67 +20 19 00.7  8.605035  1.821292   62.809032  -5.954787    5.832   8.230   99.99999  3.441947  138.399864  72.718574  20.4771465685452  -0.7682618    0.8286 /L    0.0387   0.1465944   78.049477   -1.218713         n.a.     n.a.
 2026-May-26 00:00 *m  03 57 02.88 +20 16 15.2  03 58 34.22 +20 20 48.2  8.534799  1.745333  280.784852  24.152360    5.831   8.230   99.99980  3.442190  311.506667  72.845285  20.4756987776781  -1.2010801    3.0699 /L    0.1553   0.1451905   78.442587   -1.919908         n.a.     n.a.
 2026-May-28 12:00 N   03 57 39.40 +20 18 02.6  03 59 10.79 +20 22 34.2  8.570438  1.798671   65.129530  -2.288790    5.831   8.230   99.99941  3.442707  124.620848  72.971938  20.4726250183714  -3.0862343    5.3257 /L    0.2725   0.1459525   78.147401   -4.889472         n.a.     n.a.
 2026-May-31 00:00 *   03 58 15.72 +20 19 49.4  03 59 47.20 +20 24 20.0  8.496157  1.717222  282.749228  20.217107    5.830   8.230   99.99881  3.443509  297.742036  73.097620  20.4678577902453  -3.4897486    7.5736 /L    0.3890   0.1444660   78.573455   -5.581932         n.a.     n.a.
 2026-Jun-02 12:00 Cm  03 58 52.01 +20 21 35.1  04 00 23.58 +20 26 04.4  8.497513  1.768292   67.334880   1.443695    5.829   8.230   99.99801  3.444583  110.870248  73.222963  20.4614719882257  -5.3764898    9.8276 /L    0.5053   0.1446592   78.244785   -8.551238         n.a.     n.a.
 2026-Jun-05 00:00 *   03 59 28.03 +20 23 19.8  04 00 59.69 +20 27 48.4  8.419953  1.681938  284.731062  16.311186    5.828   8.230   99.99702  3.445939  284.004917  73.347050  20.4534221642063  -5.7552268   12.0738 /L    0.6205   0.1431050   78.703500   -9.244416         n.a.     n.a.
 2026-Jun-07 12:00 Cm  04 00 03.95 +20 25 03.3  04 01 35.67 +20 29 30.7  8.386444  1.730445   69.442617   5.235293    5.827   8.229   99.99582  3.447567   97.146204  73.470521  20.4437618208200  -7.6376734   14.3269 /L    0.7351   0.1427185   78.341304   -12.22431         n.a.     n.a.
 2026-Jun-10 00:00 *   04 00 39.50 +20 26 45.6  04 02 11.28 +20 31 12.1  8.305113  1.639362  286.747528  12.438574    5.826   8.229   99.99445  3.449473  270.293315  73.592452  20.4324690548277  -7.9948521   16.5728 /L    0.8484   0.1410894   78.833827   -12.92674         n.a.     n.a.
 2026-Jun-12 12:00 Cm  04 01 14.85 +20 28 26.5  04 02 46.72 +20 32 51.6  8.235305  1.684797   71.469483   9.079701    5.825   8.229   99.99289  3.451651   83.446544  73.713477  20.4195771509708  -9.8646224   18.8263 /L    0.9608   0.1400980   78.437844   -15.92668         n.a.     n.a.
 2026-Jun-15 00:00 *m  04 01 49.76 +20 30 05.9  04 03 21.73 +20 34 30.1  8.148418  1.589305  288.815265   8.603772    5.823   8.229   99.99117  3.454101  256.604847  73.832662  20.4050920649387 -10.1977288   21.0730 /L    1.0713   0.1383661   78.963325   -16.64117         n.a.     n.a.
 2026-Jun-17 12:00 C   04 02 24.38 +20 31 43.7  04 03 56.47 +20 36 06.9  8.040529  1.630991   73.431255  12.971833    5.821   8.229   99.98929  3.456821   69.768610  73.950625  20.3890343178674 -12.0363210   23.3276 /L    1.1807   0.1367380   78.533347   -19.65911         n.a.     n.a.
 2026-Jun-20 00:00 *m  04 02 58.46 +20 33 19.7  04 04 30.63 +20 37 42.2  7.948502  1.531943  290.951159   4.811896    5.819   8.229   99.98727  3.459806  242.936542  74.066444  20.3714454241770 -12.3330403   25.5754 /L    1.2878   0.1349131   79.090944   -20.37099         n.a.     n.a.
 2026-Jun-22 12:00 C   04 03 32.16 +20 34 54.0  04 05 04.41 +20 39 15.2  7.804739  1.570460   75.343593  16.907373    5.817   8.229   99.98511  3.463055   56.109191  74.180748  20.3523342910643 -14.1208604   27.8311 /L    1.3935   0.1326862   78.622942   -23.39679         n.a.     n.a.
 2026-Jun-25 00:00 *m  04 04 05.24 +20 36 26.2  04 05 37.56 +20 40 46.6  7.710041  1.469099  293.172126   1.068873    5.815   8.228   99.98283  3.466557  229.285081  74.292648  20.3317701022709 -14.3787175   30.0804 /L    1.4966   0.1308126   79.211975   -24.10044         n.a.     n.a.
 2026-Jun-27 12:00 N   04 04 37.86 +20 37 56.6  04 06 10.29 +20 42 15.8  7.532583  1.504179   77.222093  20.882440    5.812   8.228   99.98044  3.470317   42.464918  74.402773  20.3097401291989 -16.1093747   32.3384 /L    1.5978   0.1280217   78.707164   -27.14145         n.a.     n.a.
 2026-Jun-30 00:00 *   04 05 09.78 +20 39 24.7  04 06 42.31 +20 43 43.3  7.436486  1.401097  295.496150  -2.617961    5.810   8.228   99.97797  3.474321  215.647036  74.510270  20.2863353843957 -16.3337660   34.5908 /L    1.6963   0.1261221   79.330066   -27.84360         n.a.     n.a.
 2026-Jul-02 12:00 Nm  04 05 41.17 +20 40 50.9  04 07 13.81 +20 45 08.5  7.226057  1.432546   79.082703  24.893691    5.807   8.228   99.97541  3.478576   28.832293  74.615751  20.2615208623087 -18.0024942   36.8528 /L    1.7926   0.1227781   78.786662   -30.91116         n.a.     n.a.
 2026-Jul-05 00:00 *   04 06 11.79 +20 42 14.6  04 07 44.51 +20 46 31.7  7.128356  1.328061  297.942234  -6.239992    5.804   8.228   99.97280  3.483065  202.018817  74.718388  20.2354097804518 -18.1981045   39.1103 /L    1.8857   0.1208502   79.446401   -31.62074         n.a.     n.a.
 2026-Jul-07 12:00 Nm  04 06 41.81 +20 43 36.3  04 08 14.61 +20 47 52.3  6.884787  1.355323   80.942936  28.937986    5.801   8.228   99.97013  3.487799   15.207589  74.818770  20.2079459619212 -19.7989353   41.3782 /L    1.9765   0.1169487   78.863288   -34.72738         n.a.     n.a.
 2026-Jul-10 00:00 *   04 07 10.97 +20 44 55.3  04 08 43.85 +20 49 10.6  6.784147  1.249934  300.530571  -9.787134    5.798   8.227   99.96744  3.492756  188.396531  74.916089  20.1792665007915 -19.9672546   43.6425 /L    2.0638   0.1149722   79.560702   -35.45302         n.a.     n.a.
 2026-Jul-12 12:00 Nm  04 07 39.45 +20 46 12.1  04 09 12.46 +20 50 26.4  6.506110  1.272277   82.822471  33.012431    5.794   8.227   99.96472  3.497950    1.586710  75.010894  20.1492991323592 -21.4882104   45.9180 /L    2.1485   0.1104890   78.935371   -38.60955         n.a.     n.a.
 2026-Jul-15 00:00 *m  04 08 07.00 +20 47 26.0  04 09 40.12 +20 51 39.9  6.401137  1.166248  303.283220 -13.247326    5.791   8.227   99.96203  3.503356  174.775818  75.102405  20.1182106031043 -21.6217105   48.1901 /L    2.2293   0.1084418   79.674319   -39.35018         n.a.     n.a.
 2026-Jul-17 12:00 N   04 08 33.77 +20 48 37.6  04 10 07.00 +20 52 50.8  6.089748  1.183723   84.744376  37.114428    5.787   8.227   99.95934  3.508988  347.965024  75.191142  20.0859202895231 -23.0420297   50.4735 /L    2.3072   0.1033954   79.000040   -42.54963         n.a.     n.a.
 2026-Jul-20 00:00 *m  04 08 59.54 +20 49 46.2  04 10 32.83 +20 53 58.8  5.982192  1.078504  306.223738 -16.606526    5.784   8.227   99.95671  3.514814  161.151881  75.276380  20.0526258455035 -23.1308173   52.7535 /L    2.3809   0.1013106   79.780172   -43.28881         n.a.     n.a.
 2026-Jul-22 12:00 N   04 09 24.46 +20 50 52.3  04 10 57.86 +20 55 04.0  5.641110  1.091251   86.737494  41.240994    5.780   8.227   99.95413  3.520853  334.337696  75.358621  20.0182318592069 -24.4391980   55.0449 /L    2.4514   0.0957615   79.051589   -46.52595         n.a.     n.a.
 2026-Jul-25 00:00 *m  04 09 48.31 +20 51 55.3  04 11 21.80 +20 56 06.5  5.533188  0.987485  309.377009 -19.847868    5.776   8.227   99.95163  3.527068  147.519920  75.437208  19.9829549443848 -24.4874259   57.3335 /L    2.5175   0.0936769   79.881192   -47.26175         n.a.     n.a.
 2026-Jul-27 12:00 N   04 10 11.26 +20 52 55.8  04 11 44.88 +20 57 06.3  5.164807  0.995371   88.838421  45.388711    5.772   8.226   99.94921  3.533483  320.699989  75.512613  19.9466797084152 -25.6811473   59.6339 /L    2.5801   0.0876641   79.091590   -50.54497         n.a.     n.a.
 2026-Jul-30 00:00 *   04 10 33.09 +20 53 53.0  04 12 06.79 +20 58 03.3  5.056776  0.893490  312.769097 -22.951334    5.768   8.226   99.94690  3.540056  133.875248  75.584229  19.9096401434469 -25.6942907   61.9324 /L    2.6381   0.0855851   79.979737   -51.28433         n.a.     n.a.
 2026-Aug-01 12:00 Nm  04 10 53.93 +20 54 47.6  04 12 27.75 +20 58 57.4  4.662380  0.895955   91.096783  49.553371    5.763   8.226   99.94471  3.546815  307.047227  75.652487  19.8717024520535 -26.7701813   64.2435 /L    2.6924   0.0791281   79.122251   -54.62571         n.a.     n.a.
 2026-Aug-04 00:00 *   04 11 13.62 +20 55 38.9  04 12 47.49 +20 59 48.2  4.553599  0.796462  316.425967 -25.893797    5.759   8.226   99.94267  3.553715  120.213178  75.716832  19.8331175857535 -26.7521683   66.5536 /L    2.7419   0.0770455   80.078858   -55.37784         n.a.     n.a.
 2026-Aug-06 12:00 Nm  04 11 32.26 +20 56 27.4  04 13 06.25 +21 00 36.2  4.133198  0.793000   93.583063  53.729275    5.755   8.226   99.94076  3.560785  293.374699  75.777637  19.7937373082301 -27.7036586   68.8773 /L    2.7874   0.0701431   79.139144   -58.79332         n.a.     n.a.
 2026-Aug-09 00:00 *   04 11 49.68 +20 57 12.5  04 13 23.75 +21 01 20.9  4.021840  0.695947  320.372343 -28.648484    5.750   8.226   99.93903  3.567978  106.528927  75.834394  19.7538328279420 -27.6517286   71.2007 /L    2.8279   0.0680268   80.182642   -59.56909         n.a.     n.a.
 2026-Aug-11 12:00 Nm  04 12 05.99 +20 57 54.8  04 13 40.21 +21 02 02.9  3.576326  0.686094   96.401459  57.908523    5.746   8.226   99.93747  3.575324  279.677497  75.887419  19.7132488784935 -28.4643068   73.5381 /L    2.8642   0.0606924   79.140137   -63.06563         n.a.     n.a.
 2026-Aug-14 00:00 *m  04 12 21.02 +20 58 33.4  04 13 55.31 +21 02 41.5  3.462625  0.592560  324.629749 -31.184947    5.741   8.226   99.93612  3.582769   92.817513  75.936268  19.6722817192472 -28.3673784   75.8754 /L    2.8952   0.0585494   80.289021   -63.85835         n.a.     n.a.
 2026-Aug-16 12:00 N   04 12 34.89 +20 59 09.2  04 14 09.28 +21 03 16.9  2.995862  0.576748   99.715841  62.078925    5.736   8.225   99.93495  3.590345  265.950687  75.981215  19.6307721955825 -29.0251017   78.2265 /L    2.9219   0.0508479   79.103027   -67.42724         n.a.     n.a.
 2026-Aug-19 00:00 *m  04 12 47.45 +20 59 41.3  04 14 21.89 +21 03 48.8  2.882732  0.487539  329.212854 -33.469495    5.732   8.225   99.93401  3.597995   79.074165  76.021907  19.5890331396383 -28.8809033   80.5774 /L    2.9431   0.0487278   80.400754   -68.22290         n.a.     n.a.
 2026-Aug-21 12:00 A   04 12 58.79 +21 00 10.6  04 14 33.37 +21 04 17.8  2.399510  0.465914  103.798499  66.219884    5.727   8.225   99.93328  3.605752  252.189762  76.058580  19.5468921082690 -29.3820619   82.9421 /L    2.9597   0.0407387   79.011589   -71.86094         n.a.     n.a.
 2026-Aug-24 00:00 *m  04 13 08.80 +21 00 36.1  04 14 43.45 +21 04 43.2  2.288277  0.381582  334.125989 -35.465250    5.722   8.225   99.93278  3.613557   65.294687  76.090957  19.5046704218370 -29.1969939   85.3069 /L    2.9709   0.0386646   80.532751   -72.66056         n.a.     n.a.
 2026-Aug-26 12:00 A   04 13 17.57 +21 00 58.7  04 14 52.34 +21 05 05.9  1.791521  0.353723  109.133961  70.294287    5.717   8.225   99.93250  3.621446  238.390807  76.119224  19.4621827879455 -29.5424748   87.6860 /L    2.9773   0.0304351   78.831019   -76.37626         n.a.     n.a.
 2026-Aug-29 00:00 *   04 13 24.99 +21 01 17.5  04 14 59.80 +21 05 24.8  1.682481  0.274619  339.358680 -37.134050    5.713   8.225   99.93247  3.629358   51.475400  76.143176  19.4197576216051 -29.3221165   90.0657 /L    2.9782   0.0284124   80.729782   -77.18551         n.a.     n.a.
 2026-Aug-31 12:00 Am  04 13 31.12 +21 01 33.5  04 15 06.04 +21 05 40.6  1.174151  0.240387  116.654029  74.227834    5.708   8.225   99.93266  3.637329  224.550369  76.162935  19.3771996361134 -29.5116809   92.4604 /L    2.9743   0.0199751   78.429558   -80.99137        2.311    3.559
 2026-Sep-03 00:00 *   04 13 35.91 +21 01 45.6  04 15 10.87 +21 05 52.7  1.065817  0.166614  344.881623 -38.438526    5.703   8.225   99.93310  3.645297   37.613053  76.178358  19.3348450497147 -29.2575177   94.8565 /L    2.9647   0.0179794   81.115155   -81.82685         n.a.     n.a.
 2026-Sep-05 12:00 Am  04 13 39.38 +21 01 54.8  04 15 14.48 +21 06 01.9  0.547427  0.125403  128.261777  77.854518    5.698   8.225   99.93377  3.653299  210.665325  76.189497  19.2924950931940 -29.2850054   97.2682 /L    2.9503   0.0093601   77.097438   -85.73721        1.111    7.400
 2026-Sep-08 00:00 *   04 13 41.48 +21 02 00.0  04 15 16.65 +21 06 07.4  0.439333  0.057459  350.644670 -39.344383    5.693   8.225   99.93467  3.661269   23.704628  76.196283  19.2504982365825 -28.9895888   99.6817 /L    2.9301   0.0073846   82.548751   -86.60774         n.a.     n.a.
 2026-Sep-10 12:00 A   04 13 42.25 +21 02 02.4  04 15 17.53 +21 06 10.1  -0.08545  0.009855  147.618966  80.768809    5.689   8.225   99.93581  3.669243  196.732836  76.198707  19.2086596959108 -28.8421433  102.1110 /L    2.9050   0.0014337   276.57873   -89.33873         n.a.     n.a.
 2026-Sep-13 00:00 *m  04 13 41.65 +21 02 00.8  04 15 16.95 +21 06 08.7  -0.19095  -0.05146  356.577097 -39.823981    5.684   8.225   99.93717  3.677154    9.747564  76.196791  19.1673383271933 -28.4978385  104.5418 /L    2.8741   0.0032960   254.91735   -88.46500         n.a.     n.a.
 2026-Sep-15 12:00 A   04 13 39.71 +21 01 56.4  04 15 15.12 +21 06 04.4  -0.71562  -0.10487  177.655164  82.095031    5.679   8.225   99.93874  3.685036  182.750724  76.190493  19.1263379765240 -28.1724887  106.9879 /L    2.8383   0.0120544   261.66303   -84.35046         n.a.     n.a.
 2026-Sep-18 00:00 *m  04 13 36.43 +21 01 48.0  04 15 11.88 +21 05 56.3  -0.81551  -0.15880    2.591538 -39.858866    5.674   8.225   99.94052  3.692821  355.740163  76.179930  19.0860158994849 -27.7843206  109.4352 /L    2.7968   0.0138471   258.98102   -83.44095         n.a.     n.a.
 2026-Sep-20 12:00 A   04 13 31.82 +21 01 36.9  04 15 07.40 +21 05 45.5  -1.33519  -0.21795  208.888090  81.061010    5.670   8.225   99.94250  3.700547  168.717794  76.165011  19.0461698649338 -27.2878045  111.8976 /L    2.7504   0.0225477   260.72906   -79.22912         n.a.     n.a.
 2026-Sep-23 00:00 *m  04 13 25.90 +21 01 21.8  04 15 01.52 +21 05 31.0  -1.42825  -0.26436    8.592157 -39.441798    5.665   8.225   99.94465  3.708144  341.681667  76.145941  19.0071512349784 -26.8635807  114.3611 /L    2.6985   0.0242084   259.51371   -78.30247         n.a.     n.a.
 2026-Sep-25 12:00 Am  04 13 18.68 +21 01 04.1  04 14 54.39 +21 05 13.8  -1.93907  -0.32898  229.825835  78.253307    5.661   8.225   99.94697  3.715650  154.633670  76.122572  18.9687542315348 -26.2028463  116.8398 /L    2.6418   0.0327796   260.37086   -73.99507        1.848    4.451
 2026-Sep-28 00:00 *   04 13 10.20 +21 00 42.6  04 14 45.91 +21 04 52.6  -2.02572  -0.36759   14.484683 -38.578025    5.657   8.225   99.94944  3.722996  327.572056  76.095181  18.9313234132217 -25.7481513  119.3199 /L    2.5798   0.0343133   259.71497   -73.04051         n.a.     n.a.
 2026-Sep-30 12:00 Am  04 13 00.44 +21 00 18.4  04 14 36.25 +21 04 28.8  -2.52531  -0.43797  242.342510  74.599293    5.652   8.225   99.95204  3.730222  140.498616  76.063556  18.8946535187465 -24.9277445  121.8155 /L    2.5130   0.0427169   260.16105   -68.62578        3.136    2.622
 2026-Oct-03 00:00 *   04 12 49.46 +20 59 50.5  04 14 25.33 +21 04 01.4  -2.60641  -0.46887   20.186064 -37.283990    5.648   8.224   99.95475  3.737257  313.411786  76.028045  18.8590846849727 -24.4413638  124.3129 /L    2.4411   0.0441375   259.80206   -67.62483         n.a.     n.a.
 2026-Oct-05 12:00  m  04 12 37.24 +20 59 20.0  04 14 13.22 +21 03 31.7  -3.09151  -0.54427  250.356906  70.561031    5.644   8.224   99.95756  3.744139  126.313260  75.988376  18.8244214704436 -23.4568917  126.8263 /L    2.3646   0.0523175   260.01513   -63.09233        0.410   20.039
 2026-Oct-08 00:00 *   04 12 23.86 +20 58 45.8  04 13 59.85 +21 02 58.2  -3.16568  -0.56686   25.631576 -35.585179    5.640   8.224   99.96043  3.750798  299.201703  75.944982  18.7910026888824 -22.9307492  129.3412 /L    2.2831   0.0536005   259.84802   -62.03493         n.a.     n.a.
 2026-Oct-10 12:00     04 12 09.28 +20 58 09.2  04 13 45.34 +21 02 22.2  -3.62982  -0.64630  255.991128  66.328072    5.636   8.224   99.96337  3.757268  112.078743  75.897558  18.7586426808350 -21.7809499  131.8717 /L    2.1973   0.0614485   259.90408   -57.39358         n.a.     n.a.
 2026-Oct-13 00:00 *m  04 11 53.63 +20 57 29.2  04 13 29.70 +21 01 42.7  -3.69328  -0.65973   30.777650 -33.513746    5.633   8.224   99.96633  3.763482  284.943330  75.846637  18.7276688807767 -21.2169484  134.4030 /L    2.1068   0.0625290   259.87215   -56.29151         n.a.     n.a.
 2026-Oct-15 12:00     04 11 36.84 +20 56 46.8  04 13 13.01 +21 01 01.1  -4.13020  -0.74233  260.279974  61.985200    5.629   8.225   99.96930  3.769474   97.797030  75.791885  18.6978983723407 -19.9132658  136.9492 /L    2.0122   0.0699396   259.81093   -51.55840         n.a.     n.a.
 2026-Oct-18 00:00 *m  04 11 19.08 +20 56 01.2  04 12 55.28 +21 00 16.1  -4.18080  -0.74656   35.601049 -31.105007    5.626   8.225   99.97225  3.775180  270.639037  75.733924  18.6696385596209 -19.3217022  139.4953 /L    1.9134   0.0707821   259.87553   -50.42024         n.a.     n.a.
 2026-Oct-20 12:00     04 11 00.28 +20 55 13.5  04 12 36.56 +20 59 29.4  -4.58581  -0.83175  263.756865  57.575614    5.623   8.225   99.97516  3.780633   83.470815  75.672380  18.6427087216783 -17.8798360  142.0557 /L    1.8107   0.0776771   259.71979   -45.60990         n.a.     n.a.
 2026-Oct-23 00:00 *m  04 10 40.60 +20 54 22.7  04 12 16.88 +20 58 39.4  -4.62319  -0.82647   40.096324 -28.395375    5.620   8.225   99.97800  3.785774  256.291790  75.607951  18.6173949158695 -17.2698450  144.6155 /L    1.7043   0.0782747   259.86448   -44.43504         n.a.     n.a.
 2026-Oct-25 12:00  m  04 10 19.98 +20 53 30.1  04 11 56.30 +20 57 47.6  -4.99361  -0.91382  266.717807  53.124220    5.617   8.225   99.98076  3.790635   69.103270  75.540212  18.5935219392006 -15.7042133  147.1893 /L    1.5943   0.0846090   259.62975   -39.55373        2.754    2.986
 2026-Oct-28 00:00 *   04 09 58.60 +20 52 34.6  04 11 34.93 +20 56 52.7  -5.01871  -0.89957   44.271605 -25.420439    5.614   8.225   99.98341  3.795159  241.904863  75.469924  18.5713539935832 -15.0821344  149.7623 /L    1.4811   0.0849782   259.83797   -38.33330         n.a.     n.a.
 2026-Oct-30 12:00  m  04 09 36.35 +20 51 37.5  04 11 12.78 +20 55 56.6  -5.35263  -0.98839  269.339666  48.647303    5.612   8.225   99.98593  3.799379   54.697692  75.396614  18.5507276233257 -13.4012549  152.3495 /L    1.3647   0.0907187   259.53794   -33.37958        2.272    3.619
 2026-Nov-02 00:00 *   04 09 13.47 +20 50 37.8  04 10 49.92 +20 54 57.8  -5.36593  -0.96501   48.144192 -22.213251    5.610   8.225   99.98829  3.803241  227.481551  75.321097  18.5318916914381 -12.7625532  154.9357 /L    1.2455   0.0908669   259.80495   -32.09115         n.a.     n.a.
 2026-Nov-04 12:00  m  04 08 49.83 +20 49 36.6  04 10 26.32 +20 53 57.8  -5.65917  -1.05407  271.735071  44.156568    5.608   8.225   99.99048  3.806772   40.257395  75.242876  18.5147013699114 -10.9688784  157.5361 /L    1.1235   0.0959417   259.44902   -27.06426        0.228   36.103
 2026-Nov-07 00:00 *   04 08 25.67 +20 48 33.3  04 10 02.15 +20 52 55.1  -5.65752  -1.02094   51.737276 -18.804211    5.606   8.225   99.99248  3.809924  213.025252  75.162847  18.4993851486727 -10.3128293  160.1348 /L    0.9992   0.0958149   259.77061   -25.70704         n.a.     n.a.
 2026-Nov-09 12:00     04 08 00.88 +20 47 28.7  04 09 37.40 +20 51 51.5  -5.90445  -1.10875  273.979398  39.661501    5.604   8.225   99.99428  3.812722   25.785959  75.080502  18.4858095539671  -8.4208189  162.7467 /L    0.8725   0.1001275   259.36476   -20.62963         n.a.     n.a.
 2026-Nov-12 00:00 *m  04 07 35.73 +20 46 22.4  04 09 12.26 +20 50 45.9  -5.88558  -1.06586   55.076548 -15.220702    5.603   8.225   99.99584  3.815123  198.539755  74.996808  18.4741725384633  -7.7579048  165.3557 /L    0.7442   0.0996886   259.73519   -19.21766         n.a.     n.a.
 2026-Nov-14 12:00     04 07 10.07 +20 45 15.1  04 08 46.66 +20 49 39.9  -6.08238  -1.15170  276.126519  35.170671    5.602   8.225   99.99718  3.817153   11.287320  74.911242  18.4643477544402  -5.7902643  167.9768 /L    0.6141   0.1031743   259.27800   -14.11952         n.a.     n.a.
 2026-Nov-17 00:00 *m  04 06 44.20 +20 44 06.5  04 08 20.78 +20 48 32.1  -6.04591  -1.09907   58.188504 -11.487017    5.601   8.225   99.99827  3.818777  184.029089  74.824821  18.4564994059298  -5.1331148  170.5936 /L    0.4829   0.1024166   259.69690   -12.66683         n.a.     n.a.
 2026-Nov-19 12:00     04 06 17.98 +20 42 57.3  04 07 54.58 +20 47 24.1  -6.19131  -1.18204  278.216488  30.692009    5.600   8.225   99.99910  3.820016  356.765560  74.736993  18.4505109184348  -3.1114251  173.2216 /L    0.3504   0.1050523   259.19125   -7.570247         n.a.     n.a.
 2026-Nov-22 00:00 *m  04 05 51.68 +20 41 47.1  04 07 28.26 +20 46 14.6  -6.13866  -1.12049   61.099550  -7.624834    5.600   8.225   99.99966  3.820844  169.497312  74.648806  18.4465132836373  -2.4701227  175.8438 /L    0.2175   0.1040014   259.65569   -6.085660         n.a.     n.a.
 2026-Nov-24 12:00  m  04 05 25.18 +20 40 36.7  04 07 01.78 +20 45 05.2  -6.23277  -1.20009  280.280655  26.233254    5.599   8.225   99.99995  3.821281  342.224632  74.559680  18.4444023194603  -0.4135255  178.4733 /L    0.0840   0.1057877   259.10134   -1.010247        4.387    1.875
 2026-Nov-27 00:00 *   04 04 58.75 +20 39 25.7  04 06 35.37 +20 43 55.1  -6.16635  -1.13016   63.834959  -3.653164    5.599   8.225   99.99998  3.821307  154.948231  74.470675  18.4442796789247   0.2088776  178.8809 /T    0.0505   0.1044844   259.61418   0.5080025         n.a.     n.a.
 2026-Nov-29 12:00  m  04 04 32.24 +20 38 14.8  04 06 08.89 +20 42 45.5  -6.20969  -1.20557  282.345325  21.802220    5.599   8.225   99.99973  3.820937  327.668177  74.381187  18.4460631072291   2.2921985  176.2488 /T    0.1838   0.1054272   259.01312   5.5635531        1.437    5.723
 2026-Dec-02 00:00 *   04 04 05.94 +20 37 03.8  04 05 42.58 +20 41 35.3  -6.12898  -1.12733   66.418781   0.411439    5.600   8.225   99.99921  3.820157  140.385323  74.292300  18.4498301203120   2.9002731  173.6167 /T    0.3169   0.1038632   259.57785   7.1311906         n.a.     n.a.
 2026-Dec-04 12:00  m  04 03 39.71 +20 35 53.2  04 05 16.33 +20 40 25.7  -6.11863  -1.19698  284.433051  17.406815    5.600   8.225   99.99842  3.818980  313.099605  74.203420  18.4555180291893   4.9979999  170.9738 /T    0.4496   0.1039102   258.93111   12.161663        0.245   33.631
 2026-Dec-07 00:00 *   04 03 13.85 +20 34 43.0  04 04 50.46 +20 39 16.2  -6.02199  -1.11047   68.873812   4.554061    5.601   8.225   99.99738  3.817397  125.812047  74.115660  18.4631700086218   5.5843014  168.3376 /T    0.5810   0.1020587   259.55193   13.770058         n.a.     n.a.
 2026-Dec-09 12:00     04 02 48.20 +20 33 33.6  04 04 24.82 +20 38 07.8  -5.95651  -1.17382  286.564495  13.055746    5.602   8.225   99.99608  3.815420  298.522430  74.028429  18.4727347965276   7.6722631  165.6924 /T    0.7116   0.1011845   258.85183   18.750929         n.a.     n.a.
 2026-Dec-12 00:00 *m  04 02 23.07 +20 32 25.1  04 03 59.69 +20 37 00.1  -5.84404  -1.07969   71.221291   8.761562    5.604   8.225   99.99455  3.813050  111.231934  73.942851  18.4842165320631   8.2235491  163.0554 /T    0.8401   0.0990490   259.53262   20.379504         n.a.     n.a.
 2026-Dec-14 12:00     04 01 58.30 +20 31 17.7  04 03 34.91 +20 35 53.9  -5.72456  -1.13600  288.759389   8.758364    5.605   8.225   99.99280  3.810296  283.940185  73.858327  18.4975757281814  10.2773033  160.4106 /T    0.9672   0.0972697   258.77584   25.288112         n.a.     n.a.
 2026-Dec-17 00:00 *m  04 01 34.19 +20 30 11.8  04 03 10.78 +20 34 48.6  -5.59868  -1.03535   73.481804  13.022139    5.607   8.225   99.99083  3.807167   96.648476  73.775961  18.5127795292848  10.7830704  157.7754 /T    1.0918   0.0948934   259.52282   26.916852         n.a.     n.a.
 2026-Dec-19 12:00     04 01 10.59 +20 29 07.3  04 02 47.14 +20 33 45.1  -5.42806  -1.08459  291.036930   4.524665    5.609   8.224   99.98867  3.803670  269.356254  73.695145  18.5298024149103  12.7813569  155.1335 /T    1.2144   0.0922559   258.70039   31.734386         n.a.     n.a.
 2026-Dec-22 00:00 *m  04 00 47.78 +20 28 04.7  04 02 24.32 +20 32 42.9  -5.29193  -0.97856   75.675592  17.325154    5.611   8.224   99.98635  3.799820   82.064913  73.616950  18.5485774009115  13.2351207  152.5022 /T    1.3338   0.0896941   259.52344   33.346089         n.a.     n.a.
 2026-Dec-24 12:00  m  04 00 25.59 +20 27 03.8  04 02 02.13 +20 31 43.1  -5.07458  -1.02063  293.416799   0.365633    5.614   8.224   99.98386  3.795620  254.773717  73.540752  18.5690981643383  15.1643058  149.8647 /T    1.4508   0.0862701   258.62800   38.061752        3.718    2.212
 2026-Dec-27 00:00 *   04 00 04.31 +20 26 05.2  04 01 40.86 +20 30 45.2  -4.93115  -0.91030   77.822819  21.661281    5.616   8.224   99.98125  3.791093   67.484132  73.467578  18.5912720855151  15.5704451  147.2381 /T    1.5642   0.0835745   259.54084   39.656785         n.a.     n.a.
 2026-Dec-29 12:00  m  03 59 43.76 +20 25 08.8  04 01 20.26 +20 29 49.7  -4.66882  -0.94445  295.919526  -3.706802    5.619   8.224   99.97852  3.786237  240.195285  73.396818  18.6151185504985  17.4254664  144.6053 /T    1.6748   0.0793898   258.56401   44.285590         n.a.     n.a.
$$EOE
**********************************************************************************************************************************************************************************************************************************************************************************************
Column meaning:
 
TIME

  Times PRIOR to 1962 are UT1, a mean-solar time closely related to the
prior but now-deprecated GMT. Times AFTER 1962 are in UTC, the current
civil or "wall-clock" time-scale. UTC is kept within 0.9 seconds of UT1
using integer leap-seconds for 1972 and later years.

  Conversion from the internal Barycentric Dynamical Time (TDB) of solar
system dynamics to the non-uniform civil UT time-scale requested for output
has not been determined for UTC times after the next July or January 1st.
Therefore, the last known leap-second is used as a constant over future
intervals.

  Time tags refer to the UT time-scale conversion from TDB on Earth
regardless of observer location within the solar system, although clock
rates may differ due to the local gravity field and no analog to "UT"
may be defined for that location.

  Any 'b' symbol in the 1st-column denotes a B.C. date. First-column blank
(" ") denotes an A.D. date.
 
CALENDAR SYSTEM

  Mixed calendar mode was active such that calendar dates after AD 1582-Oct-15
(if any) are in the modern Gregorian system. Dates prior to 1582-Oct-5 (if any)
are in the Julian calendar system, which is automatically extended for dates
prior to its adoption on 45-Jan-1 BC.  The Julian calendar is useful for
matching historical dates. The Gregorian calendar more accurately corresponds
to the Earth's orbital motion and seasons. A "Gregorian-only" calendar mode is
available if such physical events are the primary interest.

  NOTE: "n.a." in output means quantity "not available" at the print-time.
 
SOLAR PRESENCE (OBSERVING SITE)
  Time tag is followed by a blank, then a solar-presence symbol:

       '*'  Daylight (refracted solar upper-limb on or above apparent horizon)
       'C'  Civil twilight/dawn
       'N'  Nautical twilight/dawn
       'A'  Astronomical twilight/dawn
       ' '  Night OR geocentric ephemeris

LUNAR PRESENCE (OBSERVING SITE)
  The solar-presence symbol is immediately followed by a lunar-presence symbol:

       'm'  Refracted upper-limb of Moon on or above apparent horizon
       ' '  Refracted upper-limb of Moon below apparent horizon OR geocentric
            ephemeris
 
 'R.A._____(ICRF)_____DEC' =
  Astrometric right ascension and declination of the target center with
respect to the observing site (coordinate origin) in the reference frame of
the planetary ephemeris (ICRF). Compensated for down-leg light-time delay
aberration.

  Units: RA  in hours-minutes-seconds of time,    HH MM SS.ff{ffff}
         DEC in degrees-minutes-seconds of arc,  sDD MN SC.f{ffff}
 
 'R.A.__(a-apparent)__DEC' =
  Airless apparent right ascension and declination of the target center
with respect to an instantaneous reference frame defined by the Earth equator
of-date (z-axis) and meridian containing the Earth equinox of-date (x-axis,
EOP-corrected IAU76/80). Compensated for down-leg light-time delay,
gravitational deflection of light, stellar aberration, precession & nutation.
Note: equinox (RA origin) is offset -53 mas from the of-date frame defined
by the IAU06/00a P & N system.

  Units: RA  in hours-minutes-seconds of time,   HH MM SS.ff{ffff}
         DEC in degrees-minutes-seconds of arc, sDD MN SC.f{ffff}
 
 'dRA*cosD d(DEC)/dt' =
  The angular rate of change in apparent RA and DEC of the target. This is
with respect to the non-inertial IAU76/80 Earth true equator and equinox
of-date reference frame.  d(RA)/dt is multiplied by the cosine of declination
to provide a linear rate in the plane-of-sky. Units: ARCSECONDS PER HOUR
 
 'Azi____(a-app)___Elev' =
  Airless apparent azimuth and elevation of target center. Compensated
for light-time, the gravitational deflection of light, stellar aberration,
precession and nutation. Azimuth is measured clockwise from north:

  North(0) -> East(90) -> South(180) -> West(270) -> North (360)

Elevation angle is with respect to a plane perpendicular to the reference
surface local zenith direction. TOPOCENTRIC ONLY.  Units: DEGREES
 
 'APmag   S-brt' =
  The targets' approximate apparent visual magnitude and surface brightness.
For planets and natural satellites, output is restricted to solar phase angles
covered by observational data. Outside the observed phase angle range, "n.a."
may be output to avoid extrapolation beyond the limit of model validity.

   For Earth-based observers, the estimated dimming due to atmospheric
absorption (extinction) is available as a separate, requestable quantity.

   Surface brightness is the average airless visual magnitude of a
square-arcsecond of the illuminated portion of the apparent disk. It is
computed only if the target radius is known.

   Units: MAGNITUDES & MAGNITUDES PER SQUARE ARCSECOND
 
 'Illu%' =
   Fraction of the target objects' assumed circular disk illuminated by Sun
(phase), as seen by the observer.  Units: PERCENT
 
 'Ang-diam' =
   The equatorial angular width of the target body full disk, if it were fully
illuminated and visible to the observer. If the target body diameter is unknown
"n.a." is output.

   Units: ARCSECONDS
 
 'ObsSub-LON ObsSub-LAT' =
   Apparent planetodetic longitude and latitude of the center of the target
disc seen by the OBSERVER at print-time. This is NOT exactly the same as the
"nearest" sub-point for a non-spherical target shape (since the center of the
disc might not be the point closest to the observer), but is generally very
close if not a very irregular body shape. Down-leg light travel-time from
target to observer is taken into account. Latitude is the angle between the
equatorial plane and the line perpendicular to the reference ellipsoid of the
body, so includes body oblateness. The reference ellipsoid is an oblate
spheroid with a single flatness coefficient in which the y-axis body radius
is taken to be the same value as the x-axis radius. For Jupiter, Saturn, and
Uranus, IAU2015 longitude is based on the "System III" prime meridian rotation
angle of the magnetic field. By contrast, pole direction (thus latitude) is
relative to the body dynamical equator.  There can be an offset between the
magnetic pole and the dynamical pole of rotation. For Neptune, rotation is
IAU2015 "System II" rotation of optically observed features in the Neptunian
atmosphere. Positive longitude is to the EAST for this target. Cartographic
system is specified in the header. Units: DEGREES DEGREES
 
 'delta      deldot' =
   Apparent range ("delta", light-time aberrated) and range-rate ("delta-dot")
of the target center relative to the observer. A positive "deldot" means the
target center is moving away from the observer, negative indicates movement
toward the observer.  Units: AU and KM/S
 
 'S-O-T /r' =
   Sun-Observer-Target apparent SOLAR ELONGATION ANGLE seen from the observers'
location at print-time.

   The '/r' column provides a code indicating the targets' apparent position
relative to the Sun in the observers' sky, as described below:

   Case A: For an observing location on the surface of a rotating body, that
body rotational sense is considered:

    /T indicates target TRAILS Sun   (evening sky: rises and sets AFTER Sun)
    /L indicates target LEADS Sun    (morning sky: rises and sets BEFORE Sun)

   Case B: For an observing point that does not have a rotational model (such
as a spacecraft), the "leading" and "trailing" condition is defined by the
observers' heliocentric ORBITAL motion:

    * If continuing in the observers' current direction of heliocentric
       motion would encounter the targets' apparent longitude first, followed
       by the Sun's, the target LEADS the Sun as seen by the observer.

    * If the Sun's apparent longitude would be encountered first, followed
       by the targets', the target TRAILS the Sun.

   Two other codes can be output:
    /* indicates observer is Sun-centered    (undefined)
    /? Target is aligned with Sun center     (no lead or trail)

   The S-O-T solar elongation angle is numerically the minimum separation
angle of the Sun and target in the sky in any direction. It does NOT indicate
the amount of separation in the leading or trailing directions, which would
be defined along the equator of a spherical coordinate system.

   Units: DEGREES
 
 'S-T-O' =
   The Sun-Target-Observer angle; the interior vertex angle at target center
formed by a vector from the target to the apparent center of the Sun (at
reflection time on the target) and the apparent vector from target to the
observer at print-time. Slightly different from true PHASE ANGLE (requestable
separately) at the few arcsecond level in that it includes stellar aberration
on the down-leg from target to observer.  Units: DEGREES
 
 'Sky_motion  Sky_mot_PA  RelVel-ANG' =
  Total apparent angular rate of the target in the plane-of-sky. "Sky_mot_PA"
is the position angle of the target's direction of motion in the plane-of-sky,
measured counter-clockwise from the apparent of-date north pole direction.
"RelVel-ANG" is the flight path angle of the target's relative motion with
respect to the observer's line-of-sight, in the range [-90,+90], where positive
values indicate motion away from the observer, negative values are toward the
observer:

  -90 = target is moving directly toward the observer
    0 = target is moving at right angles to the observer's line-of-sight
  +90 = target is moving directly away from the observer

UNITS:  ARCSECONDS/MINUTE, DEGREES, DEGREES
 
 'Lun_Sky_Brt  sky_SNR' =
  Sky brightness due to moonlight scattered by Earth's atmosphere at the
target's position in the sky. "sky_SNR" is the visual signal-to-noise ratio
(SNR) of the target's surface brightness relative to background sky. Output
only for topocentric Earth observers when both the Moon and target are above
the local horizon and the Sun is in astronomical twilight (or further) below
the horizon, and the target is not the Moon or Sun. If all conditions are
not met, "n.a." is output. Galactic brightness, local sky light-pollution
and weather are NOT considered. Lunar opposition surge is considered. The
value returned is accurate under ideal conditions at the approximately 8-23%
level, so is a useful but not definitive value.

  If the target-body radius is also known, "sky_SNR" is output. This is the
approximate visual signal-to-noise ratio of the target's brightness divided
by lunar sky brightness. When sky_SNR < 1, the target is dimmer than the
ideal moonlight-scattering background sky, so unlikely to be detectable at
visual wavelengths. In practice, visibility requires sky_SNR > 1 and a
detector sensitive enough to reach the target's magnitude, even if it isn't
washed out by moonlight. When relating magnitudes and brightness values,
keep in mind their logarithmic relationship m2-m1 = -2.5*log_10(b2/b1).

  UNITS: VISUAL MAGNITUDES / ARCSECOND^2, and unitless ratio

Computations by ...

    Solar System Dynamics Group, Horizons On-Line Ephemeris System
    4800 Oak Grove Drive, Jet Propulsion Laboratory
    Pasadena, CA  91109   USA

    General site: https://ssd.jpl.nasa.gov/
    Mailing list: https://ssd.jpl.nasa.gov/email_list.html
    System news : https://ssd.jpl.nasa.gov/horizons/news.html
    User Guide  : https://ssd.jpl.nasa.gov/horizons/manual.html
    Connect     : browser        https://ssd.jpl.nasa.gov/horizons/app.html#/x
                  API            https://ssd-api.jpl.nasa.gov/doc/horizons.html
                  command-line   telnet ssd.jpl.nasa.gov 6775
                  e-mail/batch   https://ssd.jpl.nasa.gov/ftp/ssd/horizons_batch.txt
                  scripts        https://ssd.jpl.nasa.gov/ftp/ssd/SCRIPTS
    Author      : Jon.D.Giorgini@jpl.nasa.gov

**********************************************************************************************************************************************************************************************************************************************************************************************
