*******************************************************************************
 Revised: September 25, 2025           Uranus                               799
 
 PHYSICAL DATA:
  Mass x10^24 (kg)      = 86.813          Density (g/cm^3)       =  1.271
  Equat. radius (1 bar) = 25559+-4 km     Polar radius (km)      = 24973+-20
  Vol. Mean Radius (km) = 25362+-12       Flattening             =  0.02293
  Geometric Albedo      = 0.51
  Sid. rot. period (III)= 17.24+-0.01 h   Sid. rot. rate (rad/s) = -0.000101237
  Mean solar day, h     =~17.24           Rocky core mass (Mc/M) =  0.0012        
  GM (km^3/s^2)         = 5793950.6103    GM 1-sigma (km^3/s^2)  = +-4.3 
  Equ. grav, ge (m/s^2) =  8.87           Pol. grav, gp (m/s^2)  =   9.19+-0.02
  Visual magnitude V(1,0)= -7.11
  Vis. mag. (opposition)=  +5.52          Obliquity to orbit     = 97.77 deg
  Sidereal orbit period = 84.0120465 y    Sidereal orbit period  = 30685.4 d
  Mean daily motion     = 0.01176904 dg/d Mean orbit velocity    =  6.8 km/s
  Atmos. temp. (1 bar)  =  76+-2 K        Escape speed, km/s     =  21.3           
  Aroche(ice)/Rp        =  2.20           Hill's sphere rad., Rp = 2700
                                 Perihelion   Aphelion    Mean
  Solar Constant (W/m^2)         4.09         3.39        3.71
  Maximum Planetary IR (W/m^2)   0.72         0.55        0.63
  Minimum Planetary IR (W/m^2)   0.72         0.55        0.63
*******************************************************************************


*******************************************************************************
Ephemeris / WWW_USER Mon Apr  6 16:48:03 2026 Pasadena, USA      / Horizons    
*******************************************************************************
Target body name: Uranus (799)                    {source: ura184_merged}
Center body name: Earth (399)                     {source: DE441}
Center-site name: (user defined site below)
*******************************************************************************
Start time      : A.D. 2026-Jan-01 00:00:00.0000 UT      
Stop  time      : A.D. 2026-Dec-31 00:00:00.0000 UT      
Step-size       : 3600 minutes
*******************************************************************************
Target pole/equ : IAU_URANUS                      {East-longitude positive}
Target radii    : 25559.0, 25559.0, 24973.0 km    {Equator_a, b, pole_c}       
Center geodetic : 262.0, 22.0, .010               {E-lon(deg),Lat(deg),Alt(km)}
Center cylindric: 262.0, 5916.49461, 2374.41664   {E-lon(deg),Dxy(km),Dz(km)}
Center pole/equ : ITRF93                          {East-longitude positive}
Center radii    : 6378.137, 6378.137, 6356.752 km {Equator_a, b, pole_c}       
Target primary  : Sun
Vis. interferer : MOON (R_eq= 1737.400) km        {source: DE441}
Rel. light bend : Sun                             {source: DE441}
Rel. lght bnd GM: 1.3271E+11 km^3/s^2                                          
Atmos refraction: NO (AIRLESS)
RA format       : HMS
Time format     : CAL 
Calendar mode   : Mixed Julian/Gregorian
EOP file        : eop.260406.p260703                                           
EOP coverage    : DATA-BASED 1962-JAN-20 TO 2026-APR-06. PREDICTS-> 2026-JUL-02
Units conversion: 1 au= 149597870.700 km, c= 299792.458 km/s, 1 day= 86400.0 s 
Table cut-offs 1: Elevation (-90.0deg=NO ),Airmass (>38.000=NO), Daylight (NO )
Table cut-offs 2: Solar elongation (  0.0,180.0=NO ),Local Hour Angle( 0.0=NO )
Table cut-offs 3: RA/DEC angular rate (     0.0=NO )                           
**********************************************************************************************************************************************************************************************************************************************************************************************
 Date__(UT)__HR:MN     R.A._____(ICRF)_____DEC  R.A.__(a-apparent)__DEC  dRA*cosD d(DEC)/dt  Azi____(a-app)___Elev    APmag   S-brt      Illu%  Ang-diam  ObsSub-LON ObsSub-LAT             delta      deldot     S-O-T /r     S-T-O  Sky_motion  Sky_mot_PA  RelVel-ANG  Lun_Sky_Brt  sky_SNR
**********************************************************************************************************************************************************************************************************************************************************************************************
$$SOE
 2026-Jan-01 00:00 *m  03 41 25.53 +19 25 28.6  03 42 56.94 +19 30 34.6  -4.09286  -0.85127   82.626216  40.552962    5.646   8.236   99.97084  3.757945    3.751294  69.516106  18.7552639999259  19.6659147  137.3828 /T    1.9525   0.0696741   258.25055   51.226499         n.a.     n.a.
 2026-Jan-03 12:00 Am  03 41 08.95 +19 24 36.7  03 42 40.33 +19 29 43.4  -3.70348  -0.85516  306.259900 -25.495841    5.649   8.236   99.96794  3.752021  176.501889  69.455692  18.7848734485154  21.2660669  134.7644 /T    2.0479   0.0633488   256.99794   55.924001         n.a.     n.a.
 2026-Jan-06 00:00 *   03 40 53.54 +19 23 48.6  03 42 24.93 +19 28 55.7  -3.59435  -0.73903   84.054414  45.208556    5.652   8.236   99.96505  3.745865  349.253845  69.399491  18.8157457571242  21.5692868  132.1599 /T    2.1385   0.0611589   258.38135   57.180746         n.a.     n.a.
 2026-Jan-08 12:00 Am  03 40 39.14 +19 23 03.7  03 42 10.46 +19 28 11.5  -3.17139  -0.73322  309.622261 -29.207545    5.656   8.236   99.96217  3.739452  162.006024  69.346984  18.8480153163535  23.0389598  129.5501 /T    2.2252   0.0542508   256.98209   61.786281         n.a.     n.a.
 2026-Jan-11 00:00 *   03 40 25.99 +19 22 23.0  03 41 57.29 +19 27 30.9  -3.05771  -0.61695   85.514236  49.860363    5.660   8.235   99.95936  3.732837  334.760149  69.298962  18.8814147190262  23.3036344  126.9545 /T    2.3066   0.0519888   258.59266   63.015077         n.a.     n.a.
 2026-Jan-13 12:00 Am  03 40 13.95 +19 21 45.8  03 41 45.18 +19 26 54.1  -2.60331  -0.60137  313.346340 -32.719474    5.664   8.235   99.95661  3.725994  147.515020  69.254960  18.9160898715178  24.6283138  124.3540 /T    2.3839   0.0445311   256.99273   67.537531         n.a.     n.a.
 2026-Jan-16 00:00 *   03 40 03.21 +19 21 13.2  03 41 34.45 +19 26 21.5  -2.48544  -0.48583   87.038031  54.504328    5.668   8.235   99.95397  3.718984  320.272454  69.215692  18.9517461708734  24.8465016  121.7683 /T    2.4556   0.0422080   258.93994   68.735626         n.a.     n.a.
 2026-Jan-18 12:00 A   03 39 53.65 +19 20 44.2  03 41 24.84 +19 25 53.0  -2.00404  -0.46095  317.475368 -35.996202    5.672   8.235   99.95143  3.711778  133.031189  69.180735  18.9885387508101  26.0108934  119.1787 /T    2.5228   0.0342728   257.04660   73.172486         n.a.     n.a.
 2026-Jan-21 00:00 *m  03 39 45.45 +19 20 19.9  03 41 16.64 +19 25 29.0  -1.88375  -0.34770   88.673763  59.136449    5.676   8.235   99.94904  3.704441  305.793096  69.150708  19.0261486036172  26.1752461  116.6047 /T    2.5843   0.0319262   259.54208   74.330199         n.a.     n.a.
 2026-Jan-23 12:00 A   03 39 38.50 +19 19 59.6  03 41 09.60 +19 25 08.8  -1.38067  -0.31449  322.048775 -38.997009    5.681   8.235   99.94680  3.696943  118.556856  69.125228  19.0647388037890  27.1656463  114.0279 /T    2.6410   0.0236005   257.16801   78.678521         n.a.     n.a.
 2026-Jan-26 00:00 *m  03 39 32.93 +19 19 44.1  03 41 04.02 +19 24 53.3  -1.26116  -0.20473   90.499749  63.752351    5.685   8.235   99.94474  3.689351  291.324383  69.104808  19.1039706088719  27.2725298  111.4676 /T    2.6918   0.0212945   260.77953   79.778883         n.a.     n.a.
 2026-Jan-28 12:00 A   03 39 28.66 +19 19 32.6  03 40 59.68 +19 24 41.8  -0.74345  -0.16434  327.096014 -41.676009    5.690   8.235   99.94285  3.681633  104.094283  69.089089  19.1440196474049  28.0842924  108.9052 /T    2.7378   0.0126899   257.53504   84.030648         n.a.     n.a.
 2026-Jan-31 00:00 *m  03 39 25.78 +19 19 26.1  03 40 56.83 +19 24 35.4  -0.62794  -0.05961   92.655302  68.346799    5.694   8.235   99.94118  3.673857  276.868472  69.078473  19.1845372122726  28.1402868  106.3597 /T    2.7778   0.0105126   264.57673   85.048638         n.a.     n.a.
 2026-Feb-02 12:00 Am  03 39 24.21 +19 19 23.6  03 40 55.20 +19 24 33.0  -0.10045  -0.01252  332.628093 -43.983129    5.699   8.235   99.93970  3.665988   89.645495  69.072647  19.2257166164059  28.7788060  103.8123 /T    2.8128   0.0016871   262.89576   89.219456         n.a.     n.a.
 2026-Feb-05 00:00 *   03 39 24.04 +19 19 26.1  03 40 55.02 +19 24 35.4  0.011027  0.086845   95.422446  72.911782    5.703   8.235   99.93846  3.658094  262.427290  69.071927  19.2672047012830  28.7940895  101.2815 /T    2.8418   0.0014590   7.2366080   89.323865         n.a.     n.a.
 2026-Feb-07 12:00 Am  03 39 25.20 +19 19 32.6  03 40 56.09 +19 24 41.8  0.546175  0.140621  338.626184 -45.867074    5.708   8.235   99.93743  3.650137   75.212384  69.076070  19.3092061157500  29.2598884   98.7486 /T    2.8658   0.0093998   75.561926   85.711860         n.a.     n.a.
 2026-Feb-10 00:00 *   03 39 27.76 +19 19 44.3  03 40 58.65 +19 24 53.1  0.654773  0.234236   99.477232  77.430404    5.713   8.235   99.93664  3.642186  248.002753  69.085310  19.3513562572987  29.2324173   96.2322 /T    2.8839   0.0115902   70.316069   84.701333         n.a.     n.a.
 2026-Feb-12 12:00 Am  03 39 31.66 +19 19 59.9  03 41 02.49 +19 25 08.6  1.194176  0.294317  345.031936 -47.278987    5.717   8.235   99.93609  3.634204   60.796927  69.099467  19.3938627815605  29.5183517   93.7139 /T    2.8968   0.0204985   76.154790   80.753606         n.a.     n.a.
 2026-Feb-15 00:00 *   03 39 36.96 +19 20 20.7  03 41 07.81 +19 25 29.2  1.298996  0.381121  106.927183  81.852849    5.722   8.235   99.93579  3.626259  233.596881  69.118677  19.4363510134563  29.4438418   91.2122 /T    2.9038   0.0225625   73.648513   79.794089         n.a.     n.a.
 2026-Feb-17 12:00 A   03 39 43.59 +19 20 45.4  03 41 14.37 +19 25 53.7  1.838318  0.446309  351.742474 -48.178510    5.727   8.234   99.93572  3.618314   46.401142  69.142813  19.4790300597643  29.5438870   88.7093 /T    2.9057   0.0315287   76.353707   75.894854         n.a.     n.a.
 2026-Feb-20 00:00 *m  03 39 51.60 +19 21 15.1  03 41 22.37 +19 26 23.1  1.937749  0.525491  128.242266  85.919205    5.731   8.234   99.93590  3.610439  219.211675  69.171912  19.5215179427134  29.4189492   86.2234 /T    2.9017   0.0334623   74.827088   74.975602         n.a.     n.a.
 2026-Feb-22 12:00 A   03 40 00.94 +19 21 48.7  03 41 31.62 +19 26 56.1  2.471102  0.594761  358.614997 -48.540179    5.736   8.234   99.93632  3.602594   32.027004  69.205886  19.5640263224839  29.3319667   83.7371 /T    2.8927   0.0423612   76.467067   71.143153         n.a.     n.a.
 2026-Feb-25 00:00 *m  03 40 11.60 +19 22 27.2  03 41 42.31 +19 27 34.1  2.562092  0.665020  208.305818  87.121501    5.741   8.234   99.93697  3.594850  204.849038  69.244658  19.6061743335506  29.1612800   81.2682 /T    2.8780   0.0441165   75.449338   70.275168         n.a.     n.a.
 2026-Feb-27 12:00 A   03 40 23.57 +19 23 09.3  03 41 54.24 +19 28 15.8  3.084305  0.737397    5.483419 -48.357520    5.745   8.234   99.93784  3.587164   17.676281  69.288186  19.6481819312642  28.8972953   78.7992 /T    2.8584   0.0528538   76.554091   66.519662         n.a.     n.a.
 2026-Mar-02 00:00 *m  03 40 36.81 +19 23 56.1  03 42 07.50 +19 29 02.3  3.166133  0.798505  247.911919  83.619867    5.750   8.234   99.93893  3.579604  190.510591  69.336301  19.6896783929324  28.6939621   76.3475 /T    2.8334   0.0544212   75.845074   65.705193         n.a.     n.a.
 2026-Mar-04 12:00 Am  03 40 51.32 +19 24 46.4  03 42 21.93 +19 29 52.0  3.675007  0.873900   12.182341 -47.644921    5.754   8.234   99.94022  3.572127    3.350491  69.389028  19.7308915312349  28.2657445   73.8954 /T    2.8035   0.0629580   76.623756   62.020852         n.a.     n.a.
 2026-Mar-07 00:00 *   03 41 07.04 +19 25 41.2  03 42 37.65 +19 30 46.1  3.749703  0.925984  258.502442  79.354293    5.759   8.234   99.94171  3.564798  176.197797  69.446127  19.7714577492554  28.0355733   71.4600 /T    2.7685   0.0643724   76.128425   61.243631         n.a.     n.a.
 2026-Mar-09 12:00 Nm  03 41 24.00 +19 26 39.3  03 42 54.55 +19 31 43.5  4.244015  1.004423   18.570587 -46.435365    5.763   8.234   99.94339  3.557574  349.051097  69.507700  19.8116022742110  27.4456831   69.0238 /T    2.7288   0.0726876   76.684907   57.614846         n.a.     n.a.
 2026-Mar-12 00:00 *   03 41 42.13 +19 27 41.8  03 43 12.71 +19 32 45.3  4.312203  1.047348  263.488068  74.981314    5.767   8.234   99.94523  3.550520  161.912158  69.573425  19.8509651016839  27.1863776   66.6038 /T    2.6840   0.0739595   76.348337   56.863277         n.a.     n.a.
 2026-Mar-14 12:00 Nm  03 42 01.44 +19 28 47.3  03 43 31.98 +19 33 50.2  4.789169  1.127806   24.547000 -44.774866    5.771   8.234   99.94724  3.543594  334.779618  69.643464  19.8897650157852  26.4348759   64.1829 /T    2.6348   0.0820028   76.748795   53.283030         n.a.     n.a.
 2026-Mar-17 00:00 *   03 42 21.86 +19 29 56.9  03 43 52.43 +19 34 59.2  4.850661  1.161151  266.625130  70.589045    5.775   8.234   99.94938  3.536857  147.655172  69.717415  19.9276474322174  26.1436019   61.7779 /T    2.5809   0.0831284   76.537868   52.549475         n.a.     n.a.
 2026-Mar-19 12:00 N   03 42 43.43 +19 31 09.4  03 44 13.92 +19 36 10.8  5.306684  1.242982   30.054944 -42.716743    5.779   8.233   99.95166  3.530271  320.537520  69.795488  19.9648239391039  25.2325175   59.3723 /T    2.5227   0.0908385   76.817296   49.014359         n.a.     n.a.
 2026-Mar-22 00:00 *m  03 43 06.02 +19 32 25.7  03 44 36.54 +19 37 26.2  5.359482  1.266106  268.942146  66.201094    5.783   8.233   99.95403  3.523895  133.428255  69.877189  20.0009499699121  24.9099127   56.9828 /T    2.4600   0.0917834   76.708320   48.303305         n.a.     n.a.
 2026-Mar-24 12:00 N   03 43 29.71 +19 33 44.6  03 45 00.20 +19 38 44.1  5.789957  1.348169   35.077050 -40.315593    5.787   8.233   99.95651  3.517689  306.326113  69.962768  20.0362332351713  23.8491323   54.5930 /T    2.3933   0.0990807   76.892453   44.821440         n.a.     n.a.
 2026-Mar-27 00:00 *m  03 43 54.33 +19 35 06.9  03 45 24.88 +19 40 05.8  5.832655  1.360875  270.831178  61.826361    5.790   8.233   99.95905  3.511710  119.232558  70.051644  20.0703495399503  23.5064905   52.2195 /T    2.3225   0.0998218   76.866706   44.144710         n.a.     n.a.
 2026-Mar-29 12:00 N   03 44 19.98 +19 36 31.6  03 45 50.49 +19 41 29.5  6.235270  1.443029   39.625064 -37.622841    5.794   8.233   99.96165  3.505918  292.146382  70.144119  20.1035080971181  22.3155968   49.8456 /T    2.2479   0.1066679   76.969441   40.723133         n.a.     n.a.
 2026-Apr-01 00:00 *m  03 44 46.48 +19 37 59.3  03 46 17.01 +19 42 56.5  6.269676  1.445767  272.474006  57.468836    5.797   8.233   99.96428  3.500364  105.068930  70.239560  20.1354069084917  21.9638503   47.4875 /T    2.1696   0.1072369   77.014762   40.078494         n.a.     n.a.
 2026-Apr-03 12:00 Nm  03 45 13.93 +19 39 29.2  03 46 44.42 +19 44 25.2  6.644750  1.528262   43.729300 -34.684996    5.801   8.233   99.96693  3.495010  277.999102  70.338338  20.1662482069295  20.6543142   45.1284 /T    2.0878   0.1136372   77.047483   36.706276         n.a.     n.a.
 2026-Apr-06 00:00 *   03 45 42.16 +19 41 01.8  03 47 12.69 +19 45 56.8  6.672856  1.521799  273.967224  53.130775    5.804   8.233   99.96958  3.489906   90.938141  70.439770  20.1957463338345  20.2940413   42.7842 /T    2.0027   0.1140698   77.152954   36.080716         n.a.     n.a.
 2026-Apr-08 12:00 Cm  03 46 11.28 +19 42 36.3  03 47 41.80 +19 47 30.2  7.019449  1.604099   47.429261 -31.542191    5.807   8.233   99.97222  3.485014  263.885056  70.544282  20.2240898929653  18.8704491   40.4384 /T    1.9142   0.1200067   77.127690   32.746822         n.a.     n.a.
 2026-Apr-11 00:00 *   03 46 41.09 +19 44 13.2  03 48 11.67 +19 49 06.3  7.041943  1.588335  275.368263  48.813659    5.809   8.233   99.97482  3.480382   76.840956  70.651139  20.2510083140050  18.4982542   38.1068 /T    1.8228   0.1203141   77.289432   32.129194         n.a.     n.a.
 2026-Apr-13 12:00 Cm  03 47 11.73 +19 45 51.7  03 48 42.29 +19 50 43.7  7.358398  1.670004   50.767803 -28.228371    5.812   8.232   99.97738  3.475977  249.804965  70.760809  20.2766748911366  16.9650523   35.7731 /T    1.7283   0.1257587   77.213205   28.824449         n.a.     n.a.
 2026-Apr-16 00:00 *   03 47 42.98 +19 47 32.4  03 49 13.57 +19 52 23.5  7.374545  1.645042  276.713645  44.518519    5.814   8.232   99.97985  3.471839   62.778047  70.872499  20.3008371112105  16.5791408   33.4533 /T    1.6311   0.1259300   77.424897   28.209983         n.a.     n.a.
 2026-Apr-18 12:00 C   03 48 14.97 +19 49 14.3  03 49 45.55 +19 54 04.0  7.657827  1.725164   53.787387 -24.771950    5.817   8.232   99.98226  3.467942  235.759420  70.986707  20.3236533857284  14.9439220   31.1312 /T    1.5313   0.1308291   77.304286   24.932237         n.a.     n.a.
 2026-Apr-21 00:00 *m  03 48 47.48 +19 50 58.0  03 50 18.14 +19 55 46.8  7.665894  1.690786  278.028661  40.246187    5.819   8.232   99.98455  3.464321   48.749862  71.102576  20.3448948760405  14.5483955   28.8231 /T    1.4292   0.1308356   77.562006   24.326162         n.a.     n.a.
 2026-Apr-23 12:00 C   03 49 20.65 +19 52 42.7  03 50 51.33 +19 57 30.3  7.913075  1.768964   56.527510 -21.196024    5.821   8.232   99.98674  3.460950  221.748681  71.220629  20.3647126227597  12.8306578   26.5129 /T    1.3247   0.1351398   77.398747   21.086703         n.a.     n.a.
 2026-Apr-26 00:00 *m  03 49 54.24 +19 54 28.8  03 51 24.98 +19 59 15.5  7.913484  1.725708  279.332448  35.997312    5.823   8.232   99.98879  3.457860   34.756457  71.339969  20.3829106660193  12.4392067   24.2166 /T    1.2183   0.1349910   77.698000   20.501386         n.a.     n.a.
 2026-Apr-28 12:00 C   03 50 28.41 +19 56 15.5  03 51 59.14 +20 01 01.0  8.125476  1.802144   59.024086 -17.519463    5.824   8.232   99.99071  3.455026  207.772628  71.461168  20.3996306003283  10.6577088   21.9178 /T    1.1099   0.1387154   77.494830   17.301134         n.a.     n.a.
 2026-May-01 00:00 *   03 51 02.90 +19 58 03.4  03 52 33.68 +20 02 47.8  8.120903  1.751294  280.639762  31.772635    5.826   8.232   99.99246  3.452475   20.797621  71.583315  20.4147025960935  10.2740490   19.6321 /T    1.0001   0.1384599   77.830382   16.730937         n.a.     n.a.
 2026-May-03 12:00 *m  03 51 37.89 +19 59 51.7  03 53 08.69 +20 04 34.7  8.298355  1.826002   61.308827 -13.757768    5.827   8.231   99.99406  3.450185  193.831034  71.707019  20.4282503326491   8.4374331   17.3430 /T    0.8885   0.1416147   77.590183   13.559974         n.a.     n.a.
 2026-May-06 00:00 *   03 52 13.12 +20 01 40.8  03 53 44.00 +20 06 22.8  8.290058  1.767863  281.963484  27.573256    5.828   8.231   99.99548  3.448181    6.873110  71.831351  20.4401259446413   8.0581562   15.0663 /T    0.7757   0.1412744   77.961937   12.994185         n.a.     n.a.
 2026-May-08 12:00 *m  03 52 48.77 +20 03 30.1  03 54 19.70 +20 08 10.9  8.432842  1.840417   63.409249  -9.923417    5.829   8.231   99.99672  3.446443  179.923596  71.956948  20.4504317068468   6.1716095   12.7852 /T    0.6616   0.1438556   77.688586   9.8401705         n.a.     n.a.
 2026-May-11 00:00 *   03 53 24.58 +20 05 19.8  03 54 55.57 +20 09 59.7  8.420803  1.775492  283.315150  23.400486    5.830   8.231   99.99777  3.444992  352.982552  72.082858  20.4590426840176   5.7931425   10.5158 /T    0.5466   0.1434324   78.093806   9.2701657         n.a.     n.a.
 2026-May-13 12:00 *m  03 54 00.72 +20 07 09.5  03 55 31.73 +20 11 48.1  8.527399  1.845320   65.349502  -6.026670    5.831   8.231   99.99862  3.443814  166.049862  72.209730  20.4660404244456   3.8638431    8.2414 /T    0.4306   0.1454130   77.789530   6.1249621         n.a.     n.a.
 2026-May-16 00:00 *m  03 54 36.94 +20 08 59.4  03 56 08.01 +20 13 36.8  8.510470  1.773625  284.705452  19.255877    5.831   8.231   99.99927  3.442925  339.125365  72.336584  20.4713250214436   3.4846550    5.9785 /T    0.3142   0.1448887   78.227776   5.5457530         n.a.     n.a.
 2026-May-18 12:00 *   03 55 13.40 +20 10 48.9  03 56 44.55 +20 15 25.0  8.578354  1.840157   67.150541  -2.075826    5.832   8.231   99.99972  3.442314  152.209066  72.464069  20.4749604456067   1.5256445    3.7109 /T    0.1970   0.1462250   77.892864   2.4083387         n.a.     n.a.
 2026-May-21 00:00 *m  03 55 49.83 +20 12 38.2  03 57 21.09 +20 17 13.5  8.554942  1.762022  286.145369  15.141358    5.832   8.231   99.99996  3.441991  325.300555  72.591182  20.4768809816762   1.1552963    1.4586 /T    0.0800   0.1455753   78.361800   1.8308807         n.a.     n.a.
 2026-May-23 12:00 *   03 56 26.41 +20 14 27.0  03 57 57.67 +20 19 00.8  8.583910  1.825053   68.830577   1.922851    5.832   8.230   99.99999  3.441948  138.399953  72.718580  20.4771407001419  -0.8101823    0.8289 /L    0.0387   0.1462630   77.996893   -1.287756         n.a.     n.a.
 2026-May-26 00:00 *m  03 57 02.87 +20 16 15.2  03 58 34.21 +20 20 48.2  8.556343  1.741865  287.646109  11.058868    5.831   8.230   99.99980  3.442188  311.506645  72.845274  20.4757080434354  -1.1624943    3.0697 /L    0.1553   0.1455307   78.493203   -1.854140         n.a.     n.a.
 2026-May-28 12:00 *   03 57 39.40 +20 18 02.7  03 59 10.79 +20 22 34.3  8.548505  1.801838   70.405263   5.963606    5.831   8.230   99.99941  3.442708  124.620938  72.971942  20.4726188720252  -3.1214177    5.3260 /L    0.2725   0.1456056   78.097524   -4.956567         n.a.     n.a.
 2026-May-31 00:00 *   03 58 15.72 +20 19 49.4  03 59 47.19 +20 24 20.0  8.518443  1.714361  289.219425   7.011694    5.830   8.230   99.99881  3.443507  297.742015  73.097611  20.4678673178283  -3.4580184    7.5734 /L    0.3890   0.1448207   78.621063   -5.518109         n.a.     n.a.
 2026-Jun-02 12:00 *m  03 58 52.02 +20 21 35.1  04 00 23.58 +20 26 04.5  8.474905  1.770842   71.888512  10.042407    5.829   8.230   99.99801  3.444584  110.870339  73.222965  20.4614656145624  -5.4047101    9.8279 /L    0.5053   0.1442990   78.197782   -8.616531         n.a.     n.a.
 2026-Jun-05 00:00 *   03 59 28.03 +20 23 19.8  04 00 59.68 +20 27 48.4  8.442846  1.679705  290.878433   3.003447    5.828   8.230   99.99702  3.445937  284.004895  73.347043  20.4534319020793  -5.7305566   12.0736 /L    0.6205   0.1434719   78.747921   -9.182378         n.a.     n.a.
 2026-Jun-07 12:00 *m  04 00 03.95 +20 25 03.4  04 01 35.68 +20 29 30.8  8.363301  1.732357   73.292269  14.155682    5.827   8.229   99.99582  3.447568   97.146295  73.470521  20.4437552719109  -7.6587479   14.3271 /L    0.7352   0.1423472   78.297368   -12.28798         n.a.     n.a.
 2026-Jun-10 00:00 *   04 00 39.49 +20 26 45.7  04 02 11.28 +20 31 12.1  8.328470  1.637776  292.637331  -0.961318    5.826   8.229   99.99445  3.449471  270.293294  73.592447  20.4324789501122  -7.9774027   16.5725 /L    0.8484   0.1414662   78.874859   -12.86629         n.a.     n.a.
 2026-Jun-12 12:00 *m  04 01 14.85 +20 28 26.6  04 02 46.72 +20 32 51.7  8.211768  1.686054   74.627420  18.300533    5.825   8.229   99.99289  3.451652   83.446636  73.713475  20.4195704800306  -9.8784123   18.8265 /L    0.9608   0.1397179   78.397190   -15.98895         n.a.     n.a.
 2026-Jun-15 00:00 *m  04 01 49.76 +20 30 05.9  04 03 21.73 +20 34 30.2  8.172095  1.588383  294.512078  -4.877025    5.823   8.229   99.99117  3.454099  256.604827  73.832658  20.4051020636928 -10.1876167   21.0728 /L    1.0713   0.1387505   79.000751   -16.58208         n.a.     n.a.
 2026-Jun-17 12:00 *   04 02 24.38 +20 31 43.8  04 03 56.47 +20 36 06.9  8.016744  1.631578   75.903504  22.474863    5.821   8.229   99.98929  3.456822   69.768702  73.950621  20.3890275790137 -12.0427324   23.3278 /L    1.1807   0.1363515   78.496205   -19.72021         n.a.     n.a.
 2026-Jun-20 00:00 *m  04 02 58.46 +20 33 19.7  04 04 30.62 +20 37 42.2  7.972354  1.531696  296.521002  -8.736933    5.819   8.229   99.98727  3.459804  242.936523  74.066443  20.3714554716834 -12.3303368   25.5751 /L    1.2878   0.1353027   79.124513   -20.31306         n.a.     n.a.
 2026-Jun-22 12:00 *   04 03 32.16 +20 34 54.0  04 05 04.41 +20 39 15.3  7.780855  1.570366   77.129493  26.677085    5.817   8.229   99.98511  3.463056   56.109282  74.180742  20.3523275390089 -14.1198448   27.8313 /L    1.3935   0.1322957   78.589592   -23.45688         n.a.     n.a.
 2026-Jun-25 00:00 *m  04 04 05.24 +20 36 26.2  04 05 37.55 +20 40 46.6  7.733918  1.469536  298.684511 -12.532805    5.815   8.228   99.98283  3.466556  229.285065  74.292648  20.3317801433069 -14.3834480   30.0802 /L    1.4966   0.1312049   79.241377   -24.04358         n.a.     n.a.
 2026-Jun-27 12:00 *   04 04 37.86 +20 37 56.6  04 06 10.29 +20 42 15.9  7.508749  1.503400   78.313689  30.905801    5.812   8.228   99.98044  3.470319   42.465007  74.402765  20.3097334189702 -16.1009299   32.3386 /L    1.5979   0.1276296   78.677962   -27.20063         n.a.     n.a.
 2026-Jun-30 00:00 *   04 05 09.78 +20 39 24.7  04 06 42.30 +20 43 43.3  7.460237  1.402223  301.026129 -16.254204    5.810   8.228   99.97797  3.474320  215.647023  74.510272  20.2863453635329 -16.3459094   34.5906 /L    1.6962   0.1265146   79.354909   -27.78771         n.a.     n.a.
 2026-Jul-02 12:00 *m  04 05 41.17 +20 40 51.0  04 07 13.82 +20 45 08.6  7.202425  1.431077   79.463791  35.159948    5.807   8.228   99.97541  3.478577   28.832380  74.615741  20.2615142489881 -17.9866648   36.8530 /L    1.7926   0.1223870   78.762045   -30.96953         n.a.     n.a.
 2026-Jul-05 00:00 *   04 06 11.79 +20 42 14.7  04 07 44.50 +20 46 31.7  7.151828  1.329876  303.572455 -19.888419    5.804   8.228   99.97280  3.483063  202.018807  74.718392  20.2354196423569 -18.2175926   39.1100 /L    1.8857   0.1212404   79.466211   -31.56571         n.a.     n.a.
 2026-Jul-07 12:00 *m  04 06 41.81 +20 43 36.4  04 08 14.61 +20 47 52.4  6.861510  1.353167   80.587812  39.438634    5.801   8.228   99.97013  3.487800   15.207674  74.818758  20.2079395003007 -19.7758130   41.3784 /L    1.9766   0.1165611   78.843786   -34.78509         n.a.     n.a.
 2026-Jul-10 00:00 *   04 07 10.97 +20 44 55.3  04 08 43.85 +20 49 10.6  6.807188  1.252434  306.353291 -23.420054    5.798   8.227   99.96744  3.492754  188.396525  74.916095  20.1792761905303 -19.9939722   43.6422 /L    2.0638   0.1153574   79.574909   -35.39869         n.a.     n.a.
 2026-Jul-12 12:00 *m  04 07 39.45 +20 46 12.2  04 09 12.47 +20 50 26.5  6.483341  1.269440   81.694122  43.741209    5.794   8.227   99.96472  3.497951    1.586792  75.010880  20.1492928766424 -21.4579340   45.9182 /L    2.1485   0.1101075   78.921629   -38.66679         n.a.     n.a.
 2026-Jul-15 00:00 *m  04 08 07.00 +20 47 26.1  04 09 40.11 +20 51 39.9  6.423593  1.169425  309.402200 -26.830255    5.791   8.227   99.96203  3.503354  174.775816  75.102413  20.1182200664565 -21.6554954   48.1899 /L    2.2293   0.1088196   79.682209   -39.29638         n.a.     n.a.
 2026-Jul-17 12:00 *   04 08 33.76 +20 48 37.7  04 10 07.01 +20 52 50.8  6.067640  1.180213   82.791882  48.067411    5.787   8.227   99.95934  3.508989  347.965102  75.191126  20.0859142930472 -23.0047847   50.4737 /L    2.3072   0.1030226   78.992872   -42.60657         n.a.     n.a.
 2026-Jul-20 00:00 *m  04 08 59.54 +20 49 46.2  04 10 32.83 +20 53 58.8  6.003912  1.082346  312.755702 -30.096397    5.784   8.227   99.95671  3.514812  161.151884  75.276389  20.0526350292633 -23.1714606   52.7533 /L    2.3809   0.1016782   79.780848   -43.23544         n.a.     n.a.
 2026-Jul-22 12:00 *   04 09 24.45 +20 50 52.4  04 10 57.86 +20 55 04.1  5.619815  1.087084   83.892691  52.416916    5.780   8.227   99.95413  3.520854  334.337771  75.358604  20.0182261740754 -24.3952165   55.0451 /L    2.4514   0.0953998   79.052050   -46.58265         n.a.     n.a.
 2026-Jul-25 00:00 *m  04 09 48.32 +20 51 55.3  04 11 21.80 +20 56 06.5  5.554019  0.991975  316.452169 -33.190959    5.776   8.227   99.95163  3.527067  147.519928  75.437219  19.9829637966973 -24.5346724   57.3332 /L    2.5175   0.0940318   79.873466   -47.20879         n.a.     n.a.
 2026-Jul-27 12:00 C   04 10 11.25 +20 52 55.9  04 11 44.88 +20 57 06.4  5.144474  0.990567   85.011084  56.789348    5.772   8.226   99.94921  3.533484  320.700059  75.512593  19.9466743852111 -25.6307077   59.6341 /L    2.5801   0.0873162   79.101098   -50.60148         n.a.     n.a.
 2026-Jul-30 00:00 *   04 10 33.09 +20 53 53.0  04 12 06.79 +20 58 03.3  5.076571  0.898607  320.530005 -36.080975    5.768   8.226   99.94690  3.540055  133.875261  75.584241  19.9096486141494 -25.7478392   61.9321 /L    2.6381   0.0859248   79.962017   -51.23176         n.a.     n.a.
 2026-Aug-01 12:00 Cm  04 10 53.93 +20 54 47.7  04 12 27.75 +20 58 57.5  4.643158  0.890538   86.168345  61.184354    5.763   8.226   99.94471  3.546816  307.047292  75.652466  19.8716975394925 -26.7136074   64.2437 /L    2.6924   0.0787965   79.142760   -54.68207         n.a.     n.a.
 2026-Aug-04 00:00 *   04 11 13.62 +20 55 38.9  04 12 47.49 +20 59 48.2  4.572211  0.802178  325.023555 -38.728092    5.759   8.226   99.94267  3.553713  120.213198  75.716846  19.8331256267040 -26.8116725   66.5533 /L    2.7419   0.0773675   80.048940   -55.32561         n.a.     n.a.
 2026-Aug-06 12:00 Cm  04 11 32.25 +20 56 27.5  04 13 06.25 +21 00 36.2  4.115229  0.786999   87.399125  65.601437    5.755   8.226   99.94076  3.560786  293.374758  75.777615  19.7937328527963 -27.6413189   68.8775 /L    2.7874   0.0698301   79.173444   -58.84963         n.a.     n.a.
 2026-Aug-09 00:00 *   04 11 49.68 +20 57 12.5  04 13 23.75 +21 01 20.9  4.039129  0.702231  329.957842 -41.088427    5.750   8.226   99.93903  3.567977  106.528953  75.834409  19.7538403933623 -27.7167984   71.2004 /L    2.8279   0.0683286   80.137301   -59.51710         n.a.     n.a.
 2026-Aug-11 12:00 Cm  04 12 05.98 +20 57 54.8  04 13 40.21 +21 02 03.0  3.559750  0.679542   88.765312  70.040037    5.746   8.226   99.93747  3.575324  279.677551  75.887395  19.7132449241489 -28.3966124   73.5383 /L    2.8642   0.0604005   79.192491   -63.12204         n.a.     n.a.
 2026-Aug-14 00:00 *m  04 12 21.03 +20 58 33.4  04 13 55.31 +21 02 41.5  3.478454  0.599376  335.341241 -43.113573    5.741   8.226   99.93612  3.582768   92.817546  75.936284  19.6722887660464 -28.4375817   75.8751 /L    2.8952   0.0588286   80.223308   -63.80650         n.a.     n.a.
 2026-Aug-16 12:00 C   04 12 34.88 +20 59 09.3  04 14 09.28 +21 03 17.0  2.980811  0.569684   90.398029  74.499125    5.736   8.225   99.93495  3.590346  265.950736  75.981190  19.6307687834161 -28.9525053   78.2266 /L    2.9219   0.0505793   79.180260   -67.48386         n.a.     n.a.
 2026-Aug-19 00:00 *m  04 12 47.45 +20 59 41.3  04 14 21.89 +21 03 48.8  2.896972  0.494845  341.155926 -44.753063    5.732   8.225   99.93401  3.597994   79.074204  76.021924  19.5890396277481 -28.9557675   80.5770 /L    2.9431   0.0489822   80.306602   -68.17117         n.a.     n.a.
 2026-Aug-21 12:00 C   04 12 58.78 +21 00 10.6  04 14 33.36 +21 04 17.8  2.386110  0.458382   92.637566  78.975712    5.727   8.225   99.93328  3.605753  252.189804  76.058554  19.5468892761341 -29.3050557   82.9423 /L    2.9597   0.0404957   79.125701   -71.91782         n.a.     n.a.
 2026-Aug-24 00:00 *m  04 13 08.81 +21 00 36.1  04 14 43.45 +21 04 43.2  2.300806  0.389333  347.349957 -45.957390    5.722   8.225   99.93278  3.613556   65.294733  76.090975  19.5046763145912 -29.2760078   85.3066 /L    2.9709   0.0388919   80.395635   -72.60898         n.a.     n.a.
 2026-Aug-26 12:00 C   04 13 17.56 +21 00 58.8  04 14 52.34 +21 05 05.9  1.779889  0.345772   96.751408  83.459379    5.717   8.225   99.93250  3.621447  238.390843  76.119197  19.4621805701450 -29.4615882   87.6861 /L    2.9773   0.0302194   79.006316   -76.43348         n.a.     n.a.
 2026-Aug-29 00:00 *   04 13 24.99 +21 01 17.6  04 14 59.80 +21 05 24.8  1.693186  0.282763  353.833055 -46.683574    5.713   8.225   99.93247  3.629357   51.475453  76.143195  19.4197628860671 -29.4047330   90.0654 /L    2.9782   0.0286106   80.519056   -77.13416         n.a.     n.a.
 2026-Aug-31 12:00 Cm  04 13 31.12 +21 01 33.6  04 15 06.04 +21 05 40.7  1.164396  0.232070  114.561483  87.853636    5.708   8.225   99.93266  3.637329  224.550399  76.162907  19.3771980630330 -29.4274781   92.4605 /L    2.9743   0.0197883   78.728368   -81.04914         n.a.     n.a.
 2026-Sep-03 00:00 *   04 13 35.91 +21 01 45.6  04 15 10.87 +21 05 52.7  1.074596  0.175097    0.480098 -46.900671    5.703   8.225   99.93310  3.645296   37.613112  76.178377  19.3348496570032 -29.3431565   94.8561 /L    2.9647   0.0181461   80.745457   -81.77581         n.a.     n.a.
 2026-Sep-05 12:00 Cm  04 13 39.37 +21 01 54.8  04 15 14.48 +21 06 02.0  0.539645  0.116776  251.469370  87.244184    5.698   8.225   99.93377  3.653299  210.665349  76.189469  19.2924941909953 -29.1980820   97.2683 /L    2.9503   0.0092023   77.789753   -85.79641         n.a.     n.a.
 2026-Sep-08 00:00 *   04 13 41.49 +21 02 00.0  04 15 16.65 +21 06 07.4  0.446095  0.066221    7.144207 -46.593834    5.693   8.225   99.93467  3.661268   23.704694  76.196302  19.2505021621860 -29.0776399   99.6814 /L    2.9301   0.0075164   81.556339   -86.55776         n.a.     n.a.
 2026-Sep-10 12:00 Cm  04 13 42.24 +21 02 02.4  04 15 17.52 +21 06 10.2  -0.09118  0.000981  264.304314  82.768100    5.689   8.225   99.93581  3.669243  196.732854  76.198678  19.2086594862678 -28.7531227  102.1111 /L    2.9049   0.0015197   270.61616   -89.29688         n.a.     n.a.
 2026-Sep-13 00:00 *m  04 13 41.65 +21 02 00.8  04 15 16.96 +21 06 08.7  -0.18628  -0.04248   13.676267 -45.766986    5.684   8.225   99.93717  3.677153    9.747636  76.196811  19.1673415512370 -28.5876660  104.5415 /L    2.8741   0.0031844   257.15315   -88.52162         n.a.     n.a.
 2026-Sep-15 12:00 C   04 13 39.70 +21 01 56.4  04 15 15.11 +21 06 04.5  -0.71922  -0.11393  267.983442  78.199297    5.679   8.225   99.93874  3.685036  182.750736  76.190464  19.1263384762875 -28.0820184  106.9881 /L    2.8383   0.0121364   260.99890   -84.29407         n.a.     n.a.
 2026-Sep-18 00:00 *m  04 13 36.43 +21 01 48.0  04 15 11.89 +21 05 56.3  -0.81300  -0.14967   19.944802 -44.441562    5.674   8.225   99.94052  3.692821  355.740241  76.179950  19.0860184070528 -27.8752663  109.4349 /L    2.7968   0.0137777   259.56869   -83.49466         n.a.     n.a.
 2026-Sep-20 12:00 C   04 13 31.81 +21 01 36.9  04 15 07.39 +21 05 45.6  -1.33660  -0.22712  270.123853  73.600263    5.670   8.225   99.94250  3.700547  168.717801  76.164983  19.0461710858756 -27.1965522  111.8978 /L    2.7504   0.0225960   260.35612   -79.17121         n.a.     n.a.
 2026-Sep-23 00:00 *m  04 13 25.91 +21 01 21.9  04 15 01.52 +21 05 31.0  -1.42794  -0.25515   25.850890 -42.652697    5.665   8.225   99.94465  3.708143  341.681750  76.145961  19.0071530163845 -26.9549690  114.3608 /L    2.6986   0.0241760   259.86907   -78.35625         n.a.     n.a.
 2026-Sep-25 12:00 C   04 13 18.67 +21 01 04.2  04 14 54.38 +21 05 13.8  -1.93826  -0.33820  271.741773  68.980490    5.661   8.225   99.94697  3.715649  154.633672  76.122543  18.9687561801046 -26.1114944  116.8400 /L    2.6418   0.0327924   260.10234   -73.93603         n.a.     n.a.
 2026-Sep-28 00:00 *   04 13 10.21 +21 00 42.6  04 14 45.92 +21 04 52.6  -2.02764  -0.35838   31.334029 -40.444583    5.657   8.225   99.94943  3.722996  327.572144  76.095200  18.9313244642090 -25.8392942  119.3195 /L    2.5798   0.0343179   259.97680   -73.09478         n.a.     n.a.
 2026-Sep-30 12:00 Nm  04 13 00.43 +21 00 18.4  04 14 36.25 +21 04 28.9  -2.52226  -0.44715  273.128767  64.344006    5.652   8.225   99.95204  3.730221  140.498613  76.063527  18.8946561958570 -24.8369853  121.8157 /L    2.5130   0.0426932   259.94694   -68.56557         n.a.     n.a.
 2026-Oct-03 00:00 *   04 12 49.47 +20 59 50.5  04 14 25.34 +21 04 01.4  -2.61059  -0.45972   36.369275 -37.864920    5.648   8.224   99.95475  3.737257  313.411879  76.028064  18.8590850069002 -24.5315659  124.3125 /L    2.4411   0.0441793   260.01262   -67.67997         n.a.     n.a.
 2026-Oct-05 12:00 Nm  04 12 37.23 +20 59 20.0  04 14 13.21 +21 03 31.7  -3.08621  -0.55336  274.402234  59.693637    5.644   8.224   99.95756  3.744138  126.313254  75.988348  18.8244248713622 -23.3674221  126.8264 /L    2.3645   0.0522570   259.83489   -63.03067         n.a.     n.a.
 2026-Oct-08 00:00 *   04 12 23.87 +20 58 45.9  04 13 59.86 +21 02 58.2  -3.17210  -0.55785   40.959774 -34.960784    5.640   8.224   99.96043  3.750798  299.201800  75.945001  18.7910022888347 -23.0193138  129.3408 /L    2.2832   0.0536796   260.02582   -62.09139         n.a.     n.a.
 2026-Oct-10 12:00 N   04 12 09.27 +20 58 09.3  04 13 45.34 +21 02 22.3  -3.62229  -0.65521  275.619304  55.031912    5.636   8.224   99.96337  3.757267  112.078733  75.897531  18.7586467950706 -21.6934651  131.8719 /L    2.1972   0.0613512   259.74712   -57.33008         n.a.     n.a.
 2026-Oct-13 00:00 *m  04 11 53.63 +20 57 29.2  04 13 29.71 +21 01 42.7  -3.70191  -0.65094   45.127683 -31.776495    5.633   8.224   99.96633  3.763482  284.943430  75.846655  18.7276677716452 -21.3031830  134.4027 /L    2.1068   0.0626451   260.02715   -56.34974         n.a.     n.a.
 2026-Oct-15 12:00 N   04 11 36.84 +20 56 46.8  04 13 13.00 +21 01 01.1  -4.12048  -0.75098  276.812711  50.361782    5.629   8.225   99.96930  3.769473   97.797017  75.791859  18.6979031835601 -19.8284537  136.9494 /L    2.0121   0.0698059   259.67096   -51.49269         n.a.     n.a.
 2026-Oct-18 00:00 *m  04 11 19.09 +20 56 01.3  04 12 55.29 +21 00 16.2  -4.19159  -0.73806   48.905676 -28.351750    5.626   8.225   99.97225  3.775180  270.639140  75.733940  18.6696367601879 -19.4049254  139.4949 /L    1.9134   0.0709345   260.01368   -50.48064         n.a.     n.a.
 2026-Oct-20 12:00 N   04 11 00.27 +20 55 13.5  04 12 36.55 +20 59 29.5  -4.57396  -0.84007  278.003888  45.686501    5.623   8.225   99.97516  3.780632   83.470799  75.672355  18.6427142077266 -17.7983703  142.0559 /L    1.8106   0.0775077   259.59285   -45.54163         n.a.     n.a.
 2026-Oct-23 00:00 *m  04 10 40.61 +20 54 22.8  04 12 16.89 +20 58 39.4  -4.63608  -0.81834   52.331505 -24.721511    5.620   8.225   99.97800  3.785774  256.291895  75.607966  18.6173924507491 -17.3493922  144.6151 /L    1.7043   0.0784625   259.98952   -44.49803         n.a.     n.a.
 2026-Oct-25 12:00 N   04 10 19.97 +20 53 30.1  04 11 56.30 +20 57 47.6  -4.97971  -0.92174  279.207963  41.009631    5.617   8.225   99.98076  3.790633   69.103251  75.540188  18.5935280721610 -15.6267475  147.1895 /L    1.5943   0.0844050   259.51326   -39.48255         n.a.     n.a.
 2026-Oct-28 00:00 C   04 09 58.60 +20 52 34.7  04 11 34.94 +20 56 52.8  -5.03360  -0.89188   55.443889 -20.916125    5.614   8.225   99.98341  3.795160  241.904970  75.469938  18.5713508931019 -15.1573651  149.7619 /L    1.4811   0.0852001   259.95237   -38.39933         n.a.     n.a.
 2026-Oct-30 12:00 Nm  04 09 36.35 +20 51 37.5  04 11 12.77 +20 55 56.6  -5.33677  -0.99584  280.437291  36.335126    5.612   8.225   99.98593  3.799378   54.697671  75.396591  18.5507343696791 -13.3284152  152.3497 /L    1.3647   0.0904815   259.43017   -33.30508         n.a.     n.a.
 2026-Nov-02 00:00 C   04 09 13.47 +20 50 37.9  04 10 49.92 +20 54 57.9  -5.38273  -0.95781   58.279767 -16.961321    5.610   8.225   99.98828  3.803242  227.481659  75.321110  18.5318879914712 -12.8328568  154.9354 /L    1.2455   0.0911213   259.91034   -32.16077         n.a.     n.a.
 2026-Nov-04 12:00 Nm  04 08 49.82 +20 49 36.6  04 10 26.31 +20 53 57.8  -5.64148  -1.06100  281.702856  31.667175    5.608   8.225   99.99048  3.806770   40.257373  75.242855  18.5147086907839 -10.9012581  157.5363 /L    1.1234   0.0956730   259.34876   -26.98587         n.a.     n.a.
 2026-Nov-07 00:00 C   04 08 25.68 +20 48 33.3  04 10 02.16 +20 52 55.2  -5.67608  -1.01431   60.873530 -12.879212    5.606   8.225   99.99248  3.809925  213.025361  75.162858  18.4993808903538 -10.3776315  160.1344 /L    0.9992   0.0960999   259.86825   -25.78089         n.a.     n.a.
 2026-Nov-09 12:00 N   04 08 00.88 +20 47 28.7  04 09 37.40 +20 51 51.6  -5.88506  -1.11508  283.014681  27.010572    5.604   8.225   99.99428  3.812720   25.785936  75.080483  18.4858174053802  -8.3589717  162.7469 /L    0.8725   0.0998295   259.27101   -20.54682         n.a.     n.a.
 2026-Nov-12 00:00 Cm  04 07 35.73 +20 46 22.4  04 09 12.26 +20 50 46.0  -5.90576  -1.05984   63.255881  -8.688858    5.603   8.225   99.99584  3.815124  198.539864  74.996818  18.4741677679181  -7.8166739  165.3553 /L    0.7442   0.1000018   259.82604   -19.29632         n.a.     n.a.
 2026-Nov-14 12:00 N   04 07 10.07 +20 45 15.1  04 08 46.65 +20 49 39.9  -6.06145  -1.15738  284.383213  22.370874    5.602   8.225   99.99718  3.817152   11.287296  74.911225  18.4643560876716  -5.7346983  167.9770 /L    0.6141   0.1028493   259.19000   -14.03184         n.a.     n.a.
 2026-Nov-17 00:00 Cm  04 06 44.21 +20 44 06.6  04 08 20.79 +20 48 32.2  -6.06755  -1.09372   65.454000  -4.406618    5.601   8.225   99.99827  3.818778  184.029198  74.824829  18.4564941738992  -5.1853676  170.5933 /L    0.4829   0.1027556   259.78170   -12.75072         n.a.     n.a.
 2026-Nov-19 12:00 N   04 06 17.97 +20 42 57.3  04 07 54.57 +20 47 24.1  -6.16902  -1.18702  285.819145  17.754169    5.600   8.225   99.99910  3.820014  356.765536  74.736977  18.4505196804447  -3.0625975  173.2218 /L    0.3504   0.1047030   259.10843   -7.477428         n.a.     n.a.
 2026-Nov-22 00:00 Cm  04 05 51.69 +20 41 47.2  04 07 28.27 +20 46 14.7  -6.16157  -1.11586   67.492112  -0.046795    5.600   8.225   99.99966  3.820845  169.497420  74.648812  18.4465076449847  -2.5154295  175.8435 /L    0.2175   0.1043633   259.73496   -6.175036         n.a.     n.a.
 2026-Nov-24 12:00 Nm  04 05 25.17 +20 40 36.7  04 07 01.77 +20 45 05.3  -6.20930  -1.20434  287.333882  13.167196    5.599   8.225   99.99995  3.821279  342.224609  74.559667  18.4444114533798  -0.3718372  178.4736 /L    0.0840   0.1054170   259.02332   -0.912163         n.a.     n.a.
 2026-Nov-27 00:00 C   04 04 58.75 +20 39 25.8  04 06 35.38 +20 43 55.2  -6.19034  -1.12629   69.391420   4.378237    5.599   8.225   99.99998  3.821308  154.948337  74.470680  18.4442736921360   0.1708883  178.8813 /T    0.0504   0.1048661   259.68824   0.4130251         n.a.     n.a.
 2026-Nov-29 12:00 Am  04 04 32.23 +20 38 14.8  04 06 08.88 +20 42 45.5  -6.18523  -1.20905  288.940382   8.617407    5.599   8.225   99.99973  3.820935  327.668154  74.381176  18.4460725529278   2.3264065  176.2486 /T    0.1839   0.1050382   258.93967   5.6669420        1.558    5.280
 2026-Dec-02 00:00 C   04 04 05.94 +20 37 03.9  04 05 42.59 +20 41 35.4  -6.15384  -1.12424   71.170668   8.857855    5.600   8.225   99.99921  3.820158  140.385428  74.292303  18.4498238469187   2.8699110  173.6171 /T    0.3168   0.1042616   259.64685   7.0305033         n.a.     n.a.
 2026-Dec-04 12:00 Am  04 03 39.71 +20 35 53.2  04 05 16.33 +20 40 25.8  -6.09340  -1.19966  290.652809   4.112964    5.600   8.225   99.99842  3.818978  313.099582  74.203411  18.4555277238554   5.0244501  170.9736 /T    0.4496   0.1035062   258.86211   12.270420        0.316   25.989
 2026-Dec-07 00:00 C   04 03 13.85 +20 34 43.1  04 04 50.47 +20 39 16.2  -6.04752  -1.10819   72.846636  13.382427    5.601   8.225   99.99738  3.817398  125.812150  74.115660  18.4631635125795   5.5618109  168.3380 /T    0.5810   0.1024703   259.61597   13.663610         n.a.     n.a.
 2026-Dec-09 12:00 A   04 02 48.19 +20 33 33.6  04 04 24.81 +20 38 07.9  -5.93073  -1.17569  292.487342  -0.336597    5.602   8.225   99.99608  3.815418  298.522410  74.028423  18.4727446752832   7.6907448  165.6921 /T    0.7116   0.1007689   258.78719   18.864994         n.a.     n.a.
 2026-Dec-12 00:00 Cm  04 02 23.07 +20 32 25.2  04 03 59.70 +20 37 00.2  -5.87002  -1.07823   74.433976  17.943419    5.604   8.225   99.99455  3.813052  111.232035  73.942849  18.4842098791644   8.2091069  163.0557 /T    0.8401   0.0994704   259.59170   20.267439         n.a.     n.a.
 2026-Dec-14 12:00 A   04 01 58.30 +20 31 17.8  04 03 34.91 +20 35 53.9  -5.69844  -1.13705  294.462494  -4.720474    5.605   8.225   99.99280  3.810294  283.940166  73.858323  18.4975857247419  10.2876744  160.4103 /T    0.9673   0.0968462   258.71558   25.407236         n.a.     n.a.
 2026-Dec-17 00:00 Cm  04 01 34.20 +20 30 11.9  04 03 10.79 +20 34 48.7  -5.62488  -1.03471   75.946221  22.533164    5.607   8.225   99.99083  3.807169   96.648574  73.775957  18.5127727864648  10.7767841  157.7757 /T    1.0918   0.0953210   259.57679   26.799534         n.a.     n.a.
 2026-Dec-19 12:00 A   04 01 10.59 +20 29 07.3  04 02 47.13 +20 33 45.1  -5.40182  -1.08481  296.599164  -9.026494    5.609   8.224   99.98867  3.803668  269.356237  73.695143  18.5298124622464  12.7835446  155.1332 /T    1.2144   0.0918279   258.64468   31.858117         n.a.     n.a.
 2026-Dec-22 00:00 Cm  04 00 47.78 +20 28 04.7  04 02 24.33 +20 32 43.0  -5.31814  -0.97875   77.396059  27.144755    5.611   8.224   99.98635  3.799821   82.065008  73.616944  18.5485706355651  13.2370280  152.5025 /T    1.3338   0.0901243   259.57194   33.224092         n.a.     n.a.
 2026-Dec-24 12:00 Am  04 00 25.59 +20 27 03.9  04 02 02.13 +20 31 43.1  -5.04845  -1.02004  298.921473 -13.240649    5.614   8.224   99.98386  3.795618  254.773702  73.540752  18.5691081953491  15.1583072  149.8644 /T    1.4508   0.0858411   258.57722   38.189448         n.a.     n.a.
 2026-Dec-27 00:00 C   04 00 04.30 +20 26 05.3  04 01 40.86 +20 30 45.3  -4.95715  -0.91131   78.795392  31.772228    5.616   8.224   99.98125  3.791095   67.484224  73.467570  18.5912653648717  15.5805147  147.2383 /T    1.5642   0.0840037   259.58323   39.530834         n.a.     n.a.
 2026-Dec-29 12:00 Am  03 59 43.76 +20 25 08.8  04 01 20.26 +20 29 49.7  -4.64301  -0.94304  301.457057 -17.346948    5.619   8.224   99.97852  3.786235  240.195272  73.396821  18.6151284986607  17.4113467  144.6051 /T    1.6748   0.0789635   258.51879   44.416579         n.a.     n.a.
$$EOE
**********************************************************************************************************************************************************************************************************************************************************************************************
Column meaning:
 
TIME

  Times PRIOR to 1962 are UT1, a mean-solar time closely related to the
prior but now-deprecated GMT. Times AFTER 1962 are in UTC, the current
civil or "wall-clock" time-scale. UTC is kept within 0.9 seconds of UT1
using integer leap-seconds for 1972 and later years.

  Conversion from the internal Barycentric Dynamical Time (TDB) of solar
system dynamics to the non-uniform civil UT time-scale requested for output
has not been determined for UTC times after the next July or January 1st.
Therefore, the last known leap-second is used as a constant over future
intervals.

  Time tags refer to the UT time-scale conversion from TDB on Earth
regardless of observer location within the solar system, although clock
rates may differ due to the local gravity field and no analog to "UT"
may be defined for that location.

  Any 'b' symbol in the 1st-column denotes a B.C. date. First-column blank
(" ") denotes an A.D. date.
 
CALENDAR SYSTEM

  Mixed calendar mode was active such that calendar dates after AD 1582-Oct-15
(if any) are in the modern Gregorian system. Dates prior to 1582-Oct-5 (if any)
are in the Julian calendar system, which is automatically extended for dates
prior to its adoption on 45-Jan-1 BC.  The Julian calendar is useful for
matching historical dates. The Gregorian calendar more accurately corresponds
to the Earth's orbital motion and seasons. A "Gregorian-only" calendar mode is
available if such physical events are the primary interest.

  NOTE: "n.a." in output means quantity "not available" at the print-time.
 
SOLAR PRESENCE (OBSERVING SITE)
  Time tag is followed by a blank, then a solar-presence symbol:

       '*'  Daylight (refracted solar upper-limb on or above apparent horizon)
       'C'  Civil twilight/dawn
       'N'  Nautical twilight/dawn
       'A'  Astronomical twilight/dawn
       ' '  Night OR geocentric ephemeris

LUNAR PRESENCE (OBSERVING SITE)
  The solar-presence symbol is immediately followed by a lunar-presence symbol:

       'm'  Refracted upper-limb of Moon on or above apparent horizon
       ' '  Refracted upper-limb of Moon below apparent horizon OR geocentric
            ephemeris
 
 'R.A._____(ICRF)_____DEC' =
  Astrometric right ascension and declination of the target center with
respect to the observing site (coordinate origin) in the reference frame of
the planetary ephemeris (ICRF). Compensated for down-leg light-time delay
aberration.

  Units: RA  in hours-minutes-seconds of time,    HH MM SS.ff{ffff}
         DEC in degrees-minutes-seconds of arc,  sDD MN SC.f{ffff}
 
 'R.A.__(a-apparent)__DEC' =
  Airless apparent right ascension and declination of the target center
with respect to an instantaneous reference frame defined by the Earth equator
of-date (z-axis) and meridian containing the Earth equinox of-date (x-axis,
EOP-corrected IAU76/80). Compensated for down-leg light-time delay,
gravitational deflection of light, stellar aberration, precession & nutation.
Note: equinox (RA origin) is offset -53 mas from the of-date frame defined
by the IAU06/00a P & N system.

  Units: RA  in hours-minutes-seconds of time,   HH MM SS.ff{ffff}
         DEC in degrees-minutes-seconds of arc, sDD MN SC.f{ffff}
 
 'dRA*cosD d(DEC)/dt' =
  The angular rate of change in apparent RA and DEC of the target. This is
with respect to the non-inertial IAU76/80 Earth true equator and equinox
of-date reference frame.  d(RA)/dt is multiplied by the cosine of declination
to provide a linear rate in the plane-of-sky. Units: ARCSECONDS PER HOUR
 
 'Azi____(a-app)___Elev' =
  Airless apparent azimuth and elevation of target center. Compensated
for light-time, the gravitational deflection of light, stellar aberration,
precession and nutation. Azimuth is measured clockwise from north:

  North(0) -> East(90) -> South(180) -> West(270) -> North (360)

Elevation angle is with respect to a plane perpendicular to the reference
surface local zenith direction. TOPOCENTRIC ONLY.  Units: DEGREES
 
 'APmag   S-brt' =
  The targets' approximate apparent visual magnitude and surface brightness.
For planets and natural satellites, output is restricted to solar phase angles
covered by observational data. Outside the observed phase angle range, "n.a."
may be output to avoid extrapolation beyond the limit of model validity.

   For Earth-based observers, the estimated dimming due to atmospheric
absorption (extinction) is available as a separate, requestable quantity.

   Surface brightness is the average airless visual magnitude of a
square-arcsecond of the illuminated portion of the apparent disk. It is
computed only if the target radius is known.

   Units: MAGNITUDES & MAGNITUDES PER SQUARE ARCSECOND
 
 'Illu%' =
   Fraction of the target objects' assumed circular disk illuminated by Sun
(phase), as seen by the observer.  Units: PERCENT
 
 'Ang-diam' =
   The equatorial angular width of the target body full disk, if it were fully
illuminated and visible to the observer. If the target body diameter is unknown
"n.a." is output.

   Units: ARCSECONDS
 
 'ObsSub-LON ObsSub-LAT' =
   Apparent planetodetic longitude and latitude of the center of the target
disc seen by the OBSERVER at print-time. This is NOT exactly the same as the
"nearest" sub-point for a non-spherical target shape (since the center of the
disc might not be the point closest to the observer), but is generally very
close if not a very irregular body shape. Down-leg light travel-time from
target to observer is taken into account. Latitude is the angle between the
equatorial plane and the line perpendicular to the reference ellipsoid of the
body, so includes body oblateness. The reference ellipsoid is an oblate
spheroid with a single flatness coefficient in which the y-axis body radius
is taken to be the same value as the x-axis radius. For Jupiter, Saturn, and
Uranus, IAU2015 longitude is based on the "System III" prime meridian rotation
angle of the magnetic field. By contrast, pole direction (thus latitude) is
relative to the body dynamical equator.  There can be an offset between the
magnetic pole and the dynamical pole of rotation. For Neptune, rotation is
IAU2015 "System II" rotation of optically observed features in the Neptunian
atmosphere. Positive longitude is to the EAST for this target. Cartographic
system is specified in the header. Units: DEGREES DEGREES
 
 'delta      deldot' =
   Apparent range ("delta", light-time aberrated) and range-rate ("delta-dot")
of the target center relative to the observer. A positive "deldot" means the
target center is moving away from the observer, negative indicates movement
toward the observer.  Units: AU and KM/S
 
 'S-O-T /r' =
   Sun-Observer-Target apparent SOLAR ELONGATION ANGLE seen from the observers'
location at print-time.

   The '/r' column provides a code indicating the targets' apparent position
relative to the Sun in the observers' sky, as described below:

   Case A: For an observing location on the surface of a rotating body, that
body rotational sense is considered:

    /T indicates target TRAILS Sun   (evening sky: rises and sets AFTER Sun)
    /L indicates target LEADS Sun    (morning sky: rises and sets BEFORE Sun)

   Case B: For an observing point that does not have a rotational model (such
as a spacecraft), the "leading" and "trailing" condition is defined by the
observers' heliocentric ORBITAL motion:

    * If continuing in the observers' current direction of heliocentric
       motion would encounter the targets' apparent longitude first, followed
       by the Sun's, the target LEADS the Sun as seen by the observer.

    * If the Sun's apparent longitude would be encountered first, followed
       by the targets', the target TRAILS the Sun.

   Two other codes can be output:
    /* indicates observer is Sun-centered    (undefined)
    /? Target is aligned with Sun center     (no lead or trail)

   The S-O-T solar elongation angle is numerically the minimum separation
angle of the Sun and target in the sky in any direction. It does NOT indicate
the amount of separation in the leading or trailing directions, which would
be defined along the equator of a spherical coordinate system.

   Units: DEGREES
 
 'S-T-O' =
   The Sun-Target-Observer angle; the interior vertex angle at target center
formed by a vector from the target to the apparent center of the Sun (at
reflection time on the target) and the apparent vector from target to the
observer at print-time. Slightly different from true PHASE ANGLE (requestable
separately) at the few arcsecond level in that it includes stellar aberration
on the down-leg from target to observer.  Units: DEGREES
 
 'Sky_motion  Sky_mot_PA  RelVel-ANG' =
  Total apparent angular rate of the target in the plane-of-sky. "Sky_mot_PA"
is the position angle of the target's direction of motion in the plane-of-sky,
measured counter-clockwise from the apparent of-date north pole direction.
"RelVel-ANG" is the flight path angle of the target's relative motion with
respect to the observer's line-of-sight, in the range [-90,+90], where positive
values indicate motion away from the observer, negative values are toward the
observer:

  -90 = target is moving directly toward the observer
    0 = target is moving at right angles to the observer's line-of-sight
  +90 = target is moving directly away from the observer

UNITS:  ARCSECONDS/MINUTE, DEGREES, DEGREES
 
 'Lun_Sky_Brt  sky_SNR' =
  Sky brightness due to moonlight scattered by Earth's atmosphere at the
target's position in the sky. "sky_SNR" is the visual signal-to-noise ratio
(SNR) of the target's surface brightness relative to background sky. Output
only for topocentric Earth observers when both the Moon and target are above
the local horizon and the Sun is in astronomical twilight (or further) below
the horizon, and the target is not the Moon or Sun. If all conditions are
not met, "n.a." is output. Galactic brightness, local sky light-pollution
and weather are NOT considered. Lunar opposition surge is considered. The
value returned is accurate under ideal conditions at the approximately 8-23%
level, so is a useful but not definitive value.

  If the target-body radius is also known, "sky_SNR" is output. This is the
approximate visual signal-to-noise ratio of the target's brightness divided
by lunar sky brightness. When sky_SNR < 1, the target is dimmer than the
ideal moonlight-scattering background sky, so unlikely to be detectable at
visual wavelengths. In practice, visibility requires sky_SNR > 1 and a
detector sensitive enough to reach the target's magnitude, even if it isn't
washed out by moonlight. When relating magnitudes and brightness values,
keep in mind their logarithmic relationship m2-m1 = -2.5*log_10(b2/b1).

  UNITS: VISUAL MAGNITUDES / ARCSECOND^2, and unitless ratio

Computations by ...

    Solar System Dynamics Group, Horizons On-Line Ephemeris System
    4800 Oak Grove Drive, Jet Propulsion Laboratory
    Pasadena, CA  91109   USA

    General site: https://ssd.jpl.nasa.gov/
    Mailing list: https://ssd.jpl.nasa.gov/email_list.html
    System news : https://ssd.jpl.nasa.gov/horizons/news.html
    User Guide  : https://ssd.jpl.nasa.gov/horizons/manual.html
    Connect     : browser        https://ssd.jpl.nasa.gov/horizons/app.html#/x
                  API            https://ssd-api.jpl.nasa.gov/doc/horizons.html
                  command-line   telnet ssd.jpl.nasa.gov 6775
                  e-mail/batch   https://ssd.jpl.nasa.gov/ftp/ssd/horizons_batch.txt
                  scripts        https://ssd.jpl.nasa.gov/ftp/ssd/SCRIPTS
    Author      : Jon.D.Giorgini@jpl.nasa.gov

**********************************************************************************************************************************************************************************************************************************************************************************************
