*******************************************************************************
 Revised: September 25, 2025           Uranus                               799
 
 PHYSICAL DATA:
  Mass x10^24 (kg)      = 86.813          Density (g/cm^3)       =  1.271
  Equat. radius (1 bar) = 25559+-4 km     Polar radius (km)      = 24973+-20
  Vol. Mean Radius (km) = 25362+-12       Flattening             =  0.02293
  Geometric Albedo      = 0.51
  Sid. rot. period (III)= 17.24+-0.01 h   Sid. rot. rate (rad/s) = -0.000101237
  Mean solar day, h     =~17.24           Rocky core mass (Mc/M) =  0.0012        
  GM (km^3/s^2)         = 5793950.6103    GM 1-sigma (km^3/s^2)  = +-4.3 
  Equ. grav, ge (m/s^2) =  8.87           Pol. grav, gp (m/s^2)  =   9.19+-0.02
  Visual magnitude V(1,0)= -7.11
  Vis. mag. (opposition)=  +5.52          Obliquity to orbit     = 97.77 deg
  Sidereal orbit period = 84.0120465 y    Sidereal orbit period  = 30685.4 d
  Mean daily motion     = 0.01176904 dg/d Mean orbit velocity    =  6.8 km/s
  Atmos. temp. (1 bar)  =  76+-2 K        Escape speed, km/s     =  21.3           
  Aroche(ice)/Rp        =  2.20           Hill's sphere rad., Rp = 2700
                                 Perihelion   Aphelion    Mean
  Solar Constant (W/m^2)         4.09         3.39        3.71
  Maximum Planetary IR (W/m^2)   0.72         0.55        0.63
  Minimum Planetary IR (W/m^2)   0.72         0.55        0.63
*******************************************************************************


*******************************************************************************
Ephemeris / WWW_USER Mon Apr  6 16:48:59 2026 Pasadena, USA      / Horizons    
*******************************************************************************
Target body name: Uranus (799)                    {source: ura184_merged}
Center body name: Earth (399)                     {source: DE441}
Center-site name: (user defined site below)
*******************************************************************************
Start time      : A.D. 2026-Jan-01 00:00:00.0000 UT      
Stop  time      : A.D. 2026-Dec-31 00:00:00.0000 UT      
Step-size       : 3600 minutes
*******************************************************************************
Target pole/equ : IAU_URANUS                      {East-longitude positive}
Target radii    : 25559.0, 25559.0, 24973.0 km    {Equator_a, b, pole_c}       
Center geodetic : 256.5, 20.5, 1.55               {E-lon(deg),Lat(deg),Alt(km)}
Center cylindric: 256.5, 5978.12942, 2220.17182   {E-lon(deg),Dxy(km),Dz(km)}
Center pole/equ : ITRF93                          {East-longitude positive}
Center radii    : 6378.137, 6378.137, 6356.752 km {Equator_a, b, pole_c}       
Target primary  : Sun
Vis. interferer : MOON (R_eq= 1737.400) km        {source: DE441}
Rel. light bend : Sun                             {source: DE441}
Rel. lght bnd GM: 1.3271E+11 km^3/s^2                                          
Atmos refraction: NO (AIRLESS)
RA format       : HMS
Time format     : CAL 
Calendar mode   : Mixed Julian/Gregorian
EOP file        : eop.260406.p260703                                           
EOP coverage    : DATA-BASED 1962-JAN-20 TO 2026-APR-06. PREDICTS-> 2026-JUL-02
Units conversion: 1 au= 149597870.700 km, c= 299792.458 km/s, 1 day= 86400.0 s 
Table cut-offs 1: Elevation (-90.0deg=NO ),Airmass (>38.000=NO), Daylight (NO )
Table cut-offs 2: Solar elongation (  0.0,180.0=NO ),Local Hour Angle( 0.0=NO )
Table cut-offs 3: RA/DEC angular rate (     0.0=NO )                           
**********************************************************************************************************************************************************************************************************************************************************************************************
 Date__(UT)__HR:MN     R.A._____(ICRF)_____DEC  R.A.__(a-apparent)__DEC  dRA*cosD d(DEC)/dt  Azi____(a-app)___Elev    APmag   S-brt      Illu%  Ang-diam  ObsSub-LON ObsSub-LAT             delta      deldot     S-O-T /r     S-T-O  Sky_motion  Sky_mot_PA  RelVel-ANG  Lun_Sky_Brt  sky_SNR
**********************************************************************************************************************************************************************************************************************************************************************************************
$$SOE
 2026-Jan-01 00:00 *m  03 41 25.54 +19 25 28.6  03 42 56.94 +19 30 34.6  -4.08441  -0.84888   80.077311  35.259812    5.646   8.236   99.97084  3.757944    3.751288  69.516113  18.7552671010402  19.6403754  137.3827 /T    1.9525   0.0695282   258.25914   51.248794         n.a.     n.a.
 2026-Jan-03 12:00  m  03 41 08.95 +19 24 36.7  03 42 40.33 +19 29 43.4  -3.71159  -0.85767  302.442015 -22.107688    5.649   8.236   99.96794  3.752022  176.501908  69.455683  18.7848711417363  21.2929125  134.7644 /T    2.0479   0.0634899   256.98856   55.898397         n.a.     n.a.
 2026-Jan-06 00:00 *   03 40 53.54 +19 23 48.6  03 42 24.93 +19 28 55.7  -3.58659  -0.73641   81.293820  39.933141    5.652   8.236   99.96505  3.745865  349.253841  69.399499  18.8157486409220  21.5411891  132.1599 /T    2.1385   0.0610235   258.39710   57.204557         n.a.     n.a.
 2026-Jan-08 12:00  m  03 40 39.14 +19 23 03.7  03 42 10.46 +19 28 11.5  -3.17878  -0.73595  305.369927 -26.050868    5.656   8.236   99.96217  3.739452  162.006042  69.346975  18.8480132357701  23.0682523  129.5501 /T    2.2252   0.0543810   256.96464   61.759384         n.a.     n.a.
 2026-Jan-11 00:00 *   03 40 25.99 +19 22 23.0  03 41 57.29 +19 27 30.9  -3.05070  -0.61412   82.486305  44.605512    5.660   8.235   99.95936  3.732837  334.760146  69.298970  18.8814173665358  23.2732056  126.9544 /T    2.3066   0.0518650   258.61814   63.040035         n.a.     n.a.
 2026-Jan-13 12:00  m  03 40 13.94 +19 21 45.9  03 41 45.18 +19 26 54.1  -2.60993  -0.60429  308.619975 -29.830544    5.664   8.235   99.95661  3.725995  147.515036  69.254950  18.9160880351963  24.6598175  124.3540 /T    2.3839   0.0446495   256.96374   67.509656         n.a.     n.a.
 2026-Jan-16 00:00 *   03 40 03.21 +19 21 13.2  03 41 34.45 +19 26 21.5  -2.47923  -0.48282   83.667153  49.273276    5.668   8.235   99.95397  3.718984  320.272452  69.215702  18.9517485652384  24.8139854  121.7683 /T    2.4556   0.0420967   258.97981   68.761367         n.a.     n.a.
 2026-Jan-18 12:00     03 39 53.65 +19 20 44.2  03 41 24.84 +19 25 53.0  -2.00985  -0.46404  312.237718 -33.417226    5.672   8.235   99.95143  3.711779  133.031203  69.180725  18.9885371746617  26.0443574  119.1787 /T    2.5228   0.0343787   256.99918   73.143943         n.a.     n.a.
 2026-Jan-21 00:00 *m  03 39 45.45 +19 20 19.9  03 41 16.64 +19 25 28.9  -1.87837  -0.34454   84.851599  53.933199    5.676   8.235   99.94904  3.704441  305.793096  69.150718  19.0261507302002  26.1408999  116.6047 /T    2.5843   0.0318284   259.60599   74.356309         n.a.     n.a.
 2026-Jan-23 12:00     03 39 38.50 +19 19 59.6  03 41 09.60 +19 25 08.9  -1.38562  -0.31772  316.270368 -36.776212    5.681   8.235   99.94680  3.696943  118.556869  69.125218  19.0647375014714  27.2008071  114.0279 /T    2.6410   0.0236930   257.08550   78.649620         n.a.     n.a.
 2026-Jan-26 00:00 *m  03 39 32.94 +19 19 44.1  03 41 04.02 +19 24 53.3  -1.25664  -0.20144   86.060957  58.582331    5.685   8.235   99.94474  3.689350  291.324385  69.104818  19.1039724553291  27.2366223  111.4675 /T    2.6918   0.0212114   260.89306   79.804781         n.a.     n.a.
 2026-Jan-28 12:00     03 39 28.65 +19 19 32.6  03 40 59.68 +19 24 41.9  -0.74753  -0.16769  320.763228 -39.866963    5.690   8.235   99.94285  3.681633  104.094294  69.089078  19.1440186302592  28.1208769  108.9052 /T    2.7378   0.0127684   257.35671   84.001774         n.a.     n.a.
 2026-Jan-31 00:00 *m  03 39 25.78 +19 19 26.1  03 40 56.83 +19 24 35.3  -0.62430  -0.05622   87.327065  63.218169    5.694   8.235   99.94118  3.673857  276.868475  69.078483  19.1845387685945  28.1030953  106.3597 /T    2.7778   0.0104472   264.85390   85.072841         n.a.     n.a.
 2026-Feb-02 12:00  m  03 39 24.21 +19 19 23.6  03 40 55.20 +19 24 33.0  -0.10363  -0.01595  325.753828 -42.642877    5.699   8.235   99.93970  3.665988   89.645504  69.072636  19.2257158934409  28.8165334  103.8123 /T    2.8128   0.0017475   261.24912   89.192570         n.a.     n.a.
 2026-Feb-05 00:00 *   03 39 24.04 +19 19 26.1  03 40 55.02 +19 24 35.4  0.013756  0.090312   88.704608  67.838465    5.703   8.235   99.93846  3.658094  262.427295  69.071938  19.2672059598060  28.7558974  101.2815 /T    2.8418   0.0015226   8.6602726   89.293496         n.a.     n.a.
 2026-Feb-07 12:00  m  03 39 25.20 +19 19 32.7  03 40 56.09 +19 24 41.8  0.543902  0.137125  331.261749 -45.052477    5.708   8.235   99.93743  3.650137   75.212391  69.076059  19.3092056936187  29.2984733   98.7486 /T    2.8659   0.0093487   75.849864   85.740679         n.a.     n.a.
 2026-Feb-10 00:00 *   03 39 27.76 +19 19 44.3  03 40 58.65 +19 24 53.1  0.656590  0.237753   90.301131  72.440598    5.713   8.235   99.93665  3.642186  248.002760  69.085321  19.3513572127140  29.1935116   96.2321 /T    2.8839   0.0116385   70.094551   84.672310         n.a.     n.a.
 2026-Feb-12 12:00  m  03 39 31.66 +19 19 59.9  03 41 02.49 +19 25 08.6  1.192816  0.290784  337.276919 -47.041168    5.717   8.235   99.93609  3.634204   60.796932  69.099456  19.3938626645671  29.5575061   93.7139 /T    2.8968   0.0204625   76.299713   80.781597         n.a.     n.a.
 2026-Feb-15 00:00 *   03 39 36.96 +19 20 20.7  03 41 07.81 +19 25 29.2  1.299900  0.384663   92.367835  77.020926    5.722   8.235   99.93579  3.626259  233.596890  69.118687  19.4363516627951  29.4045110   91.2122 /T    2.9038   0.0225937   73.515617   79.766920         n.a.     n.a.
 2026-Feb-17 12:00     03 39 43.59 +19 20 45.4  03 41 14.37 +19 25 53.7  1.837869  0.442763  343.747175 -48.555853    5.727   8.234   99.93572  3.618314   46.401145  69.142802  19.4790302498955  29.5833225   88.7093 /T    2.9057   0.0315075   76.454926   75.921990         n.a.     n.a.
 2026-Feb-20 00:00 *m  03 39 51.60 +19 21 15.1  03 41 22.37 +19 26 23.1  1.937745  0.529033   95.688787  81.571259    5.731   8.234   99.93590  3.610439  219.211686  69.171922  19.5215182853019  29.3794807   86.2234 /T    2.9017   0.0334777   74.729557   74.949702         n.a.     n.a.
 2026-Feb-22 12:00     03 40 00.94 +19 21 48.7  03 41 31.62 +19 26 56.1  2.471554  0.591228  350.570228 -49.551340    5.736   8.234   99.93632  3.602594   32.027006  69.205875  19.5640268194515  29.3713971   83.7371 /T    2.8927   0.0423548   76.546904   71.169330         n.a.     n.a.
 2026-Feb-25 00:00 *m  03 40 11.61 +19 22 27.2  03 41 42.32 +19 27 34.1  2.561194  0.668537  104.580453  86.051657    5.741   8.234   99.93697  3.594850  204.849050  69.244668  19.6061743709482  29.1219584   81.2681 /T    2.8780   0.0441168   75.370762   70.250478         n.a.     n.a.
 2026-Feb-27 12:00     03 40 23.57 +19 23 09.3  03 41 54.23 +19 28 15.8  3.085644  0.733900  357.596777 -49.996753    5.745   8.234   99.93784  3.587164   17.676281  69.288176  19.6481827325841  28.9364384   78.7992 /T    2.8585   0.0528620   76.621152   66.544748         n.a.     n.a.
 2026-Mar-02 00:00 *m  03 40 36.81 +19 23 56.1  03 42 07.50 +19 29 02.3  3.164357  0.801974  215.608577  88.752349    5.750   8.234   99.93893  3.579604  190.510606  69.336311  19.6896781288496  28.6550669   76.3475 /T    2.8334   0.0544067   75.778415   65.681772         n.a.     n.a.
 2026-Mar-04 12:00 Am  03 40 51.32 +19 24 46.4  03 42 21.92 +19 29 52.0  3.677212  0.870463    4.646696 -49.881598    5.754   8.234   99.94022  3.572127    3.350489  69.389018  19.7308926323102  28.3043240   73.8954 /T    2.8036   0.0629806   76.682190   62.044727         n.a.     n.a.
 2026-Mar-07 00:00 *   03 41 07.05 +19 25 41.2  03 42 37.66 +19 30 46.1  3.747074  0.929382  260.286556  84.671443    5.759   8.234   99.94171  3.564798  176.197813  69.446137  19.7714571894673  27.9973771   71.4600 /T    2.7684   0.0643435   76.070112   61.221542         n.a.     n.a.
 2026-Mar-09 12:00 Am  03 41 24.00 +19 26 39.3  03 42 54.55 +19 31 43.5  4.247060  1.001068   11.535856 -49.218145    5.763   8.234   99.94339  3.557574  349.051093  69.507690  19.8116036684062  27.4834304   69.0238 /T    2.7288   0.0727241   76.736983   57.637433         n.a.     n.a.
 2026-Mar-12 00:00 *   03 41 42.13 +19 27 41.8  03 43 12.71 +19 32 45.3  4.308749  1.050653  266.191565  80.225829    5.767   8.234   99.94524  3.550520  161.912176  69.573434  19.8509642539521  27.1491446   66.6038 /T    2.6840   0.0739166   76.296314   56.842552         n.a.     n.a.
 2026-Mar-14 12:00 Am  03 42 01.44 +19 28 47.3  03 43 31.98 +19 33 50.2  4.793023  1.124555   18.104871 -48.039105    5.771   8.234   99.94724  3.543593  334.779613  69.643454  19.8897666945258  26.4715315   64.1828 /T    2.6349   0.0820530   76.795907   53.304293         n.a.     n.a.
 2026-Mar-17 00:00 *   03 42 21.86 +19 29 56.9  03 43 52.43 +19 34 59.2  4.846415  1.164342  268.931486  75.773108    5.775   8.234   99.94938  3.536858  147.655191  69.717424  19.9276463061864  26.1075863   61.7779 /T    2.5809   0.0830720   76.490831   52.530121         n.a.     n.a.
 2026-Mar-19 12:00 A   03 42 43.43 +19 31 09.4  03 44 13.92 +19 36 10.8  5.311312  1.239854   24.238973 -46.392676    5.779   8.233   99.95166  3.530271  320.537513  69.795478  19.9648258919792  25.2678329   59.3722 /T    2.5227   0.0909018   76.860370   49.034289         n.a.     n.a.
 2026-Mar-22 00:00 *m  03 43 06.03 +19 32 25.7  03 44 36.54 +19 37 26.2  5.354482  1.269163  270.775805  71.333862    5.783   8.233   99.95403  3.523895  133.428276  69.877198  20.0009485769927  24.8753573   56.9827 /T    2.4600   0.0917140   76.665369   48.285317         n.a.     n.a.
 2026-Mar-24 12:00 A   03 43 29.71 +19 33 44.6  03 45 00.19 +19 38 44.1  5.795319  1.345185   29.873976 -44.335130    5.787   8.233   99.95651  3.517689  306.326105  69.962759  20.0362354500483  23.8828711   54.5930 /T    2.3933   0.0991565   76.932152   44.840030         n.a.     n.a.
 2026-Mar-27 00:00 *m  03 43 54.34 +19 35 06.9  03 45 24.88 +19 40 05.8  5.826941  1.363779  272.249203  66.912770    5.790   8.233   99.95905  3.511710  119.232580  70.051652  20.0703478932047  23.4736252   52.2194 /T    2.3225   0.0997401   76.827193   44.128100         n.a.     n.a.
 2026-Mar-29 12:00 A   03 44 19.97 +19 36 31.6  03 45 50.49 +19 41 29.6  6.241324  1.440207   34.990429 -41.923985    5.794   8.233   99.96165  3.505917  292.146373  70.144111  20.1035105602708  22.3475355   49.8456 /T    2.2479   0.1067556   77.006246   40.740361         n.a.     n.a.
 2026-Apr-01 00:00 *   03 44 46.48 +19 37 59.4  03 46 17.02 +19 42 56.5  6.263293  1.448502  273.538452  62.511319    5.797   8.233   99.96428  3.500364  105.068954  70.239568  20.1354050225055  21.9328915   47.4875 /T    2.1696   0.1071435   76.978231   40.063277         n.a.     n.a.
 2026-Apr-03 12:00 Nm  03 45 13.93 +19 39 29.2  03 46 44.42 +19 44 25.2  6.651449  1.525619   39.601897 -39.213958    5.801   8.233   99.96693  3.495010  277.999092  70.338330  20.1662509031487  20.6842439   45.1284 /T    2.0879   0.1137362   77.081721   36.722132         n.a.     n.a.
 2026-Apr-06 00:00 *   03 45 42.16 +19 41 01.8  03 47 12.70 +19 45 56.9  6.665852  1.524346  274.727823  58.130250    5.804   8.233   99.96958  3.489906   90.938166  70.439777  20.1957442246062  20.2651904   42.7842 /T    2.0026   0.1139654   77.119093   36.066882         n.a.     n.a.
 2026-Apr-08 12:00 Nm  03 46 11.28 +19 42 36.3  03 47 41.80 +19 47 30.2  7.026745  1.601650   43.741996 -36.253794    5.807   8.233   99.97222  3.485014  263.885044  70.544275  20.2240928056741  18.8981759   40.4384 /T    1.9143   0.1201162   77.159589   32.761327         n.a.     n.a.
 2026-Apr-11 00:00 *   03 46 41.10 +19 44 13.2  03 48 11.68 +19 49 06.3  7.034369  1.590681  275.862486  53.770020    5.809   8.233   99.97482  3.480382   76.840981  70.651145  20.2510059988341  18.4716970   38.1068 /T    1.8227   0.1201996   77.258016   32.116702         n.a.     n.a.
 2026-Apr-13 12:00 Nm  03 47 11.73 +19 45 51.7  03 48 42.29 +19 50 43.7  7.366238  1.667764   47.454638 -33.085487    5.812   8.232   99.97738  3.475976  249.804952  70.760802  20.2766780025142  16.9903987   35.7731 /T    1.7283   0.1258779   77.242934   28.837651         n.a.     n.a.
 2026-Apr-16 00:00 *   03 47 42.98 +19 47 32.4  03 49 13.57 +19 52 23.5  7.366452  1.647171  276.969108  49.430927    5.814   8.232   99.97985  3.471840   62.778074  70.872504  20.3008346085646  16.5550468   33.4532 /T    1.6311   0.1258061   77.395752   28.198773         n.a.     n.a.
 2026-Apr-18 12:00 N   03 48 14.97 +19 49 14.3  03 49 45.55 +19 54 04.0  7.666158  1.723148   50.787131 -29.744475    5.817   8.232   99.98226  3.467941  235.759406  70.986701  20.3236566768347  14.9667271   31.1312 /T    1.5313   0.1309572   77.331979   24.944199         n.a.     n.a.
 2026-Apr-21 00:00 *m  03 48 47.49 +19 50 58.0  03 50 18.14 +19 55 46.8  7.657338  1.692685  278.065441  45.113216    5.819   8.232   99.98455  3.464321   48.749890  71.102581  20.3448922054279  14.5269166   28.8231 /T    1.4292   0.1307032   77.534990   24.316172         n.a.     n.a.
 2026-Apr-23 12:00 N   03 49 20.65 +19 52 42.7  03 50 51.33 +19 57 30.3  7.921841  1.767183   53.785453 -26.259728    5.821   8.232   99.98674  3.460949  221.748667  71.220623  20.3647160736656  12.8507783   26.5129 /T    1.3247   0.1352760   77.424514   21.097473         n.a.     n.a.
 2026-Apr-26 00:00 *m  03 49 54.25 +19 54 28.8  03 51 24.99 +19 59 15.6  7.904521  1.727366  279.164842  40.817000    5.823   8.232   99.98879  3.457860   34.756485  71.339973  20.3829078478656  12.4204774   24.2166 /T    1.2183   0.1348510   77.673003   20.492582         n.a.     n.a.
 2026-Apr-28 12:00 N   03 50 28.40 +19 56 15.5  03 51 59.14 +20 01 01.0  8.134620  1.800610   56.492323 -22.654909    5.824   8.232   99.99071  3.455025  207.772613  71.461164  20.3996341902430  10.6750191   21.9178 /T    1.1100   0.1388587   77.518746   17.310740         n.a.     n.a.
 2026-May-01 00:00 *   03 51 02.90 +19 58 03.4  03 52 33.68 +20 02 47.8  8.111592  1.752701  280.277491  36.542537    5.826   8.232   99.99246  3.452475   20.797651  71.583318  20.4146996516091  10.2581857   19.6321 /T    1.0000   0.1383131   77.807335   16.723287         n.a.     n.a.
 2026-May-03 12:00 Cm  03 51 37.89 +19 59 51.7  03 53 08.69 +20 04 34.7  8.307818  1.824725   58.945846 -18.949364    5.827   8.231   99.99406  3.450185  193.831018  71.707015  20.4282540400359   8.4518263   17.3431 /T    0.8885   0.1417641   77.612288   13.568453         n.a.     n.a.
 2026-May-06 00:00 *   03 52 13.12 +20 01 40.8  03 53 44.01 +20 06 22.8  8.280457  1.769009  281.412597  32.290416    5.828   8.231   99.99548  3.448181    6.873139  71.831353  20.4401228957146   8.0452566   15.0663 /T    0.7757   0.1411219   77.940803   12.987638         n.a.     n.a.
 2026-May-08 12:00 Cm  03 52 48.77 +20 03 30.1  03 54 19.69 +20 08 10.9  8.442564  1.839404   61.179209 -15.158620    5.829   8.231   99.99672  3.446442  179.923580  71.956946  20.4504355095470   6.1829973   12.7853 /T    0.6616   0.1440103   77.708895   9.8475835         n.a.     n.a.
 2026-May-11 00:00 *   03 53 24.58 +20 05 19.8  03 54 55.57 +20 09 59.8  8.410974  1.776370  282.578601  28.061409    5.830   8.231   99.99777  3.444993  352.982583  72.082859  20.4590395530881   5.7832853   10.5158 /T    0.5466   0.1432752   78.074566   9.2646533         n.a.     n.a.
 2026-May-13 12:00 Cm  03 54 00.72 +20 07 09.5  03 55 31.73 +20 11 48.1  8.537319  1.844579   63.221407 -11.295361    5.831   8.231   99.99862  3.443814  166.049846  72.209728  20.4660442998046   3.8721564    8.2415 /T    0.4306   0.1455719   77.808047   6.1313844         n.a.     n.a.
 2026-May-16 00:00 *m  03 54 36.94 +20 08 59.4  03 56 08.01 +20 13 36.8  8.500474  1.774228  283.783476  23.856496    5.831   8.231   99.99927  3.442926  339.125395  72.336584  20.4713218313672   3.4778997    5.9784 /T    0.3142   0.1447277   78.210424   5.5411935         n.a.     n.a.
 2026-May-18 12:00 C   03 55 13.40 +20 10 48.9  03 56 44.54 +20 15 25.0  8.588411  1.839694   65.097409  -7.369799    5.832   8.231   99.99972  3.442314  152.209051  72.464068  20.4749643705992   1.5308336    3.7109 /T    0.1970   0.1463873   77.909581   2.4138496         n.a.     n.a.
 2026-May-21 00:00 *m  03 55 49.83 +20 12 38.2  03 57 21.09 +20 17 13.5  8.544841  1.762346  285.035741  19.676941    5.832   8.231   99.99996  3.441992  325.300585  72.591181  20.4768777556119   1.1516827    1.4586 /T    0.0800   0.1454115   78.346337   1.8272096         n.a.     n.a.
 2026-May-23 12:00 C   03 56 26.41 +20 14 27.0  03 57 57.67 +20 19 00.8  8.594041  1.824871   66.828670  -3.389713    5.832   8.230   99.99999  3.441947  138.399938  72.718580  20.4771446514957  -0.8081478    0.8289 /L    0.0387   0.1464275   78.011794   -1.283109         n.a.     n.a.
 2026-May-26 00:00 *m  03 57 02.87 +20 16 15.2  03 58 34.21 +20 20 48.3  8.546199  1.741905  286.344241  15.523935    5.831   8.230   99.99980  3.442189  311.506675  72.845272  20.4757048047151  -1.1629454    3.0698 /L    0.1553   0.1453652   78.479651   -1.856953         n.a.     n.a.
 2026-May-28 12:00 C   03 57 39.40 +20 18 02.7  03 59 10.79 +20 22 34.3  8.558647  1.801941   68.433371   0.637948    5.831   8.230   99.99941  3.442707  124.620924  72.971943  20.4726228263429  -3.1225487    5.3260 /L    0.2725   0.1457713   78.110571   -4.952755         n.a.     n.a.
 2026-May-31 00:00 *   03 58 15.72 +20 19 49.4  03 59 47.19 +20 24 20.0  8.508319  1.714116  287.718445  11.399904    5.830   8.230   99.99881  3.443508  297.742044  73.097608  20.4678640898375  -3.4553058    7.5734 /L    0.3890   0.1446545   78.609462   -5.520096         n.a.     n.a.
 2026-Jun-02 12:00 Cm  03 58 52.02 +20 21 35.1  04 00 23.58 +20 26 04.5  8.484995  1.771230   69.927321   4.708199    5.829   8.230   99.99801  3.444584  110.870326  73.222966  20.4614695484412  -5.4089979    9.8279 /L    0.5053   0.1444649   78.208915   -8.613515         n.a.     n.a.
 2026-Jun-05 00:00 *   03 59 28.03 +20 23 19.9  04 00 59.68 +20 27 48.4  8.432804  1.679174  289.169140   7.307438    5.828   8.230   99.99702  3.445938  284.004923  73.347040  20.4534287081443  -5.7246990   12.0736 /L    0.6205   0.1433060   78.738333   -9.183582         n.a.     n.a.
 2026-Jun-07 12:00 Cm  04 00 03.95 +20 25 03.4  04 01 35.67 +20 29 30.8  8.373278  1.733030   71.323773   8.816712    5.827   8.229   99.99582  3.447568   97.146283  73.470523  20.4437591620671  -7.6661641   14.3271 /L    0.7352   0.1425124   78.306510   -12.28570         n.a.     n.a.
 2026-Jun-10 00:00 *   04 00 39.49 +20 26 45.7  04 02 11.28 +20 31 12.2  8.318573  1.636961  290.708105   3.249914    5.826   8.229   99.99445  3.449472  270.293322  73.592443  20.4324758133657  -7.9684382   16.5726 /L    0.8484   0.1413018   78.867360   -12.86677         n.a.     n.a.
 2026-Jun-12 12:00 Cm  04 01 14.86 +20 28 26.6  04 02 46.72 +20 32 51.7  8.221569  1.687010   72.634357  12.959989    5.825   8.229   99.99289  3.451651   83.446625  73.713478  20.4195743034249  -9.8889092   18.8265 /L    0.9608   0.1398811   78.404248   -15.98735         n.a.     n.a.
 2026-Jun-15 00:00 *m  04 01 49.76 +20 30 06.0  04 03 21.73 +20 34 30.2  8.162406  1.587286  292.348745  -0.768497    5.823   8.229   99.99117  3.454100  256.604854  73.832654  20.4050990069526 -10.1756026   21.0728 /L    1.0713   0.1385885   78.995433   -16.58189         n.a.     n.a.
 2026-Jun-17 12:00 C   04 02 24.38 +20 31 43.8  04 03 56.47 +20 36 06.9  8.026307  1.632815   73.868807  17.135453    5.821   8.229   99.98929  3.456822   69.768692  73.950624  20.3890313129697 -12.0562431   23.3278 /L    1.1807   0.1365118   78.501068   -19.71924         n.a.     n.a.
 2026-Jun-20 00:00 *m  04 02 58.46 +20 33 19.7  04 04 30.62 +20 37 42.2  7.962933  1.530322  294.106664  -4.742728    5.819   8.229   99.98727  3.459805  242.936549  74.066437  20.3714525173434 -12.3153495   25.5752 /L    1.2878   0.1351442   79.121492   -20.31224         n.a.     n.a.
 2026-Jun-22 12:00 C   04 03 32.16 +20 34 54.0  04 05 04.41 +20 39 15.3  7.790118  1.571878   75.035688  21.341137    5.817   8.229   99.98511  3.463055   56.109274  74.180746  20.3523311613325 -14.1362834   27.8313 /L    1.3935   0.1324520   78.592122   -23.45652         n.a.     n.a.
 2026-Jun-25 00:00 *m  04 04 05.24 +20 36 26.2  04 05 37.55 +20 40 46.7  7.724827  1.467890  295.999369  -8.666513    5.815   8.228   99.98283  3.466556  229.285088  74.292642  20.3317773132009 -14.3655829   30.0802 /L    1.4966   0.1310509   79.240796   -24.04211         n.a.     n.a.
 2026-Jun-27 12:00 C   04 04 37.86 +20 37 56.6  04 06 10.29 +20 42 15.9  7.517653  1.505179   76.142221  25.575341    5.812   8.228   99.98044  3.470318   42.465000  74.402770  20.3097369080747 -16.1201919   32.3386 /L    1.5979   0.1277809   78.677986   -27.20087         n.a.     n.a.
 2026-Jun-30 00:00 *   04 05 09.78 +20 39 24.8  04 06 42.30 +20 43 43.3  7.451535  1.400313  298.047370 -12.531779    5.810   8.228   99.97797  3.474320  215.647045  74.510265  20.2863426788240 -16.3252801   34.5906 /L    1.6962   0.1263661   79.356947   -27.78560         n.a.     n.a.
 2026-Jul-02 12:00 Cm  04 05 41.17 +20 40 51.0  04 07 13.82 +20 45 08.6  7.210910  1.433116   77.194217  29.836764    5.807   8.228   99.97541  3.478577   28.832376  74.615747  20.2615175840178 -18.0086273   36.8530 /L    1.7926   0.1225324   78.759348   -30.97038         n.a.     n.a.
 2026-Jul-05 00:00 *   04 06 11.79 +20 42 14.7  04 07 44.50 +20 46 31.7  7.143573  1.327712  300.274209 -16.328611    5.804   8.228   99.97280  3.483064  202.018827  74.718384  20.2354171234105 -18.1943310   39.1100 /L    1.8857   0.1210985   79.471091   -31.56297         n.a.     n.a.
 2026-Jul-07 12:00 Cm  04 06 41.81 +20 43 36.4  04 08 14.61 +20 47 52.3  6.869519  1.355455   78.196723  34.124331    5.801   8.228   99.97013  3.487799   15.207671  74.818764  20.2079426612551 -19.8003352   41.3784 /L    1.9766   0.1166995   78.838099   -34.78652         n.a.     n.a.
 2026-Jul-10 00:00 *   04 07 10.97 +20 44 55.3  04 08 43.85 +20 49 10.6  6.799437  1.250027  302.706787 -20.044902    5.798   8.227   99.96744  3.492754  188.396543  74.916086  20.1792738567839 -19.9682278   43.6423 /L    2.0638   0.1152231   79.582910   -35.39535         n.a.     n.a.
 2026-Jul-12 12:00 Cm  04 07 39.45 +20 46 12.2  04 09 12.47 +20 50 26.5  6.490819  1.271965   79.153669  38.437258    5.794   8.227   99.96472  3.497951    1.586792  75.010887  20.1492958444973 -21.4848580   45.9181 /L    2.1485   0.1102379   78.912611   -38.66876         n.a.     n.a.
 2026-Jul-15 00:00 *m  04 08 07.00 +20 47 26.1  04 09 40.11 +20 51 39.9  6.416401  1.166787  305.376283 -23.665663    5.791   8.227   99.96203  3.503354  174.775832  75.102404  20.1182179363143 -21.6274344   48.1899 /L    2.2293   0.1086937   79.693692   -39.29245         n.a.     n.a.
 2026-Jul-17 12:00 C   04 08 33.77 +20 48 37.7  04 10 07.01 +20 52 50.8  6.074533  1.182961   80.067639  42.775187    5.787   8.227   99.95934  3.508988  347.965105  75.191133  20.0859170498655 -23.0339359   50.4736 /L    2.3072   0.1031441   78.980081   -42.60907         n.a.     n.a.
 2026-Jul-20 00:00 *m  04 08 59.54 +20 49 46.2  04 10 32.83 +20 53 58.8  5.997330  1.079493  308.317909 -27.172704    5.784   8.227   99.95671  3.514813  161.151898  75.276379  20.0526331199761 -23.1412658   52.7533 /L    2.3809   0.1015618   79.796275   -43.23090         n.a.     n.a.
 2026-Jul-22 12:00 N   04 09 24.46 +20 50 52.4  04 10 57.86 +20 55 04.1  5.626072  1.090040   80.940300  47.137748    5.780   8.227   99.95413  3.520853  334.337776  75.358611  20.0182287031302 -24.4264046   55.0451 /L    2.4514   0.0955116   79.034916   -46.58571         n.a.     n.a.
 2026-Jul-25 00:00 *m  04 09 48.32 +20 51 55.4  04 11 21.80 +20 56 06.6  5.548099  0.988923  311.570767 -30.543448    5.776   8.227   99.95163  3.527067  147.519939  75.437209  19.9829621242327 -24.5025417   57.3332 /L    2.5174   0.0939258   79.893435   -47.20360         n.a.     n.a.
 2026-Jul-27 12:00 N   04 10 11.26 +20 52 55.9  04 11 44.88 +20 57 06.4  5.150047  0.993713   81.770929  51.524558    5.772   8.226   99.94921  3.533483  320.700067  75.512601  19.9466766711141 -25.6637270   59.6341 /L    2.5801   0.0874173   79.078860   -50.60513         n.a.     n.a.
 2026-Jul-30 00:00 *   04 10 33.09 +20 53 53.0  04 12 06.79 +20 58 03.3  5.071357  0.895373  315.177359 -33.750212    5.768   8.226   99.94690  3.540055  133.875270  75.584230  19.9096471930801 -25.7139854   61.9321 /L    2.6381   0.0858299   79.987334   -51.22588         n.a.     n.a.
 2026-Aug-01 12:00 Nm  04 10 53.93 +20 54 47.7  04 12 27.75 +20 58 57.5  4.648001  0.893855   82.556219  55.935322    5.763   8.226   99.94471  3.546815  307.047302  75.652474  19.8716995683095 -26.7482383   64.2437 /L    2.6924   0.0788862   79.114364   -54.68634         n.a.     n.a.
 2026-Aug-04 00:00 *   04 11 13.62 +20 55 38.9  04 12 47.48 +20 59 48.3  4.567749  0.798783  319.181247 -36.759831    5.759   8.226   99.94267  3.553714  120.213204  75.716835  19.8331244700825 -26.7763221   66.5533 /L    2.7419   0.0772844   80.080726   -55.31903         n.a.     n.a.
 2026-Aug-06 12:00 Nm  04 11 32.26 +20 56 27.5  04 13 06.25 +21 00 36.2  4.119302  0.790467   83.288713  60.369708    5.755   8.226   99.94076  3.560786  293.374772  75.777623  19.7937346121636 -27.6773285   68.8774 /L    2.7874   0.0699076   79.137364   -58.85450         n.a.     n.a.
 2026-Aug-09 00:00 *   04 11 49.68 +20 57 12.5  04 13 23.75 +21 01 20.9  4.035455  0.698697  323.623864 -39.532812    5.750   8.226   99.93903  3.567977  106.528956  75.834398  19.7538395126112 -27.6801904   71.2004 /L    2.8279   0.0682582   80.177215   -59.50981         n.a.     n.a.
 2026-Aug-11 12:00 Nm  04 12 05.98 +20 57 54.8  04 13 40.21 +21 02 03.0  3.563015  0.683139   83.952169  64.827504    5.746   8.226   99.93747  3.575324  279.677568  75.887404  19.7132464033791 -28.4337559   73.5382 /L    2.8642   0.0604652   79.146368   -63.12750         n.a.     n.a.
 2026-Aug-14 00:00 *m  04 12 21.03 +20 58 33.4  04 13 55.31 +21 02 41.5  3.475606  0.595725  328.538989 -42.023249    5.741   8.226   99.93612  3.582768   92.817546  75.936273  19.6722881708664 -28.3999662   75.8751 /L    2.8952   0.0587715   80.273911   -63.79849         n.a.     n.a.
 2026-Aug-16 12:00 N   04 12 34.89 +20 59 09.3  04 14 09.28 +21 03 17.0  2.983235  0.573385   84.513825  69.308512    5.736   8.225   99.93495  3.590345  265.950755  75.981199  19.6307699735946 -28.9905273   78.2266 /L    2.9219   0.0506306   79.120281   -67.48992         n.a.     n.a.
 2026-Aug-19 00:00 *m  04 12 47.45 +20 59 41.3  04 14 21.89 +21 03 48.8  2.894980  0.491102  333.943645 -44.179747    5.732   8.225   99.93401  3.597994   79.074202  76.021912  19.5890393259997 -28.9174049   80.5770 /L    2.9431   0.0489390   80.372049   -68.16240         n.a.     n.a.
 2026-Aug-21 12:00 N   04 12 58.79 +21 00 10.7  04 14 33.37 +21 04 17.8  2.387665  0.462163   84.900252  73.812027    5.727   8.225   99.93328  3.605752  252.189826  76.058563  19.5468901702369 -29.3436915   82.9422 /L    2.9597   0.0405330   79.045154   -71.92450         n.a.     n.a.
 2026-Aug-24 00:00 *m  04 13 08.81 +21 00 36.1  04 14 43.45 +21 04 43.3  2.299695  0.385523  339.827866 -45.946864    5.722   8.225   99.93278  3.613556   65.294729  76.090964  19.5046763121940 -29.2371668   85.3066 /L    2.9709   0.0388631   80.483362   -72.59940         n.a.     n.a.
 2026-Aug-26 12:00 N   04 13 17.56 +21 00 58.8  04 14 52.34 +21 05 05.9  1.780553  0.349605   84.917311  78.336638    5.717   8.225   99.93250  3.621446  238.390867  76.119206  19.4621811631380 -29.5005654   87.6861 /L    2.9773   0.0302425   78.891509   -76.44076         n.a.     n.a.
 2026-Aug-29 00:00 *   04 13 24.99 +21 01 17.6  04 14 59.80 +21 05 24.8  1.692975  0.278915  346.143766 -47.269532    5.713   8.225   99.93247  3.629357   51.475446  76.143183  19.4197631869082 -29.3656893   90.0654 /L    2.9782   0.0285966   80.644637   -77.12370         n.a.     n.a.
 2026-Aug-31 12:00 Nm  04 13 31.12 +21 01 33.6  04 15 06.04 +21 05 40.7  1.164152  0.235928   83.868313  82.878177    5.708   8.225   99.93266  3.637329  224.550425  76.162916  19.3771983519547 -29.4665182   92.4605 /L    2.9743   0.0197970   78.543566   -81.05695         n.a.     n.a.
 2026-Sep-03 00:00 *   04 13 35.91 +21 01 45.6  04 15 10.87 +21 05 52.7  1.075299  0.171238  352.798586 -48.098672    5.703   8.225   99.93310  3.645296   37.613103  76.178366  19.3348502628507 -29.3041908   94.8561 /L    2.9647   0.0181475   80.951815   -81.76442         n.a.     n.a.
 2026-Sep-05 12:00 Nm  04 13 39.37 +21 01 54.8  04 15 14.48 +21 06 02.0  0.538483  0.120631   76.135757  87.406238    5.698   8.225   99.93377  3.653299  210.665378  76.189478  19.2924941750338 -29.2369023   97.2683 /L    2.9503   0.0091971   77.373091   -85.80429         n.a.     n.a.
 2026-Sep-08 00:00 *   04 13 41.48 +21 02 00.1  04 15 16.65 +21 06 07.5  0.447719  0.062380  359.656991 -48.397242    5.693   8.225   99.93467  3.661268   23.704683  76.196291  19.2505030726330 -29.0390364   99.6814 /L    2.9301   0.0075341   82.068080   -86.54511         n.a.     n.a.
 2026-Sep-10 12:00 N   04 13 42.24 +21 02 02.5  04 15 17.53 +21 06 10.2  -0.09326  0.004802  286.614363  87.842258    5.689   8.225   99.93581  3.669243  196.732885  76.198687  19.2086591668139 -28.7914382  102.1111 /L    2.9050   0.0015565   272.94729   -89.28085         n.a.     n.a.
 2026-Sep-13 00:00 *m  04 13 41.65 +21 02 00.8  04 15 16.95 +21 06 08.7  -0.18374  -0.04627    6.554547 -48.146490    5.684   8.225   99.93717  3.677153    9.747623  76.196800  19.1673427636475 -28.5497101  104.5415 /L    2.8741   0.0031579   255.86374   -88.53197         n.a.     n.a.
 2026-Sep-15 12:00 N   04 13 39.70 +21 01 56.4  04 15 15.11 +21 06 04.5  -0.72222  -0.11017  276.401993  83.285473    5.679   8.225   99.93874  3.685036  182.750769  76.190472  19.1263378569868 -28.1195440  106.9880 /L    2.8383   0.0121763   261.32687   -84.28305         n.a.     n.a.
 2026-Sep-18 00:00 *m  04 13 36.43 +21 01 48.0  04 15 11.88 +21 05 56.3  -0.80954  -0.15339   13.320546 -47.348690    5.674   8.225   99.94052  3.692821  355.740226  76.179940  19.0860199165035 -27.8382424  109.4349 /L    2.7968   0.0137324   259.27108   -83.50732         n.a.     n.a.
 2026-Sep-20 12:00 N   04 13 31.81 +21 01 36.9  04 15 07.39 +21 05 45.6  -1.34051  -0.22346  275.159090  78.661584    5.670   8.225   99.94250  3.700547  168.717836  76.164991  19.0461701726824 -27.2330045  111.8977 /L    2.7504   0.0226502   260.53609   -79.16006         n.a.     n.a.
 2026-Sep-23 00:00 *m  04 13 25.91 +21 01 21.9  04 15 01.52 +21 05 31.0  -1.42358  -0.25876   19.803648 -46.026278    5.665   8.225   99.94465  3.708143  341.681734  76.145951  19.0071548156413 -26.9191584  114.3608 /L    2.6986   0.0241151   259.69812   -78.36972         n.a.     n.a.
 2026-Sep-25 12:00 N   04 13 18.68 +21 01 04.2  04 14 54.38 +21 05 13.9  -1.94306  -0.33466  275.142916  74.013181    5.661   8.225   99.94697  3.715650  154.633708  76.122551  18.9687549812924 -26.1465946  116.8399 /L    2.6418   0.0328611   260.22772   -73.92459         n.a.     n.a.
 2026-Sep-28 00:00 *   04 13 10.20 +21 00 42.6  04 14 45.92 +21 04 52.6  -2.02241  -0.36184   25.890781 -44.218107    5.657   8.225   99.94943  3.722996  327.572127  76.095191  18.9313265437191 -25.8049728  119.3195 /L    2.5798   0.0342421   259.85613   -73.10883         n.a.     n.a.
 2026-Sep-30 12:00 Nm  04 13 00.43 +21 00 18.5  04 14 36.25 +21 04 28.9  -2.52792  -0.44376  275.538297  69.346186    5.652   8.225   99.95204  3.730221  140.498651  76.063534  18.8946547220102 -24.8704612  121.8156 /L    2.5130   0.0427763   260.04351   -68.55390         n.a.     n.a.
 2026-Oct-03 00:00 *   04 12 49.47 +20 59 50.5  04 14 25.33 +21 04 01.4  -2.60451  -0.46303   31.514156 -41.972855    5.648   8.224   99.95475  3.737256  313.411860  76.028055  18.8590873548117 -24.4990017  124.3125 /L    2.4411   0.0440891   259.91935   -67.69438         n.a.     n.a.
 2026-Oct-05 12:00 Nm  04 12 37.23 +20 59 20.0  04 14 13.21 +21 03 31.7  -3.09270  -0.55015  276.130325  64.663487    5.644   8.224   99.95756  3.744138  126.313292  75.988355  18.8244231353494 -23.3990106  126.8264 /L    2.3645   0.0523541   259.91338   -63.01896         n.a.     n.a.
 2026-Oct-08 00:00 *   04 12 23.86 +20 58 45.9  04 13 59.86 +21 02 58.2  -3.16521  -0.56096   36.647908 -39.342890    5.640   8.224   99.96043  3.750797  299.201780  75.944992  18.7910048910490 -22.9887643  129.3408 /L    2.2831   0.0535755   259.95003   -62.10591         n.a.     n.a.
 2026-Oct-10 12:00 N   04 12 09.28 +20 58 09.3  04 13 45.34 +21 02 22.3  -3.62957  -0.65221  276.838850  59.967436    5.636   8.224   99.96337  3.757267  112.078772  75.897537  18.7586448119803 -21.7229147  131.8718 /L    2.1972   0.0614617   259.81308   -57.31856         n.a.     n.a.
 2026-Oct-13 00:00 *m  04 11 53.63 +20 57 29.2  04 13 29.71 +21 01 42.7  -3.69426  -0.65382   41.298325 -36.380046    5.633   8.224   99.96633  3.763482  284.943410  75.846647  18.7276706118705 -21.2748932  134.4027 /L    2.1068   0.0625278   259.96356   -56.36411         n.a.     n.a.
 2026-Oct-15 12:00 A   04 11 36.84 +20 56 46.9  04 13 13.01 +21 01 01.1  -4.12849  -0.74821  277.629000  55.260723    5.629   8.225   99.96930  3.769474   97.797056  75.791864  18.6979009706422 -19.8555270  136.9493 /L    2.0122   0.0699290   259.72768   -51.48158         n.a.     n.a.
 2026-Oct-18 00:00 *m  04 11 19.09 +20 56 01.3  04 12 55.29 +21 00 16.2  -4.18323  -0.74069   45.492334 -33.132129    5.626   8.225   99.97225  3.775180  270.639120  75.733934  18.6696398200243 -19.3791245  139.4949 /L    1.9134   0.0708050   259.95915   -50.49461         n.a.     n.a.
 2026-Oct-20 12:00 A   04 11 00.27 +20 55 13.5  04 12 36.55 +20 59 29.5  -4.58265  -0.83757  278.484741  50.546298    5.623   8.225   99.97516  3.780633   83.470838  75.672360  18.6427117842938 -17.8228465  142.0558 /L    1.8107   0.0776426   259.64240   -45.53119         n.a.     n.a.
 2026-Oct-23 00:00 *m  04 10 40.61 +20 54 22.8  04 12 16.88 +20 58 39.4  -4.62708  -0.82070   49.268568 -29.641835    5.620   8.225   99.97800  3.785774  256.291875  75.607960  18.6173957098096 -17.3262918  144.6151 /L    1.7043   0.0783217   259.94209   -44.51133         n.a.     n.a.
 2026-Oct-25 12:00 Am  04 10 19.97 +20 53 30.1  04 11 56.30 +20 57 47.7  -4.98901  -0.91952  279.398479  45.827389    5.617   8.225   99.98076  3.790634   69.103290  75.540192  18.5935254594458 -15.6484248  147.1894 /L    1.5943   0.0845506   259.55701   -39.47305        2.570    3.200
 2026-Oct-28 00:00 *   04 09 58.60 +20 52 34.7  04 11 34.94 +20 56 52.8  -5.02403  -0.89394   52.670313 -25.946355    5.614   8.225   99.98341  3.795159  241.904950  75.469933  18.5713543291600 -15.1371566  149.7619 /L    1.4811   0.0850490   259.91074   -38.41162         n.a.     n.a.
 2026-Oct-30 12:00 Am  04 09 36.35 +20 51 37.5  04 11 12.77 +20 55 56.7  -5.34661  -0.99393  280.367853  41.107565    5.612   8.225   99.98593  3.799378   54.697711  75.396594  18.5507315906773 -13.3471132  152.3496 /L    1.3647   0.0906368   259.46901   -33.29685        2.287    3.597
 2026-Nov-02 00:00 *   04 09 13.47 +20 50 37.9  04 10 49.92 +20 54 57.9  -5.37265  -0.95956   55.740707 -22.077206    5.610   8.225   99.98829  3.803241  227.481639  75.321106  18.5318915806397 -12.8157094  154.9354 /L    1.2455   0.0909611   259.87367   -32.17167         n.a.     n.a.
 2026-Nov-04 12:00 Am  04 08 49.82 +20 49 36.7  04 10 26.32 +20 53 57.8  -5.65177  -1.05940  281.393695  36.390564    5.608   8.225   99.99048  3.806771   40.257411  75.242857  18.5147057700649 -10.9168194  157.5362 /L    1.1235   0.0958368   259.38332   -26.97932        0.242   33.974
 2026-Nov-07 00:00 *   04 08 25.68 +20 48 33.3  04 10 02.15 +20 52 55.2  -5.66558  -1.01574   58.520673 -18.061260    5.606   8.225   99.99248  3.809924  213.025342  75.162855  18.4993846072859 -10.3636900  160.1344 /L    0.9992   0.0959319   259.83588   -25.78997         n.a.     n.a.
 2026-Nov-09 12:00 A   04 08 00.88 +20 47 28.7  04 09 37.40 +20 51 51.6  -5.89573  -1.11382  282.478609  31.680674    5.604   8.225   99.99428  3.812721   25.785974  75.080485  18.4858143688734  -8.3712642  162.7469 /L    0.8725   0.1000003   259.30179   -20.54231         n.a.     n.a.
 2026-Nov-12 00:00 *m  04 07 35.73 +20 46 22.4  04 09 12.26 +20 50 46.0  -5.89494  -1.06093   61.047051 -13.921414    5.603   8.225   99.99584  3.815124  198.539845  74.996815  18.4741715860213  -7.8060574  165.3553 /L    0.7442   0.0998274   259.79752   -19.30321         n.a.     n.a.
 2026-Nov-14 12:00 A   04 07 10.07 +20 45 15.1  04 08 46.65 +20 49 39.9  -6.07241  -1.15647  283.627357  26.982840    5.602   8.225   99.99718  3.817152   11.287333  74.911225  18.4643529624509  -5.7436168  167.9769 /L    0.6141   0.1030258   259.21736   -14.02969         n.a.     n.a.
 2026-Nov-17 00:00 *m  04 06 44.21 +20 44 06.6  04 08 20.79 +20 48 32.2  -6.05648  -1.09446   63.352425  -9.677089    5.601   8.225   99.99827  3.818777  184.029180  74.824827  18.4564980655815  -5.1781672  170.5933 /L    0.4829   0.1025763   259.75668   -12.75511         n.a.     n.a.
 2026-Nov-19 12:00 A   04 06 17.97 +20 42 57.3  04 07 54.57 +20 47 24.2  -6.18017  -1.18646  284.845978  22.302444    5.600   8.225   99.99910  3.820015  356.765572  74.736977  18.4505164944650  -3.0680648  173.2218 /L    0.3504   0.1048838   259.13261   -7.477871         n.a.     n.a.
 2026-Nov-22 00:00 *m  04 05 51.69 +20 41 47.2  04 07 28.27 +20 46 14.7  -6.15036  -1.11624   65.465566  -5.345021    5.600   8.225   99.99966  3.820844  169.497403  74.648811  18.4465115819204  -2.5117077  175.8435 /L    0.2175   0.1041805   259.71322   -6.176693         n.a.     n.a.
 2026-Nov-24 12:00 Am  04 05 25.17 +20 40 36.7  04 07 01.78 +20 45 05.3  -6.22055  -1.20414  286.141870  17.645401    5.599   8.225   99.99995  3.821280  342.224643  74.559665  18.4444082352015  -0.3738056  178.4735 /L    0.0840   0.1056004   259.04448   -0.915386        4.278    1.923
 2026-Nov-27 00:00 *   04 04 58.75 +20 39 25.8  04 06 35.38 +20 43 55.2  -6.17908  -1.12631   67.411333  -0.939506    5.599   8.225   99.99998  3.821307  154.948322  74.470680  18.4442776455420   0.1710984  178.8813 /T    0.0504   0.1046815   259.66964   0.4142873         n.a.     n.a.
 2026-Nov-29 12:00 Am  04 04 32.23 +20 38 14.8  04 06 08.89 +20 42 45.5  -6.19649  -1.20921  287.524356  13.018160    5.599   8.225   99.99973  3.820936  327.668187  74.381173  18.4460693314482   2.3279550  176.2486 /T    0.1838   0.1052229   258.95787   5.6607918        1.509    5.449
 2026-Dec-02 00:00 *   04 04 05.94 +20 37 03.9  04 05 42.58 +20 41 35.4  -6.14262  -1.12391   69.211270   3.527316    5.600   8.225   99.99921  3.820157  140.385414  74.292304  18.4498277878387   2.8666063  173.6170 /T    0.3168   0.1040766   259.63137   7.0348557         n.a.     n.a.
 2026-Dec-04 12:00 Am  04 03 39.71 +20 35 53.2  04 05 16.33 +20 40 25.8  -6.10456  -1.20017  289.004119   8.427714    5.600   8.225   99.99842  3.818978  313.099614  74.203408  18.4555245280097   5.0295037  170.9736 /T    0.4496   0.1036904   258.87734   12.261216        0.294   27.939
 2026-Dec-07 00:00 *   04 03 13.85 +20 34 43.1  04 04 50.46 +20 39 16.2  -6.03644  -1.10750   70.884128   8.044618    5.601   8.225   99.99738  3.817397  125.812137  74.115662  18.4631674121717   5.5550183  168.3379 /T    0.5810   0.1022866   259.60363   13.671155         n.a.     n.a.
 2026-Dec-09 12:00     04 02 48.19 +20 33 33.6  04 04 24.81 +20 38 07.9  -5.94171  -1.17656  290.593909   3.882194    5.602   8.225   99.99608  3.815419  298.522440  74.028418  18.4727415337659   7.6992617  165.6921 /T    0.7116   0.1009512   258.79939   18.852708         n.a.     n.a.
 2026-Dec-12 00:00 *m  04 02 23.07 +20 32 25.2  04 03 59.70 +20 37 00.2  -5.85917  -1.07720   72.445735  12.602927    5.604   8.225   99.99455  3.813051  111.232023  73.942852  18.4842137089872   8.1988831  163.0557 /T    0.8401   0.0992894   259.58261   20.278155         n.a.     n.a.
 2026-Dec-14 12:00     04 01 58.30 +20 31 17.8  04 03 34.91 +20 35 54.0  -5.70914  -1.13825  292.308746  -0.609281    5.605   8.225   99.99280  3.810295  283.940194  73.858318  18.4975826657243  10.2995831  160.4104 /T    0.9673   0.0970250   258.72460   25.391957         n.a.     n.a.
 2026-Dec-17 00:00 *m  04 01 34.20 +20 30 11.9  04 03 10.79 +20 34 48.7  -5.61435  -1.03335   73.909984  17.193837    5.607   8.225   99.99083  3.807168   96.648564  73.775961  18.5127765187609  10.7632149  157.7757 /T    1.0918   0.0951442   259.57115   26.813278         n.a.     n.a.
 2026-Dec-19 12:00     04 01 10.59 +20 29 07.3  04 02 47.13 +20 33 45.1  -5.41216  -1.08634  294.165904  -5.036540    5.609   8.224   99.98867  3.803668  269.356264  73.695137  18.5298095130888  12.7987453  155.1333 /T    1.2144   0.0920018   258.65026   31.840041         n.a.     n.a.
 2026-Dec-22 00:00 *m  04 00 47.78 +20 28 04.7  04 02 24.33 +20 32 43.0  -5.30802  -0.97707   75.289044  21.809867    5.611   8.224   99.98635  3.799820   82.065000  73.616949  18.5485742435320  13.2202271  152.5025 /T    1.3338   0.0899533   259.57008   33.240615         n.a.     n.a.
 2026-Dec-24 12:00  m  04 00 25.59 +20 27 03.9  04 02 02.13 +20 31 43.1  -5.05834  -1.02187  296.185748  -9.387984    5.614   8.224   99.98386  3.795619  254.773726  73.540746  18.5691053823463  15.1766725  149.8644 /T    1.4508   0.0860087   258.57895   38.168861         n.a.     n.a.
 2026-Dec-27 00:00 *   04 00 04.31 +20 26 05.3  04 01 40.86 +20 30 45.3  -4.94752  -0.90932   76.593286  26.444612    5.616   8.224   99.98125  3.791094   67.484217  73.467576  18.5912688229084  15.5606225  147.2383 /T    1.5642   0.0838398   259.58565   39.549823         n.a.     n.a.
 2026-Dec-29 12:00  m  03 59 43.76 +20 25 08.8  04 01 20.26 +20 29 49.7  -4.65236  -0.94518  298.392069 -13.650507    5.619   8.224   99.97852  3.786235  240.195295  73.396814  18.6151258468069  17.4327238  144.6051 /T    1.6748   0.0791234   258.51606   44.393779         n.a.     n.a.
$$EOE
**********************************************************************************************************************************************************************************************************************************************************************************************
Column meaning:
 
TIME

  Times PRIOR to 1962 are UT1, a mean-solar time closely related to the
prior but now-deprecated GMT. Times AFTER 1962 are in UTC, the current
civil or "wall-clock" time-scale. UTC is kept within 0.9 seconds of UT1
using integer leap-seconds for 1972 and later years.

  Conversion from the internal Barycentric Dynamical Time (TDB) of solar
system dynamics to the non-uniform civil UT time-scale requested for output
has not been determined for UTC times after the next July or January 1st.
Therefore, the last known leap-second is used as a constant over future
intervals.

  Time tags refer to the UT time-scale conversion from TDB on Earth
regardless of observer location within the solar system, although clock
rates may differ due to the local gravity field and no analog to "UT"
may be defined for that location.

  Any 'b' symbol in the 1st-column denotes a B.C. date. First-column blank
(" ") denotes an A.D. date.
 
CALENDAR SYSTEM

  Mixed calendar mode was active such that calendar dates after AD 1582-Oct-15
(if any) are in the modern Gregorian system. Dates prior to 1582-Oct-5 (if any)
are in the Julian calendar system, which is automatically extended for dates
prior to its adoption on 45-Jan-1 BC.  The Julian calendar is useful for
matching historical dates. The Gregorian calendar more accurately corresponds
to the Earth's orbital motion and seasons. A "Gregorian-only" calendar mode is
available if such physical events are the primary interest.

  NOTE: "n.a." in output means quantity "not available" at the print-time.
 
SOLAR PRESENCE (OBSERVING SITE)
  Time tag is followed by a blank, then a solar-presence symbol:

       '*'  Daylight (refracted solar upper-limb on or above apparent horizon)
       'C'  Civil twilight/dawn
       'N'  Nautical twilight/dawn
       'A'  Astronomical twilight/dawn
       ' '  Night OR geocentric ephemeris

LUNAR PRESENCE (OBSERVING SITE)
  The solar-presence symbol is immediately followed by a lunar-presence symbol:

       'm'  Refracted upper-limb of Moon on or above apparent horizon
       ' '  Refracted upper-limb of Moon below apparent horizon OR geocentric
            ephemeris
 
 'R.A._____(ICRF)_____DEC' =
  Astrometric right ascension and declination of the target center with
respect to the observing site (coordinate origin) in the reference frame of
the planetary ephemeris (ICRF). Compensated for down-leg light-time delay
aberration.

  Units: RA  in hours-minutes-seconds of time,    HH MM SS.ff{ffff}
         DEC in degrees-minutes-seconds of arc,  sDD MN SC.f{ffff}
 
 'R.A.__(a-apparent)__DEC' =
  Airless apparent right ascension and declination of the target center
with respect to an instantaneous reference frame defined by the Earth equator
of-date (z-axis) and meridian containing the Earth equinox of-date (x-axis,
EOP-corrected IAU76/80). Compensated for down-leg light-time delay,
gravitational deflection of light, stellar aberration, precession & nutation.
Note: equinox (RA origin) is offset -53 mas from the of-date frame defined
by the IAU06/00a P & N system.

  Units: RA  in hours-minutes-seconds of time,   HH MM SS.ff{ffff}
         DEC in degrees-minutes-seconds of arc, sDD MN SC.f{ffff}
 
 'dRA*cosD d(DEC)/dt' =
  The angular rate of change in apparent RA and DEC of the target. This is
with respect to the non-inertial IAU76/80 Earth true equator and equinox
of-date reference frame.  d(RA)/dt is multiplied by the cosine of declination
to provide a linear rate in the plane-of-sky. Units: ARCSECONDS PER HOUR
 
 'Azi____(a-app)___Elev' =
  Airless apparent azimuth and elevation of target center. Compensated
for light-time, the gravitational deflection of light, stellar aberration,
precession and nutation. Azimuth is measured clockwise from north:

  North(0) -> East(90) -> South(180) -> West(270) -> North (360)

Elevation angle is with respect to a plane perpendicular to the reference
surface local zenith direction. TOPOCENTRIC ONLY.  Units: DEGREES
 
 'APmag   S-brt' =
  The targets' approximate apparent visual magnitude and surface brightness.
For planets and natural satellites, output is restricted to solar phase angles
covered by observational data. Outside the observed phase angle range, "n.a."
may be output to avoid extrapolation beyond the limit of model validity.

   For Earth-based observers, the estimated dimming due to atmospheric
absorption (extinction) is available as a separate, requestable quantity.

   Surface brightness is the average airless visual magnitude of a
square-arcsecond of the illuminated portion of the apparent disk. It is
computed only if the target radius is known.

   Units: MAGNITUDES & MAGNITUDES PER SQUARE ARCSECOND
 
 'Illu%' =
   Fraction of the target objects' assumed circular disk illuminated by Sun
(phase), as seen by the observer.  Units: PERCENT
 
 'Ang-diam' =
   The equatorial angular width of the target body full disk, if it were fully
illuminated and visible to the observer. If the target body diameter is unknown
"n.a." is output.

   Units: ARCSECONDS
 
 'ObsSub-LON ObsSub-LAT' =
   Apparent planetodetic longitude and latitude of the center of the target
disc seen by the OBSERVER at print-time. This is NOT exactly the same as the
"nearest" sub-point for a non-spherical target shape (since the center of the
disc might not be the point closest to the observer), but is generally very
close if not a very irregular body shape. Down-leg light travel-time from
target to observer is taken into account. Latitude is the angle between the
equatorial plane and the line perpendicular to the reference ellipsoid of the
body, so includes body oblateness. The reference ellipsoid is an oblate
spheroid with a single flatness coefficient in which the y-axis body radius
is taken to be the same value as the x-axis radius. For Jupiter, Saturn, and
Uranus, IAU2015 longitude is based on the "System III" prime meridian rotation
angle of the magnetic field. By contrast, pole direction (thus latitude) is
relative to the body dynamical equator.  There can be an offset between the
magnetic pole and the dynamical pole of rotation. For Neptune, rotation is
IAU2015 "System II" rotation of optically observed features in the Neptunian
atmosphere. Positive longitude is to the EAST for this target. Cartographic
system is specified in the header. Units: DEGREES DEGREES
 
 'delta      deldot' =
   Apparent range ("delta", light-time aberrated) and range-rate ("delta-dot")
of the target center relative to the observer. A positive "deldot" means the
target center is moving away from the observer, negative indicates movement
toward the observer.  Units: AU and KM/S
 
 'S-O-T /r' =
   Sun-Observer-Target apparent SOLAR ELONGATION ANGLE seen from the observers'
location at print-time.

   The '/r' column provides a code indicating the targets' apparent position
relative to the Sun in the observers' sky, as described below:

   Case A: For an observing location on the surface of a rotating body, that
body rotational sense is considered:

    /T indicates target TRAILS Sun   (evening sky: rises and sets AFTER Sun)
    /L indicates target LEADS Sun    (morning sky: rises and sets BEFORE Sun)

   Case B: For an observing point that does not have a rotational model (such
as a spacecraft), the "leading" and "trailing" condition is defined by the
observers' heliocentric ORBITAL motion:

    * If continuing in the observers' current direction of heliocentric
       motion would encounter the targets' apparent longitude first, followed
       by the Sun's, the target LEADS the Sun as seen by the observer.

    * If the Sun's apparent longitude would be encountered first, followed
       by the targets', the target TRAILS the Sun.

   Two other codes can be output:
    /* indicates observer is Sun-centered    (undefined)
    /? Target is aligned with Sun center     (no lead or trail)

   The S-O-T solar elongation angle is numerically the minimum separation
angle of the Sun and target in the sky in any direction. It does NOT indicate
the amount of separation in the leading or trailing directions, which would
be defined along the equator of a spherical coordinate system.

   Units: DEGREES
 
 'S-T-O' =
   The Sun-Target-Observer angle; the interior vertex angle at target center
formed by a vector from the target to the apparent center of the Sun (at
reflection time on the target) and the apparent vector from target to the
observer at print-time. Slightly different from true PHASE ANGLE (requestable
separately) at the few arcsecond level in that it includes stellar aberration
on the down-leg from target to observer.  Units: DEGREES
 
 'Sky_motion  Sky_mot_PA  RelVel-ANG' =
  Total apparent angular rate of the target in the plane-of-sky. "Sky_mot_PA"
is the position angle of the target's direction of motion in the plane-of-sky,
measured counter-clockwise from the apparent of-date north pole direction.
"RelVel-ANG" is the flight path angle of the target's relative motion with
respect to the observer's line-of-sight, in the range [-90,+90], where positive
values indicate motion away from the observer, negative values are toward the
observer:

  -90 = target is moving directly toward the observer
    0 = target is moving at right angles to the observer's line-of-sight
  +90 = target is moving directly away from the observer

UNITS:  ARCSECONDS/MINUTE, DEGREES, DEGREES
 
 'Lun_Sky_Brt  sky_SNR' =
  Sky brightness due to moonlight scattered by Earth's atmosphere at the
target's position in the sky. "sky_SNR" is the visual signal-to-noise ratio
(SNR) of the target's surface brightness relative to background sky. Output
only for topocentric Earth observers when both the Moon and target are above
the local horizon and the Sun is in astronomical twilight (or further) below
the horizon, and the target is not the Moon or Sun. If all conditions are
not met, "n.a." is output. Galactic brightness, local sky light-pollution
and weather are NOT considered. Lunar opposition surge is considered. The
value returned is accurate under ideal conditions at the approximately 8-23%
level, so is a useful but not definitive value.

  If the target-body radius is also known, "sky_SNR" is output. This is the
approximate visual signal-to-noise ratio of the target's brightness divided
by lunar sky brightness. When sky_SNR < 1, the target is dimmer than the
ideal moonlight-scattering background sky, so unlikely to be detectable at
visual wavelengths. In practice, visibility requires sky_SNR > 1 and a
detector sensitive enough to reach the target's magnitude, even if it isn't
washed out by moonlight. When relating magnitudes and brightness values,
keep in mind their logarithmic relationship m2-m1 = -2.5*log_10(b2/b1).

  UNITS: VISUAL MAGNITUDES / ARCSECOND^2, and unitless ratio

Computations by ...

    Solar System Dynamics Group, Horizons On-Line Ephemeris System
    4800 Oak Grove Drive, Jet Propulsion Laboratory
    Pasadena, CA  91109   USA

    General site: https://ssd.jpl.nasa.gov/
    Mailing list: https://ssd.jpl.nasa.gov/email_list.html
    System news : https://ssd.jpl.nasa.gov/horizons/news.html
    User Guide  : https://ssd.jpl.nasa.gov/horizons/manual.html
    Connect     : browser        https://ssd.jpl.nasa.gov/horizons/app.html#/x
                  API            https://ssd-api.jpl.nasa.gov/doc/horizons.html
                  command-line   telnet ssd.jpl.nasa.gov 6775
                  e-mail/batch   https://ssd.jpl.nasa.gov/ftp/ssd/horizons_batch.txt
                  scripts        https://ssd.jpl.nasa.gov/ftp/ssd/SCRIPTS
    Author      : Jon.D.Giorgini@jpl.nasa.gov

**********************************************************************************************************************************************************************************************************************************************************************************************
