*******************************************************************************
 Revised: September 25, 2025           Uranus                               799
 
 PHYSICAL DATA:
  Mass x10^24 (kg)      = 86.813          Density (g/cm^3)       =  1.271
  Equat. radius (1 bar) = 25559+-4 km     Polar radius (km)      = 24973+-20
  Vol. Mean Radius (km) = 25362+-12       Flattening             =  0.02293
  Geometric Albedo      = 0.51
  Sid. rot. period (III)= 17.24+-0.01 h   Sid. rot. rate (rad/s) = -0.000101237
  Mean solar day, h     =~17.24           Rocky core mass (Mc/M) =  0.0012        
  GM (km^3/s^2)         = 5793950.6103    GM 1-sigma (km^3/s^2)  = +-4.3 
  Equ. grav, ge (m/s^2) =  8.87           Pol. grav, gp (m/s^2)  =   9.19+-0.02
  Visual magnitude V(1,0)= -7.11
  Vis. mag. (opposition)=  +5.52          Obliquity to orbit     = 97.77 deg
  Sidereal orbit period = 84.0120465 y    Sidereal orbit period  = 30685.4 d
  Mean daily motion     = 0.01176904 dg/d Mean orbit velocity    =  6.8 km/s
  Atmos. temp. (1 bar)  =  76+-2 K        Escape speed, km/s     =  21.3           
  Aroche(ice)/Rp        =  2.20           Hill's sphere rad., Rp = 2700
                                 Perihelion   Aphelion    Mean
  Solar Constant (W/m^2)         4.09         3.39        3.71
  Maximum Planetary IR (W/m^2)   0.72         0.55        0.63
  Minimum Planetary IR (W/m^2)   0.72         0.55        0.63
*******************************************************************************


*******************************************************************************
Ephemeris / WWW_USER Mon Apr  6 16:56:08 2026 Pasadena, USA      / Horizons    
*******************************************************************************
Target body name: Uranus (799)                    {source: ura184_merged}
Center body name: Earth (399)                     {source: DE441}
Center-site name: (user defined site below)
*******************************************************************************
Start time      : A.D. 2026-Jan-01 00:00:00.0000 UT      
Stop  time      : A.D. 2026-Dec-31 00:00:00.0000 UT      
Step-size       : 3600 minutes
*******************************************************************************
Target pole/equ : IAU_URANUS                      {East-longitude positive}
Target radii    : 25559.0, 25559.0, 24973.0 km    {Equator_a, b, pole_c}       
Center geodetic : 267.0, 16.5, .500               {E-lon(deg),Lat(deg),Alt(km)}
Center cylindric: 267.0, 6117.61489, 1799.99002   {E-lon(deg),Dxy(km),Dz(km)}
Center pole/equ : ITRF93                          {East-longitude positive}
Center radii    : 6378.137, 6378.137, 6356.752 km {Equator_a, b, pole_c}       
Target primary  : Sun
Vis. interferer : MOON (R_eq= 1737.400) km        {source: DE441}
Rel. light bend : Sun                             {source: DE441}
Rel. lght bnd GM: 1.3271E+11 km^3/s^2                                          
Atmos refraction: NO (AIRLESS)
RA format       : HMS
Time format     : CAL 
Calendar mode   : Mixed Julian/Gregorian
EOP file        : eop.260406.p260703                                           
EOP coverage    : DATA-BASED 1962-JAN-20 TO 2026-APR-06. PREDICTS-> 2026-JUL-02
Units conversion: 1 au= 149597870.700 km, c= 299792.458 km/s, 1 day= 86400.0 s 
Table cut-offs 1: Elevation (-90.0deg=NO ),Airmass (>38.000=NO), Daylight (NO )
Table cut-offs 2: Solar elongation (  0.0,180.0=NO ),Local Hour Angle( 0.0=NO )
Table cut-offs 3: RA/DEC angular rate (     0.0=NO )                           
**********************************************************************************************************************************************************************************************************************************************************************************************
 Date__(UT)__HR:MN     R.A._____(ICRF)_____DEC  R.A.__(a-apparent)__DEC  dRA*cosD d(DEC)/dt  Azi____(a-app)___Elev    APmag   S-brt      Illu%  Ang-diam  ObsSub-LON ObsSub-LAT             delta      deldot     S-O-T /r     S-T-O  Sky_motion  Sky_mot_PA  RelVel-ANG  Lun_Sky_Brt  sky_SNR
**********************************************************************************************************************************************************************************************************************************************************************************************
$$SOE
 2026-Jan-01 00:00 Cm  03 41 25.53 +19 25 28.7  03 42 56.94 +19 30 34.6  -4.10315  -0.85242   78.605250  44.323944    5.646   8.236   99.97084  3.757945    3.751339  69.516100  18.7552619234531  19.6781631  137.3829 /T    1.9525   0.0698459   258.26381   51.175016         n.a.     n.a.
 2026-Jan-03 12:00 Nm  03 41 08.95 +19 24 36.7  03 42 40.33 +19 29 43.4  -3.69337  -0.85386  307.026557 -32.565733    5.649   8.236   99.96794  3.752020  176.501898  69.455695  18.7848780360804  21.2522087  134.7643 /T    2.0479   0.0631798   256.98264   55.977700         n.a.     n.a.
 2026-Jan-06 00:00 C   03 40 53.53 +19 23 48.6  03 42 24.93 +19 28 55.8  -3.60426  -0.74047   79.086716  49.084079    5.652   8.236   99.96505  3.745866  349.253889  69.399485  18.8157437905261  21.5847228  132.1600 /T    2.1385   0.0613256   258.39044   57.128368         n.a.     n.a.
 2026-Jan-08 12:00 Nm  03 40 39.14 +19 23 03.7  03 42 10.46 +19 28 11.5  -3.16169  -0.73164  310.521492 -36.359715    5.656   8.236   99.96217  3.739451  162.006033  69.346988  18.8480197781002  23.0219765  129.5500 /T    2.2252   0.0540874   256.97071   61.840640         n.a.     n.a.
 2026-Jan-11 00:00 C   03 40 25.99 +19 22 23.1  03 41 57.29 +19 27 31.0  -3.06717  -0.61867   79.425475  53.834220    5.660   8.235   99.95936  3.732838  334.760191  69.298955  18.8814128874420  23.3221272  126.9545 /T    2.3066   0.0521490   258.59607   62.962116         n.a.     n.a.
 2026-Jan-13 12:00 Nm  03 40 13.95 +19 21 45.9  03 41 45.18 +19 26 54.1  -2.59410  -0.59952  314.494395 -39.933540    5.664   8.235   99.95661  3.725994  147.515030  69.254965  18.9160941834709  24.6083482  124.3539 /T    2.3839   0.0443746   256.98690   67.592290         n.a.     n.a.
 2026-Jan-16 00:00 *   03 40 03.21 +19 21 13.2  03 41 34.45 +19 26 21.6  -2.49438  -0.48780   79.575759  58.570200    5.668   8.235   99.95397  3.718985  320.272494  69.215685  18.9517444980978  24.8678971  121.7684 /T    2.4556   0.0423605   258.93481   68.682368         n.a.     n.a.
 2026-Jan-18 12:00 N   03 39 53.65 +19 20 44.2  03 41 24.84 +19 25 53.0  -1.99539  -0.45885  319.012514 -43.241118    5.672   8.235   99.95143  3.711778  133.031200  69.180740  18.9885428904849  25.9881105  119.1786 /T    2.5228   0.0341244   257.04957   73.227404         n.a.     n.a.
 2026-Jan-21 00:00 *m  03 39 45.45 +19 20 20.0  03 41 16.64 +19 25 29.0  -1.89211  -0.34992   79.456644  63.287300    5.676   8.235   99.94904  3.704441  305.793135  69.150700  19.0261471119204  26.1993688  116.6048 /T    2.5843   0.0320698   259.52220   74.276945         n.a.     n.a.
 2026-Jan-23 12:00 N   03 39 38.50 +19 19 59.6  03 41 09.60 +19 25 08.9  -1.37263  -0.31216  324.137854 -46.227718    5.681   8.235   99.94680  3.696942  118.556869  69.125234  19.0647427503449  27.1402315  114.0278 /T    2.6410   0.0234612   257.18786   78.733360         n.a.     n.a.
 2026-Jan-26 00:00 *m  03 39 32.93 +19 19 44.1  03 41 04.02 +19 24 53.3  -1.26887  -0.20717   78.916719  67.979270    5.685   8.235   99.94474  3.689351  291.324420  69.104799  19.1039693188162  27.2991849  111.4676 /T    2.6918   0.0214279   260.72716   79.726034         n.a.     n.a.
 2026-Jan-28 12:00 N   03 39 28.66 +19 19 32.6  03 40 59.68 +19 24 41.9  -0.73608  -0.16180  329.914203 -48.830184    5.690   8.235   99.94285  3.681632  104.094298  69.089095  19.1440233817801  28.0564494  108.9051 /T    2.7378   0.0125608   257.60285   84.085127         n.a.     n.a.
 2026-Jan-31 00:00 *m  03 39 25.78 +19 19 26.1  03 40 56.83 +19 24 35.4  -0.63495  -0.06226   77.640161  72.636027    5.694   8.235   99.94118  3.673857  276.868507  69.078463  19.1845361426068  28.1692625  106.3597 /T    2.7778   0.0106333   264.39999   84.997210         n.a.     n.a.
 2026-Feb-02 12:00 Nm  03 39 24.21 +19 19 23.6  03 40 55.20 +19 24 33.0  -0.09379  -0.00979  336.348293 -50.979099    5.699   8.235   99.93970  3.665987   89.645510  69.072654  19.2257201214341  28.7487544  103.8122 /T    2.8128   0.0015717   264.04331   89.272079         n.a.     n.a.
 2026-Feb-05 00:00 *   03 39 24.04 +19 19 26.1  03 40 55.02 +19 24 35.5  0.004745  0.084023   74.860205  77.236028    5.703   8.235   99.93846  3.658094  262.427324  69.071917  19.2672038688328  28.8251589  101.2815 /T    2.8418   0.0014026   3.2323053   89.350712         n.a.     n.a.
 2026-Feb-07 12:00 Nm  03 39 25.20 +19 19 32.7  03 40 56.09 +19 24 41.8  0.552074  0.143521  343.386261 -52.604709    5.708   8.235   99.93743  3.650136   75.212401  69.076077  19.3092093762318  29.2278616   98.7485 /T    2.8658   0.0095071   75.427557   85.658363         n.a.     n.a.
 2026-Feb-10 00:00 *   03 39 27.76 +19 19 44.3  03 40 58.65 +19 24 53.2  0.649265  0.231257   68.183294  81.713822    5.713   8.235   99.93664  3.642186  248.002785  69.085300  19.3513556768640  29.2653409   96.2322 /T    2.8839   0.0114870   70.394955   84.754099         n.a.     n.a.
 2026-Feb-12 12:00 Nm  03 39 31.67 +19 20 00.0  03 41 02.49 +19 25 08.6  1.199286  0.297362  350.896209 -53.645387    5.717   8.235   99.93609  3.634203   60.796945  69.099475  19.3938657843539  29.4845947   93.7138 /T    2.8968   0.0205934   76.074394   80.701118         n.a.     n.a.
 2026-Feb-15 00:00 *   03 39 36.95 +19 20 20.7  03 41 07.80 +19 25 29.2  1.294292  0.378009   46.230508  85.733834    5.722   8.235   99.93579  3.626259  233.596912  69.118666  19.4363506977726  29.4783697   91.2123 /T    2.9038   0.0224727   73.719103   79.845526         n.a.     n.a.
 2026-Feb-17 12:00 N   03 39 43.60 +19 20 45.4  03 41 14.37 +19 25 53.7  1.842611  0.449475  358.668543 -54.059177    5.727   8.234   99.93572  3.618313   46.401162  69.142822  19.4790327938312  29.5086543   88.7092 /T    2.9057   0.0316107   76.291348   75.843435         n.a.     n.a.
 2026-Feb-20 00:00 *m  03 39 51.60 +19 21 15.2  03 41 22.36 +19 26 23.1  1.933872  0.522270  332.841540  86.688836    5.731   8.234   99.93590  3.610439  219.211704  69.171900  19.5215179023898  29.4548229   86.2235 /T    2.9017   0.0333859   74.886989   75.025794         n.a.     n.a.
 2026-Feb-22 12:00 N   03 40 00.94 +19 21 48.7  03 41 31.62 +19 26 56.1  2.474558  0.598026    6.443690 -53.833723    5.736   8.234   99.93632  3.602594   32.027026  69.205894  19.5640287789008  29.2955199   83.7369 /T    2.8927   0.0424299   76.413838   71.092887         n.a.     n.a.
 2026-Feb-25 00:00 *m  03 40 11.60 +19 22 27.2  03 41 42.31 +19 27 34.1  2.559060  0.661712  296.732258  83.191977    5.741   8.234   99.93696  3.594849  204.849064  69.244646  19.6061745770488  29.1982351   81.2682 /T    2.8780   0.0440538   75.502218   70.324081         n.a.     n.a.
 2026-Feb-27 12:00 N   03 40 23.57 +19 23 09.3  03 41 54.24 +19 28 15.8  3.086911  0.740736   13.961840 -52.989292    5.745   8.234   99.93784  3.587163   17.676305  69.288195  19.6481841032344  28.8599012   78.7990 /T    2.8584   0.0529090   76.506414   66.470651         n.a.     n.a.
 2026-Mar-02 00:00 *m  03 40 36.81 +19 23 56.1  03 42 07.50 +19 29 02.3  3.163954  0.795135  287.252529  78.876130    5.750   8.234   99.93893  3.579604  190.510616  69.336289  19.6896789265945  28.7317302   76.3475 /T    2.8334   0.0543723   75.893115   65.752742         n.a.     n.a.
 2026-Mar-04 12:00 Nm  03 40 51.32 +19 24 46.4  03 42 21.93 +19 29 52.0  3.676755  0.877290   21.012382 -51.574795    5.754   8.234   99.94022  3.572126    3.350516  69.389037  19.7308934140630  28.2276727   73.8953 /T    2.8035   0.0629995   76.579892   61.973206         n.a.     n.a.
 2026-Mar-07 00:00 *   03 41 07.04 +19 25 41.2  03 42 37.65 +19 30 46.2  3.748383  0.922574  283.577409  74.427168    5.759   8.234   99.94171  3.564798  176.197820  69.446115  19.7714585772864  28.0738838   71.4600 /T    2.7685   0.0643375   76.172866   61.289732         n.a.     n.a.
 2026-Mar-09 12:00 Nm  03 41 24.01 +19 26 39.4  03 42 54.56 +19 31 43.5  4.244905  1.007842   27.461772 -49.657713    5.763   8.234   99.94339  3.557574  349.051124  69.507709  19.8116038652841  27.4072045   69.0236 /T    2.7287   0.0727151   76.643912   57.568639         n.a.     n.a.
 2026-Mar-12 00:00 *   03 41 42.12 +19 27 41.8  03 43 12.71 +19 32 45.3  4.311741  1.043922  281.895530  69.949146    5.767   8.234   99.94523  3.550520  161.912179  69.573413  19.8509662261917  27.2249599   66.6038 /T    2.6840   0.0739386   76.389933   56.907884         n.a.     n.a.
 2026-Mar-14 12:00 Cm  03 42 01.45 +19 28 47.4  03 43 31.99 +19 33 50.2  4.789204  1.131230   33.254440 -47.312275    5.771   8.234   99.94724  3.543593  334.779647  69.643473  19.8897663145582  26.3962606   64.1827 /T    2.6348   0.0820165   76.710088   53.238298         n.a.     n.a.
 2026-Mar-17 00:00 *   03 42 21.86 +19 29 57.0  03 43 52.42 +19 34 59.2  4.851049  1.157730  281.122840  65.470851    5.775   8.234   99.94938  3.536857  147.655191  69.717403  19.9276488532525  26.1821867   61.7779 /T    2.5809   0.0831214   76.577122   52.592575         n.a.     n.a.
 2026-Mar-19 12:00 C   03 42 43.43 +19 31 09.5  03 44 13.93 +19 36 10.8  5.305875  1.246388   38.395798 -44.610904    5.779   8.233   99.95166  3.530271  320.537551  69.795497  19.9648249470342  25.1940332   59.3721 /T    2.5227   0.0908384   76.780488   48.971104         n.a.     n.a.
 2026-Mar-22 00:00 *m  03 43 06.02 +19 32 25.7  03 44 36.54 +19 37 26.3  5.360707  1.262714  280.842420  61.003316    5.783   8.233   99.95403  3.523895  133.428273  69.877178  20.0009516855004  24.9482344   56.9828 /T    2.4600   0.0917903   76.745597   48.344907         n.a.     n.a.
 2026-Mar-24 12:00 C   03 43 29.71 +19 33 44.6  03 45 00.20 +19 38 44.2  5.788318  1.351537   42.929370 -41.618508    5.787   8.233   99.95651  3.517689  306.326146  69.962776  20.0362339556557  23.8110424   54.5928 /T    2.3933   0.0990669   76.857254   44.779654         n.a.     n.a.
 2026-Mar-27 00:00 *m  03 43 54.33 +19 35 07.0  03 45 24.88 +19 40 05.8  5.834701  1.357532  280.862682  56.551500    5.790   8.233   99.95905  3.511710  119.232575  70.051632  20.0703515461808  23.5442882   52.2195 /T    2.3225   0.0998424   76.902285   44.184817         n.a.     n.a.
 2026-Mar-29 12:00 C   03 44 19.98 +19 36 31.6  03 45 50.49 +19 41 29.6  6.232821  1.446336   46.917145 -38.389984    5.794   8.233   99.96165  3.505918  292.146417  70.144128  20.1035085354298  22.2781590   49.8454 /T    2.2479   0.1066406   76.935643   40.682826         n.a.     n.a.
 2026-Apr-01 00:00 *m  03 44 46.48 +19 37 59.4  03 46 17.01 +19 42 56.5  6.272521  1.442496  281.084045  52.117844    5.797   8.233   99.96428  3.500363  105.068945  70.239549  20.1354091995807  22.0008697   47.4875 /T    2.1696   0.1072708   77.048831   40.117090         n.a.     n.a.
 2026-Apr-03 12:00 Cm  03 45 13.93 +19 39 29.2  03 46 44.42 +19 44 25.2  6.641514  1.531488   50.426511 -34.970765    5.801   8.233   99.96694  3.495010  277.999138  70.338346  20.1662483701252  20.6177792   45.1282 /T    2.0878   0.1135967   77.014956   36.667458         n.a.     n.a.
 2026-Apr-06 00:00 *   03 45 42.16 +19 41 01.8  03 47 12.69 +19 45 56.9  6.676474  1.518619  281.450590  47.703859    5.804   8.233   99.96958  3.489905   90.938154  70.439760  20.1957489021845  20.3300358   42.7843 /T    2.0027   0.1141168   77.185630   36.117807         n.a.     n.a.
 2026-Apr-08 12:00 *m  03 46 11.28 +19 42 36.3  03 47 41.80 +19 47 30.2  7.015455  1.607223   53.521920 -31.397378    5.807   8.233   99.97222  3.485015  263.885094  70.544290  20.2240897898376  18.8350590   40.4382 /T    1.9142   0.1199534   77.096354   32.709475         n.a.     n.a.
 2026-Apr-11 00:00 *   03 46 41.09 +19 44 13.3  03 48 11.67 +19 49 06.4  7.046305  1.585267  281.929775  43.310546    5.809   8.233   99.97482  3.480382   76.840967  70.651128  20.2510111503020  18.5329863   38.1068 /T    1.8228   0.1203738   77.320793   32.164812         n.a.     n.a.
 2026-Apr-13 12:00 *m  03 47 11.73 +19 45 51.8  03 48 42.29 +19 50 43.8  7.353677  1.673008   56.261669 -27.698959    5.812   8.232   99.97738  3.475977  249.805005  70.760816  20.2766745321277  16.9310397   35.7729 /T    1.7283   0.1256931   77.183007   28.788528         n.a.     n.a.
 2026-Apr-16 00:00 *   03 47 42.98 +19 47 32.4  03 49 13.57 +19 52 23.5  7.379616  1.642103  282.501673  38.938636    5.814   8.232   99.97985  3.471839   62.778057  70.872489  20.3008402044942  16.6123834   33.4533 /T    1.6312   0.1260018   77.455001   28.244190         n.a.     n.a.
 2026-Apr-18 12:00 *   03 48 14.97 +19 49 14.4  03 49 45.55 +19 54 04.1  7.652414  1.728029   58.696823 -23.898753    5.817   8.232   99.98226  3.467942  235.759462  70.986713  20.3236527828221  14.9115083   31.1310 /T    1.5313   0.1307516   77.275184   24.897674         n.a.     n.a.
 2026-Apr-21 00:00 *m  03 48 47.48 +19 50 58.1  03 50 18.13 +19 55 46.8  7.671637  1.687996  283.154380  34.588724    5.819   8.232   99.98455  3.464320   48.749871  71.102566  20.3448982137973  14.5799327   28.8232 /T    1.4292   0.1309191   77.590904   24.359030         n.a.     n.a.
 2026-Apr-23 12:00 *   03 49 20.65 +19 52 42.7  03 50 51.34 +19 57 30.3  7.907009  1.771672   60.870761 -20.014880    5.821   8.232   99.98674  3.460950  221.748724  71.220634  20.3647117894032  12.8000528   26.5128 /T    1.3247   0.1350510   77.370701   21.053432         n.a.     n.a.
 2026-Apr-26 00:00 *m  03 49 54.24 +19 54 28.8  03 51 24.98 +19 59 15.6  7.919860  1.723083  283.881542  30.261225    5.823   8.232   99.98879  3.457859   34.756464  71.339960  20.3829142342999  12.4688353   24.2167 /T    1.2183   0.1350856   77.725732   20.532965         n.a.     n.a.
 2026-Apr-28 12:00 *   03 50 28.41 +19 56 15.6  03 51 59.15 +20 01 01.0  8.118799  1.804678   62.820228 -16.061616    5.824   8.232   99.99071  3.455026  207.772672  71.461173  20.3996295513171  10.6291091   21.9176 /T    1.1099   0.1386159   77.467824   17.269114         n.a.     n.a.
 2026-May-01 00:00 *m  03 51 02.90 +19 58 03.4  03 52 33.68 +20 02 47.8  8.127869  1.748852  284.680008  25.956708    5.826   8.232   99.99246  3.452474   20.797629  71.583306  20.4147063795828  10.3015790   19.6322 /T    1.0001   0.1385648   77.856957   16.761268         n.a.     n.a.
 2026-May-03 12:00 *m  03 51 37.89 +19 59 51.8  03 53 08.70 +20 04 34.7  8.291111  1.828347   64.575846 -12.050394    5.827   8.231   99.99406  3.450185  193.831080  71.707023  20.4282490840404   8.4110217   17.3429 /T    0.8884   0.1415052   77.564224   13.529159         n.a.     n.a.
 2026-May-06 00:00 *   03 52 13.12 +20 01 40.8  03 53 44.00 +20 06 22.9  8.297567  1.765618  285.549775  21.676086    5.828   8.231   99.99548  3.448180    6.873116  71.831343  20.4401299267691   8.0834118   15.0664 /T    0.7757   0.1413890   77.987344   13.023322         n.a.     n.a.
 2026-May-08 12:00 *m  03 52 48.77 +20 03 30.1  03 54 19.70 +20 08 10.9  8.425078  1.842557   66.162811  -7.990175    5.829   8.231   99.99672  3.446443  179.923643  71.956952  20.4504302758814   6.1475548   12.7851 /T    0.6616   0.1437368   77.663696   9.8104969         n.a.     n.a.
 2026-May-11 00:00 *   03 53 24.58 +20 05 19.9  03 54 55.56 +20 09 59.8  8.428807  1.773459  286.493003  17.420497    5.830   8.231   99.99777  3.444992  352.982558  72.082851  20.4590468470594   5.8159631   10.5159 /T    0.5467   0.1435560   78.118026   9.2981850         n.a.     n.a.
 2026-May-13 12:00 *m  03 54 00.73 +20 07 09.6  03 55 31.74 +20 11 48.1  8.519165  1.847242   67.602193  -3.888162    5.831   8.231   99.99862  3.443815  166.049910  72.209732  20.4660388294241   3.8422979    8.2413 /T    0.4306   0.1452856   77.765739   6.0963450         n.a.     n.a.
 2026-May-16 00:00 *   03 54 36.94 +20 08 59.4  03 56 08.01 +20 13 36.9  8.518919  1.771816  287.513551  13.191367    5.831   8.231   99.99927  3.442925  339.125370  72.336577  20.4713293466138   3.5048958    5.9785 /T    0.3142   0.1450204   78.250781   5.5727488         n.a.     n.a.
 2026-May-18 12:00 *   03 55 13.40 +20 10 48.9  03 56 44.55 +20 15 25.0  8.569702  1.841848   68.911337   0.249957    5.832   8.231   99.99972  3.442314  152.209116  72.464071  20.4749587057836   1.5067454    3.7107 /T    0.1970   0.1460900   77.870198   2.3806787         n.a.     n.a.
 2026-May-21 00:00 *m  03 55 49.83 +20 12 38.2  03 57 21.08 +20 17 13.5  8.563783  1.760452  288.617476   8.990495    5.832   8.231   99.99996  3.441991  325.300560  72.591176  20.4768854492541   1.1728286    1.4587 /T    0.0800   0.1457143   78.383568   1.8569453         n.a.     n.a.
 2026-May-23 12:00 *   03 56 26.41 +20 14 27.0  03 57 57.68 +20 19 00.8  8.574894  1.826500   70.104376   4.420142    5.832   8.230   99.99999  3.441948  138.400003  72.718581  20.4771388356312  -0.8263151    0.8291 /L    0.0387   0.1461211   77.975386   -1.314538         n.a.     n.a.
 2026-May-26 00:00 *m  03 57 02.87 +20 16 15.2  03 58 34.21 +20 20 48.3  8.565520  1.740543  289.812571   4.819737    5.831   8.230   99.99980  3.442188  311.506650  72.845269  20.4757126328654  -1.1477820    3.0697 /L    0.1553   0.1456762   78.513696   -1.828946         n.a.     n.a.
 2026-May-28 12:00 *   03 57 39.40 +20 18 02.7  03 59 10.80 +20 22 34.4  8.539180  1.803033   71.192575   8.618500    5.831   8.230   99.99941  3.442708  124.620990  72.971943  20.4726169036668  -3.1346813    5.3261 /L    0.2726   0.1454576   78.077226   -4.982525         n.a.     n.a.
 2026-May-31 00:00 *   03 58 15.72 +20 19 49.4  03 59 47.19 +20 24 20.0  8.527900  1.713297  291.108531   0.682359    5.830   8.230   99.99881  3.443506  297.742020  73.097606  20.4678720078231  -3.4462199    7.5733 /L    0.3890   0.1449717   78.640224   -5.493734         n.a.     n.a.
 2026-Jun-02 12:00 *m  03 58 52.02 +20 21 35.2  04 00 23.59 +20 26 04.5  8.465328  1.771774   72.184911  12.842588    5.829   8.230   99.99801  3.444585  110.870391  73.222964  20.4614635638466  -5.4150195    9.8281 /L    0.5053   0.1441459   78.178765   -8.641725         n.a.     n.a.
 2026-Jun-05 00:00 *   03 59 28.03 +20 23 19.9  04 00 59.68 +20 27 48.4  8.452525  1.678908  292.517560  -3.417989    5.828   8.230   99.99702  3.445937  284.004900  73.347039  20.4534366707436  -5.7217481   12.0735 /L    0.6205   0.1436275   78.765676   -9.158756         n.a.     n.a.
 2026-Jun-07 12:00 *m  04 00 03.95 +20 25 03.5  04 01 35.68 +20 29 30.8  8.353532  1.733018   73.087819  17.090132    5.827   8.229   99.99582  3.447569   97.146348  73.470520  20.4437531608591  -7.6660364   14.3272 /L    0.7352   0.1421901   78.279711   -12.31248         n.a.     n.a.
 2026-Jun-10 00:00 *   04 00 39.49 +20 26 45.7  04 02 11.28 +20 31 12.2  8.338311  1.637253  294.054101  -7.476582    5.826   8.229   99.99445  3.449470  270.293300  73.592444  20.4324837750469  -7.9716416   16.5724 /L    0.8484   0.1416255   78.891124   -12.84334         n.a.     n.a.
 2026-Jun-12 12:00 *m  04 01 14.85 +20 28 26.7  04 02 46.73 +20 32 51.7  8.201867  1.686438   73.905834  21.359333    5.825   8.229   99.99289  3.451652   83.446689  73.713473  20.4195683310607  -9.8826318   18.8266 /L    0.9608   0.1395575   78.380985   -16.01285         n.a.     n.a.
 2026-Jun-15 00:00 *m  04 01 49.76 +20 30 06.0  04 03 21.72 +20 34 30.2  8.182039  1.588140  295.735556 -11.487518    5.823   8.229   99.99117  3.454098  256.604833  73.832656  20.4051069221148 -10.1849416   21.0727 /L    1.0713   0.1389124   79.015436   -16.55971         n.a.     n.a.
 2026-Jun-17 12:00 *   04 02 24.38 +20 31 43.8  04 03 56.48 +20 36 07.0  8.006772  1.631681   74.640931  25.648949    5.821   8.229   99.98929  3.456823   69.768754  73.950617  20.3890254148481 -12.0438538   23.3279 /L    1.1807   0.1361890   78.481552   -19.74361         n.a.     n.a.
 2026-Jun-20 00:00 *m  04 02 58.46 +20 33 19.7  04 04 30.62 +20 37 42.2  7.982338  1.531737  297.583017 -15.443508    5.819   8.229   99.98727  3.459803  242.936531  74.066441  20.3714603405533 -12.3307673   25.5750 /L    1.2878   0.1354662   79.137512   -20.29120         n.a.     n.a.
 2026-Jun-22 12:00 *   04 03 32.16 +20 34 54.1  04 05 04.41 +20 39 15.4  7.770874  1.570184   75.292835  29.958078    5.817   8.229   99.98511  3.463056   56.109334  74.180737  20.3523253825378 -14.1178580   27.8314 /L    1.3935   0.1321320   78.576612   -23.47983         n.a.     n.a.
 2026-Jun-25 00:00 *m  04 04 05.24 +20 36 26.2  04 05 37.55 +20 40 46.7  7.743879  1.469863  299.621177 -19.335424    5.815   8.228   99.98283  3.466555  229.285073  74.292647  20.3317849994318 -14.3869846   30.0801 /L    1.4965   0.1313690   79.252560   -24.02218         n.a.     n.a.
 2026-Jun-27 12:00 *   04 04 37.86 +20 37 56.7  04 06 10.29 +20 42 15.9  7.498822  1.502931   75.858221  34.285790    5.812   8.228   99.98044  3.470319   42.465059  74.402760  20.3097312931356 -16.0958442   32.3387 /L    1.5979   0.1274658   78.666808   -27.22317         n.a.     n.a.
 2026-Jun-30 00:00 *   04 05 09.78 +20 39 24.8  04 06 42.30 +20 43 43.3  7.470112  1.402837  301.879655 -23.151486    5.810   8.228   99.97797  3.474319  215.647033  74.510272  20.2863501837056 -16.3525330   34.5905 /L    1.6962   0.1266782   79.364110   -27.76674         n.a.     n.a.
 2026-Jul-02 12:00 *m  04 05 41.17 +20 40 51.0  04 07 13.82 +20 45 08.6  7.192616  1.430321   76.329648  38.631235    5.807   8.228   99.97541  3.478578   28.832431  74.615735  20.2615121766804 -17.9785091   36.8531 /L    1.7926   0.1222242   78.752905   -30.99172         n.a.     n.a.
 2026-Jul-05 00:00 *   04 06 11.80 +20 42 14.7  04 07 44.50 +20 46 31.7  7.161554  1.330777  304.393258 -26.876985    5.804   8.228   99.97280  3.483062  202.018819  74.718392  20.2354244034793 -18.2272644   39.1099 /L    1.8857   0.1214025   79.473229   -31.54513         n.a.     n.a.
 2026-Jul-07 12:00 *m  04 06 41.80 +20 43 36.4  04 08 14.62 +20 47 52.4  6.851882  1.352125   76.694810  42.993499    5.801   8.228   99.97013  3.487800   15.207724  74.818751  20.2079375042070 -19.7646359   41.3785 /L    1.9766   0.1164003   78.836889   -34.80698         n.a.     n.a.
 2026-Jul-10 00:00 *   04 07 10.98 +20 44 55.4  04 08 43.85 +20 49 10.6  6.816701  1.253620  307.202426 -30.493625    5.798   8.227   99.96744  3.492753  188.396539  74.916096  20.1792808697341 -20.0066340   43.6421 /L    2.0638   0.1155169   79.579503   -35.37844         n.a.     n.a.
 2026-Jul-12 12:00 *m  04 07 39.45 +20 46 12.2  04 09 12.47 +20 50 26.5  6.473958  1.268116   76.933795  47.371556    5.794   8.227   99.96472  3.497952    1.586841  75.010872  20.1492909791238 -21.4438036   45.9182 /L    2.1485   0.1099498   78.917255   -38.68844         n.a.     n.a.
 2026-Jul-15 00:00 *m  04 08 07.00 +20 47 26.1  04 09 40.11 +20 51 39.9  6.432829  1.170890  310.354084 -33.978434    5.791   8.227   99.96203  3.503353  174.775832  75.102415  20.1182246412453 -21.6710691   48.1897 /L    2.2293   0.1089754   79.684074   -39.27638         n.a.     n.a.
 2026-Jul-17 12:00 *   04 08 33.76 +20 48 37.7  04 10 07.01 +20 52 50.9  6.058565  1.178612   77.014814  51.764235    5.787   8.227   99.95934  3.508989  347.965150  75.191117  20.0859125160290 -22.9877885   50.4737 /L    2.3072   0.1028690   78.991376   -42.62805         n.a.     n.a.
 2026-Jul-20 00:00 *m  04 08 59.54 +20 49 46.2  04 10 32.83 +20 53 58.8  6.012808  1.084085  313.900798 -37.303038    5.784   8.227   99.95671  3.514811  161.151902  75.276391  20.0526394776297 -23.1898492   52.7531 /L    2.3809   0.1018292   79.779601   -43.21567         n.a.     n.a.
 2026-Jul-22 12:00 *   04 09 24.45 +20 50 52.5  04 10 57.86 +20 55 04.2  5.611111  1.085213   76.887714  56.169571    5.780   8.227   99.95413  3.520854  334.337817  75.358594  20.0182245388832 -24.3754613   55.0452 /L    2.4514   0.0952515   79.053893   -46.60399         n.a.     n.a.
 2026-Jul-25 00:00 *m  04 09 48.32 +20 51 55.4  04 11 21.80 +20 56 06.6  5.562514  0.993980  317.899058 -40.432070    5.776   8.227   99.95163  3.527066  147.519948  75.437222  19.9829680972655 -24.5557596   57.3331 /L    2.5175   0.0941771   79.868600   -47.18924         n.a.     n.a.
 2026-Jul-27 12:00 *   04 10 11.25 +20 52 55.9  04 11 44.88 +20 57 06.5  5.136203  0.988436   76.468836  60.584135    5.772   8.226   99.94921  3.533484  320.700103  75.512583  19.9466729124631 -25.6083193   59.6342 /L    2.5801   0.0871741   79.106896   -50.62268         n.a.     n.a.
 2026-Jul-30 00:00 *   04 10 33.09 +20 53 53.1  04 12 06.79 +20 58 03.3  5.084603  0.900867  322.405735 -43.322192    5.768   8.226   99.94690  3.540054  133.875285  75.584244  19.9096527463245 -25.7714897   61.9319 /L    2.6381   0.0860632   79.952854   -51.21242         n.a.     n.a.
 2026-Aug-01 12:00 *m  04 10 53.93 +20 54 47.8  04 12 27.75 +20 58 57.5  4.635379  0.888156   75.613080  65.002035    5.763   8.226   99.94471  3.546816  307.047334  75.652455  19.8716962489529 -26.6887304   64.2437 /L    2.6924   0.0786617   79.153367   -54.70316         n.a.     n.a.
 2026-Aug-04 00:00 *   04 11 13.62 +20 55 38.9  04 12 47.49 +20 59 48.3  4.579721  0.804682  327.470355 -45.921926    5.759   8.226   99.94266  3.553713  120.213224  75.716850  19.8331295707991 -26.8377327   66.5532 /L    2.7419   0.0774980   80.034539   -55.30648         n.a.     n.a.
 2026-Aug-06 12:00 *m  04 11 32.25 +20 56 27.6  04 13 06.25 +21 00 36.3  4.108002  0.784381   74.049295  69.412114    5.755   8.226   99.94076  3.560786  293.374799  75.777603  19.7937317632185 -27.6141159   68.8775 /L    2.7874   0.0697036   79.190078   -58.87064         n.a.     n.a.
 2026-Aug-09 00:00 *   04 11 49.68 +20 57 12.5  04 13 23.76 +21 01 20.9  4.046058  0.704965  333.123839 -48.171821    5.750   8.226   99.93903  3.567976  106.528982  75.834413  19.7538441307433 -27.7450967   71.2002 /L    2.8279   0.0684502   80.116288   -59.49812         n.a.     n.a.
 2026-Aug-11 12:00 *m  04 12 05.98 +20 57 54.9  04 13 40.21 +21 02 03.0  3.553131  0.676702   71.212352  73.790925    5.746   8.226   99.93747  3.575325  279.677590  75.887383  19.7132440531666 -28.3672637   73.5383 /L    2.8642   0.0602833   79.217019   -63.14303         n.a.     n.a.
 2026-Aug-14 00:00 *m  04 12 21.03 +20 58 33.4  04 13 55.31 +21 02 41.5  3.484748  0.602323  339.362903 -50.006732    5.741   8.226   99.93612  3.582767   92.817577  75.936289  19.6722922792700 -28.4679295   75.8749 /L    2.8952   0.0589403   80.193571   -63.78764         n.a.     n.a.
 2026-Aug-16 12:00 *   04 12 34.88 +20 59 09.3  04 14 09.28 +21 03 17.0  2.974853  0.566640   65.739785  78.080430    5.736   8.225   99.93495  3.590346  265.950772  75.981178  19.6307681473917 -28.9212077   78.2267 /L    2.9219   0.0504723   79.215681   -67.50487         n.a.     n.a.
 2026-Aug-19 00:00 *m  04 12 47.45 +20 59 41.3  04 14 21.89 +21 03 48.8  2.902579  0.497987  346.131935 -51.360977    5.732   8.225   99.93401  3.597993   79.074239  76.021929  19.5890429006883 -28.9879599   80.5769 /L    2.9431   0.0490831   80.264704   -68.15242         n.a.     n.a.
 2026-Aug-21 12:00 *   04 12 58.78 +21 00 10.7  04 14 33.36 +21 04 17.9  2.380865  0.455152   53.610380  82.096635    5.727   8.225   99.93328  3.605753  252.189838  76.058541  19.5468888900116 -29.2720220   82.9423 /L    2.9597   0.0403997   79.177292   -71.93887         n.a.     n.a.
 2026-Aug-24 00:00 *m  04 13 08.81 +21 00 36.1  04 14 43.45 +21 04 43.3  2.305677  0.392650  353.311037 -52.175346    5.722   8.225   99.93278  3.613556   65.294771  76.090981  19.5046793326078 -29.3098243   85.3064 /L    2.9709   0.0389812   80.335405   -72.59036         n.a.     n.a.
 2026-Aug-26 12:00 *   04 13 17.56 +21 00 58.8  04 14 52.34 +21 05 06.0  1.775403  0.342377   21.757551  85.052838    5.717   8.225   99.93251  3.621447  238.390874  76.119184  19.4621804473297 -29.4270463   87.6861 /L    2.9773   0.0301352   79.084806   -76.45457         n.a.     n.a.
 2026-Aug-29 00:00 *   04 13 24.99 +21 01 17.6  04 14 59.81 +21 05 24.8  1.697276  0.286235    0.718229 -52.406959    5.713   8.225   99.93247  3.629356   51.475493  76.143200  19.4197656361348 -29.4399387   90.0652 /L    2.9782   0.0286874   80.427508   -77.11568         n.a.     n.a.
 2026-Aug-31 12:00 *m  04 13 31.11 +21 01 33.6  04 15 06.04 +21 05 40.8  1.160712  0.228533  329.531513  84.644443    5.708   8.225   99.93266  3.637329  224.550427  76.162893  19.3771982152330 -29.3916695   92.4605 /L    2.9743   0.0197166   78.861469   -81.07035         n.a.     n.a.
 2026-Sep-03 00:00 *   04 13 35.92 +21 01 45.6  04 15 10.88 +21 05 52.7  1.077865  0.178698    8.132012 -52.037359    5.703   8.225   99.93310  3.645295   37.613156  76.178383  19.3348521278378 -29.3795035   94.8559 /L    2.9647   0.0182096   80.586641   -81.75750         n.a.     n.a.
 2026-Sep-05 12:00 *m  04 13 39.37 +21 01 54.9  04 15 14.48 +21 06 02.0  0.536800  0.113123  303.135794  81.302349    5.698   8.225   99.93377  3.653299  210.665375  76.189455  19.2924946281027 -29.1612606   97.2683 /L    2.9502   0.0091432   78.099883   -85.81805         n.a.     n.a.
 2026-Sep-08 00:00 *   04 13 41.49 +21 02 00.1  04 15 16.66 +21 06 07.5  0.448508  0.069926   15.329761 -51.075566    5.693   8.225   99.93467  3.661268   23.704740  76.196308  19.2505043443811 -29.1148687   99.6812 /L    2.9301   0.0075654   81.138420   -86.53977         n.a.     n.a.
 2026-Sep-10 12:00 *m  04 13 42.24 +21 02 02.5  04 15 17.52 +21 06 10.2  -0.09315  -0.00276  292.899781  77.118689    5.689   8.225   99.93581  3.669243  196.732878  76.198664  19.2086602162580 -28.7155533  102.1111 /L    2.9049   0.0015532   268.30030   -89.28045         n.a.     n.a.
 2026-Sep-13 00:00 *m  04 13 41.66 +21 02 00.9  04 15 16.96 +21 06 08.7  -0.18475  -0.03870   22.126397 -49.556067    5.684   8.225   99.93717  3.677153    9.747684  76.196817  19.1673434373616 -28.6255071  104.5413 /L    2.8741   0.0031461   258.16960   -88.54134         n.a.     n.a.
 2026-Sep-15 12:00 *   04 13 39.70 +21 01 56.4  04 15 15.11 +21 06 04.5  -0.72029  -0.11774  288.140412  72.678139    5.679   8.225   99.93874  3.685036  182.750758  76.190450  19.1263395050755 -28.0439749  106.9881 /L    2.8383   0.0121642   260.71683   -84.27340         n.a.     n.a.
 2026-Sep-18 00:00 *m  04 13 36.44 +21 01 48.1  04 15 11.89 +21 05 56.3  -0.81238  -0.14584   28.397584 -47.531267    5.674   8.225   99.94052  3.692821  355.740292  76.179956  19.0860199917826 -27.9134418  109.4347 /L    2.7969   0.0137561   259.82252   -83.51355         n.a.     n.a.
 2026-Sep-20 12:00 *   04 13 31.81 +21 01 36.9  04 15 07.39 +21 05 45.7  -1.33676  -0.23097  285.649653  68.125440    5.670   8.225   99.94250  3.700546  168.717821  76.164969  19.0461724172282 -27.1583159  111.8978 /L    2.7504   0.0226094   260.19722   -79.15005         n.a.     n.a.
 2026-Sep-23 00:00 *m  04 13 25.91 +21 01 21.9  04 15 01.53 +21 05 31.0  -1.42825  -0.25130   34.083459 -45.062338    5.665   8.225   99.94465  3.708143  341.681803  76.145967  19.0071542966161 -26.9931947  114.3606 /L    2.6986   0.0241698   260.02100   -78.37517         n.a.     n.a.
 2026-Sep-25 12:00 *   04 13 18.67 +21 01 04.2  04 14 54.38 +21 05 13.9  -1.93748  -0.34205  284.293942  63.510040    5.661   8.225   99.94697  3.715649  154.633690  76.122529  18.9687578155419 -26.0733519  116.8400 /L    2.6418   0.0327907   259.98808   -73.91451         n.a.     n.a.
 2026-Sep-28 00:00 *   04 13 10.21 +21 00 42.7  04 14 45.93 +21 04 52.6  -2.02889  -0.35453   39.177492 -42.211851    5.657   8.225   99.94943  3.722996  327.572200  76.095207  18.9313254391257 -25.8772816  119.3193 /L    2.5798   0.0343272   260.08802   -73.11386         n.a.     n.a.
 2026-Sep-30 12:00 *m  04 13 00.43 +21 00 18.5  04 14 36.24 +21 04 28.9  -2.52055  -0.45097  283.587830  58.853765    5.652   8.225   99.95204  3.730221  140.498629  76.063514  18.8946581345667 -24.7992263  121.8157 /L    2.5130   0.0426763   259.85606   -68.54363         n.a.     n.a.
 2026-Oct-03 00:00 *   04 12 49.47 +20 59 50.6  04 14 25.34 +21 04 01.5  -2.61277  -0.45593   43.708838 -39.038128    5.648   8.224   99.95474  3.737257  313.411936  76.028070  18.8590856780469 -24.5690248  124.3123 /L    2.4411   0.0442042   260.10160   -67.69936         n.a.     n.a.
 2026-Oct-05 12:00 *m  04 12 37.23 +20 59 20.0  04 14 13.21 +21 03 31.8  -3.08356  -0.55712  283.293383  54.168217    5.644   8.224   99.95756  3.744138  126.313268  75.988335  18.8244271101732 -23.3303371  126.8264 /L    2.3645   0.0522247   259.75861   -63.00819         n.a.     n.a.
 2026-Oct-08 00:00 C   04 12 23.87 +20 58 45.9  04 13 59.86 +21 02 58.2  -3.17521  -0.55413   47.726316 -35.592514    5.640   8.224   99.96043  3.750798  299.201859  75.945006  18.7910026601593 -23.0559540  129.3406 /L    2.2832   0.0537199   260.10062   -62.11128         n.a.     n.a.
 2026-Oct-10 12:00 Cm  04 12 09.27 +20 58 09.3  04 13 45.33 +21 02 22.3  -3.61872  -0.65888  283.281475  49.460725    5.636   8.224   99.96337  3.757267  112.078746  75.897518  18.7586493284061 -21.6573429  131.8719 /L    2.1972   0.0613036   259.68088   -57.30689         n.a.     n.a.
 2026-Oct-13 00:00 Cm  04 11 53.64 +20 57 29.3  04 13 29.71 +21 01 42.7  -3.70593  -0.64732   51.286486 -31.919163    5.633   8.224   99.96633  3.763482  284.943490  75.846660  18.7276678495138 -21.3387178  134.4025 /L    2.1068   0.0627007   260.09209   -56.37031         n.a.     n.a.
 2026-Oct-15 12:00 C   04 11 36.83 +20 56 46.9  04 13 13.00 +21 01 01.2  -4.11600  -0.75453  283.477641  44.736996    5.629   8.225   99.96930  3.769473   97.797028  75.791846  18.6979060034173 -19.7935787  136.9494 /L    2.0121   0.0697431   259.61207   -51.46862         n.a.     n.a.
 2026-Oct-18 00:00 Cm  04 11 19.09 +20 56 01.3  04 12 55.29 +21 00 16.2  -4.19650  -0.73457   54.445569 -28.054976    5.626   8.225   99.97225  3.775180  270.639202  75.733945  18.6696365534237 -19.4390731  139.4947 /L    1.9134   0.0710052   260.07133   -50.50209         n.a.     n.a.
 2026-Oct-20 12:00 C   04 11 00.27 +20 55 13.5  04 12 36.54 +20 59 29.5  -4.56861  -0.84348  283.837234  40.001932    5.623   8.225   99.97516  3.780632   83.470809  75.672343  18.6427173037014 -17.7650203  142.0559 /L    1.8106   0.0774303   259.53961   -45.51653         n.a.     n.a.
 2026-Oct-23 00:00 Cm  04 10 40.61 +20 54 22.9  04 12 16.89 +20 58 39.5  -4.64186  -0.81502   57.256076 -24.030717    5.620   8.225   99.97800  3.785774  256.291958  75.607971  18.6173919705930 -17.3818798  144.6149 /L    1.7043   0.0785478   260.04150   -44.52053         n.a.     n.a.
 2026-Oct-25 12:00 C   04 10 19.97 +20 53 30.1  04 11 56.29 +20 57 47.7  -4.97352  -0.92497  284.332539  35.260141    5.617   8.225   99.98076  3.790633   69.103260  75.540177  18.5935314314751 -15.5951904  147.1895 /L    1.5943   0.0843133   259.46456   -39.45626         n.a.     n.a.
 2026-Oct-28 00:00 C   04 09 58.60 +20 52 34.8  04 11 34.94 +20 56 52.8  -5.04020  -0.88875   59.764930 -19.872003    5.614   8.225   99.98341  3.795160  241.905032  75.469942  18.5713501531488 -15.1879304  149.7617 /L    1.4811   0.0852993   259.99973   -38.42308         n.a.     n.a.
 2026-Oct-30 12:00 Cm  04 09 36.34 +20 51 37.5  04 11 12.77 +20 55 56.7  -5.32979  -0.99886  284.946975  30.516221    5.612   8.225   99.98593  3.799377   54.697680  75.396580  18.5507379772623 -13.2989067  152.3497 /L    1.3646   0.0903763   259.38527   -33.27739         n.a.     n.a.
 2026-Nov-02 00:00 C   04 09 13.48 +20 50 37.9  04 10 49.93 +20 54 57.9  -5.39009  -0.95490   62.012634 -15.599883    5.610   8.225   99.98828  3.803242  227.481722  75.321113  18.5318870076024 -12.8612511  154.9352 /L    1.2455   0.0912337   259.95381   -32.18602         n.a.     n.a.
 2026-Nov-04 12:00 Cm  04 08 49.82 +20 49 36.7  04 10 26.31 +20 53 57.8  -5.63375  -1.06378  285.671383  25.774751    5.608   8.225   99.99048  3.806770   40.257381  75.242845  18.5147125293906 -10.8740390  157.5364 /L    1.1234   0.0955551   259.30712   -26.95655         n.a.     n.a.
 2026-Nov-07 00:00 C   04 08 25.68 +20 48 33.4  04 10 02.16 +20 52 55.2  -5.68415  -1.01165   64.034044 -11.232045    5.606   8.225   99.99248  3.809925  213.025424  75.162861  18.4993796805969 -10.4036225  160.1342 /L    0.9992   0.0962246   259.90835   -25.80793         n.a.     n.a.
 2026-Nov-09 12:00 C   04 08 00.88 +20 47 28.7  04 09 37.39 +20 51 51.6  -5.87665  -1.11761  286.501541  21.040788    5.604   8.225   99.99428  3.812719   25.785943  75.080474  18.4858214556962  -8.3342654  162.7470 /L    0.8725   0.0996996   259.23222   -20.51561         n.a.     n.a.
 2026-Nov-12 00:00 Cm  04 07 35.73 +20 46 22.5  04 09 12.27 +20 50 46.0  -5.91448  -1.05745   65.858281  -6.783592    5.603   8.225   99.99584  3.815125  198.539927  74.996820  18.4741663523318  -7.8400480  165.3551 /L    0.7443   0.1001379   259.86319   -19.32539         n.a.     n.a.
 2026-Nov-14 12:00 C   04 07 10.07 +20 45 15.2  04 08 46.65 +20 49 39.9  -6.05243  -1.15963  287.437701  16.320027    5.602   8.225   99.99718  3.817151   11.287303  74.911216  18.4643603284874  -5.7127082  167.9770 /L    0.6140   0.1027086   259.15373   -13.99855         n.a.     n.a.
 2026-Nov-17 00:00 Nm  04 06 44.21 +20 44 06.6  04 08 20.80 +20 48 32.3  -6.07685  -1.09162   67.509541  -2.267409    5.601   8.225   99.99827  3.818778  184.029261  74.824830  18.4564925744123  -5.2059320  170.5931 /L    0.4829   0.1029019   259.81621   -12.78201         n.a.     n.a.
 2026-Nov-19 12:00 C   04 06 17.97 +20 42 57.3  04 07 54.56 +20 47 24.2  -6.15946  -1.18897  288.483321  11.618654    5.600   8.225   99.99910  3.820013  356.765543  74.736970  18.4505240888367  -3.0435047  173.2219 /L    0.3504   0.1045527   259.07444   -7.441919         n.a.     n.a.
 2026-Nov-22 00:00 Nm  04 05 51.69 +20 41 47.3  04 07 28.27 +20 46 14.8  -6.17137  -1.11407   69.008088   2.305252    5.600   8.225   99.99966  3.820845  169.497482  74.648812  18.4465058851740  -2.5330148  175.8433 /L    0.2176   0.1045187   259.76706   -6.208673         n.a.     n.a.
 2026-Nov-24 12:00 Cm  04 05 25.17 +20 40 36.7  04 07 01.77 +20 45 05.3  -6.19928  -1.20598  289.644841   6.943505    5.599   8.225   99.99995  3.821278  342.224616  74.559660  18.4444160049196  -0.3557989  178.4737 /L    0.0840   0.1052582   258.99144   -0.874375         n.a.     n.a.
 2026-Nov-27 00:00 C   04 04 58.75 +20 39 25.9  04 06 35.38 +20 43 55.2  -6.20056  -1.12482   70.370349   6.924625    5.599   8.225   99.99998  3.821308  154.948399  74.470679  18.4442717970151   0.1564264  178.8815 /T    0.0504   0.1050293   259.71804   0.3769838         n.a.     n.a.
 2026-Nov-29 12:00 Nm  04 04 32.23 +20 38 14.8  04 06 08.88 +20 42 45.5  -6.17484  -1.21036  290.932101   2.302121    5.599   8.225   99.99973  3.820934  327.668161  74.381170  18.4460772219363   2.3392589  176.2485 /T    0.1839   0.1048724   258.90982   5.7070386         n.a.     n.a.
 2026-Dec-02 00:00 C   04 04 05.95 +20 37 03.9  04 05 42.59 +20 41 35.4  -6.16439  -1.12310   71.609497  11.582317    5.600   8.225   99.99921  3.820159  140.385489  74.292302  18.4498218426940   2.8586906  173.6172 /T    0.3168   0.1044310   259.67444   6.9919992         n.a.     n.a.
 2026-Dec-04 12:00 Nm  04 03 39.71 +20 35 53.2  04 05 16.33 +20 40 25.8  -6.08272  -1.20063  292.357788  -2.297153    5.600   8.225   99.99842  3.818977  313.099590  74.203407  18.4555324836394   5.0340123  170.9735 /T    0.4496   0.1033347   258.83425   12.312861         n.a.     n.a.
 2026-Dec-07 00:00 C   04 03 13.85 +20 34 43.2  04 04 50.47 +20 39 16.3  -6.05831  -1.10739   72.735903  16.270607    5.601   8.225   99.99738  3.817399  125.812209  74.115658  18.4631614263770   5.5539222  168.3381 /T    0.5810   0.1026447   259.64137   13.622614         n.a.     n.a.
 2026-Dec-09 12:00 N   04 02 48.19 +20 33 33.6  04 04 24.81 +20 38 07.9  -5.91986  -1.17632  293.938196  -6.844487    5.602   8.225   99.99608  3.815417  298.522417  74.028419  18.4727494984052   7.6969409  165.6920 /T    0.7116   0.1005933   258.76128   18.909759         n.a.     n.a.
 2026-Dec-12 00:00 Cm  04 02 23.07 +20 32 25.2  04 03 59.70 +20 37 00.2  -5.88095  -1.07778   73.756688  20.982520    5.604   8.225   99.99455  3.813052  111.232093  73.942846  18.4842077387923   8.2046117  163.0558 /T    0.8401   0.0996483   259.61491   20.224007         n.a.     n.a.
 2026-Dec-14 12:00 N   04 01 58.30 +20 31 17.8  04 03 34.90 +20 35 53.9  -5.68746  -1.13733  295.693585 -11.328593    5.605   8.225   99.99280  3.810293  283.940174  73.858320  18.4975905833016  10.2904571  160.4102 /T    0.9673   0.0966678   258.69164   25.454222         n.a.     n.a.
 2026-Dec-17 00:00 Cm  04 01 34.20 +20 30 11.9  04 03 10.79 +20 34 48.7  -5.63587  -1.03461   74.676343  25.711702    5.607   8.225   99.99083  3.807169   96.648631  73.775953  18.5127706201145  10.7757148  157.7758 /T    1.0917   0.0955007   259.59772   26.753817         n.a.     n.a.
 2026-Dec-19 12:00 N   04 01 10.59 +20 29 07.3  04 02 47.13 +20 33 45.1  -5.39084  -1.08475  297.648384 -15.736501    5.609   8.224   99.98867  3.803667  269.356246  73.695142  18.5298173281506  12.7828962  155.1331 /T    1.2144   0.0916482   258.62281   31.907131         n.a.     n.a.
 2026-Dec-22 00:00 Cm  04 00 47.78 +20 28 04.8  04 02 24.33 +20 32 43.0  -5.32909  -0.97899   75.496376  30.452319    5.611   8.224   99.98635  3.799821   82.065063  73.616939  18.5485684715213  13.2393880  152.5026 /T    1.3338   0.0903045   259.59043   33.176331         n.a.     n.a.
 2026-Dec-24 12:00 Nm  04 00 25.59 +20 27 03.9  04 02 02.13 +20 31 43.1  -5.03755  -1.01963  299.832313 -20.052979    5.614   8.224   99.98386  3.795617  254.773712  73.540752  18.5691130405983  15.1542388  149.8643 /T    1.4508   0.0856618   258.55760   38.240218         n.a.     n.a.
 2026-Dec-27 00:00 C   04 00 04.30 +20 26 05.4  04 01 40.86 +20 30 45.3  -4.96797  -0.91188   76.214362  35.199202    5.616   8.224   99.98125  3.791095   67.484277  73.467564  18.5912632312611  15.5862784  147.2384 /T    1.5642   0.0841828   259.59899   39.481333         n.a.     n.a.
 2026-Dec-29 12:00 Nm  03 59 43.76 +20 25 08.8  04 01 20.25 +20 29 49.7  -4.63228  -0.94230  302.281034 -24.260182    5.619   8.224   99.97852  3.786234  240.195283  73.396822  18.6151332956184  17.4038981  144.6049 /T    1.6748   0.0787859   258.50173   44.468817         n.a.     n.a.
$$EOE
**********************************************************************************************************************************************************************************************************************************************************************************************
Column meaning:
 
TIME

  Times PRIOR to 1962 are UT1, a mean-solar time closely related to the
prior but now-deprecated GMT. Times AFTER 1962 are in UTC, the current
civil or "wall-clock" time-scale. UTC is kept within 0.9 seconds of UT1
using integer leap-seconds for 1972 and later years.

  Conversion from the internal Barycentric Dynamical Time (TDB) of solar
system dynamics to the non-uniform civil UT time-scale requested for output
has not been determined for UTC times after the next July or January 1st.
Therefore, the last known leap-second is used as a constant over future
intervals.

  Time tags refer to the UT time-scale conversion from TDB on Earth
regardless of observer location within the solar system, although clock
rates may differ due to the local gravity field and no analog to "UT"
may be defined for that location.

  Any 'b' symbol in the 1st-column denotes a B.C. date. First-column blank
(" ") denotes an A.D. date.
 
CALENDAR SYSTEM

  Mixed calendar mode was active such that calendar dates after AD 1582-Oct-15
(if any) are in the modern Gregorian system. Dates prior to 1582-Oct-5 (if any)
are in the Julian calendar system, which is automatically extended for dates
prior to its adoption on 45-Jan-1 BC.  The Julian calendar is useful for
matching historical dates. The Gregorian calendar more accurately corresponds
to the Earth's orbital motion and seasons. A "Gregorian-only" calendar mode is
available if such physical events are the primary interest.

  NOTE: "n.a." in output means quantity "not available" at the print-time.
 
SOLAR PRESENCE (OBSERVING SITE)
  Time tag is followed by a blank, then a solar-presence symbol:

       '*'  Daylight (refracted solar upper-limb on or above apparent horizon)
       'C'  Civil twilight/dawn
       'N'  Nautical twilight/dawn
       'A'  Astronomical twilight/dawn
       ' '  Night OR geocentric ephemeris

LUNAR PRESENCE (OBSERVING SITE)
  The solar-presence symbol is immediately followed by a lunar-presence symbol:

       'm'  Refracted upper-limb of Moon on or above apparent horizon
       ' '  Refracted upper-limb of Moon below apparent horizon OR geocentric
            ephemeris
 
 'R.A._____(ICRF)_____DEC' =
  Astrometric right ascension and declination of the target center with
respect to the observing site (coordinate origin) in the reference frame of
the planetary ephemeris (ICRF). Compensated for down-leg light-time delay
aberration.

  Units: RA  in hours-minutes-seconds of time,    HH MM SS.ff{ffff}
         DEC in degrees-minutes-seconds of arc,  sDD MN SC.f{ffff}
 
 'R.A.__(a-apparent)__DEC' =
  Airless apparent right ascension and declination of the target center
with respect to an instantaneous reference frame defined by the Earth equator
of-date (z-axis) and meridian containing the Earth equinox of-date (x-axis,
EOP-corrected IAU76/80). Compensated for down-leg light-time delay,
gravitational deflection of light, stellar aberration, precession & nutation.
Note: equinox (RA origin) is offset -53 mas from the of-date frame defined
by the IAU06/00a P & N system.

  Units: RA  in hours-minutes-seconds of time,   HH MM SS.ff{ffff}
         DEC in degrees-minutes-seconds of arc, sDD MN SC.f{ffff}
 
 'dRA*cosD d(DEC)/dt' =
  The angular rate of change in apparent RA and DEC of the target. This is
with respect to the non-inertial IAU76/80 Earth true equator and equinox
of-date reference frame.  d(RA)/dt is multiplied by the cosine of declination
to provide a linear rate in the plane-of-sky. Units: ARCSECONDS PER HOUR
 
 'Azi____(a-app)___Elev' =
  Airless apparent azimuth and elevation of target center. Compensated
for light-time, the gravitational deflection of light, stellar aberration,
precession and nutation. Azimuth is measured clockwise from north:

  North(0) -> East(90) -> South(180) -> West(270) -> North (360)

Elevation angle is with respect to a plane perpendicular to the reference
surface local zenith direction. TOPOCENTRIC ONLY.  Units: DEGREES
 
 'APmag   S-brt' =
  The targets' approximate apparent visual magnitude and surface brightness.
For planets and natural satellites, output is restricted to solar phase angles
covered by observational data. Outside the observed phase angle range, "n.a."
may be output to avoid extrapolation beyond the limit of model validity.

   For Earth-based observers, the estimated dimming due to atmospheric
absorption (extinction) is available as a separate, requestable quantity.

   Surface brightness is the average airless visual magnitude of a
square-arcsecond of the illuminated portion of the apparent disk. It is
computed only if the target radius is known.

   Units: MAGNITUDES & MAGNITUDES PER SQUARE ARCSECOND
 
 'Illu%' =
   Fraction of the target objects' assumed circular disk illuminated by Sun
(phase), as seen by the observer.  Units: PERCENT
 
 'Ang-diam' =
   The equatorial angular width of the target body full disk, if it were fully
illuminated and visible to the observer. If the target body diameter is unknown
"n.a." is output.

   Units: ARCSECONDS
 
 'ObsSub-LON ObsSub-LAT' =
   Apparent planetodetic longitude and latitude of the center of the target
disc seen by the OBSERVER at print-time. This is NOT exactly the same as the
"nearest" sub-point for a non-spherical target shape (since the center of the
disc might not be the point closest to the observer), but is generally very
close if not a very irregular body shape. Down-leg light travel-time from
target to observer is taken into account. Latitude is the angle between the
equatorial plane and the line perpendicular to the reference ellipsoid of the
body, so includes body oblateness. The reference ellipsoid is an oblate
spheroid with a single flatness coefficient in which the y-axis body radius
is taken to be the same value as the x-axis radius. For Jupiter, Saturn, and
Uranus, IAU2015 longitude is based on the "System III" prime meridian rotation
angle of the magnetic field. By contrast, pole direction (thus latitude) is
relative to the body dynamical equator.  There can be an offset between the
magnetic pole and the dynamical pole of rotation. For Neptune, rotation is
IAU2015 "System II" rotation of optically observed features in the Neptunian
atmosphere. Positive longitude is to the EAST for this target. Cartographic
system is specified in the header. Units: DEGREES DEGREES
 
 'delta      deldot' =
   Apparent range ("delta", light-time aberrated) and range-rate ("delta-dot")
of the target center relative to the observer. A positive "deldot" means the
target center is moving away from the observer, negative indicates movement
toward the observer.  Units: AU and KM/S
 
 'S-O-T /r' =
   Sun-Observer-Target apparent SOLAR ELONGATION ANGLE seen from the observers'
location at print-time.

   The '/r' column provides a code indicating the targets' apparent position
relative to the Sun in the observers' sky, as described below:

   Case A: For an observing location on the surface of a rotating body, that
body rotational sense is considered:

    /T indicates target TRAILS Sun   (evening sky: rises and sets AFTER Sun)
    /L indicates target LEADS Sun    (morning sky: rises and sets BEFORE Sun)

   Case B: For an observing point that does not have a rotational model (such
as a spacecraft), the "leading" and "trailing" condition is defined by the
observers' heliocentric ORBITAL motion:

    * If continuing in the observers' current direction of heliocentric
       motion would encounter the targets' apparent longitude first, followed
       by the Sun's, the target LEADS the Sun as seen by the observer.

    * If the Sun's apparent longitude would be encountered first, followed
       by the targets', the target TRAILS the Sun.

   Two other codes can be output:
    /* indicates observer is Sun-centered    (undefined)
    /? Target is aligned with Sun center     (no lead or trail)

   The S-O-T solar elongation angle is numerically the minimum separation
angle of the Sun and target in the sky in any direction. It does NOT indicate
the amount of separation in the leading or trailing directions, which would
be defined along the equator of a spherical coordinate system.

   Units: DEGREES
 
 'S-T-O' =
   The Sun-Target-Observer angle; the interior vertex angle at target center
formed by a vector from the target to the apparent center of the Sun (at
reflection time on the target) and the apparent vector from target to the
observer at print-time. Slightly different from true PHASE ANGLE (requestable
separately) at the few arcsecond level in that it includes stellar aberration
on the down-leg from target to observer.  Units: DEGREES
 
 'Sky_motion  Sky_mot_PA  RelVel-ANG' =
  Total apparent angular rate of the target in the plane-of-sky. "Sky_mot_PA"
is the position angle of the target's direction of motion in the plane-of-sky,
measured counter-clockwise from the apparent of-date north pole direction.
"RelVel-ANG" is the flight path angle of the target's relative motion with
respect to the observer's line-of-sight, in the range [-90,+90], where positive
values indicate motion away from the observer, negative values are toward the
observer:

  -90 = target is moving directly toward the observer
    0 = target is moving at right angles to the observer's line-of-sight
  +90 = target is moving directly away from the observer

UNITS:  ARCSECONDS/MINUTE, DEGREES, DEGREES
 
 'Lun_Sky_Brt  sky_SNR' =
  Sky brightness due to moonlight scattered by Earth's atmosphere at the
target's position in the sky. "sky_SNR" is the visual signal-to-noise ratio
(SNR) of the target's surface brightness relative to background sky. Output
only for topocentric Earth observers when both the Moon and target are above
the local horizon and the Sun is in astronomical twilight (or further) below
the horizon, and the target is not the Moon or Sun. If all conditions are
not met, "n.a." is output. Galactic brightness, local sky light-pollution
and weather are NOT considered. Lunar opposition surge is considered. The
value returned is accurate under ideal conditions at the approximately 8-23%
level, so is a useful but not definitive value.

  If the target-body radius is also known, "sky_SNR" is output. This is the
approximate visual signal-to-noise ratio of the target's brightness divided
by lunar sky brightness. When sky_SNR < 1, the target is dimmer than the
ideal moonlight-scattering background sky, so unlikely to be detectable at
visual wavelengths. In practice, visibility requires sky_SNR > 1 and a
detector sensitive enough to reach the target's magnitude, even if it isn't
washed out by moonlight. When relating magnitudes and brightness values,
keep in mind their logarithmic relationship m2-m1 = -2.5*log_10(b2/b1).

  UNITS: VISUAL MAGNITUDES / ARCSECOND^2, and unitless ratio

Computations by ...

    Solar System Dynamics Group, Horizons On-Line Ephemeris System
    4800 Oak Grove Drive, Jet Propulsion Laboratory
    Pasadena, CA  91109   USA

    General site: https://ssd.jpl.nasa.gov/
    Mailing list: https://ssd.jpl.nasa.gov/email_list.html
    System news : https://ssd.jpl.nasa.gov/horizons/news.html
    User Guide  : https://ssd.jpl.nasa.gov/horizons/manual.html
    Connect     : browser        https://ssd.jpl.nasa.gov/horizons/app.html#/x
                  API            https://ssd-api.jpl.nasa.gov/doc/horizons.html
                  command-line   telnet ssd.jpl.nasa.gov 6775
                  e-mail/batch   https://ssd.jpl.nasa.gov/ftp/ssd/horizons_batch.txt
                  scripts        https://ssd.jpl.nasa.gov/ftp/ssd/SCRIPTS
    Author      : Jon.D.Giorgini@jpl.nasa.gov

**********************************************************************************************************************************************************************************************************************************************************************************************
