*******************************************************************************
 Revised: September 25, 2025           Uranus                               799
 
 PHYSICAL DATA:
  Mass x10^24 (kg)      = 86.813          Density (g/cm^3)       =  1.271
  Equat. radius (1 bar) = 25559+-4 km     Polar radius (km)      = 24973+-20
  Vol. Mean Radius (km) = 25362+-12       Flattening             =  0.02293
  Geometric Albedo      = 0.51
  Sid. rot. period (III)= 17.24+-0.01 h   Sid. rot. rate (rad/s) = -0.000101237
  Mean solar day, h     =~17.24           Rocky core mass (Mc/M) =  0.0012        
  GM (km^3/s^2)         = 5793950.6103    GM 1-sigma (km^3/s^2)  = +-4.3 
  Equ. grav, ge (m/s^2) =  8.87           Pol. grav, gp (m/s^2)  =   9.19+-0.02
  Visual magnitude V(1,0)= -7.11
  Vis. mag. (opposition)=  +5.52          Obliquity to orbit     = 97.77 deg
  Sidereal orbit period = 84.0120465 y    Sidereal orbit period  = 30685.4 d
  Mean daily motion     = 0.01176904 dg/d Mean orbit velocity    =  6.8 km/s
  Atmos. temp. (1 bar)  =  76+-2 K        Escape speed, km/s     =  21.3           
  Aroche(ice)/Rp        =  2.20           Hill's sphere rad., Rp = 2700
                                 Perihelion   Aphelion    Mean
  Solar Constant (W/m^2)         4.09         3.39        3.71
  Maximum Planetary IR (W/m^2)   0.72         0.55        0.63
  Minimum Planetary IR (W/m^2)   0.72         0.55        0.63
*******************************************************************************


*******************************************************************************
Ephemeris / WWW_USER Mon Apr  6 16:47:48 2026 Pasadena, USA      / Horizons    
*******************************************************************************
Target body name: Uranus (799)                    {source: ura184_merged}
Center body name: Earth (399)                     {source: DE441}
Center-site name: (user defined site below)
*******************************************************************************
Start time      : A.D. 2026-Jan-01 00:00:00.0000 UT      
Stop  time      : A.D. 2026-Dec-31 00:00:00.0000 UT      
Step-size       : 3600 minutes
*******************************************************************************
Target pole/equ : IAU_URANUS                      {East-longitude positive}
Target radii    : 25559.0, 25559.0, 24973.0 km    {Equator_a, b, pole_c}       
Center geodetic : 259.0, 22.0, 1.85               {E-lon(deg),Lat(deg),Alt(km)}
Center cylindric: 259.0, 5918.20063, 2375.10592   {E-lon(deg),Dxy(km),Dz(km)}
Center pole/equ : ITRF93                          {East-longitude positive}
Center radii    : 6378.137, 6378.137, 6356.752 km {Equator_a, b, pole_c}       
Target primary  : Sun
Vis. interferer : MOON (R_eq= 1737.400) km        {source: DE441}
Rel. light bend : Sun                             {source: DE441}
Rel. lght bnd GM: 1.3271E+11 km^3/s^2                                          
Atmos refraction: NO (AIRLESS)
RA format       : HMS
Time format     : CAL 
Calendar mode   : Mixed Julian/Gregorian
EOP file        : eop.260406.p260703                                           
EOP coverage    : DATA-BASED 1962-JAN-20 TO 2026-APR-06. PREDICTS-> 2026-JUL-02
Units conversion: 1 au= 149597870.700 km, c= 299792.458 km/s, 1 day= 86400.0 s 
Table cut-offs 1: Elevation (-90.0deg=NO ),Airmass (>38.000=NO), Daylight (NO )
Table cut-offs 2: Solar elongation (  0.0,180.0=NO ),Local Hour Angle( 0.0=NO )
Table cut-offs 3: RA/DEC angular rate (     0.0=NO )                           
**********************************************************************************************************************************************************************************************************************************************************************************************
 Date__(UT)__HR:MN     R.A._____(ICRF)_____DEC  R.A.__(a-apparent)__DEC  dRA*cosD d(DEC)/dt  Azi____(a-app)___Elev    APmag   S-brt      Illu%  Ang-diam  ObsSub-LON ObsSub-LAT             delta      deldot     S-O-T /r     S-T-O  Sky_motion  Sky_mot_PA  RelVel-ANG  Lun_Sky_Brt  sky_SNR
**********************************************************************************************************************************************************************************************************************************************************************************************
$$SOE
 2026-Jan-01 00:00 *m  03 41 25.54 +19 25 28.6  03 42 56.94 +19 30 34.6  -4.08800  -0.85011   81.809148  37.797051    5.646   8.236   99.97084  3.757944    3.751286  69.516109  18.7552655826825  19.6534742  137.3827 /T    1.9525   0.0695910   258.25267   51.242201         n.a.     n.a.
 2026-Jan-03 12:00  m  03 41 08.95 +19 24 36.7  03 42 40.33 +19 29 43.4  -3.70817  -0.85639  304.407313 -23.226495    5.649   8.236   99.96794  3.752022  176.501896  69.455688  18.7848719144969  21.2792603  134.7644 /T    2.0479   0.0634296   256.99571   55.906624         n.a.     n.a.
 2026-Jan-06 00:00 *   03 40 53.54 +19 23 48.6  03 42 24.93 +19 28 55.7  -3.58983  -0.73773   83.226171  42.444147    5.652   8.236   99.96505  3.745865  349.253838  69.399495  18.8157472333504  21.5553677  132.1599 /T    2.1385   0.0610809   258.38704   57.197206         n.a.     n.a.
 2026-Jan-08 12:00  m  03 40 39.14 +19 23 03.7  03 42 10.46 +19 28 11.5  -3.17572  -0.73458  307.570727 -27.033395    5.656   8.236   99.96217  3.739452  162.006030  69.346979  18.8480138945697  23.0535764  129.5501 /T    2.2252   0.0543262   256.97592   61.768269         n.a.     n.a.
 2026-Jan-11 00:00 *   03 40 25.99 +19 22 23.0  03 41 57.29 +19 27 30.9  -3.05357  -0.61553   84.659280  47.089062    5.660   8.235   99.95936  3.732837  334.760143  69.298966  18.8814160775795  23.2883499  126.9544 /T    2.3066   0.0519165   258.60321   63.032099         n.a.     n.a.
 2026-Jan-13 12:00  m  03 40 13.94 +19 21 45.9  03 41 45.18 +19 26 54.1  -2.60725  -0.60284  311.068434 -30.658873    5.664   8.235   99.95661  3.725995  147.515026  69.254955  18.9160885725844  24.6442354  124.3540 /T    2.3839   0.0446006   256.98094   67.519051         n.a.     n.a.
 2026-Jan-16 00:00 *   03 40 03.21 +19 21 13.1  03 41 34.45 +19 26 21.5  -2.48171  -0.48430   86.134751  51.727745    5.668   8.235   99.95397  3.718984  320.272448  69.215697  18.9517474016812  24.8299749  121.7683 /T    2.4556   0.0421420   258.95769   68.753021         n.a.     n.a.
 2026-Jan-18 12:00     03 39 53.65 +19 20 44.2  03 41 24.84 +19 25 53.0  -2.00756  -0.46253  314.943319 -34.070984    5.672   8.235   99.95143  3.711779  133.031194  69.180730  18.9885375842390  26.0279924  119.1787 /T    2.5228   0.0343360   257.02582   73.153700         n.a.     n.a.
 2026-Jan-21 00:00 *m  03 39 45.45 +19 20 19.9  03 41 16.64 +19 25 28.9  -1.88044  -0.34608   87.689613  56.356335    5.676   8.235   99.94904  3.704441  305.793092  69.150714  19.0261496977420  26.1576088  116.6047 /T    2.5843   0.0318671   259.57192   74.347752         n.a.     n.a.
 2026-Jan-23 12:00     03 39 38.50 +19 19 59.6  03 41 09.60 +19 25 08.8  -1.38375  -0.31616  319.237091 -37.232713    5.681   8.235   99.94680  3.696943  118.556860  69.125223  19.0647377779276  27.1837873  114.0279 /T    2.6410   0.0236568   257.13012   78.659591         n.a.     n.a.
 2026-Jan-26 00:00 *m  03 39 32.94 +19 19 44.1  03 41 04.02 +19 24 53.3  -1.25830  -0.20302   89.381229  60.970840    5.685   8.235   99.94474  3.689350  291.324379  69.104814  19.1039715585657  27.2539205  111.4675 /T    2.6918   0.0212429   260.83457   79.796299         n.a.     n.a.
 2026-Jan-28 12:00     03 39 28.65 +19 19 32.6  03 40 59.68 +19 24 41.8  -0.74608  -0.16608  323.985632 -40.101733    5.690   8.235   99.94285  3.681633  104.094287  69.089083  19.1440187693931  28.1033338  108.9052 /T    2.7378   0.0127390   257.45021   84.011776         n.a.     n.a.
 2026-Jan-31 00:00 *m  03 39 25.78 +19 19 26.1  03 40 56.83 +19 24 35.3  -0.62554  -0.05784   91.305256  65.566942    5.694   8.235   99.94118  3.673857  276.868469  69.078478  19.1845380110067  28.1208500  106.3597 /T    2.7778   0.0104702   264.71700   85.065160         n.a.     n.a.
 2026-Feb-02 12:00  m  03 39 24.21 +19 19 23.6  03 40 55.20 +19 24 33.0  -0.10261  -0.01432  329.212153 -42.630764    5.699   8.235   99.93970  3.665988   89.645497  69.072642  19.2257158921553  28.7986010  103.8124 /T    2.8128   0.0017267   262.05498   89.201694         n.a.     n.a.
 2026-Feb-05 00:00 *   03 39 24.04 +19 19 26.1  03 40 55.02 +19 24 35.4  0.012946  0.088671   93.640520  70.138914    5.703   8.235   99.93846  3.658094  262.427288  69.071933  19.2672053437662  28.7739739  101.2815 /T    2.8418   0.0014935   8.3064877   89.307403         n.a.     n.a.
 2026-Feb-07 12:00  m  03 39 25.20 +19 19 32.6  03 40 56.09 +19 24 41.8  0.544498  0.138773  334.916824 -44.769589    5.708   8.235   99.93743  3.650137   75.212386  69.076064  19.3092055499255  29.2802865   98.7487 /T    2.8658   0.0093651   75.701767   85.730607         n.a.     n.a.
 2026-Feb-10 00:00 *   03 39 27.76 +19 19 44.3  03 40 58.65 +19 24 53.1  0.656208  0.236102   96.770084  74.676528    5.713   8.235   99.93665  3.642186  248.002752  69.085316  19.3513567394929  29.2117749   96.2321 /T    2.8839   0.0116232   70.211392   84.682595         n.a.     n.a.
 2026-Feb-12 12:00  m  03 39 31.66 +19 19 59.9  03 41 02.49 +19 25 08.6  1.192986  0.292436  341.066455 -46.467641    5.717   8.235   99.93609  3.634204   60.796927  69.099461  19.3938623775724  29.5391999   93.7139 /T    2.8968   0.0204718   76.226703   80.771873         n.a.     n.a.
 2026-Feb-15 00:00 *   03 39 36.96 +19 20 20.7  03 41 07.81 +19 25 29.2  1.299943  0.383013  101.691394  79.155861    5.722   8.235   99.93579  3.626259  233.596882  69.118683  19.4363513325750  29.4228263   91.2122 /T    2.9038   0.0225866   73.582990   79.776303         n.a.     n.a.
 2026-Feb-17 12:00 A   03 39 43.59 +19 20 45.4  03 41 14.37 +19 25 53.7  1.837616  0.444408  347.586019 -47.679192    5.727   8.234   99.93572  3.618314   46.401141  69.142808  19.4790298197766  29.5650311   88.7094 /T    2.9057   0.0315098   76.404670   75.912624         n.a.     n.a.
 2026-Feb-20 00:00 *m  03 39 51.60 +19 21 15.1  03 41 22.37 +19 26 23.0  1.938207  0.527397  112.006903  83.492186    5.731   8.234   99.93590  3.610439  219.211677  69.171918  19.5215180972096  29.3977149   86.2234 /T    2.9017   0.0334780   74.778043   74.958508         n.a.     n.a.
 2026-Feb-22 12:00 A   03 40 00.94 +19 21 48.7  03 41 31.62 +19 26 56.1  2.470887  0.592854  354.356920 -48.369593    5.736   8.234   99.93632  3.602594   32.027002  69.205880  19.5640262474309  29.3532525   83.7371 /T    2.8927   0.0423502   76.507743   71.160374         n.a.     n.a.
 2026-Feb-25 00:00 *m  03 40 11.60 +19 22 27.2  03 41 42.31 +19 27 34.1  2.562065  0.666925  149.966715  87.073730    5.741   8.234   99.93697  3.594850  204.849040  69.244663  19.6061743230927  29.1399807   81.2681 /T    2.8780   0.0441241   75.409277   70.258745         n.a.     n.a.
 2026-Feb-27 12:00 A   03 40 23.57 +19 23 09.3  03 41 54.24 +19 28 15.8  3.084572  0.735497    1.226576 -48.520391    5.745   8.234   99.93784  3.587164   17.676278  69.288181  19.6481820208833  28.9185698   78.7992 /T    2.8585   0.0528508   76.588609   66.536264         n.a.     n.a.
 2026-Mar-02 00:00 *m  03 40 36.81 +19 23 56.1  03 42 07.50 +19 29 02.2  3.165627  0.800397  231.147741  86.039855    5.750   8.234   99.93893  3.579604  190.510595  69.336307  19.6896782183657  28.6727499   76.3475 /T    2.8334   0.0544208   75.810711   65.689478         n.a.     n.a.
 2026-Mar-04 12:00 Am  03 40 51.32 +19 24 46.4  03 42 21.92 +19 29 52.0  3.675748  0.872019    8.027919 -48.133211    5.754   8.234   99.94022  3.572127    3.350487  69.389023  19.7308917841054  28.2868569   73.8954 /T    2.8035   0.0629628   76.654108   62.036771         n.a.     n.a.
 2026-Mar-07 00:00 *   03 41 07.05 +19 25 41.2  03 42 37.66 +19 30 46.1  3.748728  0.927850  253.226777  82.053390    5.759   8.234   99.94171  3.564798  176.197801  69.446133  19.7714574125666  28.0145975   71.4600 /T    2.7684   0.0643641   76.098077   61.228660         n.a.     n.a.
 2026-Mar-09 12:00 Am  03 41 24.00 +19 26 39.3  03 42 54.55 +19 31 43.5  4.245220  1.002575   14.603721 -47.229797    5.763   8.234   99.94339  3.557574  349.051092  69.507694  19.8116026877883  27.4664856   69.0238 /T    2.7288   0.0727000   76.712181   57.630040         n.a.     n.a.
 2026-Mar-12 00:00 *   03 41 42.13 +19 27 41.8  03 43 12.71 +19 32 45.3  4.310772  1.049177  260.796724  77.736981    5.767   8.234   99.94523  3.550520  161.912163  69.573430  19.8509646059631  27.1657841   66.6038 /T    2.6840   0.0739435   76.321032   56.849070         n.a.     n.a.
 2026-Mar-14 12:00 Am  03 42 01.44 +19 28 47.3  03 43 31.98 +19 33 50.2  4.790823  1.126001   20.827894 -45.848156    5.771   8.234   99.94724  3.543594  334.779612  69.643459  19.8897655864449  26.4552249   64.1829 /T    2.6349   0.0820228   76.773661   53.297479         n.a.     n.a.
 2026-Mar-17 00:00 *   03 42 21.86 +19 29 56.9  03 43 52.43 +19 34 59.2  4.848788  1.162929  264.866847  73.362943    5.775   8.234   99.94938  3.536857  147.655178  69.717420  19.9276467816088  26.1235319   61.7779 /T    2.5809   0.0831049   76.512984   52.536036         n.a.     n.a.
 2026-Mar-19 12:00 A   03 42 43.43 +19 31 09.4  03 44 13.92 +19 36 10.8  5.308771  1.241232   26.616980 -44.037427    5.779   8.233   99.95166  3.530271  320.537513  69.795483  19.9648246621946  25.2522743   59.3723 /T    2.5227   0.0908658   76.840199   49.028059         n.a.     n.a.
 2026-Mar-22 00:00 *m  03 43 06.03 +19 32 25.7  03 44 36.54 +19 37 26.2  5.357185  1.267824  267.615451  68.981360    5.783   8.233   99.95403  3.523895  133.428262  69.877194  20.0009491695597  24.8905022   56.9828 /T    2.4600   0.0917527   76.685427   48.290631         n.a.     n.a.
 2026-Mar-24 12:00 N   03 43 29.71 +19 33 44.6  03 45 00.19 +19 38 44.1  5.792459  1.346486   31.930382 -41.851406    5.787   8.233   99.95651  3.517689  306.326106  69.962763  20.0362341050703  23.8681640   54.5930 /T    2.3933   0.0991150   76.913711   44.834389         n.a.     n.a.
 2026-Mar-27 00:00 *m  03 43 54.34 +19 35 06.9  03 45 24.88 +19 40 05.8  5.829954  1.362521  269.734333  64.607843    5.790   8.233   99.95905  3.511710  119.232566  70.051649  20.0703485959382  23.4878692   52.2195 /T    2.3225   0.0997842   76.845493   44.132806         n.a.     n.a.
 2026-Mar-29 12:00 N   03 44 19.98 +19 36 31.6  03 45 50.49 +19 41 29.6  6.238165  1.441422   36.762819 -39.343120    5.794   8.233   99.96165  3.505918  292.146374  70.144115  20.1035091072950  22.3337767   49.8456 /T    2.2479   0.1067089   76.989288   40.735321         n.a.     n.a.
 2026-Apr-01 00:00 *m  03 44 46.48 +19 37 59.3  03 46 17.01 +19 42 56.5  6.266592  1.447332  271.510011  60.248674    5.797   8.233   99.96428  3.500364  105.068939  70.239565  20.1354058277815  21.9461416   47.4875 /T    2.1696   0.1071926   76.995010   40.067369         n.a.     n.a.
 2026-Apr-03 12:00 Nm  03 45 13.93 +19 39 29.2  03 46 44.42 +19 44 25.2  6.648016  1.526742   41.133867 -36.562057    5.801   8.233   99.96693  3.495010  277.999093  70.338334  20.1662493500042  20.6715227   45.1284 /T    2.0879   0.1136846   77.066074   36.717697         n.a.     n.a.
 2026-Apr-06 00:00 *   03 45 42.16 +19 41 01.8  03 47 12.69 +19 45 56.8  6.669413  1.523272  273.083167  55.907037    5.804   8.233   99.96958  3.489906   90.938150  70.439775  20.1957451242106  20.2773610   42.7842 /T    2.0026   0.1140193   77.134515   36.070364         n.a.     n.a.
 2026-Apr-08 12:00 Nm  03 46 11.28 +19 42 36.3  03 47 41.80 +19 47 30.2  7.023062  1.602675   45.077443 -33.551864    5.807   8.233   99.97222  3.485014  263.885046  70.544278  20.2240911607633  18.8865741   40.4384 /T    1.9142   0.1200601   77.145133   32.757487         n.a.     n.a.
 2026-Apr-11 00:00 *   03 46 41.10 +19 44 13.2  03 48 11.68 +19 49 06.3  7.038167  1.589708  274.532351  51.584813    5.809   8.233   99.97482  3.480382   76.840965  70.651143  20.2510069840151  18.4827104   38.1068 /T    1.8227   0.1202578   77.272200   32.119593         n.a.     n.a.
 2026-Apr-13 12:00 Nm  03 47 11.73 +19 45 51.7  03 48 42.29 +19 50 43.7  7.362331  1.668684   48.634445 -30.350027    5.812   8.232   99.97738  3.475976  249.804955  70.760805  20.2766762747529  16.9799898   35.7731 /T    1.7283   0.1258178   77.229579   28.834384         n.a.     n.a.
 2026-Apr-16 00:00 *   03 47 42.98 +19 47 32.4  03 49 13.57 +19 52 23.5  7.370461  1.646306  275.905110  47.283205    5.814   8.232   99.97985  3.471840   62.778057  70.872503  20.3008356700999  16.5648335   33.4533 /T    1.6311   0.1258681   77.408791   28.201102         n.a.     n.a.
 2026-Apr-18 12:00 C   03 48 14.97 +19 49 14.3  03 49 45.55 +19 54 04.0  7.662053  1.723957   51.847646 -26.988229    5.817   8.232   99.98226  3.467942  235.759409  70.986703  20.3236548755934  14.9575765   31.1312 /T    1.5313   0.1308934   77.319653   24.941478         n.a.     n.a.
 2026-Apr-21 00:00 *m  03 48 47.48 +19 50 58.0  03 50 18.14 +19 55 46.8  7.661531  1.691934  277.232895  43.003092    5.819   8.232   99.98455  3.464321   48.749873  71.102579  20.3448933336864  14.5354154   28.8231 /T    1.4292   0.1307688   77.546958   24.317964         n.a.     n.a.
 2026-Apr-23 12:00 C   03 49 20.65 +19 52 42.7  03 50 51.33 +19 57 30.3  7.917566  1.767876   54.758128 -23.492433    5.821   8.232   99.98674  3.460949  221.748670  71.220626  20.3647142087049  12.8429429   26.5129 /T    1.3247   0.1352089   77.413159   21.095278         n.a.     n.a.
 2026-Apr-26 00:00 *m  03 49 54.25 +19 54 28.8  03 51 24.99 +19 59 15.5  7.908872  1.726733  278.538437  38.745095    5.823   8.232   99.98879  3.457860   34.756468  71.339972  20.3829090328638  12.4276360   24.2166 /T    1.2183   0.1349196   77.683959   20.493851         n.a.     n.a.
 2026-Apr-28 12:00 C   03 50 28.41 +19 56 15.5  03 51 59.14 +20 01 01.0  8.130202  1.801183   57.403975 -19.883951    5.824   8.232   99.99071  3.455025  207.772616  71.461166  20.3996322716544  10.6685470   21.9178 /T    1.1099   0.1387889   77.508323   17.309060         n.a.     n.a.
 2026-May-01 00:00 *   03 51 02.90 +19 58 03.4  03 52 33.68 +20 02 47.8  8.116071  1.752189  279.838609  34.509881    5.826   8.232   99.99246  3.452475   20.797633  71.583317  20.4147008830781  10.2639602   19.6321 /T    1.0001   0.1383843   77.817316   16.724046         n.a.     n.a.
 2026-May-03 12:00 Cm  03 51 37.89 +19 59 51.7  03 53 08.69 +20 04 34.7  8.303286  1.825175   59.819230 -16.180321    5.827   8.231   99.99406  3.450185  193.831022  71.707017  20.4282520781864   8.4467568   17.3431 /T    0.8885   0.1416920   77.602772   13.567271         n.a.     n.a.
 2026-May-06 00:00 *   03 52 13.12 +20 01 40.8  03 53 44.01 +20 06 22.8  8.285037  1.768622  281.147540  30.298425    5.828   8.231   99.99548  3.448181    6.873122  71.831353  20.4401241631482   8.0496121   15.0663 /T    0.7757   0.1411952   77.949832   12.987910         n.a.     n.a.
 2026-May-08 12:00 Cm  03 52 48.77 +20 03 30.1  03 54 19.69 +20 08 10.9  8.437945  1.839727   62.033678 -12.395694    5.829   8.231   99.99672  3.446443  179.923583  71.956947  20.4504335150177   6.1793608   12.7853 /T    0.6616   0.1439362   77.700275   9.8468740         n.a.     n.a.
 2026-May-11 00:00 *   03 53 24.58 +20 05 19.8  03 54 55.57 +20 09 59.7  8.415625  1.776111  282.477437  26.111874    5.830   8.231   99.99777  3.444993  352.982565  72.082859  20.4590408458027   5.7861961   10.5158 /T    0.5466   0.1433501   78.082657   9.2644686         n.a.     n.a.
 2026-May-13 12:00 *m  03 54 00.72 +20 07 09.5  03 55 31.73 +20 11 48.1  8.532643  1.844773   64.073557  -8.541710    5.831   8.231   99.99862  3.443814  166.049849  72.209728  20.4660422833332   3.8699740    8.2415 /T    0.4306   0.1454965   77.800318   6.1311140         n.a.     n.a.
 2026-May-16 00:00 *m  03 54 36.94 +20 08 59.4  03 56 08.01 +20 13 36.8  8.505168  1.774098  283.839261  21.951579    5.831   8.231   99.99927  3.442926  339.125378  72.336585  20.4713231385678   3.4793491    5.9784 /T    0.3142   0.1448038   78.217583   5.5405871         n.a.     n.a.
 2026-May-18 12:00 *   03 55 13.40 +20 10 48.9  03 56 44.55 +20 15 25.0  8.583707  1.839757   65.961679  -4.627797    5.832   8.231   99.99972  3.442314  152.209054  72.464069  20.4749623430218   1.5301175    3.7109 /T    0.1970   0.1463109   77.902743   2.4139849         n.a.     n.a.
 2026-May-21 00:00 *m  03 55 49.83 +20 12 38.2  03 57 21.09 +20 17 13.5  8.549548  1.762348  285.243969  17.819213    5.832   8.231   99.99996  3.441992  325.300567  72.591182  20.4768790664416   1.1516632    1.4586 /T    0.0800   0.1454883   78.352566   1.8262074         n.a.     n.a.
 2026-May-23 12:00 *   03 56 26.41 +20 14 27.0  03 57 57.67 +20 19 00.8  8.589338  1.824803   67.717879  -0.661143    5.832   8.230   99.99999  3.441947  138.399940  72.718580  20.4771426236869  -0.8073945    0.8289 /L    0.0387   0.1463506   78.005853   -1.282586         n.a.     n.a.
 2026-May-26 00:00 *m  03 57 02.87 +20 16 15.2  03 58 34.21 +20 20 48.2  8.550891  1.742039  286.702497  13.716406    5.831   8.230   99.99980  3.442189  311.506658  72.845274  20.4757061083174  -1.1644325    3.0697 /L    0.1553   0.1454423   78.484942   -1.858341         n.a.     n.a.
 2026-May-28 12:00 *   03 57 39.40 +20 18 02.7  03 59 10.79 +20 22 34.3  8.553974  1.801741   69.359184   3.351746    5.831   8.230   99.99941  3.442708  124.620926  72.971943  20.4726208091627  -3.1203320    5.3260 /L    0.2725   0.1456944   78.105543   -4.951854         n.a.     n.a.
 2026-May-31 00:00 *   03 58 15.72 +20 19 49.4  03 59 47.19 +20 24 20.0  8.512966  1.714382  288.226120   9.646073    5.830   8.230   99.99881  3.443507  297.742027  73.097610  20.4678653754121  -3.4582499    7.5734 /L    0.3890   0.1447313   78.613799   -5.521858         n.a.     n.a.
 2026-Jun-02 12:00 *m  03 58 52.02 +20 21 35.1  04 00 23.58 +20 26 04.5  8.480381  1.770899   70.900683   7.406213    5.829   8.230   99.99801  3.444584  110.870327  73.222965  20.4614675526755  -5.4053328    9.8279 /L    0.5053   0.1443885   78.204826   -8.612251         n.a.     n.a.
 2026-Jun-05 00:00 *   03 59 28.03 +20 23 19.8  04 00 59.68 +20 27 48.4  8.437377  1.679571  289.827273   5.611369    5.828   8.230   99.99702  3.445938  284.004907  73.347042  20.4534299649967  -5.7290805   12.0736 /L    0.6205   0.1433821   78.741690   -9.185701         n.a.     n.a.
 2026-Jun-07 12:00 *m  04 00 03.95 +20 25 03.4  04 01 35.67 +20 29 30.8  8.368752  1.732568   72.355294  11.498179    5.827   8.229   99.99582  3.447568   97.146284  73.470522  20.4437571983709  -7.6610747   14.3271 /L    0.7352   0.1424369   78.303393   -12.28410         n.a.     n.a.
 2026-Jun-10 00:00 *   04 00 39.49 +20 26 45.7  04 02 11.28 +20 31 12.1  8.323045  1.637488  291.519267   1.616302    5.826   8.229   99.99445  3.449471  270.293305  73.592445  20.4324770309714  -7.9742286   16.5725 /L    0.8484   0.1413766   78.869703   -12.86922         n.a.     n.a.
 2026-Jun-12 12:00 *m  04 01 14.85 +20 28 26.6  04 02 46.72 +20 32 51.7  8.217159  1.686420   73.734699  15.624324    5.825   8.229   99.99289  3.451651   83.446625  73.713477  20.4195723822670  -9.8824285   18.8265 /L    0.9608   0.1398071   78.402146   -15.98543         n.a.     n.a.
 2026-Jun-15 00:00 *m  04 01 49.76 +20 30 05.9  04 03 21.73 +20 34 30.2  8.166747  1.587940  293.316973  -2.334220    5.823   8.229   99.99117  3.454099  256.604838  73.832657  20.4051001750119 -10.1827647   21.0728 /L    1.0713   0.1386616   78.996720   -16.58465         n.a.     n.a.
 2026-Jun-17 12:00 *   04 02 24.38 +20 31 43.8  04 03 56.47 +20 36 06.9  8.022041  1.632098   75.049080  19.782201    5.821   8.229   99.98929  3.456822   69.768691  73.950623  20.3890294445761 -12.0484126   23.3278 /L    1.1807   0.1364397   78.500032   -19.71702         n.a.     n.a.
 2026-Jun-20 00:00 *m  04 02 58.46 +20 33 19.7  04 04 30.62 +20 37 42.2  7.967117  1.531100  295.237407  -6.234265    5.819   8.229   99.98727  3.459804  242.936533  74.066441  20.3714536258287 -12.3238373   25.5752 /L    1.2878   0.1352151   79.121670   -20.31530         n.a.     n.a.
 2026-Jun-22 12:00 *   04 03 32.16 +20 34 54.0  04 05 04.41 +20 39 15.3  7.786024  1.571038   76.307890  23.969935    5.817   8.229   99.98511  3.463056   56.109272  74.180744  20.3523293556342 -14.1271532   27.8313 /L    1.3935   0.1323824   78.592217   -23.45401         n.a.     n.a.
 2026-Jun-25 00:00 *m  04 04 05.24 +20 36 26.2  04 05 37.55 +20 40 46.7  7.728825  1.468789  297.299444 -10.076580    5.815   8.228   99.98283  3.466556  229.285074  74.292645  20.3317783524215 -14.3753421   30.0802 /L    1.4966   0.1311192   79.239799   -24.04549         n.a.     n.a.
 2026-Jun-27 12:00 *   04 04 37.86 +20 37 56.6  04 06 10.29 +20 42 15.9  7.513757  1.504221   77.519760  28.185884    5.812   8.228   99.98044  3.470318   42.464998  74.402768  20.3097351746508 -16.1098204   32.3386 /L    1.5979   0.1277141   78.679292   -27.19806         n.a.     n.a.
 2026-Jun-30 00:00 *   04 05 09.78 +20 39 24.7  04 06 42.30 +20 43 43.3  7.455322  1.401328  299.524872 -13.851927    5.810   8.228   99.97797  3.474320  215.647031  74.510269  20.2863436394733 -16.3362482   34.5906 /L    1.6962   0.1264313   79.354692   -27.78929         n.a.     n.a.
 2026-Jul-02 12:00 *m  04 05 41.17 +20 40 51.0  04 07 13.82 +20 45 08.6  7.207239  1.432044   78.692551  32.428790    5.807   8.228   99.97541  3.478577   28.832372  74.615744  20.2615159320369 -17.9970811   36.8530 /L    1.7926   0.1224689   78.761965   -30.96727         n.a.     n.a.
 2026-Jul-05 00:00 *   04 06 11.79 +20 42 14.7  04 07 44.50 +20 46 31.7  7.147124  1.328838  301.938370 -17.549044    5.804   8.228   99.97280  3.483064  202.018814  74.718389  20.2354179966235 -18.2064375   39.1100 /L    1.8857   0.1211601   79.467476   -31.56698         n.a.     n.a.
 2026-Jul-07 12:00 *m  04 06 41.81 +20 43 36.4  04 08 14.61 +20 47 52.3  6.866097  1.354275   79.834233  36.697592    5.801   8.228   99.97013  3.487799   15.207667  74.818761  20.2079410994225 -19.7876889   41.3784 /L    1.9766   0.1166397   78.842154   -34.78312         n.a.     n.a.
 2026-Jul-10 00:00 *   04 07 10.97 +20 44 55.3  04 08 43.85 +20 49 10.6  6.802725  1.251258  304.567727 -21.154283    5.798   8.227   99.96744  3.492754  188.396531  74.916091  20.1792746341966 -19.9813945   43.6423 /L    2.0638   0.1152807   79.577804   -35.39966         n.a.     n.a.
 2026-Jul-12 12:00 Cm  04 07 39.45 +20 46 12.2  04 09 12.47 +20 50 26.4  6.487671  1.270683   80.952861  40.991504    5.794   8.227   99.96472  3.497951    1.586786  75.010884  20.1492943810009 -21.4711933   45.9181 /L    2.1485   0.1101823   78.918264   -38.66508         n.a.     n.a.
 2026-Jul-15 00:00 *m  04 08 07.00 +20 47 26.1  04 09 40.11 +20 51 39.9  6.419404  1.168117  307.444555 -24.650886    5.791   8.227   99.96203  3.503354  174.775821  75.102409  20.1182186101078 -21.6415757   48.1899 /L    2.2293   0.1087470   79.686926   -39.29706         n.a.     n.a.
 2026-Jul-17 12:00 C   04 08 33.77 +20 48 37.7  04 10 07.01 +20 52 50.8  6.071681  1.181585   82.056900  45.310154    5.787   8.227   99.95934  3.508988  347.965098  75.191130  20.0859156923253 -23.0193420   50.4736 /L    2.3072   0.1030931   78.987543   -42.60510         n.a.     n.a.
 2026-Jul-20 00:00 *m  04 08 59.54 +20 49 46.2  04 10 32.83 +20 53 58.8  6.000025  1.080912  310.603764 -28.018697    5.784   8.227   99.95671  3.514812  161.151888  75.276384  20.0526336829303 -23.1562892   52.7533 /L    2.3809   0.1016102   79.787631   -43.23584         n.a.     n.a.
 2026-Jul-22 12:00 C   04 09 24.45 +20 50 52.4  04 10 57.86 +20 55 04.1  5.623539  1.088578   83.156586  49.653128    5.780   8.227   99.95413  3.520854  334.337768  75.358608  20.0182274585479 -24.4109773   55.0451 /L    2.4514   0.0954655   79.044456   -46.58145         n.a.     n.a.
 2026-Jul-25 00:00 *m  04 09 48.32 +20 51 55.3  04 11 21.80 +20 56 06.6  5.550465  0.990424  314.082939 -31.233031    5.776   8.227   99.95163  3.527067  147.519930  75.437214  19.9829625697839 -24.5183481   57.3332 /L    2.5175   0.0939690   79.882632   -47.20888         n.a.     n.a.
 2026-Jul-27 12:00 C   04 10 11.25 +20 52 55.9  04 11 44.88 +20 57 06.4  5.147852  0.992174   84.264004  54.019991    5.772   8.226   99.94921  3.533483  320.700057  75.512598  19.9466755458125 -25.6475685   59.6341 /L    2.5801   0.0873766   79.090839   -50.60054         n.a.     n.a.
 2026-Jul-30 00:00 *   04 10 33.09 +20 53 53.0  04 12 06.79 +20 58 03.3  5.073376  0.896948  317.921245 -34.264064    5.768   8.226   99.94690  3.540055  133.875262  75.584236  19.9096475153666 -25.7304697   61.9321 /L    2.6381   0.0858676   79.973994   -51.23153         n.a.     n.a.
 2026-Aug-01 12:00 Cm  04 10 53.93 +20 54 47.7  04 12 27.75 +20 58 57.5  4.646164  0.892248   85.395843  58.410359    5.763   8.226   99.94471  3.546815  307.047291  75.652471  19.8716985678843 -26.7314567   64.2437 /L    2.6924   0.0788510   79.129283   -54.68141         n.a.     n.a.
 2026-Aug-04 00:00 *   04 11 13.62 +20 55 38.9  04 12 47.49 +20 59 48.2  4.569401  0.800421  322.156311 -37.076697    5.759   8.226   99.94267  3.553714  120.213198  75.716841  19.8331246640012 -26.7933734   66.5533 /L    2.7419   0.0773163   80.064321   -55.32506         n.a.     n.a.
 2026-Aug-06 12:00 Cm  04 11 32.25 +20 56 27.5  04 13 06.25 +21 00 36.2  4.117838  0.788801   86.577616  62.823755    5.755   8.226   99.94076  3.560786  293.374759  75.777620  19.7937337414353 -27.6600370   68.8775 /L    2.7874   0.0698785   79.155947   -58.84924         n.a.     n.a.
 2026-Aug-09 00:00 *   04 11 49.68 +20 57 12.5  04 13 23.75 +21 01 20.9  4.036727  0.700387  326.820199 -39.630069    5.750   8.226   99.93903  3.567977  106.528951  75.834404  19.7538395738626 -27.6976929   71.2004 /L    2.8279   0.0682839   80.156965   -59.51622         n.a.     n.a.
 2026-Aug-11 12:00 Cm  04 12 05.98 +20 57 54.8  04 13 40.21 +21 02 03.0  3.561939  0.681426   87.851380  67.259731    5.746   8.226   99.93747  3.575324  279.677554  75.887400  19.7132456663460 -28.4160728   73.5383 /L    2.8642   0.0604422   79.169738   -63.12191         n.a.     n.a.
 2026-Aug-14 00:00 *m  04 12 21.03 +20 58 33.4  04 13 55.31 +21 02 41.5  3.476483  0.597456  331.933233 -41.877995    5.741   8.226   99.93612  3.582768   92.817542  75.936278  19.6722880959912 -28.4177997   75.8751 /L    2.8952   0.0587908   80.248608   -63.80530         n.a.     n.a.
 2026-Aug-16 12:00 C   04 12 34.88 +20 59 09.3  04 14 09.28 +21 03 17.0  2.982560  0.571638   89.298274  71.717622    5.736   8.225   99.93495  3.590346  265.950740  75.981196  19.6307693733958 -28.9725748   78.2266 /L    2.9219   0.0506141   79.150258   -67.48398         n.a.     n.a.
 2026-Aug-19 00:00 *m  04 12 47.45 +20 59 41.3  04 14 21.89 +21 03 48.8  2.895450  0.492862  337.495010 -43.770617    5.732   8.225   99.93401  3.597994   79.074199  76.021918  19.5890391124307 -28.9354454   80.5771 /L    2.9431   0.0489516   80.339734   -68.16963         n.a.     n.a.
 2026-Aug-21 12:00 N   04 12 58.78 +21 00 10.6  04 14 33.36 +21 04 17.8  2.387401  0.460392   91.101245  76.195660    5.727   8.225   99.93328  3.605752  252.189810  76.058559  19.5468897091022 -29.3255950   82.9422 /L    2.9597   0.0405231   79.084940   -71.91821         n.a.     n.a.
 2026-Aug-24 00:00 *m  04 13 08.81 +21 00 36.1  04 14 43.45 +21 04 43.2  2.299751  0.387300  343.475627 -45.256527    5.722   8.225   99.93278  3.613556   65.294727  76.090970  19.5046759582935 -29.2552874   85.3066 /L    2.9709   0.0388689   80.440535   -72.60707         n.a.     n.a.
 2026-Aug-26 12:00 N   04 13 17.56 +21 00 58.8  04 14 52.34 +21 05 05.9  1.780706  0.347823   93.791356  80.689269    5.717   8.225   99.93250  3.621446  238.390850  76.119203  19.4621808423461 -29.4824532   87.6861 /L    2.9773   0.0302393   78.947641   -76.43412         n.a.     n.a.
 2026-Aug-29 00:00 *   04 13 24.99 +21 01 17.6  04 14 59.80 +21 05 24.8  1.692610  0.280696  349.808319 -46.287640    5.713   8.225   99.93247  3.629357   51.475445  76.143189  19.4197626920053 -29.3837607   90.0654 /L    2.9782   0.0285955   80.583978   -77.13186         n.a.     n.a.
 2026-Aug-31 12:00 Nm  04 13 31.12 +21 01 33.6  04 15 06.04 +21 05 40.7  1.164728  0.234149   99.878596  85.178056    5.708   8.225   99.93266  3.637329  224.550407  76.162912  19.3771981718045 -29.4485203   92.4605 /L    2.9743   0.0198005   78.633158   -81.04999         n.a.     n.a.
 2026-Sep-03 00:00 *   04 13 35.91 +21 01 45.6  04 15 10.87 +21 05 52.7  1.074511  0.173009  356.387756 -46.824611    5.703   8.225   99.93310  3.645296   37.613103  76.178371  19.3348496272752 -29.3220824   94.8561 /L    2.9647   0.0181392   80.853184   -81.77309         n.a.     n.a.
 2026-Sep-05 12:00 Nm  04 13 39.37 +21 01 54.8  04 15 14.48 +21 06 02.0  0.539482  0.118868  168.321228  89.081658    5.698   8.225   99.93377  3.653299  210.665359  76.189474  19.2924941348149 -29.2191497   97.2683 /L    2.9503   0.0092070   77.574166   -85.79725         n.a.     n.a.
 2026-Sep-08 00:00 *   04 13 41.48 +21 02 00.0  04 15 16.65 +21 06 07.5  0.446508  0.064129    3.077514 -46.841747    5.693   8.225   99.93467  3.661268   23.704684  76.196296  19.2505022977315 -29.0566172   99.6814 /L    2.9301   0.0075182   81.826837   -86.55446         n.a.     n.a.
 2026-Sep-10 12:00 Nm  04 13 42.24 +21 02 02.4  04 15 17.53 +21 06 10.2  -0.09184  0.003069  259.314015  85.522819    5.689   8.225   99.93581  3.669243  196.732865  76.198683  19.2086592647879 -28.7740619  102.1111 /L    2.9050   0.0015316   271.91362   -89.29192         n.a.     n.a.
 2026-Sep-13 00:00 *m  04 13 41.65 +21 02 00.8  04 15 16.95 +21 06 08.7  -0.18537  -0.04456    9.726065 -46.331371    5.684   8.225   99.93717  3.677153    9.747624  76.196805  19.1673418518023 -28.5668493  104.5415 /L    2.8741   0.0031775   256.48252   -88.52376         n.a.     n.a.
 2026-Sep-15 12:00 N   04 13 39.70 +21 01 56.4  04 15 15.11 +21 06 04.4  -0.72038  -0.11186  266.074646  80.977141    5.679   8.225   99.93874  3.685036  182.750748  76.190469  19.1263380903751 -28.1026739  106.9881 /L    2.8383   0.0121503   261.17379   -84.29178         n.a.     n.a.
 2026-Sep-18 00:00 *m  04 13 36.43 +21 01 48.0  04 15 11.89 +21 05 56.3  -0.81158  -0.15172   16.187335 -45.304523    5.674   8.225   99.94052  3.692821  355.740228  76.179945  19.0860188711503 -27.8548110  109.4349 /L    2.7968   0.0137607   259.41083   -83.49786         n.a.     n.a.
 2026-Sep-20 12:00 N   04 13 31.81 +21 01 36.9  04 15 07.39 +21 05 45.6  -1.33827  -0.22509  268.912553  76.381682    5.670   8.225   99.94250  3.700547  168.717814  76.164988  19.0461705376457 -27.2167688  111.8978 /L    2.7504   0.0226177   260.45249   -79.16891         n.a.     n.a.
 2026-Sep-23 00:00 *m  04 13 25.91 +21 01 21.9  04 15 01.52 +21 05 31.0  -1.42603  -0.25716   22.340073 -43.788700    5.665   8.225   99.94465  3.708143  341.681736  76.145956  19.0071536412691 -26.9350298  114.3608 /L    2.6986   0.0241505   259.77760   -78.35980         n.a.     n.a.
 2026-Sep-25 12:00 N   04 13 18.67 +21 01 04.2  04 14 54.38 +21 05 13.8  -1.94042  -0.33622  270.790058  71.761331    5.661   8.225   99.94697  3.715649  154.633686  76.122548  18.9687554729362 -26.1311181  116.8400 /L    2.6418   0.0328221   260.16988   -73.93365         n.a.     n.a.
 2026-Sep-28 00:00 *   04 13 10.20 +21 00 42.6  04 14 45.92 +21 04 52.6  -2.02524  -0.36032   28.099570 -41.823848    5.657   8.225   99.94943  3.722996  327.572130  76.095196  18.9313252458671 -25.8200239  119.3195 /L    2.5798   0.0342841   259.91174   -73.09856         n.a.     n.a.
 2026-Sep-30 12:00 Nm  04 13 00.43 +21 00 18.4  04 14 36.25 +21 04 28.9  -2.52490  -0.44524  272.296797  67.122416    5.652   8.225   99.95204  3.730221  140.498628  76.063532  18.8946553344001 -24.8558647  121.8156 /L    2.5130   0.0427310   259.99929   -68.56314         n.a.     n.a.
 2026-Oct-03 00:00 *   04 12 49.47 +20 59 50.5  04 14 25.33 +21 04 01.4  -2.60772  -0.46160   33.419615 -39.456535    5.648   8.224   99.95475  3.737257  313.411864  76.028060  18.8590859400487 -24.5131144  124.3126 /L    2.4411   0.0441376   259.96197   -67.68386         n.a.     n.a.
 2026-Oct-05 12:00 Nm  04 12 37.23 +20 59 20.0  04 14 13.21 +21 03 31.7  -3.08931  -0.55153  273.630919  62.468337    5.644   8.224   99.95756  3.744138  126.313269  75.988353  18.8244238615291 -23.3854095  126.8264 /L    2.3645   0.0523026   259.87772   -63.02828         n.a.     n.a.
 2026-Oct-08 00:00 *   04 12 23.87 +20 58 45.9  04 13 59.86 +21 02 58.2  -3.16876  -0.55963   38.287475 -36.735032    5.640   8.224   99.96043  3.750797  299.201784  75.944996  18.7910033669393 -23.0018261  129.3409 /L    2.2832   0.0536300   259.98436   -62.09527         n.a.     n.a.
 2026-Oct-10 12:00 N   04 12 09.27 +20 58 09.3  04 13 45.34 +21 02 22.3  -3.62585  -0.65348  274.878577  57.801785    5.636   8.224   99.96337  3.757267  112.078748  75.897535  18.7586456440140 -21.7104181  131.8719 /L    2.1972   0.0614044   259.78336   -57.32786         n.a.     n.a.
 2026-Oct-13 00:00 *m  04 11 53.63 +20 57 29.2  04 13 29.71 +21 01 42.7  -3.69814  -0.65261   42.715101 -33.706260    5.633   8.224   99.96633  3.763482  284.943414  75.846651  18.7276689869411 -21.2867987  134.4027 /L    2.1068   0.0625880   259.99211   -56.35347         n.a.     n.a.
 2026-Oct-15 12:00 N   04 11 36.84 +20 56 46.9  04 13 13.01 +21 01 01.1  -4.12445  -0.74937  276.084944  53.125721    5.629   8.225   99.96930  3.769474   97.797032  75.791862  18.6979018996503 -19.8442364  136.9493 /L    2.0121   0.0698663   259.70235   -51.49075         n.a.     n.a.
 2026-Oct-18 00:00 *m  04 11 19.09 +20 56 01.3  04 12 55.29 +21 00 16.2  -4.18741  -0.73960   46.729744 -30.413146    5.626   8.225   99.97225  3.775180  270.639124  75.733937  18.6696381037121 -19.3897763  139.4950 /L    1.9134   0.0708704   259.98339   -50.48410         n.a.     n.a.
 2026-Oct-20 12:00 N   04 11 00.27 +20 55 13.5  04 12 36.55 +20 59 29.5  -4.57833  -0.83859  277.277419  48.443348    5.623   8.225   99.97516  3.780633   83.470815  75.672359  18.6427128005060 -17.8128549  142.0559 /L    1.8107   0.0775749   259.62049   -45.54010         n.a.     n.a.
 2026-Oct-23 00:00 *m  04 10 40.61 +20 54 22.8  04 12 16.89 +20 58 39.4  -4.63152  -0.81975   50.367189 -26.894002    5.620   8.225   99.97800  3.785774  256.291879  75.607963  18.6173939123970 -17.3356019  144.6151 /L    1.7043   0.0783918   259.96296   -44.50108         n.a.     n.a.
 2026-Oct-25 12:00 Nm  04 10 19.97 +20 53 30.1  04 11 56.30 +20 57 47.6  -4.98444  -0.92041  278.474140  43.758127    5.617   8.225   99.98076  3.790634   69.103267  75.540191  18.5935265522796 -15.6398153  147.1895 /L    1.5943   0.0844785   259.53786   -39.48157         n.a.     n.a.
 2026-Oct-28 00:00 *   04 09 58.60 +20 52 34.7  04 11 34.94 +20 56 52.8  -5.02870  -0.89314   53.666394 -23.182329    5.614   8.225   99.98341  3.795160  241.904954  75.469935  18.5713524616986 -15.1450469  149.7619 /L    1.4811   0.0851233   259.92885   -38.40179         n.a.     n.a.
 2026-Oct-30 12:00 Nm  04 09 36.35 +20 51 37.5  04 11 12.77 +20 55 56.6  -5.34183  -0.99466  279.689026  39.073882    5.612   8.225   99.98593  3.799378   54.697687  75.396594  18.5507327488172 -13.3399582  152.3496 /L    1.3647   0.0905608   259.45221   -33.30481         n.a.     n.a.
 2026-Nov-02 00:00 *   04 09 13.47 +20 50 37.9  04 10 49.92 +20 54 57.9  -5.37752  -0.95891   56.665808 -19.306661    5.610   8.225   99.98829  3.803241  227.481643  75.321108  18.5318896548560 -12.8221130  154.9354 /L    1.2455   0.0910391   259.88941   -32.16245         n.a.     n.a.
 2026-Nov-04 12:00 Nm  04 08 49.82 +20 49 36.6  04 10 26.31 +20 53 57.8  -5.64682  -1.05998  280.933814  34.394629    5.608   8.225   99.99048  3.806771   40.257389  75.242857  18.5147069815567 -10.9111801  157.5363 /L    1.1234   0.0957575   259.36857   -26.98652         n.a.     n.a.
 2026-Nov-07 00:00 *   04 08 25.68 +20 48 33.3  04 10 02.16 +20 52 55.2  -5.67060  -1.01524   59.401922 -15.291529    5.606   8.225   99.99248  3.809924  213.025345  75.162856  18.4993826354838 -10.3685520  160.1344 /L    0.9992   0.0960128   259.84957   -25.78158         n.a.     n.a.
 2026-Nov-09 12:00 A   04 08 00.88 +20 47 28.7  04 09 37.40 +20 51 51.6  -5.89065  -1.11424  282.218769  29.724959    5.604   8.225   99.99428  3.812720   25.785951  75.080485  18.4858156212335  -8.3671894  162.7469 /L    0.8725   0.0999184   259.28885   -20.54857         n.a.     n.a.
 2026-Nov-12 00:00 *m  04 07 35.73 +20 46 22.4  04 09 12.26 +20 50 46.0  -5.90007  -1.06059   61.907719 -11.158020    5.603   8.225   99.99584  3.815124  198.539849  74.996816  18.4741695809736  -7.8093352  165.3553 /L    0.7442   0.0999106   259.80936   -19.29583         n.a.     n.a.
 2026-Nov-14 12:00 A   04 07 10.07 +20 45 15.1  04 08 46.65 +20 49 39.9  -6.06723  -1.15672  283.554257  25.070173    5.602   8.225   99.99718  3.817152   11.287311  74.911226  18.4643542427683  -5.7411424  167.9770 /L    0.6141   0.1029419   259.20607   -14.03485         n.a.     n.a.
 2026-Nov-17 00:00 *m  04 06 44.21 +20 44 06.6  04 08 20.79 +20 48 32.2  -6.06168  -1.09429   64.212597  -6.924176    5.601   8.225   99.99827  3.818777  184.029183  74.824828  18.4564960404087  -5.1798317  170.5933 /L    0.4829   0.1026611   259.76684   -12.74889         n.a.     n.a.
 2026-Nov-19 12:00 A   04 06 17.97 +20 42 57.3  04 07 54.57 +20 47 24.1  -6.17495  -1.18655  284.950618  20.436053    5.600   8.225   99.99910  3.820015  356.765551  74.736978  18.4505177895299  -3.0672132  173.2218 /L    0.3504   0.1047986   259.12287   -7.481818         n.a.     n.a.
 2026-Nov-22 00:00 *m  04 05 51.69 +20 41 47.2  04 07 28.27 +20 46 14.7  -6.15558  -1.11624   66.342823  -2.605692    5.600   8.225   99.99966  3.820845  169.497405  74.648811  18.4465095499660  -2.5117435  175.8435 /L    0.2175   0.1042662   259.72180   -6.171751         n.a.     n.a.
 2026-Nov-24 12:00 Am  04 05 25.17 +20 40 36.7  04 07 01.78 +20 45 05.3  -6.21533  -1.20406  286.418684  15.828970    5.599   8.225   99.99995  3.821280  342.224623  74.559667  18.4444095316376  -0.3745854  178.4735 /L    0.0840   0.1055147   259.03620   -0.918019        4.262    1.930
 2026-Nov-27 00:00 *   04 04 58.75 +20 39 25.8  04 06 35.38 +20 43 55.2  -6.18428  -1.12647   68.321398   1.783918    5.599   8.225   99.99998  3.821307  154.948323  74.470680  18.4442756202396   0.1726931  178.8813 /T    0.0504   0.1047673   259.67670   0.4178508         n.a.     n.a.
 2026-Nov-29 12:00 Am  04 04 32.23 +20 38 14.8  04 06 08.89 +20 42 45.5  -6.19131  -1.20896  287.970630  11.255922    5.599   8.225   99.99973  3.820936  327.668167  74.381175  18.4460706158356   2.3255492  176.2486 /T    0.1839   0.1051373   258.95103   5.6595520        1.527    5.385
 2026-Dec-02 00:00 *   04 04 05.94 +20 37 03.9  04 05 42.58 +20 41 35.4  -6.14776  -1.12423   70.168613   6.233097    5.600   8.225   99.99921  3.820158  140.385415  74.292303  18.4498257825792   2.8698193  173.6170 /T    0.3168   0.1041619   259.63692   7.0369501         n.a.     n.a.
 2026-Dec-04 12:00 Am  04 03 39.71 +20 35 53.2  04 05 16.33 +20 40 25.8  -6.09947  -1.19977  289.619617   6.724525    5.600   8.225   99.99842  3.818978  313.099595  74.203410  18.4555257870271   5.0254909  170.9736 /T    0.4496   0.1036058   258.87197   12.261437        0.303   27.133
 2026-Dec-07 00:00 *   04 03 13.85 +20 34 43.1  04 04 50.47 +20 39 16.2  -6.04148  -1.10799   71.902528  10.731444    5.601   8.225   99.99738  3.817398  125.812137  74.115661  18.4631654401720   5.5598235  168.3379 /T    0.5810   0.1023706   259.60765   13.671726         n.a.     n.a.
 2026-Dec-09 12:00 A   04 02 48.19 +20 33 33.6  04 04 24.81 +20 38 07.9  -5.93674  -1.17599  291.380597   2.243647    5.602   8.225   99.99608  3.815419  298.522422  74.028421  18.4727427543175   7.6936748  165.6921 /T    0.7116   0.1008682   258.79550   18.854409         n.a.     n.a.
 2026-Dec-12 00:00 *m  04 02 23.07 +20 32 25.2  04 03 59.70 +20 37 00.2  -5.86406  -1.07784   73.538828  15.269800    5.604   8.225   99.99455  3.813051  111.232023  73.942851  18.4842117831551   8.2052409  163.0557 /T    0.8401   0.0993715   259.58504   20.277207         n.a.     n.a.
 2026-Dec-14 12:00 A   04 01 58.30 +20 31 17.8  04 03 34.91 +20 35 53.9  -5.70434  -1.13753  293.270620  -2.176726    5.605   8.225   99.99280  3.810295  283.940177  73.858321  18.4975838350672  10.2924683  160.4103 /T    0.9673   0.0969443   258.72229   25.395099         n.a.     n.a.
 2026-Dec-17 00:00 *m  04 01 34.20 +20 30 11.9  04 03 10.79 +20 34 48.7  -5.61905  -1.03414   75.091831  19.839983    5.607   8.225   99.99083  3.807168   96.648563  73.775959  18.5127746515693  10.7710725  157.7757 /T    1.0918   0.0952236   259.57188   26.810875         n.a.     n.a.
 2026-Dec-19 12:00 A   04 01 10.59 +20 29 07.3  04 02 47.13 +20 33 45.1  -5.40757  -1.08548  295.308859  -6.525413    5.609   8.224   99.98867  3.803668  269.356247  73.695141  18.5298106189652  12.7901617  155.1333 /T    1.2144   0.0919240   258.64967   31.844536         n.a.     n.a.
 2026-Dec-22 00:00 *m  04 00 47.78 +20 28 04.7  04 02 24.33 +20 32 43.0  -5.31249  -0.97800   76.574753  24.434661    5.611   8.224   99.98635  3.799821   82.064998  73.616946  18.5485724468985  13.2295195  152.5025 /T    1.3338   0.0900294   259.56894   33.236871         n.a.     n.a.
 2026-Dec-24 12:00  m  04 00 25.59 +20 27 03.9  04 02 02.13 +20 31 43.1  -5.05400  -1.02087  297.517453 -10.789625    5.614   8.224   99.98386  3.795619  254.773711  73.540749  18.5691064130944  15.1666913  149.8644 /T    1.4508   0.0859345   258.58028   38.174579         n.a.     n.a.
 2026-Dec-27 00:00 *   04 00 04.31 +20 26 05.3  04 01 40.86 +20 30 45.3  -4.95172  -0.91038   77.999756  29.047523    5.616   8.224   99.98125  3.791094   67.484214  73.467573  18.5912671080849  15.5712727  147.2383 /T    1.5642   0.0839119   259.58240   39.544879         n.a.     n.a.
 2026-Dec-29 12:00  m  03 59 43.76 +20 25 08.8  04 01 20.26 +20 29 49.7  -4.64830  -0.94405  299.921812 -14.954860    5.619   8.224   99.97852  3.786235  240.195281  73.396818  18.6151267914628  17.4214274  144.6051 /T    1.6748   0.0790533   258.51963   44.400582         n.a.     n.a.
$$EOE
**********************************************************************************************************************************************************************************************************************************************************************************************
Column meaning:
 
TIME

  Times PRIOR to 1962 are UT1, a mean-solar time closely related to the
prior but now-deprecated GMT. Times AFTER 1962 are in UTC, the current
civil or "wall-clock" time-scale. UTC is kept within 0.9 seconds of UT1
using integer leap-seconds for 1972 and later years.

  Conversion from the internal Barycentric Dynamical Time (TDB) of solar
system dynamics to the non-uniform civil UT time-scale requested for output
has not been determined for UTC times after the next July or January 1st.
Therefore, the last known leap-second is used as a constant over future
intervals.

  Time tags refer to the UT time-scale conversion from TDB on Earth
regardless of observer location within the solar system, although clock
rates may differ due to the local gravity field and no analog to "UT"
may be defined for that location.

  Any 'b' symbol in the 1st-column denotes a B.C. date. First-column blank
(" ") denotes an A.D. date.
 
CALENDAR SYSTEM

  Mixed calendar mode was active such that calendar dates after AD 1582-Oct-15
(if any) are in the modern Gregorian system. Dates prior to 1582-Oct-5 (if any)
are in the Julian calendar system, which is automatically extended for dates
prior to its adoption on 45-Jan-1 BC.  The Julian calendar is useful for
matching historical dates. The Gregorian calendar more accurately corresponds
to the Earth's orbital motion and seasons. A "Gregorian-only" calendar mode is
available if such physical events are the primary interest.

  NOTE: "n.a." in output means quantity "not available" at the print-time.
 
SOLAR PRESENCE (OBSERVING SITE)
  Time tag is followed by a blank, then a solar-presence symbol:

       '*'  Daylight (refracted solar upper-limb on or above apparent horizon)
       'C'  Civil twilight/dawn
       'N'  Nautical twilight/dawn
       'A'  Astronomical twilight/dawn
       ' '  Night OR geocentric ephemeris

LUNAR PRESENCE (OBSERVING SITE)
  The solar-presence symbol is immediately followed by a lunar-presence symbol:

       'm'  Refracted upper-limb of Moon on or above apparent horizon
       ' '  Refracted upper-limb of Moon below apparent horizon OR geocentric
            ephemeris
 
 'R.A._____(ICRF)_____DEC' =
  Astrometric right ascension and declination of the target center with
respect to the observing site (coordinate origin) in the reference frame of
the planetary ephemeris (ICRF). Compensated for down-leg light-time delay
aberration.

  Units: RA  in hours-minutes-seconds of time,    HH MM SS.ff{ffff}
         DEC in degrees-minutes-seconds of arc,  sDD MN SC.f{ffff}
 
 'R.A.__(a-apparent)__DEC' =
  Airless apparent right ascension and declination of the target center
with respect to an instantaneous reference frame defined by the Earth equator
of-date (z-axis) and meridian containing the Earth equinox of-date (x-axis,
EOP-corrected IAU76/80). Compensated for down-leg light-time delay,
gravitational deflection of light, stellar aberration, precession & nutation.
Note: equinox (RA origin) is offset -53 mas from the of-date frame defined
by the IAU06/00a P & N system.

  Units: RA  in hours-minutes-seconds of time,   HH MM SS.ff{ffff}
         DEC in degrees-minutes-seconds of arc, sDD MN SC.f{ffff}
 
 'dRA*cosD d(DEC)/dt' =
  The angular rate of change in apparent RA and DEC of the target. This is
with respect to the non-inertial IAU76/80 Earth true equator and equinox
of-date reference frame.  d(RA)/dt is multiplied by the cosine of declination
to provide a linear rate in the plane-of-sky. Units: ARCSECONDS PER HOUR
 
 'Azi____(a-app)___Elev' =
  Airless apparent azimuth and elevation of target center. Compensated
for light-time, the gravitational deflection of light, stellar aberration,
precession and nutation. Azimuth is measured clockwise from north:

  North(0) -> East(90) -> South(180) -> West(270) -> North (360)

Elevation angle is with respect to a plane perpendicular to the reference
surface local zenith direction. TOPOCENTRIC ONLY.  Units: DEGREES
 
 'APmag   S-brt' =
  The targets' approximate apparent visual magnitude and surface brightness.
For planets and natural satellites, output is restricted to solar phase angles
covered by observational data. Outside the observed phase angle range, "n.a."
may be output to avoid extrapolation beyond the limit of model validity.

   For Earth-based observers, the estimated dimming due to atmospheric
absorption (extinction) is available as a separate, requestable quantity.

   Surface brightness is the average airless visual magnitude of a
square-arcsecond of the illuminated portion of the apparent disk. It is
computed only if the target radius is known.

   Units: MAGNITUDES & MAGNITUDES PER SQUARE ARCSECOND
 
 'Illu%' =
   Fraction of the target objects' assumed circular disk illuminated by Sun
(phase), as seen by the observer.  Units: PERCENT
 
 'Ang-diam' =
   The equatorial angular width of the target body full disk, if it were fully
illuminated and visible to the observer. If the target body diameter is unknown
"n.a." is output.

   Units: ARCSECONDS
 
 'ObsSub-LON ObsSub-LAT' =
   Apparent planetodetic longitude and latitude of the center of the target
disc seen by the OBSERVER at print-time. This is NOT exactly the same as the
"nearest" sub-point for a non-spherical target shape (since the center of the
disc might not be the point closest to the observer), but is generally very
close if not a very irregular body shape. Down-leg light travel-time from
target to observer is taken into account. Latitude is the angle between the
equatorial plane and the line perpendicular to the reference ellipsoid of the
body, so includes body oblateness. The reference ellipsoid is an oblate
spheroid with a single flatness coefficient in which the y-axis body radius
is taken to be the same value as the x-axis radius. For Jupiter, Saturn, and
Uranus, IAU2015 longitude is based on the "System III" prime meridian rotation
angle of the magnetic field. By contrast, pole direction (thus latitude) is
relative to the body dynamical equator.  There can be an offset between the
magnetic pole and the dynamical pole of rotation. For Neptune, rotation is
IAU2015 "System II" rotation of optically observed features in the Neptunian
atmosphere. Positive longitude is to the EAST for this target. Cartographic
system is specified in the header. Units: DEGREES DEGREES
 
 'delta      deldot' =
   Apparent range ("delta", light-time aberrated) and range-rate ("delta-dot")
of the target center relative to the observer. A positive "deldot" means the
target center is moving away from the observer, negative indicates movement
toward the observer.  Units: AU and KM/S
 
 'S-O-T /r' =
   Sun-Observer-Target apparent SOLAR ELONGATION ANGLE seen from the observers'
location at print-time.

   The '/r' column provides a code indicating the targets' apparent position
relative to the Sun in the observers' sky, as described below:

   Case A: For an observing location on the surface of a rotating body, that
body rotational sense is considered:

    /T indicates target TRAILS Sun   (evening sky: rises and sets AFTER Sun)
    /L indicates target LEADS Sun    (morning sky: rises and sets BEFORE Sun)

   Case B: For an observing point that does not have a rotational model (such
as a spacecraft), the "leading" and "trailing" condition is defined by the
observers' heliocentric ORBITAL motion:

    * If continuing in the observers' current direction of heliocentric
       motion would encounter the targets' apparent longitude first, followed
       by the Sun's, the target LEADS the Sun as seen by the observer.

    * If the Sun's apparent longitude would be encountered first, followed
       by the targets', the target TRAILS the Sun.

   Two other codes can be output:
    /* indicates observer is Sun-centered    (undefined)
    /? Target is aligned with Sun center     (no lead or trail)

   The S-O-T solar elongation angle is numerically the minimum separation
angle of the Sun and target in the sky in any direction. It does NOT indicate
the amount of separation in the leading or trailing directions, which would
be defined along the equator of a spherical coordinate system.

   Units: DEGREES
 
 'S-T-O' =
   The Sun-Target-Observer angle; the interior vertex angle at target center
formed by a vector from the target to the apparent center of the Sun (at
reflection time on the target) and the apparent vector from target to the
observer at print-time. Slightly different from true PHASE ANGLE (requestable
separately) at the few arcsecond level in that it includes stellar aberration
on the down-leg from target to observer.  Units: DEGREES
 
 'Sky_motion  Sky_mot_PA  RelVel-ANG' =
  Total apparent angular rate of the target in the plane-of-sky. "Sky_mot_PA"
is the position angle of the target's direction of motion in the plane-of-sky,
measured counter-clockwise from the apparent of-date north pole direction.
"RelVel-ANG" is the flight path angle of the target's relative motion with
respect to the observer's line-of-sight, in the range [-90,+90], where positive
values indicate motion away from the observer, negative values are toward the
observer:

  -90 = target is moving directly toward the observer
    0 = target is moving at right angles to the observer's line-of-sight
  +90 = target is moving directly away from the observer

UNITS:  ARCSECONDS/MINUTE, DEGREES, DEGREES
 
 'Lun_Sky_Brt  sky_SNR' =
  Sky brightness due to moonlight scattered by Earth's atmosphere at the
target's position in the sky. "sky_SNR" is the visual signal-to-noise ratio
(SNR) of the target's surface brightness relative to background sky. Output
only for topocentric Earth observers when both the Moon and target are above
the local horizon and the Sun is in astronomical twilight (or further) below
the horizon, and the target is not the Moon or Sun. If all conditions are
not met, "n.a." is output. Galactic brightness, local sky light-pollution
and weather are NOT considered. Lunar opposition surge is considered. The
value returned is accurate under ideal conditions at the approximately 8-23%
level, so is a useful but not definitive value.

  If the target-body radius is also known, "sky_SNR" is output. This is the
approximate visual signal-to-noise ratio of the target's brightness divided
by lunar sky brightness. When sky_SNR < 1, the target is dimmer than the
ideal moonlight-scattering background sky, so unlikely to be detectable at
visual wavelengths. In practice, visibility requires sky_SNR > 1 and a
detector sensitive enough to reach the target's magnitude, even if it isn't
washed out by moonlight. When relating magnitudes and brightness values,
keep in mind their logarithmic relationship m2-m1 = -2.5*log_10(b2/b1).

  UNITS: VISUAL MAGNITUDES / ARCSECOND^2, and unitless ratio

Computations by ...

    Solar System Dynamics Group, Horizons On-Line Ephemeris System
    4800 Oak Grove Drive, Jet Propulsion Laboratory
    Pasadena, CA  91109   USA

    General site: https://ssd.jpl.nasa.gov/
    Mailing list: https://ssd.jpl.nasa.gov/email_list.html
    System news : https://ssd.jpl.nasa.gov/horizons/news.html
    User Guide  : https://ssd.jpl.nasa.gov/horizons/manual.html
    Connect     : browser        https://ssd.jpl.nasa.gov/horizons/app.html#/x
                  API            https://ssd-api.jpl.nasa.gov/doc/horizons.html
                  command-line   telnet ssd.jpl.nasa.gov 6775
                  e-mail/batch   https://ssd.jpl.nasa.gov/ftp/ssd/horizons_batch.txt
                  scripts        https://ssd.jpl.nasa.gov/ftp/ssd/SCRIPTS
    Author      : Jon.D.Giorgini@jpl.nasa.gov

**********************************************************************************************************************************************************************************************************************************************************************************************
