*******************************************************************************
 Revised: September 25, 2025           Uranus                               799
 
 PHYSICAL DATA:
  Mass x10^24 (kg)      = 86.813          Density (g/cm^3)       =  1.271
  Equat. radius (1 bar) = 25559+-4 km     Polar radius (km)      = 24973+-20
  Vol. Mean Radius (km) = 25362+-12       Flattening             =  0.02293
  Geometric Albedo      = 0.51
  Sid. rot. period (III)= 17.24+-0.01 h   Sid. rot. rate (rad/s) = -0.000101237
  Mean solar day, h     =~17.24           Rocky core mass (Mc/M) =  0.0012        
  GM (km^3/s^2)         = 5793950.6103    GM 1-sigma (km^3/s^2)  = +-4.3 
  Equ. grav, ge (m/s^2) =  8.87           Pol. grav, gp (m/s^2)  =   9.19+-0.02
  Visual magnitude V(1,0)= -7.11
  Vis. mag. (opposition)=  +5.52          Obliquity to orbit     = 97.77 deg
  Sidereal orbit period = 84.0120465 y    Sidereal orbit period  = 30685.4 d
  Mean daily motion     = 0.01176904 dg/d Mean orbit velocity    =  6.8 km/s
  Atmos. temp. (1 bar)  =  76+-2 K        Escape speed, km/s     =  21.3           
  Aroche(ice)/Rp        =  2.20           Hill's sphere rad., Rp = 2700
                                 Perihelion   Aphelion    Mean
  Solar Constant (W/m^2)         4.09         3.39        3.71
  Maximum Planetary IR (W/m^2)   0.72         0.55        0.63
  Minimum Planetary IR (W/m^2)   0.72         0.55        0.63
*******************************************************************************


*******************************************************************************
Ephemeris / WWW_USER Mon Apr  6 16:53:20 2026 Pasadena, USA      / Horizons    
*******************************************************************************
Target body name: Uranus (799)                    {source: ura184_merged}
Center body name: Earth (399)                     {source: DE441}
Center-site name: (user defined site below)
*******************************************************************************
Start time      : A.D. 2026-Jan-01 00:00:00.0000 UT      
Stop  time      : A.D. 2026-Dec-31 00:00:00.0000 UT      
Step-size       : 3600 minutes
*******************************************************************************
Target pole/equ : IAU_URANUS                      {East-longitude positive}
Target radii    : 25559.0, 25559.0, 24973.0 km    {Equator_a, b, pole_c}       
Center geodetic : 264.0, 19.0, .010               {E-lon(deg),Lat(deg),Alt(km)}
Center cylindric: 264.0, 6032.79718, 2063.35272   {E-lon(deg),Dxy(km),Dz(km)}
Center pole/equ : ITRF93                          {East-longitude positive}
Center radii    : 6378.137, 6378.137, 6356.752 km {Equator_a, b, pole_c}       
Target primary  : Sun
Vis. interferer : MOON (R_eq= 1737.400) km        {source: DE441}
Rel. light bend : Sun                             {source: DE441}
Rel. lght bnd GM: 1.3271E+11 km^3/s^2                                          
Atmos refraction: NO (AIRLESS)
RA format       : HMS
Time format     : CAL 
Calendar mode   : Mixed Julian/Gregorian
EOP file        : eop.260406.p260703                                           
EOP coverage    : DATA-BASED 1962-JAN-20 TO 2026-APR-06. PREDICTS-> 2026-JUL-02
Units conversion: 1 au= 149597870.700 km, c= 299792.458 km/s, 1 day= 86400.0 s 
Table cut-offs 1: Elevation (-90.0deg=NO ),Airmass (>38.000=NO), Daylight (NO )
Table cut-offs 2: Solar elongation (  0.0,180.0=NO ),Local Hour Angle( 0.0=NO )
Table cut-offs 3: RA/DEC angular rate (     0.0=NO )                           
**********************************************************************************************************************************************************************************************************************************************************************************************
 Date__(UT)__HR:MN     R.A._____(ICRF)_____DEC  R.A.__(a-apparent)__DEC  dRA*cosD d(DEC)/dt  Azi____(a-app)___Elev    APmag   S-brt      Illu%  Ang-diam  ObsSub-LON ObsSub-LAT             delta      deldot     S-O-T /r     S-T-O  Sky_motion  Sky_mot_PA  RelVel-ANG  Lun_Sky_Brt  sky_SNR
**********************************************************************************************************************************************************************************************************************************************************************************************
$$SOE
 2026-Jan-01 00:00 Cm  03 41 25.53 +19 25 28.6  03 42 56.94 +19 30 34.6  -4.09741  -0.85151   80.481310  41.966407    5.646   8.236   99.97084  3.757945    3.751317  69.516104  18.7552632074955  19.6684212  137.3828 /T    1.9525   0.0697493   258.26009   51.199917         n.a.     n.a.
 2026-Jan-03 12:00 Am  03 41 08.95 +19 24 36.7  03 42 40.33 +19 29 43.4  -3.69897  -0.85486  306.289025 -28.781251    5.649   8.236   99.96794  3.752021  176.501895  69.455692  18.7848756177675  21.2628451  134.7643 /T    2.0479   0.0632744   256.98704   55.951214         n.a.     n.a.
 2026-Jan-06 00:00 *   03 40 53.54 +19 23 48.6  03 42 24.93 +19 28 55.8  -3.59881  -0.73940   81.433104  46.689230    5.652   8.236   99.96505  3.745865  349.253868  69.399489  18.8157449895804  21.5732152  132.1600 /T    2.1385   0.0612330   258.38975   57.153914         n.a.     n.a.
 2026-Jan-08 12:00 Am  03 40 39.14 +19 23 03.7  03 42 10.46 +19 28 11.5  -3.16699  -0.73279  309.655977 -32.564129    5.656   8.236   99.96217  3.739451  162.006030  69.346985  18.8480174532237  23.0343323  129.5501 /T    2.2252   0.0541777   256.97201   61.813645         n.a.     n.a.
 2026-Jan-11 00:00 *   03 40 25.99 +19 22 23.1  03 41 57.29 +19 27 30.9  -3.06204  -0.61744   82.335561  51.407213    5.660   8.235   99.95936  3.732837  334.760171  69.298959  18.8814139877841  23.3089494  126.9545 /T    2.3066   0.0520612   258.59948   62.988114         n.a.     n.a.
 2026-Jan-13 12:00 Am  03 40 13.95 +19 21 45.9  03 41 45.18 +19 26 54.1  -2.59906  -0.60081  313.434881 -36.141759    5.664   8.235   99.95661  3.725994  147.515026  69.254961  18.9160919650623  24.6223216  124.3539 /T    2.3839   0.0444599   256.98378   67.564950         n.a.     n.a.
 2026-Jan-16 00:00 *   03 40 03.21 +19 21 13.2  03 41 34.45 +19 26 21.6  -2.48961  -0.48644   83.187419  56.117184    5.668   8.235   99.95397  3.718984  320.272475  69.215690  18.9517454869406  24.8531571  121.7683 /T    2.4556   0.0422781   258.94435   68.708634         n.a.     n.a.
 2026-Jan-18 12:00 A   03 39 53.65 +19 20 44.2  03 41 24.84 +19 25 53.0  -1.99997  -0.46028  317.680263 -39.474487    5.672   8.235   99.95143  3.711778  133.031196  69.180736  18.9885407905664  26.0035878  119.1786 /T    2.5228   0.0342041   257.03940   73.199876         n.a.     n.a.
 2026-Jan-21 00:00 *m  03 39 45.45 +19 20 20.0  03 41 16.64 +19 25 29.0  -1.88773  -0.34843   83.983160  60.816336    5.676   8.235   99.94904  3.704441  305.793116  69.150705  19.0261479775063  26.1831858  116.6048 /T    2.5843   0.0319936   259.54216   74.303281         n.a.     n.a.
 2026-Jan-23 12:00 A   03 39 38.50 +19 19 59.6  03 41 09.60 +19 25 08.9  -1.37680  -0.31371  322.443180 -42.515837    5.681   8.235   99.94680  3.696942  118.556863  69.125230  19.0647407798509  27.1570884  114.0278 /T    2.6410   0.0235347   257.16420   78.705799         n.a.     n.a.
 2026-Jan-26 00:00 *m  03 39 32.93 +19 19 44.1  03 41 04.02 +19 24 53.3  -1.26492  -0.20557   84.710295  65.502139    5.685   8.235   99.94474  3.689351  291.324403  69.104805  19.1039700505071  27.2816879  111.4676 /T    2.6918   0.0213585   260.76938   79.752172         n.a.     n.a.
 2026-Jan-28 12:00 A   03 39 28.66 +19 19 32.6  03 40 59.68 +19 24 41.9  -0.73981  -0.16345  327.762675 -45.212524    5.690   8.235   99.94285  3.681632  104.094291  69.089091  19.1440215504920  28.0745524  108.9051 /T    2.7378   0.0126276   257.54138   84.057722         n.a.     n.a.
 2026-Jan-31 00:00 *m  03 39 25.78 +19 19 26.1  03 40 56.83 +19 24 35.4  -0.63144  -0.06055   85.340049  70.172480    5.694   8.235   99.94118  3.673857  276.868491  69.078469  19.1845367309329  28.1505890  106.3597 /T    2.7778   0.0105723   264.52215   85.022476         n.a.     n.a.
 2026-Feb-02 12:00 Am  03 39 24.21 +19 19 23.6  03 40 55.20 +19 24 33.0  -0.09707  -0.01153  333.653416 -47.505688    5.699   8.235   99.93970  3.665988   89.645503  69.072650  19.2257184379287  28.7679622  103.8122 /T    2.8128   0.0016293   263.22444   89.245928         n.a.     n.a.
 2026-Feb-05 00:00 *   03 39 24.04 +19 19 26.1  03 40 55.02 +19 24 35.5  0.007789  0.085812   85.804557  74.825527    5.703   8.235   99.93846  3.658094  262.427308  69.071923  19.2672043055402  28.8054536  101.2815 /T    2.8418   0.0014361   5.1866008   89.334762         n.a.     n.a.
 2026-Feb-07 12:00 Am  03 39 25.20 +19 19 32.7  03 40 56.09 +19 24 41.8  0.549270  0.141695  340.089153 -49.334773    5.708   8.235   99.93743  3.650137   75.212393  69.076072  19.3092078478513  29.2480265   98.7486 /T    2.8658   0.0094542   75.534822   85.685384         n.a.     n.a.
 2026-Feb-10 00:00 *   03 39 27.76 +19 19 44.3  03 40 58.65 +19 24 53.2  0.651826  0.233119   85.912199  79.459041    5.713   8.235   99.93664  3.642186  248.002771  69.085306  19.3513559549589  29.2447544   96.2322 /T    2.8839   0.0115376   70.320892   84.727420         n.a.     n.a.
 2026-Feb-12 12:00 Am  03 39 31.66 +19 20 00.0  03 41 02.49 +19 25 08.6  1.196972  0.295470  346.988482 -50.642918    5.717   8.235   99.93609  3.634203   60.796936  69.099470  19.3938644171687  29.5055637   93.7138 /T    2.8968   0.0205483   76.133836   80.727568         n.a.     n.a.
 2026-Feb-15 00:00 *   03 39 36.95 +19 20 20.7  03 41 07.81 +19 25 29.2  1.296357  0.379929   84.865732  84.068639    5.722   8.235   99.93579  3.626259  233.596898  69.118672  19.4363508115319  29.4570569   91.2122 /T    2.9038   0.0225147   73.665477   79.819728         n.a.     n.a.
 2026-Feb-17 12:00 A   03 39 43.59 +19 20 45.4  03 41 14.37 +19 25 53.7  1.840797  0.447532  354.209014 -51.385346    5.727   8.234   99.93572  3.618314   46.401152  69.142816  19.4790315926275  29.5302706   88.7092 /T    2.9057   0.0315736   76.335435   75.869291         n.a.     n.a.
 2026-Feb-20 00:00 *m  03 39 51.60 +19 21 15.1  03 41 22.37 +19 26 23.1  1.935433  0.524234   71.345971  88.608673    5.731   8.234   99.93590  3.610439  219.211692  69.171907  19.5215178473799  29.4329421   86.2235 /T    2.9017   0.0334196   74.844427   75.000734         n.a.     n.a.
 2026-Feb-22 12:00 A   03 40 00.94 +19 21 48.7  03 41 31.62 +19 26 56.1  2.473251  0.596046    1.557865 -51.537863    5.736   8.234   99.93632  3.602594   32.027015  69.205889  19.5640277471865  29.3176243   83.7370 /T    2.8927   0.0424010   76.450268   71.118095         n.a.     n.a.
 2026-Feb-25 00:00 *m  03 40 11.60 +19 22 27.2  03 41 42.31 +19 27 34.1  2.560112  0.663707  278.600546  86.712964    5.741   8.234   99.93697  3.594850  204.849053  69.244653  19.6061743501229  29.1759463   81.2682 /T    2.8780   0.0440791   75.466090   70.299762         n.a.     n.a.
 2026-Feb-27 12:00 N   03 40 23.57 +19 23 09.3  03 41 54.24 +19 28 15.8  3.086113  0.738733    8.820355 -51.101670    5.745   8.234   99.93784  3.587164   17.676293  69.288190  19.6481832432474  28.8823331   78.7991 /T    2.8584   0.0528883   76.538224   66.495146         n.a.     n.a.
 2026-Mar-02 00:00 *m  03 40 36.81 +19 23 56.1  03 42 07.50 +19 29 02.3  3.164498  0.797146  274.905397  82.177268    5.750   8.234   99.93893  3.579604  190.510606  69.336296  19.6896785258647  28.7091942   76.3475 /T    2.8334   0.0543893   75.861199   65.729209         n.a.     n.a.
 2026-Mar-04 12:00 Nm  03 40 51.32 +19 24 46.4  03 42 21.93 +19 29 52.0  3.676466  0.875278   15.796922 -50.103897    5.754   8.234   99.94022  3.572127    3.350503  69.389032  19.7308927267985  28.2502715   73.8953 /T    2.8035   0.0629870   76.608553   61.996922         n.a.     n.a.
 2026-Mar-07 00:00 *   03 41 07.04 +19 25 41.2  03 42 37.65 +19 30 46.2  3.748420  0.924587  274.533175  77.650761    5.759   8.234   99.94171  3.564798  176.197811  69.446122  19.7714580021168  28.0512609   71.4600 /T    2.7685   0.0643461   76.143981   61.267032         n.a.     n.a.
 2026-Mar-09 12:00 Nm  03 41 24.01 +19 26 39.3  03 42 54.55 +19 31 43.5  4.245120  1.005833   22.333734 -48.592486    5.763   8.234   99.94339  3.557574  349.051110  69.507703  19.8116033505169  27.4298105   69.0237 /T    2.7288   0.0727109   76.670228   57.591531         n.a.     n.a.
 2026-Mar-12 00:00 *   03 41 42.12 +19 27 41.8  03 43 12.71 +19 32 45.3  4.311277  1.045924  274.808298  73.144256    5.767   8.234   99.94523  3.550520  161.912172  69.573420  19.8509654771661  27.2024088   66.6038 /T    2.6840   0.0739389   76.363385   56.886040         n.a.     n.a.
 2026-Mar-14 12:00 Nm  03 42 01.44 +19 28 47.3  03 43 31.99 +19 33 50.2  4.789915  1.129238   28.337020 -46.627555    5.771   8.234   99.94724  3.543594  334.779632  69.643467  19.8897659708654  26.4187161   64.1828 /T    2.6348   0.0820204   76.734552   53.260345         n.a.     n.a.
 2026-Mar-17 00:00 *   03 42 21.86 +19 29 56.9  03 43 52.43 +19 34 59.2  4.850094  1.159709  275.324302  68.659607    5.775   8.234   99.94938  3.536857  147.655184  69.717409  19.9276479321390  26.1598638   61.7779 /T    2.5809   0.0831136   76.552460   52.571595         n.a.     n.a.
 2026-Mar-19 12:00 N   03 42 43.43 +19 31 09.5  03 44 13.93 +19 36 10.8  5.307072  1.244427   33.770436 -44.273560    5.779   8.233   99.95166  3.530271  320.537535  69.795492  19.9648247718428  25.2161836   59.3722 /T    2.5227   0.0908503   76.803430   48.992303         n.a.     n.a.
 2026-Mar-22 00:00 *m  03 43 06.02 +19 32 25.7  03 44 36.54 +19 37 26.3  5.359272  1.264656  275.960415  64.197483    5.783   8.233   99.95403  3.523895  133.428267  69.877184  20.0009505952180  24.9262924   56.9828 /T    2.4600   0.0917744   76.722504   48.324786         n.a.     n.a.
 2026-Mar-24 12:00 N   03 43 29.71 +19 33 44.6  03 45 00.20 +19 38 44.1  5.789988  1.349619   38.641594 -41.592564    5.787   8.233   99.95651  3.517689  306.326129  69.962771  20.0362339452897  23.8327371   54.5929 /T    2.3933   0.0990867   76.878915   44.800008         n.a.     n.a.
 2026-Mar-27 00:00 *m  03 43 54.33 +19 35 06.9  03 45 24.88 +19 40 05.8  5.832801  1.359425  276.670130  59.758087    5.790   8.233   99.95905  3.511710  119.232570  70.051639  20.0703502907409  23.5228755   52.2195 /T    2.3225   0.0998187   76.880524   44.165556         n.a.     n.a.
 2026-Mar-29 12:00 C   03 44 19.98 +19 36 31.6  03 45 50.49 +19 41 29.6  6.234947  1.444473   42.985940 -38.640089    5.794   8.233   99.96165  3.505918  292.146399  70.144123  20.1035086851586  22.2992521   49.8455 /T    2.2479   0.1066681   76.956196   40.702326         n.a.     n.a.
 2026-Apr-01 00:00 *m  03 44 46.48 +19 37 59.4  03 46 17.01 +19 42 56.5  6.270173  1.444329  277.432429  55.341379    5.797   8.233   99.96428  3.500363  105.068941  70.239555  20.1354077840382  21.9801294   47.4875 /T    2.1696   0.1072396   77.028241   40.098699         n.a.     n.a.
 2026-Apr-03 12:00 Cm  03 45 13.93 +19 39 29.2  03 46 44.42 +19 44 25.2  6.644079  1.529691   46.853302 -35.464168    5.801   8.233   99.96693  3.495010  277.999119  70.338342  20.1662486742241  20.6381305   45.1283 /T    2.0878   0.1136316   77.034515   36.686099         n.a.     n.a.
 2026-Apr-06 00:00 *   03 45 42.16 +19 41 01.8  03 47 12.69 +19 45 56.9  6.673698  1.520379  278.237417  50.947470    5.804   8.233   99.96958  3.489905   90.938151  70.439765  20.1957473325941  20.3101052   42.7843 /T    2.0027   0.1140782   77.166105   36.100280         n.a.     n.a.
 2026-Apr-08 12:00 Cm  03 46 11.28 +19 42 36.3  03 47 41.80 +19 47 30.2  7.018437  1.605504   50.297725 -32.104765    5.807   8.233   99.97222  3.485014  263.885074  70.544286  20.2240902416267  18.8545343   40.4383 /T    1.9142   0.1199955   77.114994   32.727268         n.a.     n.a.
 2026-Apr-11 00:00 *   03 46 41.09 +19 44 13.2  03 48 11.67 +19 49 06.4  7.043122  1.586944  279.081261  46.576535    5.809   8.233   99.97482  3.480382   76.840965  70.651134  20.2510094336554  18.5139960   38.1068 /T    1.8228   0.1203282   77.302259   32.148130         n.a.     n.a.
 2026-Apr-13 12:00 Cm  03 47 11.73 +19 45 51.7  03 48 42.29 +19 50 43.8  7.357055  1.671376   53.372133 -28.594649    5.812   8.232   99.97738  3.475977  249.804984  70.760812  20.2766751240299  16.9495120   35.7730 /T    1.7283   0.1257420   77.200781   28.805500         n.a.     n.a.
 2026-Apr-16 00:00 *   03 47 42.98 +19 47 32.4  03 49 13.57 +19 52 23.5  7.376050  1.643688  279.962783  42.228779    5.814   8.232   99.97985  3.471839   62.778055  70.872494  20.3008383486691  16.5944568   33.4533 /T    1.6311   0.1259495   77.437401   28.228317         n.a.     n.a.
 2026-Apr-18 12:00 C   03 48 14.97 +19 49 14.3  03 49 45.55 +19 54 04.0  7.656163  1.726495   56.125494 -24.960536    5.817   8.232   99.98226  3.467942  235.759440  70.986709  20.3236535064323  14.9288581   31.1311 /T    1.5313   0.1308069   77.292133   24.913864         n.a.     n.a.
 2026-Apr-21 00:00 *m  03 48 47.48 +19 50 58.0  03 50 18.13 +19 55 46.8  7.667713  1.689477  280.882812  37.904454    5.819   8.232   99.98455  3.464321   48.749870  71.102571  20.3448962274958  14.5631854   28.8232 /T    1.4292   0.1308606   77.574191   24.343925         n.a.     n.a.
 2026-Apr-23 12:00 C   03 49 20.65 +19 52 42.7  03 50 51.34 +19 57 30.3  7.911103  1.770246   58.601142 -21.223654    5.821   8.232   99.98674  3.460950  221.748701  71.220631  20.3647126355417  12.8161686   26.5128 /T    1.3247   0.1351124   77.386862   21.068876         n.a.     n.a.
 2026-Apr-26 00:00 *m  03 49 54.24 +19 54 28.8  03 51 24.98 +19 59 15.6  7.915604  1.724453  281.843924  33.603759    5.823   8.232   99.98879  3.457859   34.756464  71.339964  20.3829121269764  12.4533745   24.2167 /T    1.2183   0.1350211   77.709868   20.518601         n.a.     n.a.
 2026-Apr-28 12:00 *   03 50 28.41 +19 56 15.6  03 51 59.14 +20 01 01.0  8.123210  1.803369   60.836964 -17.401003    5.824   8.232   99.99071  3.455026  207.772649  71.461170  20.3996305101020  10.6438881   21.9177 /T    1.1099   0.1386830   77.483218   17.283834         n.a.     n.a.
 2026-May-01 00:00 *   03 51 02.90 +19 58 03.4  03 52 33.68 +20 02 47.8  8.123310  1.750101  282.849325  29.327105    5.826   8.232   99.99246  3.452475   20.797629  71.583310  20.4147041613931  10.2875030   19.6322 /T    1.0001   0.1384949   77.841926   16.747624         n.a.     n.a.
 2026-May-03 12:00 *m  03 51 37.89 +19 59 51.7  03 53 08.70 +20 04 34.7  8.295811  1.827162   62.865362 -13.506336    5.827   8.231   99.99406  3.450185  193.831056  71.707021  20.4282501449437   8.4243700   17.3430 /T    0.8885   0.1415774   77.578855   13.543181         n.a.     n.a.
 2026-May-06 00:00 *   03 52 13.12 +20 01 40.8  03 53 44.00 +20 06 22.8  8.292735  1.766738  283.903619  25.075298    5.828   8.231   99.99548  3.448180    6.873116  71.831347  20.4401276085039   8.0708100   15.0663 /T    0.7757   0.1413141   77.973144   13.010365         n.a.     n.a.
 2026-May-08 12:00 *m  03 52 48.77 +20 03 30.1  03 54 19.70 +20 08 10.9  8.430036  1.841504   64.713665  -9.550559    5.829   8.231   99.99672  3.446443  179.923618  71.956950  20.4504314277822   6.1593880   12.7852 /T    0.6616   0.1438138   77.677559   9.8238578         n.a.     n.a.
 2026-May-11 00:00 *   03 53 24.58 +20 05 19.8  03 54 55.57 +20 09 59.8  8.423732  1.774443  285.012306  20.849398    5.830   8.231   99.99777  3.444992  352.982559  72.082854  20.4590444400794   5.8049149   10.5158 /T    0.5467   0.1434766   78.104661   9.2858724         n.a.     n.a.
 2026-May-13 12:00 *m  03 54 00.72 +20 07 09.6  03 55 31.74 +20 11 48.1  8.524349  1.846328   66.405240  -5.542520    5.831   8.231   99.99862  3.443815  166.049885  72.209731  20.4660400606840   3.8525414    8.2414 /T    0.4306   0.1453668   77.778821   6.1090931         n.a.     n.a.
 2026-May-16 00:00 *   03 54 36.94 +20 08 59.4  03 56 08.01 +20 13 36.8  8.513634  1.772658  286.181633  16.650751    5.831   8.231   99.99927  3.442925  339.125371  72.336580  20.4713268627890   3.4954707    5.9785 /T    0.3142   0.1449370   78.238260   5.5610271         n.a.     n.a.
 2026-May-18 12:00 *   03 55 13.40 +20 10 48.9  03 56 44.55 +20 15 25.0  8.575081  1.841080   67.959831  -1.489278    5.832   8.231   99.99972  3.442314  152.209090  72.464071  20.4749600043127   1.5153349    3.7108 /T    0.1970   0.1461749   77.882487   2.3928691         n.a.     n.a.
 2026-May-21 00:00 *m  03 55 49.83 +20 12 38.2  03 57 21.09 +20 17 13.5  8.558320  1.761145  287.419300  12.481083    5.832   8.231   99.99996  3.441991  325.300560  72.591178  20.4768829008892   1.1650860    1.4587 /T    0.0800   0.1456274   78.371901   1.8457654         n.a.     n.a.
 2026-May-23 12:00 *   03 56 26.41 +20 14 27.0  03 57 57.67 +20 19 00.8  8.580433  1.825883   69.394073   2.603985    5.832   8.230   99.99999  3.441948  138.399977  72.718581  20.4771401889478  -0.8194338    0.8290 /L    0.0387   0.1462092   77.986866   -1.302865         n.a.     n.a.
 2026-May-26 00:00 *m  03 57 02.87 +20 16 15.2  03 58 34.21 +20 20 48.3  8.559914  1.741083  288.734126   8.342161    5.831   8.230   99.99980  3.442188  311.506651  72.845271  20.4757100326365  -1.1537933    3.0697 /L    0.1553   0.1455865   78.502901   -1.839614         n.a.     n.a.
 2026-May-28 12:00 *   03 57 39.40 +20 18 02.7  03 59 10.80 +20 22 34.3  8.544845  1.802571   70.721799   6.732443    5.831   8.230   99.99941  3.442708  124.620964  72.971943  20.4726182989766  -3.1295517    5.3261 /L    0.2725   0.1455484   78.087870   -4.971341         n.a.     n.a.
 2026-May-31 00:00 *   03 58 15.72 +20 19 49.4  03 59 47.19 +20 24 20.0  8.522185  1.713679  290.136249   4.237125    5.830   8.230   99.99881  3.443507  297.742020  73.097608  20.4678693687135  -3.4504619    7.5733 /L    0.3890   0.1448796   78.630332   -5.503917         n.a.     n.a.
 2026-Jun-02 12:00 *m  03 58 52.02 +20 21 35.2  04 00 23.58 +20 26 04.5  8.471085  1.771472   71.954757  10.892880    5.829   8.230   99.99801  3.444585  110.870365  73.222965  20.4614649880934  -5.4116742    9.8280 /L    0.5053   0.1442388   78.188532   -8.630999         n.a.     n.a.
 2026-Jun-05 00:00 *   03 59 28.03 +20 23 19.8  04 00 59.68 +20 27 48.4  8.446735  1.679129  291.637789   0.169460    5.828   8.230   99.99702  3.445937  284.004900  73.347040  20.4534340059709  -5.7241936   12.0735 /L    0.6205   0.1435336   78.756729   -9.168489         n.a.     n.a.
 2026-Jun-07 12:00 *m  04 00 03.95 +20 25 03.4  04 01 35.68 +20 29 30.8  8.359345  1.732879   73.102403  15.082409    5.827   8.229   99.99582  3.447569   97.146321  73.470521  20.4437546007962  -7.6644969   14.3272 /L    0.7352   0.1422845   78.288555   -12.30217         n.a.     n.a.
 2026-Jun-10 00:00 *   04 00 39.49 +20 26 45.7  04 02 11.28 +20 31 12.1  8.332484  1.637310  293.252551  -3.856354    5.826   8.229   99.99445  3.449471  270.293300  73.592444  20.4324810979976  -7.9722746   16.5725 /L    0.8484   0.1415304   78.883170   -12.85267         n.a.     n.a.
 2026-Jun-12 12:00 *m  04 01 14.86 +20 28 26.6  04 02 46.72 +20 32 51.7  8.207700  1.686463   74.172694  19.298739    5.825   8.229   99.99289  3.451652   83.446662  73.713475  20.4195697733306  -9.8829085   18.8266 /L    0.9608   0.1396528   78.388850   -16.00291         n.a.     n.a.
 2026-Jun-15 00:00 *m  04 01 49.76 +20 30 06.0  04 03 21.72 +20 34 30.2  8.176209  1.588031  294.996693  -7.834761    5.823   8.229   99.99117  3.454099  256.604833  73.832656  20.4051042462726 -10.1837574   21.0727 /L    1.0713   0.1388167   79.008528   -16.56867         n.a.     n.a.
 2026-Jun-17 12:00 *   04 02 24.38 +20 31 43.8  04 03 56.47 +20 36 07.0  8.012589  1.631872   75.171642  23.540279    5.821   8.229   99.98929  3.456822   69.768728  73.950620  20.3890268460397 -12.0459459   23.3279 /L    1.1807   0.1362846   78.488378   -19.73399         n.a.     n.a.
 2026-Jun-20 00:00 *m  04 02 58.46 +20 33 19.7  04 04 30.62 +20 37 42.2  7.976543  1.531462  296.889373 -11.758962    5.819   8.229   99.98727  3.459804  242.936529  74.066441  20.3714576794260 -12.3277724   25.5751 /L    1.2878   0.1353705   79.131714   -20.29984         n.a.     n.a.
 2026-Jun-22 12:00 *   04 03 32.16 +20 34 54.1  04 05 04.41 +20 39 15.3  7.776638  1.570542   76.103891  27.805887    5.817   8.229   99.98511  3.463056   56.109308  74.180740  20.3523267892650 -14.1217532   27.8314 /L    1.3935   0.1322274   78.582324   -23.47051         n.a.     n.a.
 2026-Jun-25 00:00 *m  04 04 05.24 +20 36 26.2  04 05 37.55 +20 40 46.7  7.738155  1.469421  298.952542 -15.620531    5.815   8.228   99.98283  3.466555  229.285071  74.292646  20.3317823664864 -14.3821968   30.0801 /L    1.4965   0.1312739   79.247952   -24.03052         n.a.     n.a.
 2026-Jun-27 12:00 *   04 04 37.86 +20 37 56.7  04 06 10.29 +20 42 15.9  7.504497  1.503455   76.972312  32.094532    5.812   8.228   99.98044  3.470319   42.465034  74.402763  20.3097326621078 -16.1015193   32.3387 /L    1.5979   0.1275603   78.671311   -27.21413         n.a.     n.a.
 2026-Jun-30 00:00 *   04 05 09.78 +20 39 24.8  04 06 42.30 +20 43 43.3  7.464496  1.402230  301.212106 -19.408670    5.810   8.228   99.97797  3.474319  215.647030  74.510271  20.2863475922890 -16.3459812   34.5905 /L    1.6962   0.1265843   79.360791   -27.77478         n.a.     n.a.
 2026-Jul-02 12:00 *m  04 05 41.17 +20 40 51.0  04 07 13.82 +20 45 08.6  7.198165  1.431010   77.777577  36.405439    5.807   8.228   99.97541  3.478578   28.832406  74.615739  20.2615134947654 -17.9859292   36.8531 /L    1.7926   0.1223172   78.756083   -30.98293         n.a.     n.a.
 2026-Jul-05 00:00 *   04 06 11.79 +20 42 14.7  04 07 44.50 +20 46 31.7  7.156082  1.330006  303.698024 -23.110049    5.804   8.228   99.97280  3.483063  202.018815  74.718391  20.2354218667451 -18.2189892   39.1100 /L    1.8857   0.1213105   79.471323   -31.55290         n.a.     n.a.
 2026-Jul-07 12:00 *m  04 06 41.81 +20 43 36.4  04 08 14.61 +20 47 52.4  6.857268  1.352976   78.518359  40.737949    5.801   8.228   99.97013  3.487800   15.207700  74.818755  20.2079387585175 -19.7737549   41.3785 /L    1.9766   0.1164911   78.838599   -34.79842         n.a.     n.a.
 2026-Jul-10 00:00 *   04 07 10.98 +20 44 55.3  04 08 43.85 +20 49 10.6  6.811410  1.252689  306.444592 -26.708293    5.798   8.227   99.96744  3.492754  188.396533  74.916094  20.1792784005710 -19.9966870   43.6422 /L    2.0638   0.1154274   79.579159   -35.38596         n.a.     n.a.
 2026-Jul-12 12:00 *m  04 07 39.45 +20 46 12.2  04 09 12.47 +20 50 26.5  6.479146  1.269124   79.190197  45.091571    5.794   8.227   99.96472  3.497951    1.586818  75.010877  20.1492921570890 -21.4545644   45.9182 /L    2.1485   0.1100379   78.917319   -38.68009         n.a.     n.a.
 2026-Jul-15 00:00 *m  04 08 07.00 +20 47 26.1  04 09 40.11 +20 51 39.9  6.427755  1.169804  309.491179 -30.183071    5.791   8.227   99.96203  3.503354  174.775825  75.102413  20.1182222521976 -21.6595130   48.1898 /L    2.2293   0.1088889   79.685482   -39.28369         n.a.     n.a.
 2026-Jul-17 12:00 *   04 08 33.76 +20 48 37.7  04 10 07.01 +20 52 50.9  6.063518  1.179774   79.783974  49.466094    5.787   8.227   99.95934  3.508989  347.965128  75.191122  20.0859136054583 -23.0001230   50.4737 /L    2.3072   0.1029538   78.989568   -42.61986         n.a.     n.a.
 2026-Jul-20 00:00 *m  04 08 59.54 +20 49 46.2  04 10 32.83 +20 53 58.8  6.007986  1.082847  312.881487 -33.509599    5.784   8.227   99.95671  3.514812  161.151894  75.276389  20.0526371808293 -23.1767576   52.7532 /L    2.3809   0.1017465   79.783003   -43.22277         n.a.     n.a.
 2026-Jul-22 12:00 *   04 09 24.45 +20 50 52.4  04 10 57.86 +20 55 04.2  5.615795  1.086523   80.284272  53.861151    5.780   8.227   99.95413  3.520854  334.337796  75.358600  20.0182255280579 -24.3892906   55.0451 /L    2.4514   0.0953323   79.049919   -46.59597         n.a.     n.a.
 2026-Jul-25 00:00 *m  04 09 48.32 +20 51 55.4  04 11 21.80 +20 56 06.6  5.557978  0.992598  316.662328 -36.657293    5.776   8.227   99.95163  3.527066  147.519939  75.437219  19.9829659043497 -24.5412165   57.3331 /L    2.5175   0.0940986   79.874311   -47.19613         n.a.     n.a.
 2026-Jul-27 12:00 *   04 10 11.25 +20 52 55.9  04 11 44.88 +20 57 06.5  5.140584  0.989886   80.663707  58.276093    5.772   8.226   99.94921  3.533484  320.700083  75.512589  19.9466737902013 -25.6235540   59.6341 /L    2.5801   0.0872504   79.100364   -50.61482         n.a.     n.a.
 2026-Jul-30 00:00 *   04 10 33.09 +20 53 53.0  04 12 06.79 +20 58 03.3  5.080386  0.899348  320.881305 -39.588994    5.768   8.226   99.94690  3.540054  133.875273  75.584241  19.9096506683529 -25.7555896   61.9320 /L    2.6381   0.0859896   79.961299   -51.21910         n.a.     n.a.
 2026-Aug-01 12:00 Cm  04 10 53.93 +20 54 47.7  04 12 27.75 +20 58 57.5  4.639424  0.889740   80.874625  62.709967    5.763   8.226   99.94471  3.546816  307.047316  75.652461  19.8716970046910 -26.7052710   64.2437 /L    2.6924   0.0787328   79.143734   -54.69546         n.a.     n.a.
 2026-Aug-04 00:00 *   04 11 13.62 +20 55 38.9  04 12 47.49 +20 59 48.3  4.575856  0.803034  325.581483 -42.260843    5.759   8.226   99.94267  3.553713  120.213211  75.716847  19.8331276181809 -26.8205802   66.5532 /L    2.7419   0.0774298   80.046307   -55.31294         n.a.     n.a.
 2026-Aug-06 12:00 Cm  04 11 32.25 +20 56 27.5  04 13 06.25 +21 00 36.3  4.111680  0.786088   80.829582  67.161053    5.755   8.226   99.94076  3.560786  293.374781  75.777610  19.7937323870974 -27.6318529   68.8775 /L    2.7874   0.0697692   79.176564   -58.86309         n.a.     n.a.
 2026-Aug-09 00:00 *   04 11 49.68 +20 57 12.5  04 13 23.75 +21 01 20.9  4.042575  0.703198  330.793966 -44.622120    5.750   8.226   99.93903  3.567977  106.528967  75.834410  19.7538423131578 -27.7268059   71.2003 /L    2.8279   0.0683880   80.132243   -59.50439         n.a.     n.a.
 2026-Aug-11 12:00 Cm  04 12 05.98 +20 57 54.8  04 13 40.21 +21 02 03.0  3.556412  0.678523   80.351311  71.626095    5.746   8.226   99.93747  3.575325  279.677574  75.887390  19.7132445360935 -28.3860785   73.5383 /L    2.8642   0.0603427   79.198425   -63.13559         n.a.     n.a.
 2026-Aug-14 00:00 *m  04 12 21.03 +20 58 33.4  04 13 55.31 +21 02 41.5  3.481677  0.600449  336.527305 -46.616567    5.741   8.226   99.93612  3.582768   92.817561  75.936285  19.6722906055921 -28.4486235   75.8750 /L    2.8952   0.0588846   80.215043   -63.79373         n.a.     n.a.
 2026-Aug-16 12:00 C   04 12 34.88 +20 59 09.3  04 14 09.28 +21 03 17.0  2.977709  0.568563   79.030625  76.097635    5.736   8.225   99.93495  3.590346  265.950757  75.981185  19.6307684811210 -28.9409729   78.2267 /L    2.9219   0.0505251   79.190078   -67.49755         n.a.     n.a.
 2026-Aug-19 00:00 *m  04 12 47.45 +20 59 41.3  04 14 21.89 +21 03 48.8  2.899946  0.496017  342.754017 -48.185720    5.732   8.225   99.93401  3.597994   79.074221  76.021925  19.5890413789181 -28.9677702   80.5769 /L    2.9431   0.0490343   80.293856   -68.15832         n.a.     n.a.
 2026-Aug-21 12:00 C   04 12 58.78 +21 00 10.7  04 14 33.36 +21 04 17.9  2.383270  0.457165   75.680693  80.553363    5.727   8.225   99.93328  3.605753  252.189825  76.058548  19.5468890672257 -29.2926021   82.9423 /L    2.9597   0.0404454   79.141282   -71.93165         n.a.     n.a.
 2026-Aug-24 00:00 *m  04 13 08.81 +21 00 36.1  04 14 43.45 +21 04 43.3  2.303506  0.390597  349.399604 -49.273424    5.722   8.225   99.93278  3.613556   65.294751  76.090977  19.5046779697805 -29.2888903   85.3065 /L    2.9709   0.0389398   80.376115   -72.59606         n.a.     n.a.
 2026-Aug-26 12:00 C   04 13 17.56 +21 00 58.8  04 14 52.34 +21 05 06.0  1.777335  0.344466   65.071219  84.892786    5.717   8.225   99.93250  3.621447  238.390862  76.119191  19.4621804617044 -29.4482982   87.6861 /L    2.9773   0.0301735   79.031471   -76.44745         n.a.     n.a.
 2026-Aug-29 00:00 *   04 13 24.99 +21 01 17.6  04 14 59.80 +21 05 24.8  1.695589  0.284112  356.338470 -49.833314    5.713   8.225   99.93247  3.629356   51.475472  76.143196  19.4197644382530 -29.4184070   90.0653 /L    2.9782   0.0286538   80.487921   -77.12116         n.a.     n.a.
 2026-Aug-31 12:00 Cm  04 13 31.12 +21 01 33.6  04 15 06.04 +21 05 40.7  1.162150  0.230684    2.355593  87.903556    5.708   8.225   99.93266  3.637329  224.550417  76.162901  19.3771980615195 -29.4134435   92.4605 /L    2.9743   0.0197471   78.772859   -81.06329         n.a.     n.a.
 2026-Sep-03 00:00 *   04 13 35.91 +21 01 45.6  04 15 10.87 +21 05 52.7  1.076681  0.176520    3.402662 -49.835993    5.703   8.225   99.93310  3.645296   37.613133  76.178379  19.3348510998047 -29.3575267   94.8560 /L    2.9647   0.0181842   80.689260   -81.76275         n.a.     n.a.
 2026-Sep-05 12:00 Cm  04 13 39.37 +21 01 54.9  04 15 14.48 +21 06 02.0  0.537728  0.115320  295.784430  85.025454    5.698   8.225   99.93377  3.653299  210.665367  76.189463  19.2924943021883 -29.1834011   97.2683 /L    2.9503   0.0091659   77.895805   -85.81086         n.a.     n.a.
 2026-Sep-08 00:00 *   04 13 41.49 +21 02 00.1  04 15 16.65 +21 06 07.5  0.447842  0.067711   10.404626 -49.273631    5.693   8.225   99.93467  3.661268   23.704716  76.196304  19.2505034899333 -29.0926049   99.6813 /L    2.9301   0.0075489   81.402387   -86.54470         n.a.     n.a.
 2026-Sep-10 12:00 Cm  04 13 42.24 +21 02 02.5  04 15 17.52 +21 06 10.2  -0.09275  -0.00054  284.612540  80.635463    5.689   8.225   99.93581  3.669243  196.732870  76.198672  19.2086597152162 -28.7379001  102.1111 /L    2.9049   0.0015459   269.66857   -89.28442         n.a.     n.a.
 2026-Sep-13 00:00 *m  04 13 41.66 +21 02 00.8  04 15 16.96 +21 06 08.7  -0.18489  -0.04094   17.166851 -48.161566    5.684   8.225   99.93717  3.677153    9.747659  76.196813  19.1673427590212 -28.6031186  104.5414 /L    2.8741   0.0031561   257.51529   -88.53553         n.a.     n.a.
 2026-Sep-15 12:00 C   04 13 39.70 +21 01 56.4  04 15 15.11 +21 06 04.5  -0.72043  -0.11549  281.156075  76.079734    5.679   8.225   99.93874  3.685036  182.750752  76.190458  19.1263388272356 -28.0663639  106.9881 /L    2.8383   0.0121604   260.89221   -84.27970         n.a.     n.a.
 2026-Sep-18 00:00 *m  04 13 36.44 +21 01 48.0  04 15 11.89 +21 05 56.3  -0.81198  -0.14808   23.547335 -46.534728    5.674   8.225   99.94052  3.692821  355.740265  76.179952  19.0860194907925 -27.8910940  109.4348 /L    2.7968   0.0137562   259.66433   -83.50837         n.a.     n.a.
 2026-Sep-20 12:00 C   04 13 31.81 +21 01 36.9  04 15 07.39 +21 05 45.6  -1.33743  -0.22873  279.818095  71.466832    5.670   8.225   99.94250  3.700547  168.717816  76.164976  19.0461715622181 -27.1805805  111.8978 /L    2.7504   0.0226142   260.29518   -79.15651         n.a.     n.a.
 2026-Sep-23 00:00 *m  04 13 25.91 +21 01 21.9  04 15 01.52 +21 05 31.0  -1.42730  -0.25353   29.453562 -44.441225    5.665   8.225   99.94465  3.708143  341.681775  76.145963  19.0071539728881 -26.9710551  114.3607 /L    2.6986   0.0241608   259.92771   -78.37011         n.a.     n.a.
 2026-Sep-25 12:00 C   04 13 18.67 +21 01 04.2  04 14 54.38 +21 05 13.9  -1.93870  -0.33983  279.355765  66.821308    5.661   8.225   99.94697  3.715649  154.633686  76.122536  18.9687567843308 -26.0953241  116.8400 /L    2.6418   0.0328043   260.05778   -73.92105         n.a.     n.a.
 2026-Sep-28 00:00 *   04 13 10.21 +21 00 42.6  04 14 45.92 +21 04 52.6  -2.02740  -0.35673   34.842754 -41.935803    5.657   8.225   99.94943  3.722996  327.572170  76.095203  18.9313252912146 -25.8555184  119.3194 /L    2.5798   0.0343091   260.02058   -73.10884         n.a.     n.a.
 2026-Sep-30 12:00 Cm  04 13 00.43 +21 00 18.5  04 14 36.25 +21 04 28.9  -2.52231  -0.44880  279.345187  62.152686    5.652   8.225   99.95204  3.730221  140.498626  76.063521  18.8946569294988 -24.8207383  121.8157 /L    2.5130   0.0426987   259.91090   -68.55029         n.a.     n.a.
 2026-Oct-03 00:00 *   04 12 49.47 +20 59 50.5  04 14 25.34 +21 04 01.4  -2.61075  -0.45808   39.712193 -39.073520    5.648   8.224   99.95474  3.737257  313.411905  76.028066  18.8590857031226 -24.5478053  124.3124 /L    2.4411   0.0441772   260.04827   -67.69428         n.a.     n.a.
 2026-Oct-05 12:00 Cm  04 12 37.23 +20 59 20.0  04 14 13.21 +21 03 31.8  -3.08585  -0.55500  279.605329  57.466150    5.644   8.224   99.95756  3.744138  126.313266  75.988342  18.8244257349711 -23.3512222  126.8264 /L    2.3645   0.0522560   259.80417   -63.01506         n.a.     n.a.
 2026-Oct-08 00:00 *   04 12 23.87 +20 58 45.9  04 13 59.86 +21 02 58.2  -3.17266  -0.55621   44.086541 -35.905737    5.640   8.224   99.96043  3.750797  299.201827  75.945003  18.7910028539995 -23.0354436  129.3407 /L    2.2832   0.0536841   260.05628   -62.10602         n.a.     n.a.
 2026-Oct-10 12:00 C   04 12 09.27 +20 58 09.3  04 13 45.34 +21 02 22.3  -3.62153  -0.65684  280.046736  52.765399    5.636   8.224   99.96337  3.757267  112.078744  75.897524  18.7586477881795 -21.6774375  131.8719 /L    2.1972   0.0613436   259.72003   -57.31408         n.a.     n.a.
 2026-Oct-13 00:00 *m  04 11 53.64 +20 57 29.3  04 13 29.71 +21 01 42.7  -3.70287  -0.64932   48.005995 -32.478608    5.633   8.224   99.96633  3.763482  284.943458  75.846657  18.7276682065097 -21.3190780  134.4026 /L    2.1068   0.0626562   260.05401   -56.36475         n.a.     n.a.
 2026-Oct-15 12:00 C   04 11 36.84 +20 56 46.9  04 13 13.00 +21 01 01.1  -4.11931  -0.75258  280.621727  48.053973    5.629   8.225   99.96930  3.769473   97.797027  75.791853  18.6979043046590 -19.8127236  136.9494 /L    2.0121   0.0697916   259.64651   -51.47624         n.a.     n.a.
 2026-Oct-18 00:00 Cm  04 11 19.09 +20 56 01.3  04 12 55.29 +21 00 16.2  -4.19295  -0.73647   51.516865 -28.831981    5.626   8.225   99.97225  3.775180  270.639169  75.733943  18.6696370665774 -19.4204607  139.4948 /L    1.9134   0.0709523   260.03789   -50.49609         n.a.     n.a.
 2026-Oct-20 12:00 C   04 11 00.27 +20 55 13.5  04 12 36.55 +20 59 29.5  -4.57240  -0.84163  281.303938  43.335420    5.623   8.225   99.97516  3.780632   83.470808  75.672349  18.6427154542575 -17.7830620  142.0559 /L    1.8106   0.0774869   259.57042   -45.52469         n.a.     n.a.
 2026-Oct-23 00:00 Cm  04 10 40.61 +20 54 22.8  04 12 16.89 +20 58 39.5  -4.63784  -0.81680   54.666445 -24.999900    5.620   8.225   99.97800  3.785774  256.291925  75.607968  18.6173926315573 -17.3644444  144.6150 /L    1.7043   0.0784869   260.01167   -44.51398         n.a.     n.a.
 2026-Oct-25 12:00 C   04 10 19.97 +20 53 30.1  04 11 56.29 +20 57 47.7  -4.97776  -0.92325  282.078339  38.613450    5.617   8.225   99.98076  3.790633   69.103260  75.540183  18.5935294405090 -15.6119829  147.1895 /L    1.5943   0.0843776   259.49245   -39.46508         n.a.     n.a.
 2026-Oct-28 00:00 C   04 09 58.60 +20 52 34.7  04 11 34.94 +20 56 52.8  -5.03574  -0.89040   57.499612 -21.011211    5.614   8.225   99.98341  3.795160  241.905000  75.469940  18.5713509522814 -15.1718138  149.7618 /L    1.4811   0.0852309   259.97286   -38.41584         n.a.     n.a.
 2026-Oct-30 12:00 Nm  04 09 36.35 +20 51 37.5  04 11 12.77 +20 55 56.7  -5.33445  -0.99728  282.937336  33.892060    5.612   8.225   99.98593  3.799377   54.697680  75.396586  18.5507358551906 -13.3143131  152.3497 /L    1.3647   0.0904479   259.41070   -33.28701         n.a.     n.a.
 2026-Nov-02 00:00 C   04 09 13.47 +20 50 37.9  04 10 49.93 +20 54 57.9  -5.38523  -0.95640   60.056876 -16.889910    5.610   8.225   99.98828  3.803242  227.481689  75.321112  18.5318879340242 -12.8465853  154.9353 /L    1.2455   0.0911582   259.92943   -32.17791         n.a.     n.a.
 2026-Nov-04 12:00 Nm  04 08 49.82 +20 49 36.6  04 10 26.31 +20 53 57.8  -5.63880  -1.06236  283.878226  29.175413    5.608   8.225   99.99048  3.806770   40.257381  75.242850  18.5147102878000 -10.8879327  157.5363 /L    1.1234   0.0956334   259.33043   -26.96714         n.a.     n.a.
 2026-Nov-07 00:00 C   04 08 25.68 +20 48 33.4  04 10 02.16 +20 52 55.2  -5.67892  -1.01299   62.374335 -12.656315    5.606   8.225   99.99248  3.809925  213.025391  75.162860  18.4993807222887 -10.3905283  160.1343 /L    0.9992   0.0961427   259.88613   -25.79876         n.a.     n.a.
 2026-Nov-09 12:00 N   04 08 00.88 +20 47 28.7  04 09 37.39 +20 51 51.6  -5.88205  -1.11635  284.901414  24.468254    5.604   8.225   99.99428  3.812720   25.785944  75.080478  18.4858191072620  -8.3465315  162.7469 /L    0.8725   0.0997841   259.25367   -20.52735         n.a.     n.a.
 2026-Nov-12 00:00 Cm  04 07 35.73 +20 46 22.5  04 09 12.27 +20 50 46.0  -5.90893  -1.05862   64.483087  -8.327790    5.603   8.225   99.99584  3.815124  198.539894  74.996819  18.4741674962194  -7.8286339  165.3552 /L    0.7443   0.1000502   259.84289   -19.31500         n.a.     n.a.
 2026-Nov-14 12:00 N   04 07 10.07 +20 45 15.1  04 08 46.65 +20 49 39.9  -6.05812  -1.15855  286.010459  19.776046    5.602   8.225   99.99718  3.817151   11.287304  74.911220  18.4643578868601  -5.7232449  167.9770 /L    0.6141   0.1027985   259.17352   -14.01157         n.a.     n.a.
 2026-Nov-17 00:00 Cm  04 06 44.21 +20 44 06.6  04 08 20.79 +20 48 32.2  -6.07102  -1.09261   66.409752  -3.919136    5.601   8.225   99.99827  3.818778  184.029228  74.824829  18.4564938064764  -5.1962928  170.5932 /L    0.4829   0.1028092   259.79763   -12.77025         n.a.     n.a.
 2026-Nov-19 12:00 N   04 06 17.97 +20 42 57.3  04 07 54.57 +20 47 24.2  -6.16541  -1.18808  287.211085  15.104776    5.600   8.225   99.99910  3.820014  356.765543  74.736973  18.4505215685207  -3.0522247  173.2218 /L    0.3504   0.1046473   259.09271   -7.456326         n.a.     n.a.
 2026-Nov-22 00:00 Cm  04 05 51.69 +20 41 47.2  04 07 28.27 +20 46 14.7  -6.16531  -1.11486   68.177309   0.556766    5.600   8.225   99.99966  3.820845  169.497450  74.648812  18.4465071905918  -2.5252305  175.8434 /L    0.2175   0.1044216   259.75006   -6.195454         n.a.     n.a.
 2026-Nov-24 12:00 Nm  04 05 25.17 +20 40 36.7  04 07 01.77 +20 45 05.3  -6.20543  -1.20528  288.511155  10.461085    5.599   8.225   99.99995  3.821279  342.224616  74.559663  18.4444134211374  -0.3626298  178.4736 /L    0.0840   0.1053567   259.00829   -0.890225         n.a.     n.a.
 2026-Nov-27 00:00 C   04 04 58.75 +20 39 25.8  04 06 35.38 +20 43 55.2  -6.19432  -1.12541   69.805155   5.088793    5.599   8.225   99.99998  3.821308  154.948367  74.470680  18.4442731602958   0.1622914  178.8814 /T    0.0504   0.1049288   259.70256   0.3917183         n.a.     n.a.
 2026-Nov-29 12:00 Nm  04 04 32.23 +20 38 14.8  04 06 08.88 +20 42 45.5  -6.18115  -1.20986  289.921187   5.852316    5.599   8.225   99.99973  3.820935  327.668161  74.381172  18.4460745904738   2.3343735  176.2485 /T    0.1839   0.1049740   258.92530   5.6897049         n.a.     n.a.
 2026-Dec-02 00:00 C   04 04 05.95 +20 37 03.9  04 05 42.59 +20 41 35.4  -6.15803  -1.12350   71.309714   9.667424    5.600   8.225   99.99921  3.820158  140.385458  74.292303  18.4498232478305   2.8625882  173.6171 /T    0.3168   0.1043279   259.66044   7.0083051         n.a.     n.a.
 2026-Dec-04 12:00 Nm  04 03 39.71 +20 35 53.2  04 05 16.33 +20 40 25.8  -6.08913  -1.20034  291.453835   1.286556    5.600   8.225   99.99842  3.818977  313.099589  74.203408  18.4555298206963   5.0311121  170.9735 /T    0.4496   0.1034385   258.84836   12.294006         n.a.     n.a.
 2026-Dec-07 00:00 C   04 03 13.85 +20 34 43.1  04 04 50.47 +20 39 16.3  -6.05188  -1.10758   72.704953  14.284007    5.601   8.225   99.99738  3.817398  125.812179  74.115660  18.4631628570115   5.5558211  168.3380 /T    0.5810   0.1025399   259.62883   13.640523         n.a.     n.a.
 2026-Dec-09 12:00 N   04 02 48.19 +20 33 33.6  04 04 24.81 +20 38 07.9  -5.92630  -1.17623  293.124624  -3.226698    5.602   8.225   99.99608  3.815418  298.522416  74.028420  18.4727468204323   7.6960486  165.6921 /T    0.7116   0.1006983   258.77403   18.889385         n.a.     n.a.
 2026-Dec-12 00:00 Cm  04 02 23.07 +20 32 25.2  04 03 59.70 +20 37 00.2  -5.87451  -1.07776   74.002110  18.930836    5.604   8.225   99.99455  3.813052  111.232064  73.942848  18.4842091783631   8.2044977  163.0558 /T    0.8401   0.0995426   259.60387   20.243491         n.a.     n.a.
 2026-Dec-14 12:00 N   04 01 58.30 +20 31 17.8  04 03 34.90 +20 35 53.9  -5.69390  -1.13744  294.952238  -7.676617    5.605   8.225   99.99280  3.810294  283.940173  73.858320  18.4975879068337  10.2915783  160.4103 /T    0.9673   0.0967733   258.70300   25.432388         n.a.     n.a.
 2026-Dec-17 00:00 Cm  04 01 34.20 +20 30 11.9  04 03 10.79 +20 34 48.7  -5.62946  -1.03439   75.210544  23.600984    5.607   8.225   99.99083  3.807169   96.648603  73.775956  18.5127720520318  10.7735910  157.7758 /T    1.0918   0.0953950   259.58824   26.774789         n.a.     n.a.
 2026-Dec-19 12:00 A   04 01 10.59 +20 29 07.3  04 02 47.13 +20 33 45.1  -5.39721  -1.08506  296.958617 -12.050885    5.609   8.224   99.98867  3.803667  269.356244  73.695142  18.5298146696455  12.7860192  155.1332 /T    1.2144   0.0917533   258.63269   31.883952         n.a.     n.a.
 2026-Dec-22 00:00 Cm  04 00 47.78 +20 28 04.8  04 02 24.33 +20 32 43.0  -5.32278  -0.97858   76.337743  28.288194    5.611   8.224   99.98635  3.799821   82.065036  73.616942  18.5485698793349  13.2352744  152.5025 /T    1.3338   0.0901997   259.58264   33.198648         n.a.     n.a.
 2026-Dec-24 12:00 Am  04 00 25.59 +20 27 03.9  04 02 02.13 +20 31 43.1  -5.04380  -1.02014  299.169900 -16.335189    5.614   8.224   99.98386  3.795618  254.773709  73.540751  18.5691104162722  15.1593352  149.8643 /T    1.4508   0.0857656   258.56585   38.215857         n.a.     n.a.
 2026-Dec-27 00:00 C   04 00 04.30 +20 26 05.4  04 01 40.86 +20 30 45.3  -4.96180  -0.91128   77.388947  32.987060    5.616   8.224   99.98125  3.791095   67.484251  73.467568  18.5912645988069  15.5802118  147.2384 /T    1.5642   0.0840798   259.59311   39.504814         n.a.     n.a.
 2026-Dec-29 12:00 Am  03 59 43.76 +20 25 08.8  04 01 20.26 +20 29 49.7  -4.63836  -0.94300  301.616870 -20.512994    5.619   8.224   99.97852  3.786234  240.195280  73.396820  18.6151307212931  17.4109231  144.6050 /T    1.6748   0.0788875   258.50810   44.443447         n.a.     n.a.
$$EOE
**********************************************************************************************************************************************************************************************************************************************************************************************
Column meaning:
 
TIME

  Times PRIOR to 1962 are UT1, a mean-solar time closely related to the
prior but now-deprecated GMT. Times AFTER 1962 are in UTC, the current
civil or "wall-clock" time-scale. UTC is kept within 0.9 seconds of UT1
using integer leap-seconds for 1972 and later years.

  Conversion from the internal Barycentric Dynamical Time (TDB) of solar
system dynamics to the non-uniform civil UT time-scale requested for output
has not been determined for UTC times after the next July or January 1st.
Therefore, the last known leap-second is used as a constant over future
intervals.

  Time tags refer to the UT time-scale conversion from TDB on Earth
regardless of observer location within the solar system, although clock
rates may differ due to the local gravity field and no analog to "UT"
may be defined for that location.

  Any 'b' symbol in the 1st-column denotes a B.C. date. First-column blank
(" ") denotes an A.D. date.
 
CALENDAR SYSTEM

  Mixed calendar mode was active such that calendar dates after AD 1582-Oct-15
(if any) are in the modern Gregorian system. Dates prior to 1582-Oct-5 (if any)
are in the Julian calendar system, which is automatically extended for dates
prior to its adoption on 45-Jan-1 BC.  The Julian calendar is useful for
matching historical dates. The Gregorian calendar more accurately corresponds
to the Earth's orbital motion and seasons. A "Gregorian-only" calendar mode is
available if such physical events are the primary interest.

  NOTE: "n.a." in output means quantity "not available" at the print-time.
 
SOLAR PRESENCE (OBSERVING SITE)
  Time tag is followed by a blank, then a solar-presence symbol:

       '*'  Daylight (refracted solar upper-limb on or above apparent horizon)
       'C'  Civil twilight/dawn
       'N'  Nautical twilight/dawn
       'A'  Astronomical twilight/dawn
       ' '  Night OR geocentric ephemeris

LUNAR PRESENCE (OBSERVING SITE)
  The solar-presence symbol is immediately followed by a lunar-presence symbol:

       'm'  Refracted upper-limb of Moon on or above apparent horizon
       ' '  Refracted upper-limb of Moon below apparent horizon OR geocentric
            ephemeris
 
 'R.A._____(ICRF)_____DEC' =
  Astrometric right ascension and declination of the target center with
respect to the observing site (coordinate origin) in the reference frame of
the planetary ephemeris (ICRF). Compensated for down-leg light-time delay
aberration.

  Units: RA  in hours-minutes-seconds of time,    HH MM SS.ff{ffff}
         DEC in degrees-minutes-seconds of arc,  sDD MN SC.f{ffff}
 
 'R.A.__(a-apparent)__DEC' =
  Airless apparent right ascension and declination of the target center
with respect to an instantaneous reference frame defined by the Earth equator
of-date (z-axis) and meridian containing the Earth equinox of-date (x-axis,
EOP-corrected IAU76/80). Compensated for down-leg light-time delay,
gravitational deflection of light, stellar aberration, precession & nutation.
Note: equinox (RA origin) is offset -53 mas from the of-date frame defined
by the IAU06/00a P & N system.

  Units: RA  in hours-minutes-seconds of time,   HH MM SS.ff{ffff}
         DEC in degrees-minutes-seconds of arc, sDD MN SC.f{ffff}
 
 'dRA*cosD d(DEC)/dt' =
  The angular rate of change in apparent RA and DEC of the target. This is
with respect to the non-inertial IAU76/80 Earth true equator and equinox
of-date reference frame.  d(RA)/dt is multiplied by the cosine of declination
to provide a linear rate in the plane-of-sky. Units: ARCSECONDS PER HOUR
 
 'Azi____(a-app)___Elev' =
  Airless apparent azimuth and elevation of target center. Compensated
for light-time, the gravitational deflection of light, stellar aberration,
precession and nutation. Azimuth is measured clockwise from north:

  North(0) -> East(90) -> South(180) -> West(270) -> North (360)

Elevation angle is with respect to a plane perpendicular to the reference
surface local zenith direction. TOPOCENTRIC ONLY.  Units: DEGREES
 
 'APmag   S-brt' =
  The targets' approximate apparent visual magnitude and surface brightness.
For planets and natural satellites, output is restricted to solar phase angles
covered by observational data. Outside the observed phase angle range, "n.a."
may be output to avoid extrapolation beyond the limit of model validity.

   For Earth-based observers, the estimated dimming due to atmospheric
absorption (extinction) is available as a separate, requestable quantity.

   Surface brightness is the average airless visual magnitude of a
square-arcsecond of the illuminated portion of the apparent disk. It is
computed only if the target radius is known.

   Units: MAGNITUDES & MAGNITUDES PER SQUARE ARCSECOND
 
 'Illu%' =
   Fraction of the target objects' assumed circular disk illuminated by Sun
(phase), as seen by the observer.  Units: PERCENT
 
 'Ang-diam' =
   The equatorial angular width of the target body full disk, if it were fully
illuminated and visible to the observer. If the target body diameter is unknown
"n.a." is output.

   Units: ARCSECONDS
 
 'ObsSub-LON ObsSub-LAT' =
   Apparent planetodetic longitude and latitude of the center of the target
disc seen by the OBSERVER at print-time. This is NOT exactly the same as the
"nearest" sub-point for a non-spherical target shape (since the center of the
disc might not be the point closest to the observer), but is generally very
close if not a very irregular body shape. Down-leg light travel-time from
target to observer is taken into account. Latitude is the angle between the
equatorial plane and the line perpendicular to the reference ellipsoid of the
body, so includes body oblateness. The reference ellipsoid is an oblate
spheroid with a single flatness coefficient in which the y-axis body radius
is taken to be the same value as the x-axis radius. For Jupiter, Saturn, and
Uranus, IAU2015 longitude is based on the "System III" prime meridian rotation
angle of the magnetic field. By contrast, pole direction (thus latitude) is
relative to the body dynamical equator.  There can be an offset between the
magnetic pole and the dynamical pole of rotation. For Neptune, rotation is
IAU2015 "System II" rotation of optically observed features in the Neptunian
atmosphere. Positive longitude is to the EAST for this target. Cartographic
system is specified in the header. Units: DEGREES DEGREES
 
 'delta      deldot' =
   Apparent range ("delta", light-time aberrated) and range-rate ("delta-dot")
of the target center relative to the observer. A positive "deldot" means the
target center is moving away from the observer, negative indicates movement
toward the observer.  Units: AU and KM/S
 
 'S-O-T /r' =
   Sun-Observer-Target apparent SOLAR ELONGATION ANGLE seen from the observers'
location at print-time.

   The '/r' column provides a code indicating the targets' apparent position
relative to the Sun in the observers' sky, as described below:

   Case A: For an observing location on the surface of a rotating body, that
body rotational sense is considered:

    /T indicates target TRAILS Sun   (evening sky: rises and sets AFTER Sun)
    /L indicates target LEADS Sun    (morning sky: rises and sets BEFORE Sun)

   Case B: For an observing point that does not have a rotational model (such
as a spacecraft), the "leading" and "trailing" condition is defined by the
observers' heliocentric ORBITAL motion:

    * If continuing in the observers' current direction of heliocentric
       motion would encounter the targets' apparent longitude first, followed
       by the Sun's, the target LEADS the Sun as seen by the observer.

    * If the Sun's apparent longitude would be encountered first, followed
       by the targets', the target TRAILS the Sun.

   Two other codes can be output:
    /* indicates observer is Sun-centered    (undefined)
    /? Target is aligned with Sun center     (no lead or trail)

   The S-O-T solar elongation angle is numerically the minimum separation
angle of the Sun and target in the sky in any direction. It does NOT indicate
the amount of separation in the leading or trailing directions, which would
be defined along the equator of a spherical coordinate system.

   Units: DEGREES
 
 'S-T-O' =
   The Sun-Target-Observer angle; the interior vertex angle at target center
formed by a vector from the target to the apparent center of the Sun (at
reflection time on the target) and the apparent vector from target to the
observer at print-time. Slightly different from true PHASE ANGLE (requestable
separately) at the few arcsecond level in that it includes stellar aberration
on the down-leg from target to observer.  Units: DEGREES
 
 'Sky_motion  Sky_mot_PA  RelVel-ANG' =
  Total apparent angular rate of the target in the plane-of-sky. "Sky_mot_PA"
is the position angle of the target's direction of motion in the plane-of-sky,
measured counter-clockwise from the apparent of-date north pole direction.
"RelVel-ANG" is the flight path angle of the target's relative motion with
respect to the observer's line-of-sight, in the range [-90,+90], where positive
values indicate motion away from the observer, negative values are toward the
observer:

  -90 = target is moving directly toward the observer
    0 = target is moving at right angles to the observer's line-of-sight
  +90 = target is moving directly away from the observer

UNITS:  ARCSECONDS/MINUTE, DEGREES, DEGREES
 
 'Lun_Sky_Brt  sky_SNR' =
  Sky brightness due to moonlight scattered by Earth's atmosphere at the
target's position in the sky. "sky_SNR" is the visual signal-to-noise ratio
(SNR) of the target's surface brightness relative to background sky. Output
only for topocentric Earth observers when both the Moon and target are above
the local horizon and the Sun is in astronomical twilight (or further) below
the horizon, and the target is not the Moon or Sun. If all conditions are
not met, "n.a." is output. Galactic brightness, local sky light-pollution
and weather are NOT considered. Lunar opposition surge is considered. The
value returned is accurate under ideal conditions at the approximately 8-23%
level, so is a useful but not definitive value.

  If the target-body radius is also known, "sky_SNR" is output. This is the
approximate visual signal-to-noise ratio of the target's brightness divided
by lunar sky brightness. When sky_SNR < 1, the target is dimmer than the
ideal moonlight-scattering background sky, so unlikely to be detectable at
visual wavelengths. In practice, visibility requires sky_SNR > 1 and a
detector sensitive enough to reach the target's magnitude, even if it isn't
washed out by moonlight. When relating magnitudes and brightness values,
keep in mind their logarithmic relationship m2-m1 = -2.5*log_10(b2/b1).

  UNITS: VISUAL MAGNITUDES / ARCSECOND^2, and unitless ratio

Computations by ...

    Solar System Dynamics Group, Horizons On-Line Ephemeris System
    4800 Oak Grove Drive, Jet Propulsion Laboratory
    Pasadena, CA  91109   USA

    General site: https://ssd.jpl.nasa.gov/
    Mailing list: https://ssd.jpl.nasa.gov/email_list.html
    System news : https://ssd.jpl.nasa.gov/horizons/news.html
    User Guide  : https://ssd.jpl.nasa.gov/horizons/manual.html
    Connect     : browser        https://ssd.jpl.nasa.gov/horizons/app.html#/x
                  API            https://ssd-api.jpl.nasa.gov/doc/horizons.html
                  command-line   telnet ssd.jpl.nasa.gov 6775
                  e-mail/batch   https://ssd.jpl.nasa.gov/ftp/ssd/horizons_batch.txt
                  scripts        https://ssd.jpl.nasa.gov/ftp/ssd/SCRIPTS
    Author      : Jon.D.Giorgini@jpl.nasa.gov

**********************************************************************************************************************************************************************************************************************************************************************************************
