*******************************************************************************
 Revised: September 25, 2025           Uranus                               799
 
 PHYSICAL DATA:
  Mass x10^24 (kg)      = 86.813          Density (g/cm^3)       =  1.271
  Equat. radius (1 bar) = 25559+-4 km     Polar radius (km)      = 24973+-20
  Vol. Mean Radius (km) = 25362+-12       Flattening             =  0.02293
  Geometric Albedo      = 0.51
  Sid. rot. period (III)= 17.24+-0.01 h   Sid. rot. rate (rad/s) = -0.000101237
  Mean solar day, h     =~17.24           Rocky core mass (Mc/M) =  0.0012        
  GM (km^3/s^2)         = 5793950.6103    GM 1-sigma (km^3/s^2)  = +-4.3 
  Equ. grav, ge (m/s^2) =  8.87           Pol. grav, gp (m/s^2)  =   9.19+-0.02
  Visual magnitude V(1,0)= -7.11
  Vis. mag. (opposition)=  +5.52          Obliquity to orbit     = 97.77 deg
  Sidereal orbit period = 84.0120465 y    Sidereal orbit period  = 30685.4 d
  Mean daily motion     = 0.01176904 dg/d Mean orbit velocity    =  6.8 km/s
  Atmos. temp. (1 bar)  =  76+-2 K        Escape speed, km/s     =  21.3           
  Aroche(ice)/Rp        =  2.20           Hill's sphere rad., Rp = 2700
                                 Perihelion   Aphelion    Mean
  Solar Constant (W/m^2)         4.09         3.39        3.71
  Maximum Planetary IR (W/m^2)   0.72         0.55        0.63
  Minimum Planetary IR (W/m^2)   0.72         0.55        0.63
*******************************************************************************


*******************************************************************************
Ephemeris / WWW_USER Mon Apr  6 16:46:22 2026 Pasadena, USA      / Horizons    
*******************************************************************************
Target body name: Uranus (799)                    {source: ura184_merged}
Center body name: Earth (399)                     {source: DE441}
Center-site name: (user defined site below)
*******************************************************************************
Start time      : A.D. 2026-Jan-01 00:00:00.0000 UT      
Stop  time      : A.D. 2026-Dec-31 00:00:00.0000 UT      
Step-size       : 3600 minutes
*******************************************************************************
Target pole/equ : IAU_URANUS                      {East-longitude positive}
Target radii    : 25559.0, 25559.0, 24973.0 km    {Equator_a, b, pole_c}       
Center geodetic : 252.5, 24.5, .050               {E-lon(deg),Lat(deg),Alt(km)}
Center cylindric: 252.5, 5807.24684, 2628.79822   {E-lon(deg),Dxy(km),Dz(km)}
Center pole/equ : ITRF93                          {East-longitude positive}
Center radii    : 6378.137, 6378.137, 6356.752 km {Equator_a, b, pole_c}       
Target primary  : Sun
Vis. interferer : MOON (R_eq= 1737.400) km        {source: DE441}
Rel. light bend : Sun                             {source: DE441}
Rel. lght bnd GM: 1.3271E+11 km^3/s^2                                          
Atmos refraction: NO (AIRLESS)
RA format       : HMS
Time format     : CAL 
Calendar mode   : Mixed Julian/Gregorian
EOP file        : eop.260406.p260703                                           
EOP coverage    : DATA-BASED 1962-JAN-20 TO 2026-APR-06. PREDICTS-> 2026-JUL-02
Units conversion: 1 au= 149597870.700 km, c= 299792.458 km/s, 1 day= 86400.0 s 
Table cut-offs 1: Elevation (-90.0deg=NO ),Airmass (>38.000=NO), Daylight (NO )
Table cut-offs 2: Solar elongation (  0.0,180.0=NO ),Local Hour Angle( 0.0=NO )
Table cut-offs 3: RA/DEC angular rate (     0.0=NO )                           
**********************************************************************************************************************************************************************************************************************************************************************************************
 Date__(UT)__HR:MN     R.A._____(ICRF)_____DEC  R.A.__(a-apparent)__DEC  dRA*cosD d(DEC)/dt  Azi____(a-app)___Elev    APmag   S-brt      Illu%  Ang-diam  ObsSub-LON ObsSub-LAT             delta      deldot     S-O-T /r     S-T-O  Sky_motion  Sky_mot_PA  RelVel-ANG  Lun_Sky_Brt  sky_SNR
**********************************************************************************************************************************************************************************************************************************************************************************************
$$SOE
 2026-Jan-01 00:00 *m  03 41 25.54 +19 25 28.6  03 42 56.94 +19 30 34.5  -4.07588  -0.84853   81.579123  32.245578    5.646   8.236   99.97084  3.757944    3.751254  69.516116  18.7552689747253  19.6367083  137.3826 /T    1.9525   0.0693878   258.23988   51.300108         n.a.     n.a.
 2026-Jan-03 12:00  m  03 41 08.95 +19 24 36.7  03 42 40.33 +19 29 43.4  -3.72006  -0.85814  301.419046 -16.855821    5.649   8.236   99.96794  3.752023  176.501905  69.455682  18.7848674616608  21.2979205  134.7645 /T    2.0479   0.0636292   257.01033   55.846356         n.a.     n.a.
 2026-Jan-06 00:00 *   03 40 53.54 +19 23 48.5  03 42 24.93 +19 28 55.7  -3.57821  -0.73582   83.294022  36.803425    5.652   8.236   99.96505  3.745864  349.253807  69.399502  18.8157504757795  21.5348539  132.1598 /T    2.1385   0.0608847   258.37976   57.256284         n.a.     n.a.
 2026-Jan-08 12:00  m  03 40 39.14 +19 23 03.7  03 42 10.46 +19 28 11.5  -3.18706  -0.73666  304.343534 -20.732511    5.656   8.236   99.96217  3.739453  162.006038  69.346973  18.8480096075921  23.0759018  129.5503 /T    2.2252   0.0545182   256.98522   61.707108         n.a.     n.a.
 2026-Jan-11 00:00 *   03 40 25.99 +19 22 23.0  03 41 57.29 +19 27 30.9  -3.04253  -0.61329   85.036647  41.362086    5.660   8.235   99.95936  3.732836  334.760113  69.298974  18.8814191411594  23.2642604  126.9543 /T    2.3066   0.0517288   258.60345   63.091961         n.a.     n.a.
 2026-Jan-13 12:00  m  03 40 13.94 +19 21 45.8  03 41 45.18 +19 26 54.1  -2.61796  -0.60524  307.533053 -24.455048    5.664   8.235   99.95661  3.725996  147.515032  69.254948  18.9160844796244  24.6700400  124.3541 /T    2.3839   0.0447835   256.98272   67.457316         n.a.     n.a.
 2026-Jan-16 00:00 *   03 40 03.21 +19 21 13.1  03 41 34.45 +19 26 21.5  -2.47134  -0.48176   86.837623  45.916324    5.668   8.235   99.95397  3.718983  320.272420  69.215706  18.9517502589272  24.8025090  121.7682 /T    2.4556   0.0419643   258.96922   68.813308         n.a.     n.a.
 2026-Jan-18 12:00     03 39 53.65 +19 20 44.2  03 41 24.84 +19 25 53.0  -2.01757  -0.46521  311.022362 -27.998356    5.672   8.235   99.95143  3.711779  133.031198  69.180722  18.9885337115762  26.0570642  119.1789 /T    2.5228   0.0345085   257.01569   73.091691         n.a.     n.a.
 2026-Jan-21 00:00 *m  03 39 45.46 +19 20 19.9  03 41 16.64 +19 25 28.9  -1.87082  -0.34326   88.737831  50.460942    5.676   8.235   99.94904  3.704440  305.793065  69.150723  19.0261523231256  26.1269903  116.6046 /T    2.5843   0.0317008   259.60292   74.408078         n.a.     n.a.
 2026-Jan-23 12:00     03 39 38.49 +19 19 59.6  03 41 09.60 +19 25 08.9  -1.39298  -0.31910  314.846768 -31.333608    5.681   8.235   99.94680  3.696944  118.556863  69.125214  19.0647341497745  27.2158912  114.0280 /T    2.6410   0.0238177   257.09737   78.597598         n.a.     n.a.
 2026-Jan-26 00:00 *m  03 39 32.94 +19 19 44.1  03 41 04.02 +19 24 53.2  -1.24948  -0.19995   90.795938  54.990313    5.685   8.235   99.94474  3.689350  291.324355  69.104824  19.1039739287060  27.2203955  111.4675 /T    2.6918   0.0210897   260.90826   79.856141         n.a.     n.a.
 2026-Jan-28 12:00     03 39 28.65 +19 19 32.6  03 40 59.68 +19 24 41.8  -0.75447  -0.16927  319.039925 -34.427819    5.690   8.235   99.94285  3.681633  104.094288  69.089074  19.1440154077392  28.1382138  108.9054 /T    2.7378   0.0128871   257.35481   83.950142         n.a.     n.a.
 2026-Jan-31 00:00 *m  03 39 25.78 +19 19 26.1  03 40 56.83 +19 24 35.3  -0.61759  -0.05454   93.100604  59.498057    5.694   8.235   99.94118  3.673856  276.868446  69.078489  19.1845401047964  28.0846837  106.3596 /T    2.7778   0.0103332   264.95285   85.123150         n.a.     n.a.
 2026-Feb-02 12:00  m  03 39 24.21 +19 19 23.6  03 40 55.20 +19 24 33.0  -0.11011  -0.01772  323.630454 -37.243660    5.699   8.235   99.93970  3.665989   89.645496  69.072631  19.2257128166496  28.8359831  103.8125 /T    2.8128   0.0018587   260.85731   89.141765         n.a.     n.a.
 2026-Feb-05 00:00 *   03 39 24.05 +19 19 26.1  03 40 55.02 +19 24 35.4  0.019984  0.092169   95.796746  63.975754    5.703   8.235   99.93846  3.658094  262.427268  69.071944  19.2672071424823  28.7354482  101.2814 /T    2.8418   0.0015719   12.233598   89.270105         n.a.     n.a.
 2026-Feb-07 12:00  m  03 39 25.20 +19 19 32.6  03 40 56.08 +19 24 41.8  0.537932  0.135186  328.635750 -39.740300    5.708   8.235   99.93743  3.650138   75.212383  69.076053  19.3092027777817  29.3198815   98.7488 /T    2.8659   0.0092443   75.893287   85.791128         n.a.     n.a.
 2026-Feb-10 00:00 *   03 39 27.77 +19 19 44.3  03 40 58.65 +19 24 53.1  0.662292  0.239773   99.141331  68.410016    5.713   8.235   99.93665  3.642186  248.002734  69.085328  19.3513582269001  29.1711856   96.2321 /T    2.8839   0.0117393   70.098002   84.622336         n.a.     n.a.
 2026-Feb-12 12:00  m  03 39 31.66 +19 19 59.9  03 41 02.49 +19 25 08.6  1.187391  0.288691  334.055346 -41.874158    5.717   8.235   99.93609  3.634204   60.796922  69.099450  19.3938599234841  29.5807060   93.7141 /T    2.8968   0.0203664   76.334789   80.831234         n.a.     n.a.
 2026-Feb-15 00:00 *   03 39 36.96 +19 20 20.7  03 41 07.81 +19 25 29.1  1.305041  0.386828  103.637503  72.776410    5.722   8.235   99.93579  3.626259  233.596865  69.118695  19.4363524949748  29.3804807   91.2122 /T    2.9038   0.0226861   73.489618   79.717731         n.a.     n.a.
 2026-Feb-17 12:00     03 39 43.59 +19 20 45.4  03 41 14.37 +19 25 53.7  1.833020  0.440533  339.863273 -43.601706    5.727   8.234   99.93572  3.618314   46.401134  69.142796  19.4790276958715  29.6081364   88.7095 /T    2.9057   0.0314202   76.486301   75.970744         n.a.     n.a.
 2026-Feb-20 00:00 *m  03 39 51.60 +19 21 15.1  03 41 22.37 +19 26 23.0  1.942296  0.531327  110.413481  77.020937    5.731   8.234   99.93590  3.610439  219.211662  69.171930  19.5215189234878  29.3539288   86.2234 /T    2.9017   0.0335610   74.700679   74.901450         n.a.     n.a.
 2026-Feb-22 12:00     03 40 00.93 +19 21 48.7  03 41 31.62 +19 26 56.1  2.467309  0.588878  346.001795 -44.883371    5.736   8.234   99.93632  3.602594   32.026994  69.205868  19.5640244632542  29.3976380   83.7372 /T    2.8928   0.0422768   76.576227   71.217144         n.a.     n.a.
 2026-Feb-25 00:00 *m  03 40 11.61 +19 22 27.1  03 41 42.32 +19 27 34.0  2.565129  0.670943  122.456111  80.994164    5.741   8.234   99.93697  3.594849  204.849028  69.244676  19.6061748047292  29.0950758   81.2681 /T    2.8780   0.0441904   75.341932   70.203229         n.a.     n.a.
 2026-Feb-27 12:00     03 40 23.57 +19 23 09.3  03 41 54.23 +19 28 15.8  3.082025  0.731447  352.380216 -45.687466    5.745   8.234   99.93784  3.587164   17.676268  69.288169  19.6481805834047  28.9639116   78.7993 /T    2.8585   0.0527939   76.649173   66.591556         n.a.     n.a.
 2026-Mar-02 00:00 *m  03 40 36.82 +19 23 56.1  03 42 07.50 +19 29 02.2  3.167658  0.804474  148.543385  84.158860    5.750   8.234   99.93893  3.579604  190.510585  69.336320  19.6896783494004  28.6270516   76.3474 /T    2.8334   0.0544703   75.750143   65.635602         n.a.     n.a.
 2026-Mar-04 12:00  m  03 40 51.31 +19 24 46.4  03 42 21.92 +19 29 52.0  3.674235  0.867925  358.879835 -45.994882    5.754   8.234   99.94022  3.572127    3.350474  69.389011  19.7308906977525  28.3328287   73.8956 /T    2.8036   0.0629226   76.709274   62.090450         n.a.     n.a.
 2026-Mar-07 00:00 *   03 41 07.05 +19 25 41.2  03 42 37.66 +19 30 46.1  3.749724  0.931958  196.600585  84.804151    5.759   8.234   99.94171  3.564798  176.197793  69.446146  19.7714571895899  27.9684323   71.4599 /T    2.7684   0.0643967   76.042492   61.176523         n.a.     n.a.
 2026-Mar-09 12:00  m  03 41 24.00 +19 26 39.3  03 42 54.55 +19 31 43.5  4.244739  0.998462    5.366154 -45.802152    5.763   8.234   99.94339  3.557574  349.051077  69.507683  19.8116019544724  27.5127614   69.0240 /T    2.7288   0.0726765   76.763314   57.682017         n.a.     n.a.
 2026-Mar-12 00:00 *   03 41 42.13 +19 27 41.7  03 43 12.72 +19 32 45.2  4.310739  1.053288  231.170801  82.304913    5.767   8.234   99.94524  3.550520  161.912158  69.573443  19.8509640280727  27.1194772   66.6037 /T    2.6840   0.0739592   76.269351   56.798722         n.a.     n.a.
 2026-Mar-14 12:00  m  03 42 01.44 +19 28 47.3  03 43 31.98 +19 33 50.1  4.791365  1.121899   11.706240 -45.121946    5.771   8.234   99.94724  3.543594  334.779595  69.643447  19.8897652056029  26.5014806   64.1830 /T    2.6349   0.0820160   76.821601   53.347710         n.a.     n.a.
 2026-Mar-17 00:00 *   03 42 21.87 +19 29 56.9  03 43 52.43 +19 34 59.2  4.847740  1.167017  246.663513  78.588158    5.775   8.234   99.94938  3.536858  147.655174  69.717433  19.9276458503506  26.0774055   61.7778 /T    2.5809   0.0831039   76.464494   52.487494         n.a.     n.a.
 2026-Mar-19 12:00 A   03 42 43.42 +19 31 09.4  03 44 13.92 +19 36 10.8  5.310321  1.237167   17.785504 -43.981934    5.779   8.233   99.95165  3.530271  320.537494  69.795471  19.9648246308621  25.2981903   59.3724 /T    2.5227   0.0908755   76.885504   49.076539         n.a.     n.a.
 2026-Mar-22 00:00 *m  03 43 06.03 +19 32 25.7  03 44 36.55 +19 37 26.2  5.355139  1.271862  254.762679  74.524401    5.783   8.233   99.95403  3.523895  133.428260  69.877207  20.0009478888653  24.8448732   56.9827 /T    2.4600   0.0917351   76.639616   48.243882         n.a.     n.a.
 2026-Mar-24 12:00 A   03 43 29.70 +19 33 44.6  03 45 00.19 +19 38 44.1  5.794995  1.342484   23.519116 -42.420697    5.787   8.233   99.95651  3.517689  306.326085  69.962752  20.0362344179641  23.9134266   54.5931 /T    2.3933   0.0991411   76.956794   44.881125         n.a.     n.a.
 2026-Mar-27 00:00 *m  03 43 54.34 +19 35 06.9  03 45 24.89 +19 40 05.8  5.826935  1.366483  259.849455  70.341648    5.790   8.233   99.95905  3.511710  119.232566  70.051661  20.0703469720244  23.4430474   52.2194 /T    2.3225   0.0997503   76.801975   44.087852         n.a.     n.a.
 2026-Mar-29 12:00 A   03 44 19.97 +19 36 31.6  03 45 50.48 +19 41 29.5  6.241660  1.437508   28.855786 -40.482722    5.794   8.233   99.96165  3.505917  292.146351  70.144104  20.1035097569071  22.3780805   49.8457 /T    2.2479   0.1067509   77.030444   40.780298         n.a.     n.a.
 2026-Apr-01 00:00 *   03 44 46.48 +19 37 59.3  03 46 17.02 +19 42 56.5  6.262630  1.451194  263.482601  66.113797    5.797   8.233   99.96428  3.500364  105.068941  70.239577  20.1354038690569  21.9024278   47.4874 /T    2.1696   0.1071428   76.953523   40.024225         n.a.     n.a.
 2026-Apr-03 12:00 Am  03 45 13.93 +19 39 29.1  03 46 44.41 +19 44 25.1  6.652438  1.522941   33.774914 -38.214663    5.801   8.233   99.96693  3.495010  277.999068  70.338324  20.1662503267022  20.7145717   45.1285 /T    2.0879   0.1137423   77.105493   36.760906         n.a.     n.a.
 2026-Apr-06 00:00 *   03 45 42.17 +19 41 01.8  03 47 12.70 +19 45 56.8  6.664542  1.527009  266.319757  61.871037    5.804   8.233   99.96958  3.489906   90.938155  70.439786  20.1957428411938  20.2350459   42.7842 /T    2.0026   0.1139540   77.094890   36.029024         n.a.     n.a.
 2026-Apr-08 12:00 Am  03 46 11.27 +19 42 36.2  03 47 41.79 +19 47 30.2  7.028374  1.599009   38.279615 -35.661405    5.807   8.233   99.97222  3.485014  263.885019  70.544269  20.2240924528700  18.9280836   40.4385 /T    1.9143   0.1201329   77.182936   32.798946         n.a.     n.a.
 2026-Apr-11 00:00 *   03 46 41.10 +19 44 13.2  03 48 11.68 +19 49 06.3  7.032426  1.593298  268.682165  57.627945    5.809   8.233   99.97482  3.480383   76.840971  70.651154  20.2510043892269  18.4420723   38.1067 /T    1.8227   0.1201777   77.234324   32.080015         n.a.     n.a.
 2026-Apr-13 12:00 Nm  03 47 11.72 +19 45 51.7  03 48 42.29 +19 50 43.7  7.368492  1.665177   42.389536 -32.864205    5.812   8.232   99.97737  3.475976  249.804925  70.760796  20.2766778686546  17.0196880   35.7732 /T    1.7283   0.1259051   77.265848   28.874149         n.a.     n.a.
 2026-Apr-16 00:00 *   03 47 42.98 +19 47 32.4  03 49 13.58 +19 52 23.5  7.363893  1.649726  270.744335  53.392384    5.814   8.232   99.97985  3.471840   62.778065  70.872513  20.3008327779585  16.5261375   33.4532 /T    1.6311   0.1257737   77.372577   28.163212         n.a.     n.a.
 2026-Apr-18 12:00 N   03 48 14.97 +19 49 14.3  03 49 45.54 +19 54 04.0  7.669018  1.720630   46.134273 -29.859808    5.817   8.232   99.98226  3.467941  235.759378  70.986695  20.3236567558633  14.9952054   31.1314 /T    1.5313   0.1309945   77.354456   24.979631         n.a.     n.a.
 2026-Apr-21 00:00 *m  03 48 47.49 +19 50 58.0  03 50 18.14 +19 55 46.7  7.654184  1.695163  272.609901  49.169037    5.819   8.232   99.98455  3.464322   48.749883  71.102589  20.3448901603901  14.4989121   28.8230 /T    1.4291   0.1306608   77.512334   24.281678         n.a.     n.a.
 2026-Apr-23 12:00 N   03 49 20.65 +19 52 42.7  03 50 51.33 +19 57 30.3  7.925285  1.764751   49.547870 -26.679625    5.821   8.232   99.98674  3.460949  221.748637  71.220618  20.3647163582159  12.8782597   26.5131 /T    1.3247   0.1353232   77.446555   21.131893         n.a.     n.a.
 2026-Apr-26 00:00 *m  03 49 54.25 +19 54 28.8  03 51 24.99 +19 59 15.5  7.900795  1.729751  274.345369  44.960832    5.823   8.232   99.98879  3.457861   34.756479  71.339981  20.3829055962572  12.3935601   24.2165 /T    1.2183   0.1347988   77.650866   20.459107         n.a.     n.a.
 2026-Apr-28 12:00 N   03 50 28.40 +19 56 15.5  03 51 59.14 +20 01 01.0  8.138622  1.798278   52.665603 -23.350310    5.824   8.232   99.99071  3.455025  207.772581  71.461158  20.3996346717120  10.7013253   21.9179 /T    1.1100   0.1389154   77.540340   17.344185         n.a.     n.a.
 2026-May-01 00:00 *   03 51 02.90 +19 58 03.4  03 52 33.69 +20 02 47.8  8.107321  1.754978  275.995389  40.769863    5.826   8.232   99.99246  3.452476   20.797645  71.583325  20.4146972025444  10.2325297   19.6320 /T    1.0000   0.1382516   77.785736   16.690799         n.a.     n.a.
 2026-May-03 12:00 Nm  03 51 37.88 +19 59 51.7  03 53 08.69 +20 04 34.7  8.312352  1.822508   55.521418 -19.894312    5.827   8.231   99.99406  3.450184  193.830986  71.707011  20.4282547086380   8.4767873   17.3432 /T    0.8885   0.1418300   77.633411   13.600960         n.a.     n.a.
 2026-May-06 00:00 *   03 52 13.12 +20 01 40.8  03 53 44.01 +20 06 22.8  8.275670  1.771163  277.592447  36.598021    5.828   8.231   99.99548  3.448182    6.873135  71.831360  20.4401202594895   8.0210271   15.0662 /T    0.7757   0.1410513   77.919770   12.956093         n.a.     n.a.
 2026-May-08 12:00 Nm  03 52 48.77 +20 03 30.0  03 54 19.69 +20 08 10.8  8.447599  1.837317   58.146678 -16.330141    5.829   8.231   99.99672  3.446442  179.923546  71.956941  20.4504363543630   6.2064528   12.7854 /T    0.6616   0.1440849   77.729514   9.8792024         n.a.     n.a.
 2026-May-11 00:00 *   03 53 24.58 +20 05 19.8  03 54 55.57 +20 09 59.7  8.405701  1.778388  279.161179  32.447009    5.830   8.231   99.99777  3.444993  352.982579  72.082866  20.4590367411132   5.7606379   10.5157 /T    0.5466   0.1431961   78.054134   9.2339906         n.a.     n.a.
 2026-May-13 12:00 Nm  03 54 00.72 +20 07 09.5  03 55 31.73 +20 11 48.0  8.542823  1.842634   60.570115 -12.673264    5.831   8.231   99.99862  3.443814  166.049811  72.209724  20.4660453088652   3.8939558    8.2416 /T    0.4306   0.1456548   77.828128   6.1621826         n.a.     n.a.
 2026-May-16 00:00 *m  03 54 36.94 +20 08 59.4  03 56 08.02 +20 13 36.8  8.494750  1.776096  280.721070  28.318479    5.831   8.231   99.99927  3.442927  339.125392  72.336591  20.4713188561062   3.4569794    5.9783 /T    0.3142   0.1446406   78.190624   5.5113361         n.a.     n.a.
 2026-May-18 12:00 N   03 55 13.40 +20 10 48.9  03 56 44.54 +20 15 24.9  8.594348  1.837904   62.817506  -8.936410    5.832   8.231   99.99972  3.442313  152.209015  72.464065  20.4749655309575   1.5508374    3.7110 /T    0.1970   0.1464778   77.929095   2.4439100         n.a.     n.a.
 2026-May-21 00:00 *m  03 55 49.83 +20 12 38.2  03 57 21.09 +20 17 13.5  8.538701  1.764053  282.288956  24.214217    5.832   8.231   99.99996  3.441992  325.300582  72.591187  20.4768746304931   1.1326237    1.4585 /T    0.0800   0.1453170   78.327198   1.7980758         n.a.     n.a.
 2026-May-23 12:00 C   03 56 26.41 +20 14 26.9  03 57 57.67 +20 19 00.8  8.600374  1.823248   64.911869  -5.129594    5.832   8.230   99.99999  3.441947  138.399900  72.718577  20.4771459492944  -0.7900678    0.8287 /L    0.0387   0.1465252   78.030711   -1.253715         n.a.     n.a.
 2026-May-26 00:00 *m  03 57 02.88 +20 16 15.2  03 58 34.22 +20 20 48.2  8.539682  1.743440  283.879728  20.135794    5.831   8.230   99.99980  3.442190  311.506673  72.845278  20.4757015440603  -1.1800210    3.0698 /L    0.1553   0.1452639   78.461209   -1.885421         n.a.     n.a.
 2026-May-28 12:00 C   03 57 39.40 +20 18 02.7  03 59 10.79 +20 22 34.3  8.565338  1.800496   66.873381  -1.261717    5.831   8.230   99.99941  3.442707  124.620886  72.971941  20.4726242469067  -3.1065086    5.3258 /L    0.2725   0.1458755   78.128847   -4.923975         n.a.     n.a.
 2026-May-31 00:00 *   03 58 15.72 +20 19 49.4  03 59 47.20 +20 24 20.0  8.501465  1.715467  285.507138  16.085903    5.830   8.230   99.99881  3.443508  297.742042  73.097613  20.4678607087918  -3.4702881    7.5735 /L    0.3890   0.1445469   78.591769   -5.547948         n.a.     n.a.
 2026-Jun-02 12:00 Cm  03 58 52.02 +20 21 35.1  04 00 23.58 +20 26 04.4  8.492003  1.769974   68.720290   2.660501    5.829   8.230   99.99801  3.444584  110.870287  73.222965  20.4614710763290  -5.3951011    9.8278 /L    0.5053   0.1445750   78.226494   -8.585295         n.a.     n.a.
 2026-Jun-05 00:00 *   03 59 28.03 +20 23 19.8  04 00 59.69 +20 27 48.4  8.425654  1.680332  287.184952  12.067318    5.828   8.230   99.99702  3.445939  284.004922  73.347044  20.4534252225882  -5.7374911   12.0737 /L    0.6205   0.1431929   78.721448   -9.210876         n.a.     n.a.
 2026-Jun-07 12:00 Cm  04 00 03.95 +20 25 03.4  04 01 35.67 +20 29 30.7  8.380559  1.731972   70.468592   6.631243    5.827   8.229   99.99582  3.447568   97.146243  73.470523  20.4437607811577  -7.6545009   14.3270 /L    0.7352   0.1426276   78.323329   -12.25798         n.a.     n.a.
 2026-Jun-10 00:00 *   04 00 39.49 +20 26 45.7  04 02 11.28 +20 31 12.1  8.311172  1.637917  288.926810   8.083481    5.826   8.229   99.99445  3.449472  270.293320  73.592447  20.4324722398397  -7.9789567   16.5726 /L    0.8484   0.1411838   78.851351   -12.89358         n.a.     n.a.
 2026-Jun-12 12:00 Cm  04 01 14.85 +20 28 26.6  04 02 46.72 +20 32 51.7  8.229079  1.686158   72.133011  10.645677    5.825   8.229   99.99289  3.451651   83.446585  73.713478  20.4195759970146  -9.8795560   18.8264 /L    0.9608   0.1400009   78.420240   -15.96005         n.a.     n.a.
 2026-Jun-15 00:00 *m  04 01 49.76 +20 30 05.9  04 03 21.73 +20 34 30.2  8.154799  1.588032  290.747020   4.138523    5.823   8.229   99.99117  3.454100  256.604852  73.832657  20.4050953625692 -10.1837781   21.0729 /L    1.0713   0.1384664   78.980369   -16.60829         n.a.     n.a.
 2026-Jun-17 12:00 C   04 02 24.38 +20 31 43.7  04 03 56.47 +20 36 06.9  8.034000  1.632176   73.726812  14.700070    5.821   8.229   99.98929  3.456821   69.768651  73.950625  20.3890330638421 -12.0492622   23.3277 /L    1.1807   0.1366353   78.516163   -19.69226         n.a.     n.a.
 2026-Jun-20 00:00 *m  04 02 58.46 +20 33 19.7  04 04 30.63 +20 37 42.2  7.955167  1.530851  292.661175   0.237347    5.819   8.229   99.98727  3.459805  242.936547  74.066440  20.3714488196906 -12.3211269   25.5753 /L    1.2878   0.1350187   79.107449   -20.33832         n.a.     n.a.
 2026-Jun-22 12:00 C   04 03 32.16 +20 34 54.0  04 05 04.41 +20 39 15.3  7.797947  1.571458   75.262638  18.791408    5.817   8.229   99.98511  3.463055   56.109233  74.180748  20.3523329518603 -14.1317226   27.8312 /L    1.3935   0.1325786   78.606238   -23.42981         n.a.     n.a.
 2026-Jun-25 00:00 *m  04 04 05.24 +20 36 26.2  04 05 37.55 +20 40 46.7  7.716948  1.468197  294.685866  -3.614132    5.815   8.228   99.98283  3.466557  229.285086  74.292644  20.3317735802656 -14.3689217   30.0803 /L    1.4966   0.1309229   79.227868   -24.06791         n.a.     n.a.
 2026-Jun-27 12:00 C   04 04 37.86 +20 37 56.6  04 06 10.29 +20 42 15.8  7.525570  1.504984   76.752496  22.917054    5.812   8.228   99.98044  3.470318   42.464960  74.402773  20.3097387203060 -16.1180841   32.3385 /L    1.5979   0.1279097   78.691017   -27.17439         n.a.     n.a.
 2026-Jun-30 00:00 *   04 05 09.78 +20 39 24.7  04 06 42.30 +20 43 43.3  7.443594  1.400393  296.839710  -7.408399    5.810   8.228   99.97797  3.474321  215.647042  74.510266  20.2863389288895 -16.3261551   34.5907 /L    1.6962   0.1262363   79.345255   -27.81116         n.a.     n.a.
 2026-Jul-02 12:00 Cm  04 05 41.17 +20 40 50.9  04 07 13.81 +20 45 08.5  7.218865  1.433150   78.208006  27.074877    5.807   8.228   99.97541  3.478577   28.832335  74.615750  20.2615193997539 -18.0089901   36.8529 /L    1.7926   0.1226625   78.771165   -30.94407         n.a.     n.a.
 2026-Jul-05 00:00 *   04 06 11.79 +20 42 14.7  04 07 44.50 +20 46 31.7  7.135620  1.327562  299.143303 -11.136393    5.804   8.228   99.97280  3.483064  202.018823  74.718385  20.2354133749619 -18.1927324   39.1101 /L    1.8857   0.1209677   79.460778   -31.58834         n.a.     n.a.
 2026-Jul-07 12:00 Nm  04 06 41.81 +20 43 36.3  04 08 14.61 +20 47 52.3  6.877460  1.355719   79.641427  31.262997    5.801   8.228   99.97013  3.487799   15.207632  74.818768  20.2079444621671 -19.8031706   41.3783 /L    1.9765   0.1168302   78.848547   -34.76032         n.a.     n.a.
 2026-Jul-10 00:00 *   04 07 10.97 +20 44 55.3  04 08 43.85 +20 49 10.6  6.791523  1.249646  301.619439 -14.787256    5.798   8.227   99.96744  3.492755  188.396538  74.916087  20.1792701284130 -19.9641614   43.6424 /L    2.0638   0.1150922   79.574146   -35.42059         n.a.     n.a.
 2026-Jul-12 12:00 Nm  04 07 39.45 +20 46 12.1  04 09 12.47 +20 50 26.4  6.498696  1.272460   81.065934  35.479861    5.794   8.227   99.96472  3.497951    1.586752  75.010891  20.1492976122222 -21.4901523   45.9181 /L    2.1485   0.1103683   78.921507   -38.64261         n.a.     n.a.
 2026-Jul-15 00:00 *m  04 08 07.00 +20 47 26.1  04 09 40.11 +20 51 39.9  6.408577  1.166174  304.293869 -18.347755    5.791   8.227   99.96203  3.503355  174.775825  75.102404  20.1182142466096 -21.6209220   48.1900 /L    2.2293   0.1085636   79.686684   -39.31763         n.a.     n.a.
 2026-Jul-17 12:00 N   04 08 33.77 +20 48 37.7  04 10 07.01 +20 52 50.8  6.082293  1.183689   82.496365  39.724350    5.787   8.227   99.95934  3.508988  347.965067  75.191138  20.0859187660954 -23.0416596   50.4736 /L    2.3072   0.1032734   78.987196   -42.58289         n.a.     n.a.
 2026-Jul-20 00:00 *m  04 08 59.54 +20 49 46.2  04 10 32.83 +20 53 58.8  5.989649  1.078649  307.194978 -21.802137    5.784   8.227   99.95671  3.514813  161.151890  75.276378  20.0526294874267 -23.1323446   52.7534 /L    2.3809   0.1014333   79.791283   -43.25608         n.a.     n.a.
 2026-Jul-22 12:00 N   04 09 24.46 +20 50 52.4  04 10 57.86 +20 55 04.1  5.633663  1.090997   83.951065  43.995251    5.780   8.227   99.95413  3.520853  334.337738  75.358617  20.0182303497402 -24.4365121   55.0450 /L    2.4514   0.0956388   79.039953   -46.55947         n.a.     n.a.
 2026-Jul-25 00:00 *m  04 09 48.32 +20 51 55.3  04 11 21.80 +20 56 06.6  5.540612  0.987851  310.353629 -25.131147    5.776   8.227   99.95163  3.527068  147.519929  75.437208  19.9829585671176 -24.4912653   57.3333 /L    2.5175   0.0937998   79.890806   -47.22879         n.a.     n.a.
 2026-Jul-27 12:00 N   04 10 11.26 +20 52 55.8  04 11 44.88 +20 57 06.4  5.157417  0.994897   85.452897  48.291274    5.772   8.226   99.94921  3.533483  320.700030  75.512608  19.9466782302493 -25.6761570   59.6340 /L    2.5801   0.0875417   79.081418   -50.57879         n.a.     n.a.
 2026-Jul-30 00:00 *   04 10 33.09 +20 53 53.0  04 12 06.79 +20 58 03.3  5.064117  0.894077  313.802900 -28.311537    5.768   8.226   99.94690  3.540056  133.875258  75.584229  19.9096437293484 -25.7004233   61.9322 /L    2.6381   0.0857073   79.987532   -51.25111         n.a.     n.a.
 2026-Aug-01 12:00 Nm  04 10 53.93 +20 54 47.7  04 12 27.75 +20 58 57.4  4.655099  0.895260   87.033255  52.610997    5.763   8.226   99.94471  3.546815  307.047267  75.652481  19.8717010225050 -26.7629132   64.2436 /L    2.6924   0.0790067   79.113893   -54.65987         n.a.     n.a.
 2026-Aug-04 00:00 *   04 11 13.62 +20 55 38.9  04 12 47.48 +20 59 48.3  4.560807  0.797269  317.576422 -31.315920    5.759   8.226   99.94267  3.553714  120.213190  75.716833  19.8331211172470 -26.7605596   66.5535 /L    2.7419   0.0771661   80.084391   -55.34431         n.a.     n.a.
 2026-Aug-06 12:00 Nm  04 11 32.26 +20 56 27.5  04 13 06.25 +21 00 36.2  4.126075  0.792086   88.738146  56.952555    5.755   8.226   99.94076  3.560785  293.374738  75.777631  19.7937359444723 -27.6941550   68.8774 /L    2.7874   0.0700236   79.133084   -58.82788         n.a.     n.a.
 2026-Aug-09 00:00 *   04 11 49.68 +20 57 12.5  04 13 23.75 +21 01 20.9  4.028863  0.696972  321.706524 -34.112094    5.750   8.226   99.93903  3.567978  106.528941  75.834395  19.7538362876278 -27.6623286   71.2005 /L    2.8279   0.0681451   80.185280   -59.53520         n.a.     n.a.
 2026-Aug-11 12:00 Nm  04 12 05.99 +20 57 54.8  04 13 40.21 +21 02 02.9  3.569414  0.684964   90.638739  61.313538    5.746   8.226   99.93747  3.575324  279.677536  75.887412  19.7132475974674 -28.4526252   73.5382 /L    2.8642   0.0605757   79.137096   -63.10065         n.a.     n.a.
 2026-Aug-14 00:00 *m  04 12 21.02 +20 58 33.4  04 13 55.31 +21 02 41.5  3.469413  0.593798  326.221010 -36.662940    5.741   8.226   99.93612  3.582769   92.817529  75.936269  19.6722850900173 -28.3801217   75.8752 /L    2.8952   0.0586644   80.287800   -63.82404         n.a.     n.a.
 2026-Aug-16 12:00 N   04 12 34.89 +20 59 09.2  04 14 09.28 +21 03 17.0  2.989210  0.575407   92.855870  65.690142    5.736   8.225   99.93495  3.590345  265.950724  75.981208  19.6307710138709 -29.0113155   78.2266 /L    2.9219   0.0507348   79.104132   -67.46279         n.a.     n.a.
 2026-Aug-19 00:00 *m  04 12 47.45 +20 59 41.3  04 14 21.89 +21 03 48.8  2.889235  0.488984  331.137542 -38.926971    5.732   8.225   99.93401  3.597995   79.074183  76.021909  19.5890364047817 -28.8957090   80.5772 /L    2.9431   0.0488387   80.394088   -68.18813         n.a.     n.a.
 2026-Aug-21 12:00 N   04 12 58.79 +21 00 10.6  04 14 33.37 +21 04 17.8  2.393168  0.464369   95.613861  70.075158    5.727   8.225   99.93328  3.605752  252.189798  76.058572  19.5468910419770 -29.3662597   82.9422 /L    2.9597   0.0406301   79.018817   -71.89706         n.a.     n.a.
 2026-Aug-24 00:00 *m  04 13 08.80 +21 00 36.1  04 14 43.45 +21 04 43.2  2.294445  0.383228  336.457626 -40.858824    5.722   8.225   99.93278  3.613557   65.294707  76.090960  19.5046735651774 -29.2137657   85.3067 /L    2.9709   0.0387705   80.517753   -72.62530         n.a.     n.a.
 2026-Aug-26 12:00 N   04 13 17.56 +21 00 58.8  04 14 52.34 +21 05 05.9  1.785539  0.351982   99.384957  74.453784    5.717   8.225   99.93250  3.621446  238.390841  76.119216  19.4621818525939 -29.5247604   87.6860 /L    2.9773   0.0303317   78.848298   -76.41299         n.a.     n.a.
 2026-Aug-29 00:00 *   04 13 24.99 +21 01 17.5  04 14 59.80 +21 05 24.8  1.688264  0.276456  342.159420 -42.412008    5.713   8.225   99.93247  3.629357   51.475422  76.143179  19.4197606276199 -29.3407429   90.0655 /L    2.9782   0.0285125   80.700270   -77.14977         n.a.     n.a.
 2026-Aug-31 12:00 Am  04 13 31.12 +21 01 33.6  04 15 06.04 +21 05 40.7  1.168578  0.238461  105.362179  78.788674    5.708   8.225   99.93266  3.637329  224.550401  76.162926  19.3771988464946 -29.4921734   92.4604 /L    2.9743   0.0198777   78.466507   -81.02877        2.306    3.567
 2026-Sep-03 00:00 *   04 13 35.91 +21 01 45.6  04 15 10.87 +21 05 52.7  1.071168  0.168630  348.191772 -43.542291    5.703   8.225   99.93310  3.645296   37.613077  76.178361  19.3348479036556 -29.2778724   94.8563 /L    2.9647   0.0180727   81.053544   -81.79063         n.a.     n.a.
 2026-Sep-05 12:00 Am  04 13 39.37 +21 01 54.8  04 15 14.48 +21 06 01.9  0.542309  0.123303  117.499517  82.952085    5.698   8.225   99.93377  3.653299  210.665355  76.189488  19.2924944632551 -29.2638382   97.2682 /L    2.9503   0.0092692   77.190566   -85.77544        1.114    7.381
 2026-Sep-08 00:00 *   04 13 41.48 +21 02 00.0  04 15 16.65 +21 06 07.4  0.444207  0.059643  354.472379 -44.211546    5.693   8.225   99.93467  3.661268   23.704654  76.196286  19.2505009246094 -29.0115313   99.6815 /L    2.9301   0.0074699   82.352722   -86.57123         n.a.     n.a.
 2026-Sep-10 12:00 A   04 13 42.24 +21 02 02.4  04 15 17.53 +21 06 10.1  -0.09007  0.007595  153.821209  86.225959    5.689   8.225   99.93581  3.669243  196.732864  76.198697  19.2086592386431 -28.8194636  102.1110 /L    2.9050   0.0015066   274.81981   -89.30457         n.a.     n.a.
 2026-Sep-13 00:00 *m  04 13 41.65 +21 02 00.8  04 15 16.95 +21 06 08.7  -0.18659  -0.04912    0.891406 -44.392756    5.684   8.225   99.93717  3.677153    9.747591  76.196795  19.1673408364858 -28.5212151  104.5416 /L    2.8741   0.0032159   255.25088   -88.50354         n.a.     n.a.
 2026-Sep-15 12:00 A   04 13 39.71 +21 01 56.4  04 15 15.12 +21 06 04.4  -0.71970  -0.10727  221.172865  85.527447    5.679   8.225   99.93874  3.685036  182.750751  76.190483  19.1263377038156 -28.1484570  106.9880 /L    2.8383   0.0121276   261.52222   -84.31159         n.a.     n.a.
 2026-Sep-18 00:00 *m  04 13 36.43 +21 01 48.0  04 15 11.88 +21 05 56.3  -0.81171  -0.15633    7.321764 -44.073298    5.674   8.225   99.94052  3.692821  355.740193  76.179934  19.0860182183797 -27.8089642  109.4351 /L    2.7968   0.0137772   259.09903   -83.47952         n.a.     n.a.
 2026-Sep-20 12:00 A   04 13 31.81 +21 01 36.9  04 15 07.39 +21 05 45.6  -1.33869  -0.22048  247.147736  81.783408    5.670   8.225   99.94250  3.700547  168.717819  76.165001  19.0461697874630 -27.2625938  111.8977 /L    2.7504   0.0226121   260.64729   -79.18932         n.a.     n.a.
 2026-Sep-23 00:00 *m  04 13 25.90 +21 01 21.9  04 15 01.52 +21 05 31.0  -1.42505  -0.26176   13.634903 -43.256560    5.665   8.225   99.94465  3.708143  341.681698  76.145946  19.0071533531021 -26.8893127  114.3610 /L    2.6985   0.0241482   259.59150   -78.34165         n.a.     n.a.
 2026-Sep-25 12:00 A   04 13 18.68 +21 01 04.1  04 14 54.39 +21 05 13.8  -1.94196  -0.33163  256.832297  77.458937    5.661   8.225   99.94697  3.715650  154.633693  76.122561  18.9687543586434 -26.1766406  116.8399 /L    2.6418   0.0328345   260.30913   -73.95445         n.a.     n.a.
 2026-Sep-28 00:00 *   04 13 10.20 +21 00 42.6  04 14 45.92 +21 04 52.6  -2.02315  -0.36490   19.716890 -41.961661    5.657   8.225   99.94943  3.722996  327.572090  76.095186  18.9313253215968 -25.7747824  119.3197 /L    2.5798   0.0342631   259.77601   -73.08037         n.a.     n.a.
 2026-Sep-30 12:00 Am  04 13 00.43 +21 00 18.4  04 14 36.25 +21 04 28.9  -2.52756  -0.44070  262.028512  72.977967    5.652   8.225   99.95204  3.730222  140.498637  76.063545  18.8946538583160 -24.9007383  121.8156 /L    2.5130   0.0427615   260.10949   -68.58435        3.131    2.627
 2026-Oct-03 00:00 *   04 12 49.46 +20 59 50.5  04 14 25.33 +21 04 01.4  -2.60450  -0.46610   25.480150 -40.219988    5.648   8.224   99.95475  3.737257  313.411821  76.028050  18.8590863761342 -24.4686950  124.3127 /L    2.4411   0.0440980   259.85380   -67.66542         n.a.     n.a.
 2026-Oct-05 12:00 Am  04 12 37.23 +20 59 20.0  04 14 13.22 +21 03 31.7  -3.09308  -0.54708  265.487098  68.429097    5.644   8.224   99.95756  3.744139  126.313280  75.988366  18.8244220288143 -23.4292881  126.8263 /L    2.3646   0.0523515   259.96979   -63.05007        0.415   19.820
 2026-Oct-08 00:00 *   04 12 23.86 +20 58 45.9  04 13 59.85 +21 02 58.2  -3.16445  -0.56403   30.868613 -38.070927    5.640   8.224   99.96043  3.750797  299.201740  75.944987  18.7910041569740 -22.9585736  129.3410 /L    2.2831   0.0535720   259.89378   -62.07633         n.a.     n.a.
 2026-Oct-10 12:00 A   04 12 09.28 +20 58 09.3  04 13 45.34 +21 02 22.3  -3.63071  -0.64915  268.113039  63.841954    5.636   8.224   99.96337  3.757268  112.078762  75.897547  18.7586434627006 -21.7529591  131.8718 /L    2.1972   0.0614714   259.86295   -57.35043         n.a.     n.a.
 2026-Oct-13 00:00 *m  04 11 53.63 +20 57 29.2  04 13 29.70 +21 01 42.7  -3.69274  -0.65686   35.856091 -35.558065    5.633   8.224   99.96633  3.763482  284.943368  75.846642  18.7276701216348 -21.2450526  134.4028 /L    2.1068   0.0625118   259.91378   -56.33379         n.a.     n.a.
 2026-Oct-15 12:00 A   04 11 36.84 +20 56 46.8  04 13 13.01 +21 01 01.1  -4.13038  -0.74520  270.286336  59.230543    5.629   8.225   99.96930  3.769474   97.797047  75.791874  18.6978993806604 -19.8851039  136.9493 /L    2.0122   0.0699511   259.77280   -51.51432         n.a.     n.a.
 2026-Oct-18 00:00 *m  04 11 19.09 +20 56 01.2  04 12 55.28 +21 00 16.2  -4.18097  -0.74368   40.440421 -32.725084    5.626   8.225   99.97225  3.775180  270.639077  75.733929  18.6696395708776 -19.3498682  139.4951 /L    1.9134   0.0707765   259.91413   -50.46344         n.a.     n.a.
 2026-Oct-20 12:00 A   04 11 00.28 +20 55 13.5  04 12 36.55 +20 59 29.4  -4.58528  -0.83462  272.195000  54.603379    5.623   8.225   99.97516  3.780633   83.470830  75.672370  18.6427099576183 -17.8517227  142.0558 /L    1.8107   0.0776771   259.68390   -45.56486         n.a.     n.a.
 2026-Oct-23 00:00 *m  04 10 40.61 +20 54 22.8  04 12 16.88 +20 58 39.4  -4.62408  -0.82361   44.637046 -29.613717    5.620   8.225   99.97800  3.785774  256.291831  75.607955  18.6173956970051 -17.2978517  144.6153 /L    1.7043   0.0782809   259.90076   -44.47921         n.a.     n.a.
 2026-Oct-25 12:00 Am  04 10 19.98 +20 53 30.1  04 11 56.30 +20 57 47.6  -4.99237  -0.91667  273.943133  49.966739    5.617   8.225   99.98076  3.790634   69.103284  75.540202  18.5935234020694 -15.6763704  147.1894 /L    1.5943   0.0845972   259.59562   -39.50774        2.661    3.091
 2026-Oct-28 00:00 *   04 09 58.60 +20 52 34.7  04 11 34.93 +20 56 52.8  -5.02030  -0.89675   48.472392 -26.262294    5.614   8.225   99.98341  3.795159  241.904905  75.469928  18.5713545459633 -15.1097600  149.7621 /L    1.4811   0.0849961   259.87240   -38.37845         n.a.     n.a.
 2026-Oct-30 12:00 Am  04 09 36.35 +20 51 37.5  04 11 12.78 +20 55 56.6  -5.35068  -0.99119  275.594552  45.326047    5.612   8.225   99.98593  3.799379   54.697705  75.396604  18.5507293105526 -13.3739037  152.3495 /L    1.3647   0.0906953   259.50523   -33.33263        2.279    3.609
 2026-Nov-02 00:00 *   04 09 13.47 +20 50 37.8  04 10 49.92 +20 54 57.8  -5.36823  -0.96224   51.978369 -22.704675    5.610   8.225   99.98829  3.803241  227.481594  75.321101  18.5318920183450 -12.7895771  154.9356 /L    1.2455   0.0908965   259.83783   -32.13732         n.a.     n.a.
 2026-Nov-04 12:00  m  04 08 49.83 +20 49 36.6  04 10 26.32 +20 53 57.8  -5.65653  -1.05680  277.191700  40.686250    5.608   8.225   99.99048  3.806772   40.257407  75.242866  18.5147032770514 -10.9422383  157.5362 /L    1.1235   0.0959067   259.41751   -27.01632        0.235   35.037
 2026-Nov-07 00:00 *   04 08 25.67 +20 48 33.3  04 10 02.15 +20 52 55.2  -5.66050  -1.01826   55.189078 -18.970698    5.606   8.225   99.99248  3.809924  213.025296  75.162851  18.4993852552862 -10.3390341  160.1346 /L    0.9992   0.0958560   259.80220   -25.75429         n.a.     n.a.
 2026-Nov-09 12:00     04 08 00.88 +20 47 28.7  04 09 37.40 +20 51 51.6  -5.90113  -1.11138  278.764492  36.052445    5.604   8.225   99.99428  3.812721   25.785970  75.080493  18.4858116746922  -8.3951048  162.7468 /L    0.8725   0.1000811   259.33422   -20.58066         n.a.     n.a.
 2026-Nov-12 00:00 *m  04 07 35.73 +20 46 22.4  04 09 12.26 +20 50 46.0  -5.88923  -1.06328   58.137798 -15.086369    5.603   8.225   99.99584  3.815123  198.539799  74.996812  18.4741724318608  -7.7830786  165.3555 /L    0.7442   0.0997408   259.76569   -19.26605         n.a.     n.a.
 2026-Nov-14 12:00     04 07 10.07 +20 45 15.1  04 08 46.65 +20 49 39.9  -6.07840  -1.15421  280.336261  31.430171    5.602   8.225   99.99718  3.817153   11.287330  74.911233  18.4643500805874  -5.7656844  167.9768 /L    0.6141   0.1031169   259.24828   -14.06949         n.a.     n.a.
 2026-Nov-17 00:00 *m  04 06 44.20 +20 44 06.5  04 08 20.79 +20 48 32.2  -6.05021  -1.09662   60.855880 -11.074140    5.601   8.225   99.99827  3.818777  184.029134  74.824824  18.4564990950474  -5.1570534  170.5934 /L    0.4829   0.1024797   259.72649   -12.71639         n.a.     n.a.
 2026-Nov-19 12:00     04 06 17.98 +20 42 57.3  04 07 54.57 +20 47 24.1  -6.18671  -1.18441  281.925959  26.825227    5.600   8.225   99.99910  3.820015  356.765569  74.736984  18.4505134400598  -3.0881791  173.2217 /L    0.3504   0.1049845   259.16219   -7.519174         n.a.     n.a.
 2026-Nov-22 00:00 *m  04 05 51.69 +20 41 47.2  04 07 28.26 +20 46 14.7  -6.14356  -1.11819   63.372460  -6.953601    5.600   8.225   99.99966  3.820844  169.497357  74.648809  18.4465127791833  -2.4926316  175.8436 /L    0.2175   0.1040748   259.68450   -6.136350         n.a.     n.a.
 2026-Nov-24 12:00  m  04 05 25.18 +20 40 36.7  04 07 01.78 +20 45 05.3  -6.22759  -1.20231  283.550065  22.243819    5.599   8.225   99.99995  3.821281  342.224641  74.559672  18.4444050249173  -0.3918022  178.4734 /L    0.0840   0.1057098   259.07284   -0.958188        4.341    1.895
 2026-Nov-27 00:00 *   04 04 58.75 +20 39 25.8  04 06 35.38 +20 43 55.1  -6.17181  -1.12803   65.713893  -2.741634    5.599   8.225   99.99998  3.821307  154.948276  74.470678  18.4442789932936   0.1879813  178.8811 /T    0.0504   0.1045675   259.64229   0.4562394         n.a.     n.a.
 2026-Nov-29 12:00  m  04 04 32.23 +20 38 14.8  04 06 08.89 +20 42 45.5  -6.20397  -1.20760  285.224279  17.692605    5.599   8.225   99.99973  3.820936  327.668184  74.381179  18.4460659832964   2.3122226  176.2487 /T    0.1838   0.1053401   258.98509   5.6165172        1.467    5.607
 2026-Dec-02 00:00 *   04 04 05.94 +20 37 03.8  04 05 42.58 +20 41 35.3  -6.13495  -1.12538   67.904039   1.547305    5.600   8.225   99.99921  3.820157  140.385368  74.292303  18.4498292674623   2.8811588  173.6169 /T    0.3168   0.1039553   259.60533   7.0784140         n.a.     n.a.
 2026-Dec-04 12:00  m  04 03 39.71 +20 35 53.2  04 05 16.33 +20 40 25.8  -6.11241  -1.19882  286.963619  13.178666    5.600   8.225   99.99842  3.818979  313.099612  74.203413  18.4555210611850   5.0161630  170.9737 /T    0.4496   0.1038144   258.90349   12.215480        0.268   30.730
 2026-Dec-07 00:00 *   04 03 13.85 +20 34 43.1  04 04 50.46 +20 39 16.2  -6.02843  -1.10873   69.964568   5.900321    5.601   8.225   99.99738  3.817397  125.812092  74.115662  18.4631690039327   5.5671231  168.3378 /T    0.5810   0.1021590   259.57884   13.716311         n.a.     n.a.
 2026-Dec-09 12:00     04 02 48.20 +20 33 33.6  04 04 24.82 +20 38 07.9  -5.94986  -1.17546  288.783535   8.710122    5.602   8.225   99.99608  3.815420  298.522437  74.028423  18.4727379684555   7.6884194  165.6923 /T    0.7116   0.1010810   258.82452   18.805546         n.a.     n.a.
 2026-Dec-12 00:00 *m  04 02 23.07 +20 32 25.1  04 03 59.69 +20 37 00.1  -5.85089  -1.07816   71.914789  10.306142    5.604   8.225   99.99455  3.813050  111.231979  73.942852  18.4842153922060   8.2084441  163.0555 /T    0.8401   0.0991566   259.55905   20.324851         n.a.     n.a.
 2026-Dec-14 12:00     04 01 58.30 +20 31 17.8  04 03 34.91 +20 35 53.9  -5.71753  -1.13742  290.700365   4.295955    5.605   8.225   99.99280  3.810296  283.940191  73.858321  18.4975790228993  10.2913244  160.4105 /T    0.9673   0.0971594   258.74875   25.343452         n.a.     n.a.
 2026-Dec-17 00:00 *m  04 01 34.20 +20 30 11.8  04 03 10.78 +20 34 48.6  -5.60587  -1.03405   73.772662  14.754752    5.607   8.225   99.99083  3.807167   96.648521  73.775962  18.5127782720372  10.7701580  157.7756 /T    1.0918   0.0950074   259.54882   26.861396         n.a.     n.a.
 2026-Dec-19 12:00     04 01 10.59 +20 29 07.3  04 02 47.14 +20 33 45.1  -5.42071  -1.08578  292.731442  -0.053981    5.609   8.224   99.98867  3.803669  269.356260  73.695140  18.5298058142980  12.7931331  155.1334 /T    1.2144   0.0921397   258.67344   31.790336         n.a.     n.a.
 2026-Dec-22 00:00 *m  04 00 47.78 +20 28 04.7  04 02 24.32 +20 32 42.9  -5.29942  -0.97750   75.555121  19.237222    5.611   8.224   99.98635  3.799820   82.064957  73.616950  18.5485760449673  13.2245008  152.5023 /T    1.3338   0.0898136   259.54904   33.289974         n.a.     n.a.
 2026-Dec-24 12:00  m  04 00 25.59 +20 27 03.9  04 02 02.13 +20 31 43.1  -5.06698  -1.02158  294.895945  -4.328612    5.614   8.224   99.98386  3.795620  254.773723  73.540748  18.5691016494928  15.1737470  149.8646 /T    1.4508   0.0861489   258.60111   38.118155         n.a.     n.a.
 2026-Dec-27 00:00 *   04 00 04.31 +20 26 05.3  04 01 40.86 +20 30 45.2  -4.93886  -0.90948   77.278243  23.745857    5.616   8.224   99.98125  3.791094   67.484175  73.467578  18.5912706503083  15.5621978  147.2382 /T    1.5642   0.0836983   259.56603   39.600196         n.a.     n.a.
 2026-Dec-29 12:00  m  03 59 43.76 +20 25 08.8  04 01 20.26 +20 29 49.7  -4.66102  -0.94515  297.215193  -8.515644    5.619   8.224   99.97852  3.786236  240.195291  73.396815  18.6151221019304  17.4325024  144.6052 /T    1.6748   0.0792648   258.53710   44.342281         n.a.     n.a.
$$EOE
**********************************************************************************************************************************************************************************************************************************************************************************************
Column meaning:
 
TIME

  Times PRIOR to 1962 are UT1, a mean-solar time closely related to the
prior but now-deprecated GMT. Times AFTER 1962 are in UTC, the current
civil or "wall-clock" time-scale. UTC is kept within 0.9 seconds of UT1
using integer leap-seconds for 1972 and later years.

  Conversion from the internal Barycentric Dynamical Time (TDB) of solar
system dynamics to the non-uniform civil UT time-scale requested for output
has not been determined for UTC times after the next July or January 1st.
Therefore, the last known leap-second is used as a constant over future
intervals.

  Time tags refer to the UT time-scale conversion from TDB on Earth
regardless of observer location within the solar system, although clock
rates may differ due to the local gravity field and no analog to "UT"
may be defined for that location.

  Any 'b' symbol in the 1st-column denotes a B.C. date. First-column blank
(" ") denotes an A.D. date.
 
CALENDAR SYSTEM

  Mixed calendar mode was active such that calendar dates after AD 1582-Oct-15
(if any) are in the modern Gregorian system. Dates prior to 1582-Oct-5 (if any)
are in the Julian calendar system, which is automatically extended for dates
prior to its adoption on 45-Jan-1 BC.  The Julian calendar is useful for
matching historical dates. The Gregorian calendar more accurately corresponds
to the Earth's orbital motion and seasons. A "Gregorian-only" calendar mode is
available if such physical events are the primary interest.

  NOTE: "n.a." in output means quantity "not available" at the print-time.
 
SOLAR PRESENCE (OBSERVING SITE)
  Time tag is followed by a blank, then a solar-presence symbol:

       '*'  Daylight (refracted solar upper-limb on or above apparent horizon)
       'C'  Civil twilight/dawn
       'N'  Nautical twilight/dawn
       'A'  Astronomical twilight/dawn
       ' '  Night OR geocentric ephemeris

LUNAR PRESENCE (OBSERVING SITE)
  The solar-presence symbol is immediately followed by a lunar-presence symbol:

       'm'  Refracted upper-limb of Moon on or above apparent horizon
       ' '  Refracted upper-limb of Moon below apparent horizon OR geocentric
            ephemeris
 
 'R.A._____(ICRF)_____DEC' =
  Astrometric right ascension and declination of the target center with
respect to the observing site (coordinate origin) in the reference frame of
the planetary ephemeris (ICRF). Compensated for down-leg light-time delay
aberration.

  Units: RA  in hours-minutes-seconds of time,    HH MM SS.ff{ffff}
         DEC in degrees-minutes-seconds of arc,  sDD MN SC.f{ffff}
 
 'R.A.__(a-apparent)__DEC' =
  Airless apparent right ascension and declination of the target center
with respect to an instantaneous reference frame defined by the Earth equator
of-date (z-axis) and meridian containing the Earth equinox of-date (x-axis,
EOP-corrected IAU76/80). Compensated for down-leg light-time delay,
gravitational deflection of light, stellar aberration, precession & nutation.
Note: equinox (RA origin) is offset -53 mas from the of-date frame defined
by the IAU06/00a P & N system.

  Units: RA  in hours-minutes-seconds of time,   HH MM SS.ff{ffff}
         DEC in degrees-minutes-seconds of arc, sDD MN SC.f{ffff}
 
 'dRA*cosD d(DEC)/dt' =
  The angular rate of change in apparent RA and DEC of the target. This is
with respect to the non-inertial IAU76/80 Earth true equator and equinox
of-date reference frame.  d(RA)/dt is multiplied by the cosine of declination
to provide a linear rate in the plane-of-sky. Units: ARCSECONDS PER HOUR
 
 'Azi____(a-app)___Elev' =
  Airless apparent azimuth and elevation of target center. Compensated
for light-time, the gravitational deflection of light, stellar aberration,
precession and nutation. Azimuth is measured clockwise from north:

  North(0) -> East(90) -> South(180) -> West(270) -> North (360)

Elevation angle is with respect to a plane perpendicular to the reference
surface local zenith direction. TOPOCENTRIC ONLY.  Units: DEGREES
 
 'APmag   S-brt' =
  The targets' approximate apparent visual magnitude and surface brightness.
For planets and natural satellites, output is restricted to solar phase angles
covered by observational data. Outside the observed phase angle range, "n.a."
may be output to avoid extrapolation beyond the limit of model validity.

   For Earth-based observers, the estimated dimming due to atmospheric
absorption (extinction) is available as a separate, requestable quantity.

   Surface brightness is the average airless visual magnitude of a
square-arcsecond of the illuminated portion of the apparent disk. It is
computed only if the target radius is known.

   Units: MAGNITUDES & MAGNITUDES PER SQUARE ARCSECOND
 
 'Illu%' =
   Fraction of the target objects' assumed circular disk illuminated by Sun
(phase), as seen by the observer.  Units: PERCENT
 
 'Ang-diam' =
   The equatorial angular width of the target body full disk, if it were fully
illuminated and visible to the observer. If the target body diameter is unknown
"n.a." is output.

   Units: ARCSECONDS
 
 'ObsSub-LON ObsSub-LAT' =
   Apparent planetodetic longitude and latitude of the center of the target
disc seen by the OBSERVER at print-time. This is NOT exactly the same as the
"nearest" sub-point for a non-spherical target shape (since the center of the
disc might not be the point closest to the observer), but is generally very
close if not a very irregular body shape. Down-leg light travel-time from
target to observer is taken into account. Latitude is the angle between the
equatorial plane and the line perpendicular to the reference ellipsoid of the
body, so includes body oblateness. The reference ellipsoid is an oblate
spheroid with a single flatness coefficient in which the y-axis body radius
is taken to be the same value as the x-axis radius. For Jupiter, Saturn, and
Uranus, IAU2015 longitude is based on the "System III" prime meridian rotation
angle of the magnetic field. By contrast, pole direction (thus latitude) is
relative to the body dynamical equator.  There can be an offset between the
magnetic pole and the dynamical pole of rotation. For Neptune, rotation is
IAU2015 "System II" rotation of optically observed features in the Neptunian
atmosphere. Positive longitude is to the EAST for this target. Cartographic
system is specified in the header. Units: DEGREES DEGREES
 
 'delta      deldot' =
   Apparent range ("delta", light-time aberrated) and range-rate ("delta-dot")
of the target center relative to the observer. A positive "deldot" means the
target center is moving away from the observer, negative indicates movement
toward the observer.  Units: AU and KM/S
 
 'S-O-T /r' =
   Sun-Observer-Target apparent SOLAR ELONGATION ANGLE seen from the observers'
location at print-time.

   The '/r' column provides a code indicating the targets' apparent position
relative to the Sun in the observers' sky, as described below:

   Case A: For an observing location on the surface of a rotating body, that
body rotational sense is considered:

    /T indicates target TRAILS Sun   (evening sky: rises and sets AFTER Sun)
    /L indicates target LEADS Sun    (morning sky: rises and sets BEFORE Sun)

   Case B: For an observing point that does not have a rotational model (such
as a spacecraft), the "leading" and "trailing" condition is defined by the
observers' heliocentric ORBITAL motion:

    * If continuing in the observers' current direction of heliocentric
       motion would encounter the targets' apparent longitude first, followed
       by the Sun's, the target LEADS the Sun as seen by the observer.

    * If the Sun's apparent longitude would be encountered first, followed
       by the targets', the target TRAILS the Sun.

   Two other codes can be output:
    /* indicates observer is Sun-centered    (undefined)
    /? Target is aligned with Sun center     (no lead or trail)

   The S-O-T solar elongation angle is numerically the minimum separation
angle of the Sun and target in the sky in any direction. It does NOT indicate
the amount of separation in the leading or trailing directions, which would
be defined along the equator of a spherical coordinate system.

   Units: DEGREES
 
 'S-T-O' =
   The Sun-Target-Observer angle; the interior vertex angle at target center
formed by a vector from the target to the apparent center of the Sun (at
reflection time on the target) and the apparent vector from target to the
observer at print-time. Slightly different from true PHASE ANGLE (requestable
separately) at the few arcsecond level in that it includes stellar aberration
on the down-leg from target to observer.  Units: DEGREES
 
 'Sky_motion  Sky_mot_PA  RelVel-ANG' =
  Total apparent angular rate of the target in the plane-of-sky. "Sky_mot_PA"
is the position angle of the target's direction of motion in the plane-of-sky,
measured counter-clockwise from the apparent of-date north pole direction.
"RelVel-ANG" is the flight path angle of the target's relative motion with
respect to the observer's line-of-sight, in the range [-90,+90], where positive
values indicate motion away from the observer, negative values are toward the
observer:

  -90 = target is moving directly toward the observer
    0 = target is moving at right angles to the observer's line-of-sight
  +90 = target is moving directly away from the observer

UNITS:  ARCSECONDS/MINUTE, DEGREES, DEGREES
 
 'Lun_Sky_Brt  sky_SNR' =
  Sky brightness due to moonlight scattered by Earth's atmosphere at the
target's position in the sky. "sky_SNR" is the visual signal-to-noise ratio
(SNR) of the target's surface brightness relative to background sky. Output
only for topocentric Earth observers when both the Moon and target are above
the local horizon and the Sun is in astronomical twilight (or further) below
the horizon, and the target is not the Moon or Sun. If all conditions are
not met, "n.a." is output. Galactic brightness, local sky light-pollution
and weather are NOT considered. Lunar opposition surge is considered. The
value returned is accurate under ideal conditions at the approximately 8-23%
level, so is a useful but not definitive value.

  If the target-body radius is also known, "sky_SNR" is output. This is the
approximate visual signal-to-noise ratio of the target's brightness divided
by lunar sky brightness. When sky_SNR < 1, the target is dimmer than the
ideal moonlight-scattering background sky, so unlikely to be detectable at
visual wavelengths. In practice, visibility requires sky_SNR > 1 and a
detector sensitive enough to reach the target's magnitude, even if it isn't
washed out by moonlight. When relating magnitudes and brightness values,
keep in mind their logarithmic relationship m2-m1 = -2.5*log_10(b2/b1).

  UNITS: VISUAL MAGNITUDES / ARCSECOND^2, and unitless ratio

Computations by ...

    Solar System Dynamics Group, Horizons On-Line Ephemeris System
    4800 Oak Grove Drive, Jet Propulsion Laboratory
    Pasadena, CA  91109   USA

    General site: https://ssd.jpl.nasa.gov/
    Mailing list: https://ssd.jpl.nasa.gov/email_list.html
    System news : https://ssd.jpl.nasa.gov/horizons/news.html
    User Guide  : https://ssd.jpl.nasa.gov/horizons/manual.html
    Connect     : browser        https://ssd.jpl.nasa.gov/horizons/app.html#/x
                  API            https://ssd-api.jpl.nasa.gov/doc/horizons.html
                  command-line   telnet ssd.jpl.nasa.gov 6775
                  e-mail/batch   https://ssd.jpl.nasa.gov/ftp/ssd/horizons_batch.txt
                  scripts        https://ssd.jpl.nasa.gov/ftp/ssd/SCRIPTS
    Author      : Jon.D.Giorgini@jpl.nasa.gov

**********************************************************************************************************************************************************************************************************************************************************************************************
