*******************************************************************************
 Revised: September 25, 2025           Uranus                               799
 
 PHYSICAL DATA:
  Mass x10^24 (kg)      = 86.813          Density (g/cm^3)       =  1.271
  Equat. radius (1 bar) = 25559+-4 km     Polar radius (km)      = 24973+-20
  Vol. Mean Radius (km) = 25362+-12       Flattening             =  0.02293
  Geometric Albedo      = 0.51
  Sid. rot. period (III)= 17.24+-0.01 h   Sid. rot. rate (rad/s) = -0.000101237
  Mean solar day, h     =~17.24           Rocky core mass (Mc/M) =  0.0012        
  GM (km^3/s^2)         = 5793950.6103    GM 1-sigma (km^3/s^2)  = +-4.3 
  Equ. grav, ge (m/s^2) =  8.87           Pol. grav, gp (m/s^2)  =   9.19+-0.02
  Visual magnitude V(1,0)= -7.11
  Vis. mag. (opposition)=  +5.52          Obliquity to orbit     = 97.77 deg
  Sidereal orbit period = 84.0120465 y    Sidereal orbit period  = 30685.4 d
  Mean daily motion     = 0.01176904 dg/d Mean orbit velocity    =  6.8 km/s
  Atmos. temp. (1 bar)  =  76+-2 K        Escape speed, km/s     =  21.3           
  Aroche(ice)/Rp        =  2.20           Hill's sphere rad., Rp = 2700
                                 Perihelion   Aphelion    Mean
  Solar Constant (W/m^2)         4.09         3.39        3.71
  Maximum Planetary IR (W/m^2)   0.72         0.55        0.63
  Minimum Planetary IR (W/m^2)   0.72         0.55        0.63
*******************************************************************************


*******************************************************************************
Ephemeris / WWW_USER Mon Apr  6 16:45:31 2026 Pasadena, USA      / Horizons    
*******************************************************************************
Target body name: Uranus (799)                    {source: ura184_merged}
Center body name: Earth (399)                     {source: DE441}
Center-site name: (user defined site below)
*******************************************************************************
Start time      : A.D. 2026-Jan-01 00:00:00.0000 UT      
Stop  time      : A.D. 2026-Dec-31 00:00:00.0000 UT      
Step-size       : 3600 minutes
*******************************************************************************
Target pole/equ : IAU_URANUS                      {East-longitude positive}
Target radii    : 25559.0, 25559.0, 24973.0 km    {Equator_a, b, pole_c}       
Center geodetic : 259.5, 25.5, .500               {E-lon(deg),Lat(deg),Alt(km)}
Center cylindric: 259.5, 5760.83856, 2729.3858    {E-lon(deg),Dxy(km),Dz(km)}
Center pole/equ : ITRF93                          {East-longitude positive}
Center radii    : 6378.137, 6378.137, 6356.752 km {Equator_a, b, pole_c}       
Target primary  : Sun
Vis. interferer : MOON (R_eq= 1737.400) km        {source: DE441}
Rel. light bend : Sun                             {source: DE441}
Rel. lght bnd GM: 1.3271E+11 km^3/s^2                                          
Atmos refraction: NO (AIRLESS)
RA format       : HMS
Time format     : CAL 
Calendar mode   : Mixed Julian/Gregorian
EOP file        : eop.260406.p260703                                           
EOP coverage    : DATA-BASED 1962-JAN-20 TO 2026-APR-06. PREDICTS-> 2026-JUL-02
Units conversion: 1 au= 149597870.700 km, c= 299792.458 km/s, 1 day= 86400.0 s 
Table cut-offs 1: Elevation (-90.0deg=NO ),Airmass (>38.000=NO), Daylight (NO )
Table cut-offs 2: Solar elongation (  0.0,180.0=NO ),Local Hour Angle( 0.0=NO )
Table cut-offs 3: RA/DEC angular rate (     0.0=NO )                           
**********************************************************************************************************************************************************************************************************************************************************************************************
 Date__(UT)__HR:MN     R.A._____(ICRF)_____DEC  R.A.__(a-apparent)__DEC  dRA*cosD d(DEC)/dt  Azi____(a-app)___Elev    APmag   S-brt      Illu%  Ang-diam  ObsSub-LON ObsSub-LAT             delta      deldot     S-O-T /r     S-T-O  Sky_motion  Sky_mot_PA  RelVel-ANG  Lun_Sky_Brt  sky_SNR
**********************************************************************************************************************************************************************************************************************************************************************************************
$$SOE
 2026-Jan-01 00:00 *m  03 41 25.53 +19 25 28.6  03 42 56.94 +19 30 34.5  -4.08711  -0.85113   84.707512  38.662982    5.646   8.236   99.97084  3.757945    3.751267  69.516107  18.7552650832097  19.6643913  137.3827 /T    1.9525   0.0695799   258.23642   51.262192         n.a.     n.a.
 2026-Jan-03 12:00  m  03 41 08.95 +19 24 36.7  03 42 40.33 +19 29 43.4  -3.70919  -0.85538  305.897689 -21.585103    5.649   8.236   99.96794  3.752022  176.501883  69.455692  18.7848707888219  21.2684943  134.7645 /T    2.0479   0.0634424   257.01396   55.887761         n.a.     n.a.
 2026-Jan-06 00:00 *   03 40 53.54 +19 23 48.6  03 42 24.92 +19 28 55.7  -3.58868  -0.73872   86.622920  43.210242    5.652   8.236   99.96505  3.745865  349.253819  69.399493  18.8157468221529  21.5659633  132.1598 /T    2.1385   0.0610654   258.36826   57.216669         n.a.     n.a.
 2026-Jan-08 12:00  m  03 40 39.14 +19 23 03.7  03 42 10.46 +19 28 11.4  -3.17700  -0.73361  309.257145 -25.216798    5.656   8.236   99.96217  3.739452  162.006018  69.346983  18.8480126842136  23.0431729  129.5502 /T    2.2252   0.0543434   256.99759   61.749928         n.a.     n.a.
 2026-Jan-11 00:00 *   03 40 25.99 +19 22 23.0  03 41 57.29 +19 27 30.9  -3.05216  -0.61648   88.635871  47.751236    5.660   8.235   99.95936  3.732837  334.760123  69.298965  18.8814157512679  23.2985428  126.9544 /T    2.3066   0.0518967   258.58103   63.051094         n.a.     n.a.
 2026-Jan-13 12:00  m  03 40 13.95 +19 21 45.8  03 41 45.18 +19 26 54.1  -2.60878  -0.60192  312.925964 -28.656593    5.664   8.235   99.95661  3.725995  147.515014  69.254959  18.9160872809542  24.6342737  124.3541 /T    2.3839   0.0446219   257.00756   67.501175         n.a.     n.a.
 2026-Jan-16 00:00 *   03 40 03.21 +19 21 13.1  03 41 34.45 +19 26 21.5  -2.48006  -0.48519   90.801855  52.279451    5.668   8.235   99.95397  3.718984  320.272428  69.215696  18.9517471562077  24.8396878  121.7683 /T    2.4556   0.0421180   258.93058   68.771623         n.a.     n.a.
 2026-Jan-18 12:00     03 39 53.65 +19 20 44.2  03 41 24.84 +19 25 53.0  -2.00932  -0.46166  316.937716 -31.873449    5.672   8.235   99.95143  3.711779  133.031182  69.180733  18.9885362153423  26.0185474  119.1788 /T    2.5228   0.0343613   257.06039   73.136225         n.a.     n.a.
 2026-Jan-21 00:00 *m  03 39 45.45 +19 20 19.9  03 41 16.64 +19 25 28.9  -1.87858  -0.34692   93.202237  56.787405    5.676   8.235   99.94904  3.704441  305.793071  69.150712  19.0261495284500  26.1667691  116.6047 /T    2.5843   0.0318390   259.53695   74.366060         n.a.     n.a.
 2026-Jan-23 12:00     03 39 38.50 +19 19 59.5  03 41 09.60 +19 25 08.8  -1.38572  -0.31534  321.322276 -34.832401    5.681   8.235   99.94680  3.696943  118.556849  69.125226  19.0647363363327  27.1749291  114.0280 /T    2.6410   0.0236858   257.17981   78.642442         n.a.     n.a.
 2026-Jan-26 00:00 *m  03 39 32.94 +19 19 44.1  03 41 04.02 +19 24 53.2  -1.25623  -0.20380   95.964759  61.265394    5.685   8.235   99.94474  3.689350  291.324359  69.104812  19.1039714602571  27.2624610  111.4675 /T    2.6918   0.0212109   260.78499   79.814467         n.a.     n.a.
 2026-Jan-28 12:00     03 39 28.66 +19 19 32.6  03 40 59.68 +19 24 41.8  -0.74824  -0.16533  326.101607 -37.494711    5.690   8.235   99.94285  3.681633  104.094276  69.089086  19.1440172601776  28.0951268  108.9053 /T    2.7378   0.0127715   257.54019   83.994852         n.a.     n.a.
 2026-Jan-31 00:00 *m  03 39 25.78 +19 19 26.1  03 40 56.83 +19 24 35.3  -0.62328  -0.05856   99.303116  65.699507    5.694   8.235   99.94118  3.673857  276.868448  69.078477  19.1845379779916  28.1287092  106.3597 /T    2.7778   0.0104338   264.63277   85.083572         n.a.     n.a.
 2026-Feb-02 12:00  m  03 39 24.21 +19 19 23.5  03 40 55.20 +19 24 33.0  -0.10495  -0.01364  331.284287 -39.818590    5.699   8.235   99.93970  3.665988   89.645487  69.072644  19.2257143208387  28.7911037  103.8124 /T    2.8128   0.0017639   262.59642   89.184297         n.a.     n.a.
 2026-Feb-05 00:00 *   03 39 24.04 +19 19 26.1  03 40 55.02 +19 24 35.4  0.015369  0.088026  103.607180  70.066368    5.703   8.235   99.93846  3.658094  262.427267  69.071932  19.2672053699290  28.7810962  101.2815 /T    2.8418   0.0014893   9.9041127   89.309537         n.a.     n.a.
 2026-Feb-07 12:00  m  03 39 25.20 +19 19 32.6  03 40 56.09 +19 24 41.8  0.541999  0.139384  336.857924 -41.761398    5.708   8.235   99.93743  3.650137   75.212376  69.076067  19.3092039224273  29.2735515   98.7488 /T    2.8658   0.0093272   75.577966   85.746814         n.a.     n.a.
 2026-Feb-10 00:00 *   03 39 27.76 +19 19 44.3  03 40 58.65 +19 24 53.1  0.658778  0.235530  109.663442  74.319612    5.713   8.235   99.93664  3.642186  248.002731  69.085315  19.3513568183563  29.2181110   96.2321 /T    2.8839   0.0116603   70.326716   84.666870         n.a.     n.a.
 2026-Feb-12 12:00  m  03 39 31.66 +19 19 59.9  03 41 02.49 +19 25 08.6  1.190350  0.292971  342.782868 -43.281947    5.717   8.235   99.93609  3.634204   60.796917  69.099464  19.3938607001461  29.5332731   93.7140 /T    2.8968   0.0204312   76.173067   80.788011         n.a.     n.a.
 2026-Feb-15 00:00 *   03 39 36.96 +19 20 20.7  03 41 07.81 +19 25 29.1  1.302638  0.382518  119.258994  78.350905    5.722   8.235   99.93579  3.626259  233.596860  69.118682  19.4363514573450  29.4283336   91.2122 /T    2.9038   0.0226273   73.635182   79.760114         n.a.     n.a.
 2026-Feb-17 12:00 A   03 39 43.59 +19 20 45.4  03 41 14.37 +19 25 53.7  1.834866  0.444865  348.988265 -44.344725    5.727   8.234   99.93572  3.618314   46.401131  69.142810  19.4790280989515  29.5599518   88.7095 /T    2.9057   0.0314671   76.371559   75.928661         n.a.     n.a.
 2026-Feb-20 00:00 *m  03 39 51.60 +19 21 15.1  03 41 22.37 +19 26 23.0  1.941007  0.526981  136.866067  81.852268    5.731   8.234   99.93590  3.610439  219.211655  69.171917  19.5215182608489  29.4023574   86.2234 /T    2.9017   0.0335212   74.810413   74.942241         n.a.     n.a.
 2026-Feb-22 12:00 A   03 40 00.94 +19 21 48.7  03 41 31.62 +19 26 56.1  2.468042  0.593231  355.373325 -44.924496    5.736   8.234   99.93632  3.602594   32.026993  69.205882  19.5640244899653  29.3490533   83.7372 /T    2.8927   0.0423056   76.484490   71.176326         n.a.     n.a.
 2026-Feb-25 00:00 *m  03 40 11.60 +19 22 27.1  03 41 42.31 +19 27 34.0  2.564949  0.666591  170.644889  83.881725    5.741   8.234   99.93697  3.594849  204.849018  69.244663  19.6061745183824  29.1437291   81.2681 /T    2.8780   0.0441692   75.431976   70.242471         n.a.     n.a.
 2026-Feb-27 12:00 A   03 40 23.57 +19 23 09.3  03 41 54.24 +19 28 15.8  3.081656  0.735792    1.815993 -45.009471    5.745   8.234   99.93784  3.587164   17.676269  69.288182  19.6481802336984  28.9152766   78.7993 /T    2.8585   0.0528046   76.571188   66.552158         n.a.     n.a.
 2026-Mar-02 00:00 *m  03 40 36.81 +19 23 56.1  03 42 07.50 +19 29 02.2  3.168572  0.800145  210.816715  83.049343    5.750   8.234   99.93893  3.579604  190.510573  69.336307  19.6896784379524  28.6755818   76.3475 /T    2.8334   0.0544673   75.827645   65.673211         n.a.     n.a.
 2026-Mar-04 12:00 Am  03 40 51.32 +19 24 46.4  03 42 21.93 +19 29 52.0  3.672781  0.872231    8.186939 -44.603669    5.754   8.234   99.94022  3.572127    3.350478  69.389024  19.7308899742363  28.2844887   73.8956 /T    2.8035   0.0629155   76.640585   62.052622         n.a.     n.a.
 2026-Mar-07 00:00 *   03 41 07.05 +19 25 41.2  03 42 37.66 +19 30 46.1  3.751714  0.927682  234.621933  80.076827    5.759   8.234   99.94171  3.564798  176.197780  69.446133  19.7714576490340  28.0164973   71.4600 /T    2.7685   0.0644118   76.111131   61.212413         n.a.     n.a.
 2026-Mar-09 12:00 Am  03 41 24.00 +19 26 39.3  03 42 54.55 +19 31 43.5  4.242222  1.002702   14.365531 -43.726546    5.763   8.234   99.94339  3.557575  349.051083  69.507696  19.8116008623375  27.4650548   69.0239 /T    2.7288   0.0726519   76.701490   57.645852         n.a.     n.a.
 2026-Mar-12 00:00 *   03 41 42.13 +19 27 41.7  03 43 12.71 +19 32 45.2  4.313777  1.049092  246.919149  76.313128    5.767   8.234   99.94523  3.550520  161.912142  69.573431  19.8509648518695  27.1667427   66.6038 /T    2.6840   0.0739919   76.331260   56.832849         n.a.     n.a.
 2026-Mar-14 12:00 Am  03 42 01.44 +19 28 47.3  03 43 31.98 +19 33 50.1  4.787816  1.126045   20.253625 -42.409967    5.771   8.234   99.94724  3.543594  334.779603  69.643459  19.8897637525219  26.4547372   64.1830 /T    2.6349   0.0819742   76.765149   53.313255         n.a.     n.a.
 2026-Mar-17 00:00 *   03 42 21.86 +19 29 56.9  03 43 52.43 +19 34 59.2  4.851793  1.162929  254.187517  72.271425    5.775   8.234   99.94938  3.536857  147.655156  69.717421  19.9276470295377  26.1235468   61.7779 /T    2.5809   0.0831536   76.521036   52.519845         n.a.     n.a.
 2026-Mar-19 12:00 N   03 42 43.43 +19 31 09.4  03 44 13.92 +19 36 10.8  5.305775  1.241192   25.783330 -40.694719    5.779   8.233   99.95166  3.530272  320.537504  69.795483  19.9648228268777  25.2527289   59.3724 /T    2.5227   0.0908170   76.833433   49.043803         n.a.     n.a.
 2026-Mar-22 00:00 *m  03 43 06.03 +19 32 25.7  03 44 36.54 +19 37 26.2  5.360169  1.267906  259.092360  68.118879    5.783   8.233   99.95403  3.523895  133.428241  69.877196  20.0009494121801  24.8895775   56.9828 /T    2.4600   0.0918014   76.691737   48.274467         n.a.     n.a.
 2026-Mar-24 12:00 N   03 43 29.71 +19 33 44.6  03 45 00.19 +19 38 44.1  5.789494  1.346364   30.917805 -38.625779    5.787   8.233   99.95651  3.517690  306.326096  69.962763  20.0362322753625  23.8695537   54.5931 /T    2.3933   0.0990664   76.908389   44.850112         n.a.     n.a.
 2026-Mar-27 00:00 *m  03 43 54.34 +19 35 06.9  03 45 24.88 +19 40 05.7  5.832897  1.362685  262.745975  63.920029    5.790   8.233   99.95905  3.511710  119.232545  70.051650  20.0703488260365  23.4860152   52.2195 /T    2.3225   0.0998326   76.850365   44.116661         n.a.     n.a.
 2026-Mar-29 12:00 N   03 44 19.98 +19 36 31.6  03 45 50.49 +19 41 29.5  6.235250  1.441219   35.646942 -36.248164    5.794   8.233   99.96165  3.505918  292.146364  70.144115  20.1035072900751  22.3360883   49.8457 /T    2.2479   0.1066607   76.985190   40.751033         n.a.     n.a.
 2026-Apr-01 00:00 *m  03 44 46.48 +19 37 59.3  03 46 17.01 +19 42 56.5  6.269476  1.447577  265.671698  59.704091    5.797   8.233   99.96428  3.500364  105.068918  70.239567  20.1354060383094  21.9433746   47.4875 /T    2.1696   0.1072404   76.998661   40.051238         n.a.     n.a.
 2026-Apr-03 12:00 Nm  03 45 13.93 +19 39 29.2  03 46 44.42 +19 44 25.1  6.645169  1.526459   39.980719 -33.604833    5.801   8.233   99.96693  3.495010  277.999083  70.338334  20.1662475520002  20.6747370   45.1285 /T    2.0879   0.1136373   77.063042   36.733400         n.a.     n.a.
 2026-Apr-06 00:00 *   03 45 42.16 +19 41 01.8  03 47 12.69 +19 45 56.8  6.672220  1.523596  268.144251  55.486271    5.804   8.233   99.96958  3.489906   90.938130  70.439777  20.1957453083273  20.2737031   42.7842 /T    2.0027   0.1140661   77.137104   36.054253         n.a.     n.a.
 2026-Apr-08 12:00 Nm  03 46 11.28 +19 42 36.3  03 47 41.80 +19 47 30.2  7.020301  1.602313   43.941853 -30.734529    5.807   8.233   99.97222  3.485015  263.885036  70.544278  20.2240893885044  18.8906661   40.4385 /T    1.9142   0.1200139   77.143047   32.773176         n.a.     n.a.
 2026-Apr-11 00:00 *   03 46 41.10 +19 44 13.2  03 48 11.68 +19 49 06.3  7.040879  1.590108  270.321880  51.275390    5.809   8.233   99.97482  3.480382   76.840945  70.651145  20.2510071351095  18.4781891   38.1068 /T    1.8227   0.1203033   77.273845   32.103509         n.a.     n.a.
 2026-Apr-13 12:00 Cm  03 47 11.73 +19 45 51.7  03 48 42.29 +19 50 43.7  7.359674  1.668248   47.560419 -27.671316    5.812   8.232   99.97738  3.475977  249.804944  70.760805  20.2766745345352  16.9849292   35.7732 /T    1.7283   0.1257730   77.228349   28.850054         n.a.     n.a.
 2026-Apr-16 00:00 *   03 47 42.98 +19 47 32.4  03 49 13.57 +19 52 23.4  7.373062  1.646780  272.302007  47.076930    5.814   8.232   99.97985  3.471840   62.778037  70.872505  20.3008357818371  16.5594818   33.4533 /T    1.6311   0.1259121   77.409584   28.185047         n.a.     n.a.
 2026-Apr-18 12:00 C   03 48 14.97 +19 49 14.3  03 49 45.55 +19 54 04.0  7.659515  1.723449   50.869760 -24.444662    5.817   8.232   99.98226  3.467942  235.759398  70.986703  20.3236531734562  14.9633279   31.1313 /T    1.5313   0.1308503   77.319206   24.957130         n.a.     n.a.
 2026-Apr-21 00:00 *m  03 48 47.49 +19 50 58.0  03 50 18.14 +19 55 46.7  7.664005  1.692478  274.148727  42.894602    5.819   8.232   99.98455  3.464321   48.749853  71.102582  20.3448934000392  14.5292714   28.8231 /T    1.4292   0.1308110   77.546973   24.301935         n.a.     n.a.
 2026-Apr-23 12:00 C   03 49 20.65 +19 52 42.7  03 50 51.33 +19 57 30.3  7.915163  1.767299   53.903308 -21.079219    5.821   8.232   99.98674  3.460950  221.748658  71.220625  20.3647125503923  12.8494658   26.5130 /T    1.3247   0.1351677   77.413439   21.110921         n.a.     n.a.
 2026-Apr-26 00:00 *m  03 49 54.25 +19 54 28.8  03 51 24.99 +19 59 15.5  7.911203  1.727344  275.906994  38.731034    5.823   8.232   99.98879  3.457860   34.756448  71.339975  20.3829090481281  12.4207423   24.2166 /T    1.2183   0.1349597   77.683253   20.477836         n.a.     n.a.
 2026-Apr-28 12:00 C   03 50 28.40 +19 56 15.5  03 51 59.14 +20 01 01.0  8.127947  1.800541   56.693237 -17.595639    5.824   8.232   99.99071  3.455026  207.772603  71.461165  20.3996306625959  10.6757965   21.9179 /T    1.1099   0.1387499   77.509283   17.324703         n.a.     n.a.
 2026-May-01 00:00 *   03 51 02.90 +19 58 03.4  03 52 33.68 +20 02 47.8  8.118247  1.752864  277.609308  34.588350    5.826   8.232   99.99246  3.452475   20.797614  71.583320  20.4147008419171  10.2563639   19.6321 /T    1.0001   0.1384221   77.815936   16.708042         n.a.     n.a.
 2026-May-03 12:00 Cm  03 51 37.89 +19 59 51.7  03 53 08.69 +20 04 34.7  8.301193  1.824471   59.269215 -14.011240    5.827   8.231   99.99406  3.450185  193.831009  71.707016  20.4282505234697   8.4546836   17.3432 /T    0.8885   0.1416554   77.604378   13.582918         n.a.     n.a.
 2026-May-06 00:00 *   03 52 13.12 +20 01 40.8  03 53 44.01 +20 06 22.8  8.287044  1.769356  279.281091  30.468690    5.828   8.231   99.99548  3.448181    6.873102  71.831356  20.4401240606024   8.0413646   15.0663 /T    0.7757   0.1412304   77.947815   12.971915         n.a.     n.a.
 2026-May-08 12:00 *m  03 52 48.77 +20 03 30.1  03 54 19.69 +20 08 10.8  8.436028  1.838966   61.657963 -10.340226    5.829   8.231   99.99672  3.446443  179.923570  71.956946  20.4504320193545   6.1879118   12.7854 /T    0.6616   0.1439023   77.702498   9.8625231         n.a.     n.a.
 2026-May-11 00:00 *   03 53 24.58 +20 05 19.8  03 54 55.57 +20 09 59.7  8.417452  1.776899  280.942927  26.374149    5.830   8.231   99.99777  3.444993  352.982546  72.082863  20.4590406773149   5.7773525   10.5158 /T    0.5466   0.1433826   78.080033   9.2484820         n.a.     n.a.
 2026-May-13 12:00 *m  03 54 00.72 +20 07 09.5  03 55 31.73 +20 11 48.0  8.530911  1.843960   63.883708  -6.594487    5.831   8.231   99.99862  3.443814  166.049835  72.209727  20.4660408510467   3.8790923    8.2415 /T    0.4306   0.1454654   77.803135   6.1467685         n.a.     n.a.
 2026-May-16 00:00 *m  03 54 36.94 +20 08 59.3  03 56 08.01 +20 13 36.8  8.506803  1.774937  282.612122  22.306885    5.831   8.231   99.99927  3.442926  339.125359  72.336589  20.4713229000145   3.4699678    5.9784 /T    0.3142   0.1448333   78.214374   5.5246036         n.a.     n.a.
 2026-May-18 12:00 *   03 55 13.40 +20 10 48.9  03 56 44.54 +20 15 24.9  8.582171  1.838896   65.968129  -2.783809    5.832   8.231   99.99972  3.442314  152.209038  72.464068  20.4749609780256   1.5397429    3.7110 /T    0.1970   0.1462828   77.906140   2.4296550         n.a.     n.a.
 2026-May-21 00:00 *m  03 55 49.83 +20 12 38.2  03 57 21.09 +20 17 13.5  8.550983  1.763231  284.304518  18.269318    5.832   8.231   99.99996  3.441992  325.300549  72.591186  20.4768787541368   1.1418061    1.4586 /T    0.0800   0.1455147   78.348789   1.8102098         n.a.     n.a.
 2026-May-23 12:00 *   03 56 26.41 +20 14 26.9  03 57 57.67 +20 19 00.8  8.588008  1.823899   67.930682   1.084199    5.832   8.230   99.99999  3.441948  138.399924  72.718578  20.4771413294626  -0.7973252    0.8288 /L    0.0387   0.1463258   78.009819   -1.266880         n.a.     n.a.
 2026-May-26 00:00 *m  03 57 02.88 +20 16 15.2  03 58 34.21 +20 20 48.2  8.552115  1.742962  286.034879  14.263773    5.831   8.230   99.99980  3.442189  311.506640  72.845278  20.4757057190364  -1.1747009    3.0698 /L    0.1553   0.1454653   78.480608   -1.874372         n.a.     n.a.
 2026-May-28 12:00 *   03 57 39.40 +20 18 02.7  03 59 10.79 +20 22 34.3  8.552858  1.800800   69.788608   5.002587    5.831   8.230   99.99941  3.442708  124.620909  72.971941  20.4726195887549  -3.1098845    5.3259 /L    0.2725   0.1456730   78.110071   -4.936096         n.a.     n.a.
 2026-May-31 00:00 *   03 58 15.72 +20 19 49.4  03 59 47.19 +20 24 20.0  8.513973  1.715339  287.817427  10.293831    5.830   8.230   99.99881  3.443507  297.742009  73.097615  20.4678649064097  -3.4688626    7.5734 /L    0.3890   0.1447509   78.608919   -5.537937         n.a.     n.a.
 2026-Jun-02 12:00 *m  03 58 52.02 +20 21 35.1  04 00 23.58 +20 26 04.5  8.479487  1.769926   71.557828   8.966230    5.829   8.230   99.99801  3.444584  110.870309  73.222964  20.4614664086608  -5.3945753    9.8278 /L    0.5053   0.1443706   78.209912   -8.596428         n.a.     n.a.
 2026-Jun-05 00:00 *   03 59 28.03 +20 23 19.8  04 00 59.68 +20 27 48.4  8.438160  1.680557  289.666902   6.363327    5.828   8.230   99.99702  3.445938  284.004890  73.347046  20.4534294140106  -5.7399684   12.0736 /L    0.6205   0.1433981   78.736268   -9.201841         n.a.     n.a.
 2026-Jun-07 12:00 *m  04 00 03.95 +20 25 03.4  04 01 35.67 +20 29 30.7  8.368084  1.731570   73.252644  12.970592    5.827   8.229   99.99582  3.447568   97.146265  73.470521  20.4437561328469  -7.6500773   14.3270 /L    0.7352   0.1424226   78.309038   -12.26820         n.a.     n.a.
 2026-Jun-10 00:00 *   04 00 39.49 +20 26 45.6  04 02 11.28 +20 31 12.1  8.323598  1.638496  291.598353   2.476945    5.826   8.229   99.99445  3.449472  270.293289  73.592450  20.4324763962461  -7.9853207   16.5726 /L    0.8484   0.1413889   78.863742   -12.88544         n.a.     n.a.
 2026-Jun-12 12:00 *m  04 01 14.85 +20 28 26.6  04 02 46.72 +20 32 51.7  8.216723  1.685402   74.886734  17.011876    5.825   8.229   99.99289  3.451652   83.446605  73.713475  20.4195713968480  -9.8712627   18.8264 /L    0.9608   0.1397966   78.408356   -15.96944         n.a.     n.a.
 2026-Jun-15 00:00 *m  04 01 49.76 +20 30 05.9  04 03 21.73 +20 34 30.1  8.167067  1.588965  293.627869  -1.359714    5.823   8.229   99.99117  3.454100  256.604822  73.832661  20.4050994553069 -10.1939888   21.0729 /L    1.0713   0.1386701   78.990214   -16.60096         n.a.     n.a.
 2026-Jun-17 12:00 *   04 02 24.38 +20 31 43.8  04 03 56.47 +20 36 06.9  8.021840  1.631067   76.472994  21.087170    5.821   8.229   99.98929  3.456822   69.768670  73.950621  20.3890285403740 -12.0371514   23.3278 /L    1.1807   0.1364330   78.506822   -19.70091         n.a.     n.a.
 2026-Jun-20 00:00 *m  04 02 58.46 +20 33 19.7  04 04 30.62 +20 37 42.2  7.967200  1.532135  295.773181  -5.139992    5.819   8.229   99.98727  3.459805  242.936518  74.066445  20.3714528204143 -12.3351201   25.5752 /L    1.2878   0.1352197   79.114605   -20.33174         n.a.     n.a.
 2026-Jun-22 12:00 *   04 03 32.16 +20 34 54.0  04 05 04.41 +20 39 15.3  7.786061  1.570001   78.024464  25.194100    5.817   8.229   99.98511  3.463056   56.109250  74.180743  20.3523285332607 -14.1158702   27.8313 /L    1.3935   0.1323796   78.599607   -23.43774         n.a.     n.a.
 2026-Jun-25 00:00 *m  04 04 05.24 +20 36 26.2  04 05 37.55 +20 40 46.6  7.728669  1.469827  298.053334  -8.855919    5.815   8.228   99.98283  3.466556  229.285059  74.292650  20.3317774611039 -14.3866096   30.0803 /L    1.4966   0.1311199   79.232161   -24.06209         n.a.     n.a.
 2026-Jun-27 12:00 *   04 04 37.86 +20 37 56.6  04 06 10.29 +20 42 15.9  7.514033  1.503183   79.554460  29.330509    5.812   8.228   99.98044  3.470318   42.464975  74.402767  20.3097344342048 -16.0985898   32.3386 /L    1.5979   0.1277152   78.687306   -27.18162         n.a.     n.a.
 2026-Jun-30 00:00 *   04 05 09.78 +20 39 24.7  04 06 42.30 +20 43 43.3  7.454927  1.402363  300.489630 -12.497530    5.810   8.228   99.97797  3.474320  215.647017  74.510273  20.2863426625867 -16.3474262   34.5907 /L    1.6962   0.1264280   79.346461   -27.80607         n.a.     n.a.
 2026-Jul-02 12:00 *m  04 05 41.17 +20 40 50.9  04 07 13.82 +20 45 08.5  7.207754  1.431013   81.077027  33.494593    5.807   8.228   99.97541  3.478577   28.832348  74.615743  20.2615152730890 -17.9859770   36.8530 /L    1.7926   0.1224739   78.770634   -30.95063         n.a.     n.a.
 2026-Jul-05 00:00 *   04 06 11.79 +20 42 14.6  04 07 44.50 +20 46 31.7  7.146490  1.329862  303.105498 -16.052882    5.804   8.228   99.97280  3.483064  202.018800  74.718393  20.2354169350379 -18.2174519   39.1101 /L    1.8857   0.1211529   79.458624   -31.58397         n.a.     n.a.
 2026-Jul-07 12:00 *m  04 06 41.81 +20 43 36.3  04 08 14.61 +20 47 52.3  6.866850  1.353257   82.608390  37.684650    5.801   8.228   99.97013  3.487800   15.207642  74.818761  20.2079405210228 -19.7767851   41.3784 /L    1.9766   0.1166487   78.851520   -34.76625         n.a.     n.a.
 2026-Jul-10 00:00 *   04 07 10.97 +20 44 55.3  04 08 43.85 +20 49 10.6  6.801856  1.252265  305.926533 -19.507749    5.798   8.227   99.96744  3.492754  188.396517  74.916096  20.1792734893273 -19.9921718   43.6423 /L    2.0638   0.1152695   79.568292   -35.41688         n.a.     n.a.
 2026-Jul-12 12:00 *m  04 07 39.45 +20 46 12.1  04 09 12.47 +20 50 26.4  6.488658  1.269686   84.167853  41.899140    5.794   8.227   99.96472  3.497951    1.586760  75.010883  20.1492938816754 -21.4605630   45.9181 /L    2.1485   0.1101953   78.928390   -38.64796         n.a.     n.a.
 2026-Jul-15 00:00 *m  04 08 07.00 +20 47 26.0  04 09 40.11 +20 51 39.9  6.418301  1.169100  308.980946 -22.844957    5.791   8.227   99.96203  3.503354  174.775807  75.102413  20.1182173839007 -21.6520434   48.1899 /L    2.2293   0.1087318   79.676694   -39.31455         n.a.     n.a.
 2026-Jul-17 12:00 *   04 08 33.76 +20 48 37.7  04 10 07.00 +20 52 50.8  6.072898  1.180615   85.779603  46.136752    5.787   8.227   99.95934  3.508989  347.965072  75.191130  20.0859152700733 -23.0090569   50.4736 /L    2.3072   0.1031099   78.998516   -42.58769         n.a.     n.a.
 2026-Jul-20 00:00 *m  04 08 59.54 +20 49 46.2  04 10 32.83 +20 53 58.8  5.998696  1.081865  312.298787 -26.044248    5.784   8.227   99.95671  3.514813  161.151874  75.276389  20.0526323778661 -23.1663762   52.7534 /L    2.3809   0.1015912   79.776601   -43.25364         n.a.     n.a.
 2026-Jul-22 12:00 C   04 09 24.45 +20 50 52.4  04 10 57.86 +20 55 04.1  5.624980  1.087642   87.476462  50.395804    5.780   8.227   99.95413  3.520854  334.337741  75.358608  20.0182271108580 -24.4011077   55.0451 /L    2.4514   0.0954861   79.056386   -46.56370         n.a.     n.a.
 2026-Jul-25 00:00 *m  04 09 48.32 +20 51 55.3  04 11 21.80 +20 56 06.5  5.548914  0.991339  315.911008 -29.081338    5.776   8.227   99.95163  3.527067  147.519917  75.437219  19.9829611888761 -24.5279852   57.3333 /L    2.5175   0.0939462   79.870707   -47.22703         n.a.     n.a.
 2026-Jul-27 12:00 C   04 10 11.25 +20 52 55.8  04 11 44.88 +20 57 06.4  5.149511  0.991279   89.304152  54.674122    5.772   8.226   99.94921  3.533483  320.700029  75.512598  19.9466752696491 -25.6381826   59.6341 /L    2.5801   0.0874009   79.103871   -50.58243         n.a.     n.a.
 2026-Jul-30 00:00 *   04 10 33.09 +20 53 53.0  04 12 06.79 +20 58 03.3  5.071612  0.897818  319.848166 -31.927534    5.768   8.226   99.94690  3.540055  133.875249  75.584240  19.9096460621451 -25.7395897   61.9322 /L    2.6381   0.0858411   79.961042   -51.25005         n.a.     n.a.
 2026-Aug-01 12:00 Cm  04 10 53.93 +20 54 47.7  04 12 27.75 +20 58 57.4  4.648031  0.891400   91.331777  58.968703    5.763   8.226   99.94471  3.546815  307.047263  75.652471  19.8716983597015 -26.7226201   64.2437 /L    2.6924   0.0788789   79.143618   -54.66292         n.a.     n.a.
 2026-Aug-04 00:00 *   04 11 13.62 +20 55 38.9  04 12 47.49 +20 59 48.2  4.567434  0.801240  324.137395 -34.549937    5.759   8.226   99.94267  3.553714  120.213185  75.716845  19.8331231425123 -26.8019122   66.5534 /L    2.7419   0.0772863   80.050155   -55.34398         n.a.     n.a.
 2026-Aug-06 12:00 Cm  04 11 32.25 +20 56 27.5  04 13 06.25 +21 00 36.2  4.119903  0.788009   93.671093  63.274838    5.755   8.226   99.94076  3.560786  293.374730  75.777620  19.7937335971966 -27.6518126   68.8774 /L    2.7874   0.0699098   79.171891   -58.83033         n.a.     n.a.
 2026-Aug-09 00:00 *   04 11 49.68 +20 57 12.5  04 13 23.75 +21 01 20.9  4.034567  0.701148  328.798880 -36.911274    5.750   8.226   99.93903  3.567977  106.528938  75.834407  19.7538379886514 -27.7055893   71.2005 /L    2.8279   0.0682506   80.141298   -59.53557         n.a.     n.a.
 2026-Aug-11 12:00 Cm  04 12 05.98 +20 57 54.8  04 13 40.21 +21 02 02.9  3.564191  0.680694   96.516425  67.584737    5.746   8.226   99.93747  3.575324  279.677525  75.887401  19.7132455815274 -28.4085199   73.5382 /L    2.8642   0.0604768   79.187773   -63.10255         n.a.     n.a.
 2026-Aug-14 00:00 *m  04 12 21.03 +20 58 33.4  04 13 55.31 +21 02 41.4  3.474143  0.598154  333.841036 -38.970620    5.741   8.226   99.93612  3.582768   92.817530  75.936282  19.6722864520760 -28.4249964   75.8752 /L    2.8952   0.0587543   80.230989   -63.82512         n.a.     n.a.
 2026-Aug-16 12:00 C   04 12 34.88 +20 59 09.2  04 14 09.28 +21 03 17.0  2.984984  0.570972  100.243369  71.883446    5.736   8.225   99.93495  3.590346  265.950710  75.981196  19.6307693430155 -28.9657487   78.2266 /L    2.9219   0.0506517   79.171180   -67.46415         n.a.     n.a.
 2026-Aug-19 00:00 *m  04 12 47.45 +20 59 41.3  04 14 21.89 +21 03 48.8  2.892945  0.493490  339.253943 -40.685173    5.732   8.225   99.93401  3.597994   79.074187  76.021922  19.5890374152968 -28.9418889   80.5771 /L    2.9431   0.0489122   80.319439   -68.18995         n.a.     n.a.
 2026-Aug-21 12:00 C   04 12 58.78 +21 00 10.6  04 14 33.36 +21 04 17.8  2.389983  0.459799  105.677539  76.137363    5.727   8.225   99.93328  3.605752  252.189780  76.058561  19.5468897277375 -29.3195471   82.9422 /L    2.9597   0.0405635   79.110151   -71.89787         n.a.     n.a.
 2026-Aug-24 00:00 *m  04 13 08.81 +21 00 36.1  04 14 43.45 +21 04 43.2  2.297095  0.387853  345.003900 -42.012077    5.722   8.225   99.93278  3.613557   65.294714  76.090973  19.5046742138574 -29.2609290   85.3067 /L    2.9709   0.0388268   80.416288   -72.62793         n.a.     n.a.
 2026-Aug-26 12:00 C   04 13 17.56 +21 00 58.8  04 14 52.34 +21 05 05.9  1.783431  0.347309  114.993272  80.255272    5.717   8.225   99.93250  3.621446  238.390819  76.119204  19.4621809041477 -29.4772297   87.6861 /L    2.9773   0.0302822   78.980037   -76.41326         n.a.     n.a.
 2026-Aug-29 00:00 *   04 13 24.99 +21 01 17.5  04 14 59.80 +21 05 24.8  1.689822  0.281168  351.029661 -42.912448    5.713   8.225   99.93247  3.629357   51.475432  76.143192  19.4197609065899 -29.3885565   90.0655 /L    2.9782   0.0285509   80.553146   -77.15327         n.a.     n.a.
 2026-Aug-31 12:00 Cm  04 13 31.12 +21 01 33.5  04 15 06.04 +21 05 40.7  1.167576  0.233717  135.313687  83.902219    5.708   8.225   99.93266  3.637329  224.550376  76.162914  19.3771982705412 -29.4441623   92.4605 /L    2.9743   0.0198456   78.680529   -81.02862         n.a.     n.a.
 2026-Sep-03 00:00 *   04 13 35.91 +21 01 45.6  04 15 10.87 +21 05 52.7  1.071608  0.173396  357.242930 -43.355380    5.703   8.225   99.93310  3.645296   37.613090  76.178374  19.3348478075823 -29.3259942   94.8562 /L    2.9647   0.0180924   80.808678   -81.79508         n.a.     n.a.
 2026-Sep-05 12:00 Nm  04 13 39.37 +21 01 54.8  04 15 14.48 +21 06 02.0  0.542435  0.118524  183.653053  85.591886    5.698   8.225   99.93377  3.653299  210.665328  76.189476  19.2924942639025 -29.2156926   97.2683 /L    2.9503   0.0092539   77.674418   -85.77545         n.a.     n.a.
 2026-Sep-08 00:00 *   04 13 41.48 +21 02 00.0  04 15 16.65 +21 06 07.4  0.443510  0.064427    3.534892 -43.321190    5.693   8.225   99.93467  3.661268   23.704670  76.196299  19.2505004507931 -29.0596124   99.6815 /L    2.9301   0.0074694   81.734735   -86.57710         n.a.     n.a.
 2026-Sep-10 12:00 Nm  04 13 42.24 +21 02 02.4  04 15 17.52 +21 06 10.1  -0.08881  0.002816  228.513219  83.498646    5.689   8.225   99.93581  3.669243  196.732834  76.198686  19.2086594173236 -28.7715352  102.1111 /L    2.9049   0.0014808   271.81597   -89.31531         n.a.     n.a.
 2026-Sep-13 00:00 *m  04 13 41.65 +21 02 00.8  04 15 16.95 +21 06 08.7  -0.18844  -0.04436    9.787582 -42.804452    5.684   8.225   99.93717  3.677153    9.747610  76.196808  19.1673399849469 -28.5689018  104.5416 /L    2.8741   0.0032265   256.75379   -88.50111         n.a.     n.a.
 2026-Sep-15 12:00 N   04 13 39.70 +21 01 56.4  04 15 15.11 +21 06 04.4  -0.71729  -0.11202  246.826548  79.693372    5.679   8.225   99.93874  3.685036  182.750718  76.190472  19.1263382591947 -28.1011005  106.9881 /L    2.8383   0.0120997   261.12389   -84.31509         n.a.     n.a.
 2026-Sep-18 00:00 *m  04 13 36.43 +21 01 48.0  04 15 11.89 +21 05 56.3  -0.81470  -0.15162   15.887483 -41.814257    5.674   8.225   99.94052  3.692821  355.740214  76.179947  19.0860169919548 -27.8559011  109.4350 /L    2.7968   0.0138115   259.45788   -83.47431         n.a.     n.a.
 2026-Sep-20 12:00 N   04 13 31.81 +21 01 36.9  04 15 07.39 +21 05 45.6  -1.33513  -0.22515  255.505095  75.446856    5.670   8.225   99.94250  3.700547  168.717784  76.164990  19.0461707153532 -27.2161647  111.8978 /L    2.7504   0.0225663   260.42789   -79.19272         n.a.     n.a.
 2026-Sep-23 00:00 *m  04 13 25.91 +21 01 21.9  04 15 01.52 +21 05 31.0  -1.42918  -0.25715   21.738493 -40.372575    5.665   8.225   99.94465  3.708144  341.681722  76.145958  19.0071517574997 -26.9351451  114.3609 /L    2.6986   0.0242021   259.80008   -78.33564         n.a.     n.a.
 2026-Sep-25 12:00 N   04 13 18.67 +21 01 04.1  04 14 54.38 +21 05 13.8  -1.93726  -0.33618  260.702952  71.042161    5.661   8.225   99.94697  3.715649  154.633656  76.122551  18.9687556519644 -26.1314923  116.8400 /L    2.6418   0.0327702   260.15524   -73.95797         n.a.     n.a.
 2026-Sep-28 00:00 *   04 13 10.20 +21 00 42.6  04 14 45.92 +21 04 52.6  -2.02840  -0.36041   27.270219 -38.511648    5.657   8.225   99.94943  3.722996  327.572115  76.095197  18.9313233654316 -25.8191592  119.3196 /L    2.5798   0.0343361   259.92469   -73.07386         n.a.     n.a.
 2026-Sep-30 12:00 Nm  04 13 00.43 +21 00 18.4  04 14 36.25 +21 04 28.9  -2.52176  -0.44510  264.341264  66.560623    5.652   8.225   99.95204  3.730221  140.498599  76.063535  18.8946555070756 -24.8572188  121.8157 /L    2.5130   0.0426789   259.99007   -68.58793         n.a.     n.a.
 2026-Oct-03 00:00 *   04 12 49.47 +20 59 50.5  04 14 25.33 +21 04 01.4  -2.61085  -0.46178   32.440177 -36.269705    5.648   8.224   99.95475  3.737257  313.411848  76.028061  18.8590840709311 -24.5112718  124.3127 /L    2.4411   0.0441895   259.96978   -67.65867         n.a.     n.a.
 2026-Oct-05 12:00 Nm  04 12 37.23 +20 59 20.0  04 14 13.21 +21 03 31.7  -3.08620  -0.55129  267.167891  62.034152    5.644   8.224   99.95756  3.744138  126.313240  75.988356  18.8244240201195 -23.3877373  126.8264 /L    2.3645   0.0522509   259.87197   -63.05350         n.a.     n.a.
 2026-Oct-08 00:00 *   04 12 23.87 +20 58 45.9  04 13 59.86 +21 02 58.2  -3.17185  -0.55992   37.231409 -33.687282    5.640   8.224   99.96043  3.750798  299.201768  75.944998  18.7910015171315 -22.9990158  129.3410 /L    2.2832   0.0536815   259.98889   -62.06964         n.a.     n.a.
 2026-Oct-10 12:00 N   04 12 09.27 +20 58 09.2  04 13 45.34 +21 02 22.3  -3.62279  -0.65315  269.528781  57.478499    5.636   8.224   99.96337  3.757267  112.078720  75.897538  18.7586457808051 -21.7137057  131.8719 /L    2.1972   0.0613534   259.78005   -57.35345         n.a.     n.a.
 2026-Oct-13 00:00 *m  04 11 53.63 +20 57 29.2  04 13 29.71 +21 01 42.7  -3.70115  -0.65299   41.647045 -30.804865    5.633   8.224   99.96633  3.763482  284.943397  75.846652  18.7276671643850 -21.2830383  134.4028 /L    2.1068   0.0626386   259.99433   -56.32746         n.a.     n.a.
 2026-Oct-15 12:00 N   04 11 36.84 +20 56 46.8  04 13 13.01 +21 01 01.1  -4.12149  -0.74894  271.606229  52.903508    5.629   8.225   99.96930  3.769474   97.797005  75.791866  18.6979020070095 -19.8484621  136.9493 /L    2.0121   0.0698163   259.70088   -51.51666         n.a.     n.a.
 2026-Oct-18 00:00 *m  04 11 19.09 +20 56 01.2  04 12 55.29 +21 00 16.2  -4.19033  -0.74008   45.703845 -27.660449    5.626   8.225   99.97225  3.775180  270.639107  75.733938  18.6696363162142 -19.3850916  139.4951 /L    1.9134   0.0709197   259.98388   -50.45777         n.a.     n.a.
 2026-Oct-20 12:00 N   04 11 00.27 +20 55 13.5  04 12 36.55 +20 59 29.4  -4.57547  -0.83807  273.506511  48.316421    5.623   8.225   99.97516  3.780633   83.470788  75.672363  18.6427128709453 -17.8179891  142.0559 /L    1.8107   0.0775265   259.62049   -45.56624         n.a.     n.a.
 2026-Oct-23 00:00 *m  04 10 40.61 +20 54 22.8  04 12 16.89 +20 58 39.4  -4.63432  -0.82032   49.427333 -24.288849    5.620   8.225   99.97800  3.785774  256.291862  75.607963  18.6173921675602 -17.3300262  144.6152 /L    1.7043   0.0784394   259.96205   -44.47451         n.a.     n.a.
 2026-Oct-25 12:00 Nm  04 10 19.97 +20 53 30.1  04 11 56.30 +20 57 47.6  -4.98172  -0.91979  275.296271  43.723257    5.617   8.225   99.98076  3.790634   69.103241  75.540196  18.5935265785408 -15.6458207  147.1895 /L    1.5943   0.0844320   259.53909   -39.50785         n.a.     n.a.
 2026-Oct-28 00:00 *   04 09 58.60 +20 52 34.7  04 11 34.94 +20 56 52.8  -5.03135  -0.89379   52.847494 -20.721269    5.614   8.225   99.98341  3.795160  241.904935  75.469936  18.5713507668518 -15.1386215  149.7620 /L    1.4811   0.0851687   259.92678   -38.37510         n.a.     n.a.
 2026-Oct-30 12:00 Nm  04 09 36.35 +20 51 37.5  04 11 12.77 +20 55 56.6  -5.33927  -0.99396  277.020879  39.129616    5.612   8.225   99.98593  3.799378   54.697662  75.396598  18.5507327239371 -13.3467900  152.3496 /L    1.3647   0.0905166   259.45450   -33.33110         n.a.     n.a.
 2026-Nov-02 00:00 *   04 09 13.47 +20 50 37.8  04 10 49.92 +20 54 57.8  -5.38000  -0.95965   55.995516 -16.984857    5.610   8.225   99.98829  3.803242  227.481624  75.321108  18.5318880169714 -12.8148863  154.9355 /L    1.2455   0.0910819   259.88634   -32.13576         n.a.     n.a.
 2026-Nov-04 12:00 Am  04 08 49.82 +20 49 36.6  04 10 26.31 +20 53 57.8  -5.64444  -1.05920  278.713377  34.540846    5.608   8.225   99.99048  3.806771   40.257364  75.242862  18.5147068989324 -10.9187861  157.5363 /L    1.1234   0.0957160   259.37180   -27.01270        0.245   33.628
 2026-Nov-07 00:00 *   04 08 25.68 +20 48 33.3  04 10 02.16 +20 52 55.2  -5.67289  -1.01605   58.902344 -13.103447    5.606   8.225   99.99248  3.809925  213.025326  75.162856  18.4993810611166 -10.3605796  160.1345 /L    0.9992   0.0960527   259.84559   -25.75501         n.a.     n.a.
 2026-Nov-09 12:00 A   04 08 00.88 +20 47 28.7  04 09 37.40 +20 51 51.6  -5.88846  -1.11339  280.398965  29.962573    5.604   8.225   99.99428  3.812720   25.785928  75.080490  18.4858154747050  -8.3755107  162.7469 /L    0.8725   0.0998800   259.29297   -20.57453         n.a.     n.a.
 2026-Nov-12 00:00 Cm  04 07 35.73 +20 46 22.4  04 09 12.26 +20 50 46.0  -5.90215  -1.06148   61.596977  -9.097879    5.603   8.225   99.99584  3.815124  198.539829  74.996816  18.4741680761836  -7.8006795  165.3554 /L    0.7442   0.0999473   259.80455   -19.26948         n.a.     n.a.
 2026-Nov-14 12:00 A   04 07 10.07 +20 45 15.1  04 08 46.65 +20 49 39.9  -6.06527  -1.15580  282.098782  25.401004    5.602   8.225   99.99718  3.817152   11.287289  74.911231  18.4643540266691  -5.7501135  167.9769 /L    0.6141   0.1029069   259.21102   -14.06050         n.a.     n.a.
 2026-Nov-17 00:00 Cm  04 06 44.21 +20 44 06.5  04 08 20.79 +20 48 32.2  -6.06353  -1.09524   64.106192  -4.986257    5.601   8.225   99.99827  3.818777  184.029163  74.824827  18.4564946106897  -5.1705610  170.5934 /L    0.4829   0.1026942   259.76122   -12.72286         n.a.     n.a.
 2026-Nov-19 12:00 A   04 06 17.97 +20 42 57.3  04 07 54.57 +20 47 24.1  -6.17322  -1.18558  283.831145  20.862723    5.600   8.225   99.99910  3.820015  356.765529  74.736983  18.4505174987560  -3.0767630  173.2217 /L    0.3504   0.1047673   259.12863   -7.507045         n.a.     n.a.
 2026-Nov-22 00:00 Cm  04 05 51.69 +20 41 47.2  04 07 28.27 +20 46 14.7  -6.15718  -1.11724   66.454775  -0.784555    5.600   8.225   99.99966  3.820845  169.497384  74.648810  18.4465082001953  -2.5019317  175.8436 /L    0.2175   0.1042955   259.71540   -6.146141         n.a.     n.a.
 2026-Nov-24 12:00 Am  04 05 25.18 +20 40 36.7  04 07 01.78 +20 45 05.2  -6.21385  -1.20304  285.612888  16.354848    5.599   8.225   99.99995  3.821280  342.224602  74.559672  18.4444091617078  -0.3846375  178.4735 /L    0.0840   0.1054874   259.04277   -0.942737        4.284    1.920
 2026-Nov-27 00:00 C   04 04 58.75 +20 39 25.8  04 06 35.38 +20 43 55.1  -6.18563  -1.12752   68.665249   3.493311    5.599   8.225   99.99998  3.821308  154.948302  74.470679  18.4442743546195   0.1829673  178.8812 /T    0.0504   0.1047925   259.66951   0.4429427         n.a.     n.a.
 2026-Nov-29 12:00 Am  04 04 32.23 +20 38 14.8  04 06 08.89 +20 42 45.5  -6.19010  -1.20789  287.460757  11.885132    5.599   8.225   99.99973  3.820936  327.668147  74.381180  18.4460701629233   2.3150756  176.2486 /T    0.1839   0.1051142   258.95843   5.6354371        1.519    5.414
 2026-Dec-02 00:00 C   04 04 05.94 +20 37 03.9  04 05 42.58 +20 41 35.3  -6.14884  -1.12531   70.758323   7.835298    5.600   8.225   99.99921  3.820158  140.385393  74.292302  18.4498246045956   2.8804731  173.6170 /T    0.3168   0.1041827   259.62892   7.0614336         n.a.     n.a.
 2026-Dec-04 12:00 Am  04 03 39.71 +20 35 53.2  04 05 16.33 +20 40 25.7  -6.09854  -1.19867  289.391389   7.461932    5.600   8.225   99.99842  3.818978  313.099576  74.203415  18.4555252480129   5.0146804  170.9736 /T    0.4496   0.1035870   258.88023   12.237997        0.298   27.641
 2026-Dec-07 00:00 C   04 03 13.85 +20 34 43.1  04 04 50.46 +20 39 16.2  -6.04227  -1.10909   72.753309  12.230462    5.601   8.225   99.99738  3.817398  125.812115  74.115660  18.4631643525636   5.5707710  168.3379 /T    0.5810   0.1023869   259.59880   13.695543         n.a.     n.a.
 2026-Dec-09 12:00 A   04 02 48.20 +20 33 33.6  04 04 24.81 +20 38 07.8  -5.93609  -1.17487  291.422296   3.094883    5.602   8.225   99.99608  3.815419  298.522403  74.028426  18.4727421268150   7.6826145  165.6922 /T    0.7116   0.1008540   258.80471   18.831679         n.a.     n.a.
 2026-Dec-12 00:00 Cm  04 02 23.07 +20 32 25.1  04 03 59.70 +20 37 00.1  -5.86456  -1.07897   74.668007  16.669087    5.604   8.225   99.99455  3.813051  111.232000  73.942849  18.4842107878714   8.2163937  163.0556 /T    0.8401   0.0993832   259.57527   20.300334         n.a.     n.a.
 2026-Dec-14 12:00 A   04 01 58.30 +20 31 17.7  04 03 34.91 +20 35 53.9  -5.70398  -1.13640  293.572293  -1.205239    5.605   8.225   99.99280  3.810295  283.940159  73.858326  18.4975831174407  10.2812475  160.4104 /T    0.9673   0.0969347   258.73253   25.373086         n.a.     n.a.
 2026-Dec-17 00:00 Cm  04 01 34.19 +20 30 11.8  04 03 10.78 +20 34 48.7  -5.61926  -1.03527   76.519813  21.142388    5.607   8.225   99.99083  3.807168   96.648540  73.775958  18.5127737497624  10.7823408  157.7756 /T    1.0918   0.0952306   259.56109   26.833312         n.a.     n.a.
 2026-Dec-19 12:00     04 01 10.59 +20 29 07.3  04 02 47.13 +20 33 45.1  -5.40750  -1.08434  295.861571  -5.426458    5.609   8.224   99.98867  3.803668  269.356230  73.695146  18.5298098103518  12.7788706  155.1333 /T    1.2144   0.0919191   258.66108   31.823226         n.a.     n.a.
 2026-Dec-22 00:00 *m  04 00 47.78 +20 28 04.7  04 02 24.32 +20 32 42.9  -5.31242  -0.97913   78.326176  25.642383    5.611   8.224   99.98635  3.799821   82.064974  73.616945  18.5485716389211  13.2408128  152.5024 /T    1.3338   0.0900316   259.55699   33.258637         n.a.     n.a.
 2026-Dec-24 12:00  m  04 00 25.59 +20 27 03.8  04 02 02.13 +20 31 43.1  -5.05421  -1.01975  298.312483  -9.555178    5.614   8.224   99.98386  3.795619  254.773695  73.540754  18.5691055133972  15.1554201  149.8645 /T    1.4508   0.0859343   258.59305   38.153947         n.a.     n.a.
 2026-Dec-27 00:00 *   04 00 04.30 +20 26 05.3  04 01 40.86 +20 30 45.2  -4.95137  -0.91151   80.104989  30.162073    5.616   8.224   99.98125  3.791094   67.484191  73.467571  18.5912663934862  15.5825010  147.2383 /T    1.5642   0.0839095   259.56911   39.565995         n.a.     n.a.
 2026-Dec-29 12:00  m  03 59 43.76 +20 25 08.8  04 01 20.26 +20 29 49.7  -4.64880  -0.94294  300.949751 -13.576111    5.619   8.224   99.97852  3.786235  240.195265  73.396823  18.6151258013385  17.4102659  144.6051 /T    1.6748   0.0790578   258.53401   44.380605         n.a.     n.a.
$$EOE
**********************************************************************************************************************************************************************************************************************************************************************************************
Column meaning:
 
TIME

  Times PRIOR to 1962 are UT1, a mean-solar time closely related to the
prior but now-deprecated GMT. Times AFTER 1962 are in UTC, the current
civil or "wall-clock" time-scale. UTC is kept within 0.9 seconds of UT1
using integer leap-seconds for 1972 and later years.

  Conversion from the internal Barycentric Dynamical Time (TDB) of solar
system dynamics to the non-uniform civil UT time-scale requested for output
has not been determined for UTC times after the next July or January 1st.
Therefore, the last known leap-second is used as a constant over future
intervals.

  Time tags refer to the UT time-scale conversion from TDB on Earth
regardless of observer location within the solar system, although clock
rates may differ due to the local gravity field and no analog to "UT"
may be defined for that location.

  Any 'b' symbol in the 1st-column denotes a B.C. date. First-column blank
(" ") denotes an A.D. date.
 
CALENDAR SYSTEM

  Mixed calendar mode was active such that calendar dates after AD 1582-Oct-15
(if any) are in the modern Gregorian system. Dates prior to 1582-Oct-5 (if any)
are in the Julian calendar system, which is automatically extended for dates
prior to its adoption on 45-Jan-1 BC.  The Julian calendar is useful for
matching historical dates. The Gregorian calendar more accurately corresponds
to the Earth's orbital motion and seasons. A "Gregorian-only" calendar mode is
available if such physical events are the primary interest.

  NOTE: "n.a." in output means quantity "not available" at the print-time.
 
SOLAR PRESENCE (OBSERVING SITE)
  Time tag is followed by a blank, then a solar-presence symbol:

       '*'  Daylight (refracted solar upper-limb on or above apparent horizon)
       'C'  Civil twilight/dawn
       'N'  Nautical twilight/dawn
       'A'  Astronomical twilight/dawn
       ' '  Night OR geocentric ephemeris

LUNAR PRESENCE (OBSERVING SITE)
  The solar-presence symbol is immediately followed by a lunar-presence symbol:

       'm'  Refracted upper-limb of Moon on or above apparent horizon
       ' '  Refracted upper-limb of Moon below apparent horizon OR geocentric
            ephemeris
 
 'R.A._____(ICRF)_____DEC' =
  Astrometric right ascension and declination of the target center with
respect to the observing site (coordinate origin) in the reference frame of
the planetary ephemeris (ICRF). Compensated for down-leg light-time delay
aberration.

  Units: RA  in hours-minutes-seconds of time,    HH MM SS.ff{ffff}
         DEC in degrees-minutes-seconds of arc,  sDD MN SC.f{ffff}
 
 'R.A.__(a-apparent)__DEC' =
  Airless apparent right ascension and declination of the target center
with respect to an instantaneous reference frame defined by the Earth equator
of-date (z-axis) and meridian containing the Earth equinox of-date (x-axis,
EOP-corrected IAU76/80). Compensated for down-leg light-time delay,
gravitational deflection of light, stellar aberration, precession & nutation.
Note: equinox (RA origin) is offset -53 mas from the of-date frame defined
by the IAU06/00a P & N system.

  Units: RA  in hours-minutes-seconds of time,   HH MM SS.ff{ffff}
         DEC in degrees-minutes-seconds of arc, sDD MN SC.f{ffff}
 
 'dRA*cosD d(DEC)/dt' =
  The angular rate of change in apparent RA and DEC of the target. This is
with respect to the non-inertial IAU76/80 Earth true equator and equinox
of-date reference frame.  d(RA)/dt is multiplied by the cosine of declination
to provide a linear rate in the plane-of-sky. Units: ARCSECONDS PER HOUR
 
 'Azi____(a-app)___Elev' =
  Airless apparent azimuth and elevation of target center. Compensated
for light-time, the gravitational deflection of light, stellar aberration,
precession and nutation. Azimuth is measured clockwise from north:

  North(0) -> East(90) -> South(180) -> West(270) -> North (360)

Elevation angle is with respect to a plane perpendicular to the reference
surface local zenith direction. TOPOCENTRIC ONLY.  Units: DEGREES
 
 'APmag   S-brt' =
  The targets' approximate apparent visual magnitude and surface brightness.
For planets and natural satellites, output is restricted to solar phase angles
covered by observational data. Outside the observed phase angle range, "n.a."
may be output to avoid extrapolation beyond the limit of model validity.

   For Earth-based observers, the estimated dimming due to atmospheric
absorption (extinction) is available as a separate, requestable quantity.

   Surface brightness is the average airless visual magnitude of a
square-arcsecond of the illuminated portion of the apparent disk. It is
computed only if the target radius is known.

   Units: MAGNITUDES & MAGNITUDES PER SQUARE ARCSECOND
 
 'Illu%' =
   Fraction of the target objects' assumed circular disk illuminated by Sun
(phase), as seen by the observer.  Units: PERCENT
 
 'Ang-diam' =
   The equatorial angular width of the target body full disk, if it were fully
illuminated and visible to the observer. If the target body diameter is unknown
"n.a." is output.

   Units: ARCSECONDS
 
 'ObsSub-LON ObsSub-LAT' =
   Apparent planetodetic longitude and latitude of the center of the target
disc seen by the OBSERVER at print-time. This is NOT exactly the same as the
"nearest" sub-point for a non-spherical target shape (since the center of the
disc might not be the point closest to the observer), but is generally very
close if not a very irregular body shape. Down-leg light travel-time from
target to observer is taken into account. Latitude is the angle between the
equatorial plane and the line perpendicular to the reference ellipsoid of the
body, so includes body oblateness. The reference ellipsoid is an oblate
spheroid with a single flatness coefficient in which the y-axis body radius
is taken to be the same value as the x-axis radius. For Jupiter, Saturn, and
Uranus, IAU2015 longitude is based on the "System III" prime meridian rotation
angle of the magnetic field. By contrast, pole direction (thus latitude) is
relative to the body dynamical equator.  There can be an offset between the
magnetic pole and the dynamical pole of rotation. For Neptune, rotation is
IAU2015 "System II" rotation of optically observed features in the Neptunian
atmosphere. Positive longitude is to the EAST for this target. Cartographic
system is specified in the header. Units: DEGREES DEGREES
 
 'delta      deldot' =
   Apparent range ("delta", light-time aberrated) and range-rate ("delta-dot")
of the target center relative to the observer. A positive "deldot" means the
target center is moving away from the observer, negative indicates movement
toward the observer.  Units: AU and KM/S
 
 'S-O-T /r' =
   Sun-Observer-Target apparent SOLAR ELONGATION ANGLE seen from the observers'
location at print-time.

   The '/r' column provides a code indicating the targets' apparent position
relative to the Sun in the observers' sky, as described below:

   Case A: For an observing location on the surface of a rotating body, that
body rotational sense is considered:

    /T indicates target TRAILS Sun   (evening sky: rises and sets AFTER Sun)
    /L indicates target LEADS Sun    (morning sky: rises and sets BEFORE Sun)

   Case B: For an observing point that does not have a rotational model (such
as a spacecraft), the "leading" and "trailing" condition is defined by the
observers' heliocentric ORBITAL motion:

    * If continuing in the observers' current direction of heliocentric
       motion would encounter the targets' apparent longitude first, followed
       by the Sun's, the target LEADS the Sun as seen by the observer.

    * If the Sun's apparent longitude would be encountered first, followed
       by the targets', the target TRAILS the Sun.

   Two other codes can be output:
    /* indicates observer is Sun-centered    (undefined)
    /? Target is aligned with Sun center     (no lead or trail)

   The S-O-T solar elongation angle is numerically the minimum separation
angle of the Sun and target in the sky in any direction. It does NOT indicate
the amount of separation in the leading or trailing directions, which would
be defined along the equator of a spherical coordinate system.

   Units: DEGREES
 
 'S-T-O' =
   The Sun-Target-Observer angle; the interior vertex angle at target center
formed by a vector from the target to the apparent center of the Sun (at
reflection time on the target) and the apparent vector from target to the
observer at print-time. Slightly different from true PHASE ANGLE (requestable
separately) at the few arcsecond level in that it includes stellar aberration
on the down-leg from target to observer.  Units: DEGREES
 
 'Sky_motion  Sky_mot_PA  RelVel-ANG' =
  Total apparent angular rate of the target in the plane-of-sky. "Sky_mot_PA"
is the position angle of the target's direction of motion in the plane-of-sky,
measured counter-clockwise from the apparent of-date north pole direction.
"RelVel-ANG" is the flight path angle of the target's relative motion with
respect to the observer's line-of-sight, in the range [-90,+90], where positive
values indicate motion away from the observer, negative values are toward the
observer:

  -90 = target is moving directly toward the observer
    0 = target is moving at right angles to the observer's line-of-sight
  +90 = target is moving directly away from the observer

UNITS:  ARCSECONDS/MINUTE, DEGREES, DEGREES
 
 'Lun_Sky_Brt  sky_SNR' =
  Sky brightness due to moonlight scattered by Earth's atmosphere at the
target's position in the sky. "sky_SNR" is the visual signal-to-noise ratio
(SNR) of the target's surface brightness relative to background sky. Output
only for topocentric Earth observers when both the Moon and target are above
the local horizon and the Sun is in astronomical twilight (or further) below
the horizon, and the target is not the Moon or Sun. If all conditions are
not met, "n.a." is output. Galactic brightness, local sky light-pollution
and weather are NOT considered. Lunar opposition surge is considered. The
value returned is accurate under ideal conditions at the approximately 8-23%
level, so is a useful but not definitive value.

  If the target-body radius is also known, "sky_SNR" is output. This is the
approximate visual signal-to-noise ratio of the target's brightness divided
by lunar sky brightness. When sky_SNR < 1, the target is dimmer than the
ideal moonlight-scattering background sky, so unlikely to be detectable at
visual wavelengths. In practice, visibility requires sky_SNR > 1 and a
detector sensitive enough to reach the target's magnitude, even if it isn't
washed out by moonlight. When relating magnitudes and brightness values,
keep in mind their logarithmic relationship m2-m1 = -2.5*log_10(b2/b1).

  UNITS: VISUAL MAGNITUDES / ARCSECOND^2, and unitless ratio

Computations by ...

    Solar System Dynamics Group, Horizons On-Line Ephemeris System
    4800 Oak Grove Drive, Jet Propulsion Laboratory
    Pasadena, CA  91109   USA

    General site: https://ssd.jpl.nasa.gov/
    Mailing list: https://ssd.jpl.nasa.gov/email_list.html
    System news : https://ssd.jpl.nasa.gov/horizons/news.html
    User Guide  : https://ssd.jpl.nasa.gov/horizons/manual.html
    Connect     : browser        https://ssd.jpl.nasa.gov/horizons/app.html#/x
                  API            https://ssd-api.jpl.nasa.gov/doc/horizons.html
                  command-line   telnet ssd.jpl.nasa.gov 6775
                  e-mail/batch   https://ssd.jpl.nasa.gov/ftp/ssd/horizons_batch.txt
                  scripts        https://ssd.jpl.nasa.gov/ftp/ssd/SCRIPTS
    Author      : Jon.D.Giorgini@jpl.nasa.gov

**********************************************************************************************************************************************************************************************************************************************************************************************
