*******************************************************************************
 Revised: September 25, 2025           Uranus                               799
 
 PHYSICAL DATA:
  Mass x10^24 (kg)      = 86.813          Density (g/cm^3)       =  1.271
  Equat. radius (1 bar) = 25559+-4 km     Polar radius (km)      = 24973+-20
  Vol. Mean Radius (km) = 25362+-12       Flattening             =  0.02293
  Geometric Albedo      = 0.51
  Sid. rot. period (III)= 17.24+-0.01 h   Sid. rot. rate (rad/s) = -0.000101237
  Mean solar day, h     =~17.24           Rocky core mass (Mc/M) =  0.0012        
  GM (km^3/s^2)         = 5793950.6103    GM 1-sigma (km^3/s^2)  = +-4.3 
  Equ. grav, ge (m/s^2) =  8.87           Pol. grav, gp (m/s^2)  =   9.19+-0.02
  Visual magnitude V(1,0)= -7.11
  Vis. mag. (opposition)=  +5.52          Obliquity to orbit     = 97.77 deg
  Sidereal orbit period = 84.0120465 y    Sidereal orbit period  = 30685.4 d
  Mean daily motion     = 0.01176904 dg/d Mean orbit velocity    =  6.8 km/s
  Atmos. temp. (1 bar)  =  76+-2 K        Escape speed, km/s     =  21.3           
  Aroche(ice)/Rp        =  2.20           Hill's sphere rad., Rp = 2700
                                 Perihelion   Aphelion    Mean
  Solar Constant (W/m^2)         4.09         3.39        3.71
  Maximum Planetary IR (W/m^2)   0.72         0.55        0.63
  Minimum Planetary IR (W/m^2)   0.72         0.55        0.63
*******************************************************************************


*******************************************************************************
Ephemeris / WWW_USER Mon Apr  6 16:56:46 2026 Pasadena, USA      / Horizons    
*******************************************************************************
Target body name: Uranus (799)                    {source: ura184_merged}
Center body name: Earth (399)                     {source: DE441}
Center-site name: (user defined site below)
*******************************************************************************
Start time      : A.D. 2026-Jan-01 00:00:00.0000 UT      
Stop  time      : A.D. 2026-Dec-31 00:00:00.0000 UT      
Step-size       : 3600 minutes
*******************************************************************************
Target pole/equ : IAU_URANUS                      {East-longitude positive}
Target radii    : 25559.0, 25559.0, 24973.0 km    {Equator_a, b, pole_c}       
Center geodetic : 269.5, 19.5, .010               {E-lon(deg),Lat(deg),Alt(km)}
Center cylindric: 269.5, 6014.54964, 2115.60564   {E-lon(deg),Dxy(km),Dz(km)}
Center pole/equ : ITRF93                          {East-longitude positive}
Center radii    : 6378.137, 6378.137, 6356.752 km {Equator_a, b, pole_c}       
Target primary  : Sun
Vis. interferer : MOON (R_eq= 1737.400) km        {source: DE441}
Rel. light bend : Sun                             {source: DE441}
Rel. lght bnd GM: 1.3271E+11 km^3/s^2                                          
Atmos refraction: NO (AIRLESS)
RA format       : HMS
Time format     : CAL 
Calendar mode   : Mixed Julian/Gregorian
EOP file        : eop.260406.p260703                                           
EOP coverage    : DATA-BASED 1962-JAN-20 TO 2026-APR-06. PREDICTS-> 2026-JUL-02
Units conversion: 1 au= 149597870.700 km, c= 299792.458 km/s, 1 day= 86400.0 s 
Table cut-offs 1: Elevation (-90.0deg=NO ),Airmass (>38.000=NO), Daylight (NO )
Table cut-offs 2: Solar elongation (  0.0,180.0=NO ),Local Hour Angle( 0.0=NO )
Table cut-offs 3: RA/DEC angular rate (     0.0=NO )                           
**********************************************************************************************************************************************************************************************************************************************************************************************
 Date__(UT)__HR:MN     R.A._____(ICRF)_____DEC  R.A.__(a-apparent)__DEC  dRA*cosD d(DEC)/dt  Azi____(a-app)___Elev    APmag   S-brt      Illu%  Ang-diam  ObsSub-LON ObsSub-LAT             delta      deldot     S-O-T /r     S-T-O  Sky_motion  Sky_mot_PA  RelVel-ANG  Lun_Sky_Brt  sky_SNR
**********************************************************************************************************************************************************************************************************************************************************************************************
$$SOE
 2026-Jan-01 00:00 Nm  03 41 25.53 +19 25 28.7  03 42 56.94 +19 30 34.6  -4.10551  -0.85408   82.003291  47.174260    5.646   8.236   99.97084  3.757945    3.751327  69.516096  18.7552604471445  19.6957777  137.3828 /T    1.9525   0.0698901   258.24829   51.182361         n.a.     n.a.
 2026-Jan-03 12:00 Nm  03 41 08.95 +19 24 36.7  03 42 40.33 +19 29 43.4  -3.69123  -0.85218  310.244520 -32.550397    5.649   8.236   99.96794  3.752020  176.501881  69.455701  18.7848780317203  21.2342384  134.7643 /T    2.0479   0.0631387   257.00013   55.972494         n.a.     n.a.
 2026-Jan-06 00:00 C   03 40 53.53 +19 23 48.6  03 42 24.93 +19 28 55.8  -3.60617  -0.74218   83.005786  51.901377    5.652   8.236   99.96505  3.745866  349.253876  69.399480  18.8157424605144  21.6030144  132.1600 /T    2.1385   0.0613625   258.37042   57.134762         n.a.     n.a.
 2026-Jan-08 12:00 Nm  03 40 39.15 +19 23 03.7  03 42 10.46 +19 28 11.5  -3.16001  -0.72991  314.093700 -36.099099    5.656   8.236   99.96217  3.739451  162.006018  69.346994  18.8480196269266  23.0034010  129.5501 /T    2.2252   0.0540536   256.99379   61.836303         n.a.     n.a.
 2026-Jan-11 00:00 C   03 40 25.99 +19 22 23.1  03 41 57.29 +19 27 31.0  -3.06862  -0.62042   83.981314  56.622059    5.660   8.235   99.95936  3.732838  334.760177  69.298950  18.8814117079799  23.3409512  126.9545 /T    2.3066   0.0521785   258.56996   62.967736         n.a.     n.a.
 2026-Jan-13 12:00 Nm  03 40 13.95 +19 21 45.9  03 41 45.18 +19 26 54.1  -2.59288  -0.59776  318.411544 -39.397329    5.664   8.235   99.95661  3.725994  147.515016  69.254971  18.9160938815825  24.5893137  124.3539 /T    2.3839   0.0443482   257.01802   67.588662         n.a.     n.a.
 2026-Jan-16 00:00 C   03 40 03.20 +19 21 13.2  03 41 34.45 +19 26 21.6  -2.49536  -0.48958   84.935605  61.333307    5.668   8.235   99.95397  3.718985  320.272480  69.215680  18.9517434721685  24.8871061  121.7684 /T    2.4556   0.0423823   258.89980   68.687399         n.a.     n.a.
 2026-Jan-18 12:00 N   03 39 53.65 +19 20 44.2  03 41 24.84 +19 25 53.0  -1.99464  -0.45707  323.247027 -42.397385    5.672   8.235   99.95143  3.711778  133.031187  69.180746  18.9885424352211  25.9687651  119.1786 /T    2.5228   0.0341057   257.09360   73.224321         n.a.     n.a.
 2026-Jan-21 00:00 Cm  03 39 45.45 +19 20 20.0  03 41 16.64 +19 25 29.0  -1.89262  -0.35171   85.875143  66.032473    5.676   8.235   99.94904  3.704442  305.793120  69.150695  19.0261462412381  26.2188141  116.6048 /T    2.5843   0.0320836   259.47262   74.281609         n.a.     n.a.
 2026-Jan-23 12:00 N   03 39 38.50 +19 19 59.6  03 41 09.60 +19 25 08.8  -1.37235  -0.31037  328.635366 -45.045108    5.681   8.235   99.94680  3.696942  118.556856  69.125241  19.0647421402901  27.1207242  114.0278 /T    2.6410   0.0234502   257.25651   78.730647         n.a.     n.a.
 2026-Jan-26 00:00 Cm  03 39 32.93 +19 19 44.1  03 41 04.02 +19 24 53.3  -1.26891  -0.20896   86.809597  70.717183    5.685   8.235   99.94474  3.689351  291.324404  69.104795  19.1039686038509  27.3187178  111.4676 /T    2.6919   0.0214334   260.64882   79.730649         n.a.     n.a.
 2026-Jan-28 12:00 N   03 39 28.66 +19 19 32.6  03 40 59.68 +19 24 41.8  -0.73627  -0.16001  334.585222 -47.281488    5.690   8.235   99.94285  3.681632  104.094286  69.089101  19.1440226167470  28.0369283  108.9051 /T    2.7378   0.0125576   257.73852   84.082546         n.a.     n.a.
 2026-Jan-31 00:00 Cm  03 39 25.78 +19 19 26.1  03 40 56.83 +19 24 35.4  -0.63453  -0.06403   87.755146  75.385519    5.694   8.235   99.94118  3.673857  276.868490  69.078459  19.1845355826074  28.1887355  106.3597 /T    2.7778   0.0106292   264.23761   85.002560         n.a.     n.a.
 2026-Feb-02 12:00 Nm  03 39 24.21 +19 19 23.6  03 40 55.20 +19 24 33.0  -0.09444  -0.00802  341.063759 -49.046241    5.699   8.235   99.93970  3.665987   89.645500  69.072661  19.2257192024176  28.7293660  103.8123 /T    2.8128   0.0015797   265.14514   89.267863         n.a.     n.a.
 2026-Feb-05 00:00 C   03 39 24.04 +19 19 26.1  03 40 55.02 +19 24 35.5  0.005622  0.082274   88.752336  80.035957    5.703   8.235   99.93846  3.658094  262.427306  69.071912  19.2672034618739  28.8444270  101.2815 /T    2.8418   0.0013744   3.9092914   89.364178         n.a.     n.a.
 2026-Feb-07 12:00 Nm  03 39 25.21 +19 19 32.6  03 40 56.09 +19 24 41.8  0.550975  0.145253  347.982701 -50.284476    5.708   8.235   99.93743  3.650137   75.212392  69.076083  19.3092083053852  29.2087493   98.7486 /T    2.8658   0.0094967   75.231156   85.660278         n.a.     n.a.
 2026-Feb-10 00:00 C   03 39 27.76 +19 19 44.3  03 40 58.65 +19 24 53.2  0.650584  0.229547   89.972252  84.666946    5.713   8.235   99.93664  3.642187  248.002767  69.085295  19.3513554198916  29.2842626   96.2322 /T    2.8839   0.0114982   70.565487   84.752388         n.a.     n.a.
 2026-Feb-12 12:00 Nm  03 39 31.67 +19 20 00.0  03 41 02.50 +19 25 08.6  1.197751  0.299050  355.194852 -50.954097    5.717   8.235   99.93609  3.634203   60.796937  69.099481  19.3938645649354  29.4658979   93.7138 /T    2.8968   0.0205753   75.981226   80.703321         n.a.     n.a.
 2026-Feb-15 00:00 *   03 39 36.95 +19 20 20.7  03 41 07.80 +19 25 29.2  1.296037  0.376349   95.822923  89.274420    5.722   8.235   99.93579  3.626259  233.596893  69.118662  19.4363505866446  29.4968078   91.2123 /T    2.9038   0.0224929   73.807517   79.842812         n.a.     n.a.
 2026-Feb-17 12:00 N   03 39 43.60 +19 20 45.4  03 41 14.37 +19 25 53.7  1.840659  0.451107    2.506784 -51.033947    5.727   8.234   99.93572  3.618314   46.401154  69.142827  19.4790314301483  29.4905073   88.7093 /T    2.9057   0.0315855   76.229426   75.845885         n.a.     n.a.
 2026-Feb-20 00:00 *m  03 39 51.60 +19 21 15.1  03 41 22.36 +19 26 23.1  1.936025  0.520671  269.791717  86.132108    5.731   8.234   99.93590  3.610439  219.211684  69.171896  19.5215179319477  29.4726461   86.2235 /T    2.9017   0.0334136   74.947143   75.022577         n.a.     n.a.
 2026-Feb-22 12:00 N   03 40 00.94 +19 21 48.7  03 41 31.62 +19 26 56.1  2.472208  0.599592    9.707962 -50.528826    5.736   8.234   99.93632  3.602594   32.027019  69.205900  19.5640272762581  29.2780511   83.7370 /T    2.8927   0.0423980   76.367128   71.095628         n.a.     n.a.
 2026-Feb-25 00:00 *m  03 40 11.60 +19 22 27.2  03 41 42.31 +19 27 34.1  2.561600  0.660185  271.219801  81.565820    5.741   8.234   99.93696  3.594849  204.849044  69.244642  19.6061747411876  29.2153182   81.2682 /T    2.8781   0.0440884   75.548021   70.320430         n.a.     n.a.
 2026-Feb-27 12:00 N   03 40 23.58 +19 23 09.3  03 41 54.24 +19 28 15.8  3.084185  0.742226   16.606923 -49.468384    5.745   8.234   99.93784  3.587164   17.676298  69.288201  19.6481824678549  28.8432325   78.7991 /T    2.8584   0.0528706   76.468768   66.473749         n.a.     n.a.
 2026-Mar-02 00:00 *m  03 40 36.81 +19 23 56.1  03 42 07.50 +19 29 02.3  3.166859  0.793688  272.236897  77.022137    5.750   8.234   99.93893  3.579604  190.510595  69.336286  19.6896792183294  28.7479549   76.3475 /T    2.8334   0.0544134   75.930157   65.748646         n.a.     n.a.
 2026-Mar-04 12:00 Cm  03 40 51.32 +19 24 46.4  03 42 21.93 +19 29 52.0  3.673678  0.878694   23.059605 -47.901925    5.754   8.234   99.94022  3.572127    3.350511  69.389042  19.7308916530200  28.2119185   73.8953 /T    2.8035   0.0629550   76.548343   61.976715         n.a.     n.a.
 2026-Mar-07 00:00 *   03 41 07.04 +19 25 41.2  03 42 37.65 +19 30 46.2  3.751628  0.921217  273.166804  72.501644    5.759   8.234   99.94171  3.564797  176.197798  69.446112  19.7714589888376  28.0891396   71.4600 /T    2.7685   0.0643846   76.203902   61.285176         n.a.     n.a.
 2026-Mar-09 12:00 Cm  03 41 24.01 +19 26 39.4  03 42 54.56 +19 31 43.5  4.241501  1.009152   28.980729 -45.890200    5.763   8.234   99.94339  3.557574  349.051119  69.507713  19.8116019864386  27.3924713   69.0237 /T    2.7287   0.0726650   76.616831   57.572587         n.a.     n.a.
 2026-Mar-12 00:00 *   03 41 42.12 +19 27 41.8  03 43 12.71 +19 32 45.3  4.315298  1.042663  274.068998  68.004807    5.767   8.234   99.94523  3.550520  161.912157  69.573410  19.8509667490423  27.2391444   66.6038 /T    2.6840   0.0739913   76.416521   56.902862         n.a.     n.a.
 2026-Mar-14 12:00 Cm  03 42 01.45 +19 28 47.3  03 43 31.99 +19 33 50.2  4.785501  1.132438   34.339434 -43.496925    5.771   8.234   99.94724  3.543594  334.779642  69.643477  19.8897643264768  26.3826465   64.1828 /T    2.6348   0.0819611   76.686472   53.242702         n.a.     n.a.
 2026-Mar-17 00:00 *   03 42 21.86 +19 29 56.9  03 43 52.42 +19 34 59.2  4.854892  1.156577  274.964207  63.531968    5.775   8.234   99.94938  3.536857  147.655168  69.717400  19.9276494782248  26.1952064   61.7779 /T    2.5809   0.0831793   76.600238   52.587086         n.a.     n.a.
 2026-Mar-19 12:00 C   03 42 43.43 +19 31 09.5  03 44 13.93 +19 36 10.8  5.301901  1.247487   39.146212 -40.783276    5.779   8.233   99.95166  3.530272  320.537547  69.795501  19.9648228589223  25.1816273   59.3722 /T    2.5227   0.0907781   76.759674   48.975970         n.a.     n.a.
 2026-Mar-22 00:00 *m  03 43 06.02 +19 32 25.7  03 44 36.54 +19 37 26.3  5.364806  1.261673  275.862272  59.083391    5.783   8.233   99.95403  3.523895  133.428250  69.877176  20.0009524028437  24.9600046   56.9828 /T    2.4600   0.0918528   76.765900   48.338950         n.a.     n.a.
 2026-Mar-24 12:00 C   03 43 29.71 +19 33 44.6  03 45 00.20 +19 38 44.1  5.784103  1.352521   43.437422 -37.804080    5.787   8.233   99.95651  3.517690  306.326142  69.962780  20.0362317772824  23.7999247   54.5929 /T    2.3933   0.0990022   76.838769   44.784992         n.a.     n.a.
 2026-Mar-27 00:00 *m  03 43 54.33 +19 35 06.9  03 45 24.87 +19 40 05.8  5.839026  1.356610  276.770167  54.659189    5.790   8.233   99.95905  3.511709  119.232551  70.051631  20.0703523456380  23.5547337   52.2195 /T    2.3225   0.0999091   76.920242   44.178380         n.a.     n.a.
 2026-Mar-29 12:00 *   03 44 19.98 +19 36 31.6  03 45 50.49 +19 41 29.6  6.228394  1.447199   47.262308 -34.606097    5.794   8.233   99.96165  3.505918  292.146413  70.144131  20.1035062770439  22.2683999   49.8455 /T    2.2479   0.1065719   76.919146   40.688652         n.a.     n.a.
 2026-Apr-01 00:00 *m  03 44 46.48 +19 37 59.4  03 46 17.01 +19 42 56.5  6.277043  1.441697  277.693076  50.259347    5.797   8.233   99.96428  3.500363  105.068921  70.239548  20.1354100704710  22.0099250   47.4875 /T    2.1696   0.1073413   77.064775   40.110166         n.a.     n.a.
 2026-Apr-03 12:00 *m  03 45 13.93 +19 39 29.2  03 46 44.42 +19 44 25.2  6.636907  1.532225   50.674299 -31.228620    5.801   8.233   99.96694  3.495011  277.999135  70.338349  20.1662460423946  20.6094395   45.1283 /T    2.0878   0.1135247   77.000208   36.673776         n.a.     n.a.
 2026-Apr-06 00:00 *   03 45 42.16 +19 41 01.8  03 47 12.69 +19 45 56.9  6.681160  1.517947  278.635549  45.884058    5.804   8.233   99.96958  3.489905   90.938130  70.439759  20.1957498334757  20.3376450   42.7843 /T    2.0027   0.1141905   77.199796   36.110402         n.a.     n.a.
 2026-Apr-08 12:00 *m  03 46 11.28 +19 42 36.3  03 47 41.81 +19 47 30.2  7.010698  1.607830   53.725018 -27.703743    5.807   8.233   99.97222  3.485015  263.885091  70.544292  20.2240874037710  18.8281895   40.4383 /T    1.9142   0.1198784   77.083180   32.716274         n.a.     n.a.
 2026-Apr-11 00:00 *   03 46 41.09 +19 44 13.2  03 48 11.67 +19 49 06.3  7.051124  1.584727  279.602442  41.533640    5.809   8.233   99.97482  3.480381   76.840942  70.651128  20.2510121306683  18.5391034   38.1069 /T    1.8228   0.1204502   77.333354   32.156947         n.a.     n.a.
 2026-Apr-13 12:00 *m  03 47 11.73 +19 45 51.8  03 48 42.30 +19 50 43.8  7.348803  1.673482   56.461942 -24.057507    5.812   8.232   99.97738  3.475977  249.805002  70.760818  20.2766720990037  16.9256813   35.7730 /T    1.7283   0.1256156   77.171278   28.795786         n.a.     n.a.
 2026-Apr-16 00:00 *   03 47 42.98 +19 47 32.4  03 49 13.57 +19 52 23.5  7.384537  1.641698  280.598288  37.208472    5.814   8.232   99.97985  3.471839   62.778032  70.872489  20.3008412223997  16.6169727   33.4533 /T    1.6312   0.1260804   77.466091   28.235888         n.a.     n.a.
 2026-Apr-18 12:00 *   03 48 14.97 +19 49 14.3  03 49 45.55 +19 54 04.0  7.647454  1.728367   58.927475 -20.311052    5.817   8.232   99.98226  3.467942  235.759458  70.986715  20.3236503141255  14.9076917   31.1311 /T    1.5313   0.1306722   77.264795   24.905369         n.a.     n.a.
 2026-Apr-21 00:00 *m  03 48 47.48 +19 50 58.0  03 50 18.13 +19 55 46.8  7.676628  1.687728  281.627918  32.909020    5.819   8.232   99.98455  3.464320   48.749846  71.102567  20.3448992575660  14.5829686   28.8232 /T    1.4292   0.1309994   77.600630   24.350310         n.a.     n.a.
 2026-Apr-23 12:00 *   03 49 20.65 +19 52 42.7  03 50 51.34 +19 57 30.3  7.901996  1.771871   61.158330 -16.481093    5.821   8.232   99.98674  3.460950  221.748721  71.220636  20.3647092967488  12.7977988   26.5128 /T    1.3247   0.1349702   77.361568   21.061554         n.a.     n.a.
 2026-Apr-26 00:00 *m  03 49 54.24 +19 54 28.8  03 51 24.98 +19 59 15.6  7.924889  1.722954  282.696896  28.635753    5.823   8.232   99.98879  3.457859   34.756439  71.339961  20.3829152921727  12.4703019   24.2167 /T    1.2183   0.1351670   77.734177   20.523831         n.a.     n.a.
 2026-Apr-28 12:00 *   03 50 28.41 +19 56 15.6  03 51 59.15 +20 01 01.0  8.113763  1.804739   63.186255 -12.581001    5.824   8.232   99.99071  3.455026  207.772669  71.461174  20.3996270463887  10.6284285   21.9177 /T    1.1099   0.1385342   77.459886   17.277660         n.a.     n.a.
 2026-May-01 00:00 *m  03 51 02.90 +19 58 03.4  03 52 33.68 +20 02 47.8  8.132904  1.748862  283.810854  24.389388    5.826   8.232   99.99246  3.452474   20.797604  71.583308  20.4147074397985  10.3014705   19.6322 /T    1.0001   0.1386469   77.864183   16.751728         n.a.     n.a.
 2026-May-03 12:00 *m  03 51 37.89 +19 59 51.8  03 53 08.70 +20 04 34.7  8.286085  1.828268   65.038240  -8.621635    5.827   8.231   99.99406  3.450186  193.831076  71.707024  20.4282465785278   8.4119153   17.3429 /T    0.8884   0.1414231   77.557439   13.538116         n.a.     n.a.
 2026-May-06 00:00 *   03 52 13.12 +20 01 40.8  03 53 44.00 +20 06 22.8  8.302577  1.765768  284.976455  20.171110    5.828   8.231   99.99548  3.448180    6.873091  71.831345  20.4401309776116   8.0817324   15.0664 /T    0.7757   0.1414712   77.993394   13.013393         n.a.     n.a.
 2026-May-08 12:00 *m  03 52 48.77 +20 03 30.1  03 54 19.70 +20 08 10.9  8.420093  1.842338   66.736953  -4.611601    5.829   8.231   99.99672  3.446444  179.923639  71.956952  20.4504277814101   6.1500136   12.7852 /T    0.6616   0.1436548   77.658038   9.8198444         n.a.     n.a.
 2026-May-11 00:00 *   03 53 24.58 +20 05 19.8  03 54 55.56 +20 09 59.7  8.433761  1.773748  286.201098  15.982429    5.830   8.231   99.99777  3.444992  352.982533  72.082853  20.4590478769221   5.8127266   10.5159 /T    0.5467   0.1436378   78.122928   9.2878913         n.a.     n.a.
 2026-May-13 12:00 *m  03 54 00.72 +20 07 09.6  03 55 31.74 +20 11 48.1  8.514251  1.846884   68.301814  -0.557905    5.831   8.231   99.99862  3.443815  166.049905  72.209732  20.4660363574992   3.8463031    8.2413 /T    0.4306   0.1452043   77.761188   6.1060565         n.a.     n.a.
 2026-May-16 00:00 *   03 54 36.94 +20 08 59.4  03 56 08.01 +20 13 36.8  8.523786  1.772243  287.492882  11.825218    5.831   8.231   99.99927  3.442925  339.125346  72.336580  20.4713303440726   3.5001258    5.9785 /T    0.3142   0.1451013   78.254556   5.5621153         n.a.     n.a.
 2026-May-18 12:00 *   03 55 13.40 +20 10 48.9  03 56 44.55 +20 15 25.0  8.564890  1.841354   69.749258   3.533872    5.832   8.231   99.99972  3.442315  152.209110  72.464071  20.4749562677292   1.5122688    3.7108 /T    0.1970   0.1460098   77.866745   2.3907333         n.a.     n.a.
 2026-May-21 00:00 *m  03 55 49.83 +20 12 38.2  03 57 21.08 +20 17 13.5  8.568534  1.761014  288.861392   7.701847    5.832   8.231   99.99996  3.441990  325.300535  72.591179  20.4768864031112   1.1665582    1.4587 /T    0.0801   0.1457937   78.386228   1.8459820         n.a.     n.a.
 2026-May-23 12:00 *   03 56 26.41 +20 14 27.0  03 57 57.68 +20 19 00.8  8.570213  1.825872   71.093151   7.659732    5.832   8.230   99.99999  3.441948  138.399997  72.718580  20.4771364425281  -0.8193111    0.8290 /L    0.0387   0.1460426   77.973030   -1.304142         n.a.     n.a.
 2026-May-26 00:00 *m  03 57 02.87 +20 16 15.2  03 58 34.21 +20 20 48.2  8.570125  1.741238  290.317469   3.614850    5.831   8.230   99.99980  3.442188  311.506626  72.845272  20.4757135322147  -1.1555108    3.0697 /L    0.1553   0.1457537   78.515242   -1.840243         n.a.     n.a.
 2026-May-28 12:00 *   03 57 39.40 +20 18 02.7  03 59 10.80 +20 22 34.3  8.534659  1.802272   72.345038  11.815802    5.831   8.230   99.99941  3.442709  124.620983  72.971941  20.4726145663047  -3.1262434    5.3261 /L    0.2726   0.1453813   78.075976   -4.971785         n.a.     n.a.
 2026-May-31 00:00 *   03 58 15.72 +20 19 49.4  03 59 47.19 +20 24 20.0  8.532331  1.714121  291.873429  -0.431713    5.830   8.230   99.99881  3.443506  297.741996  73.097610  20.4678728421073  -3.4553560    7.5733 /L    0.3890   0.1450468   78.640649   -5.505365         n.a.     n.a.
 2026-Jun-02 12:00 *m  03 58 52.02 +20 21 35.2  04 00 23.59 +20 26 04.5  8.460995  1.770886   73.514755  15.999644    5.829   8.230   99.99801  3.444585  110.870383  73.222963  20.4614612926571  -5.4052032    9.8280 /L    0.5053   0.1440722   78.178640   -8.630647         n.a.     n.a.
 2026-Jun-05 00:00 *   03 59 28.03 +20 23 19.8  04 00 59.68 +20 27 48.4  8.456753  1.679857  293.543830  -4.433232    5.828   8.230   99.99702  3.445936  284.004877  73.347044  20.4534374297977  -5.7322315   12.0735 /L    0.6205   0.1436997   78.764962   -9.170716         n.a.     n.a.
 2026-Jun-07 12:00 *m  04 00 03.95 +20 25 03.5  04 01 35.68 +20 29 30.8  8.349415  1.732008   74.610160  20.209001    5.827   8.229   99.99582  3.447569   97.146338  73.470518  20.4437509658625  -7.6549057   14.3272 /L    0.7352   0.1421195   78.280739   -12.30107         n.a.     n.a.
 2026-Jun-10 00:00 *   04 00 39.49 +20 26 45.7  04 02 11.28 +20 31 12.1  8.342311  1.638323  295.345219  -8.383877    5.826   8.229   99.99445  3.449470  270.293278  73.592448  20.4324844491648  -7.9834041   16.5725 /L    0.8484   0.1416944   78.889246   -12.85562         n.a.     n.a.
 2026-Jun-12 12:00 *m  04 01 14.85 +20 28 26.6  04 02 46.73 +20 32 51.7  8.197992  1.685311   75.637872  24.442101    5.825   8.229   99.99289  3.451652   83.446678  73.713471  20.4195662218169  -9.8702592   18.8266 /L    0.9608   0.1394905   78.383204   -16.00113         n.a.     n.a.
 2026-Jun-15 00:00 *m  04 01 49.76 +20 30 05.9  04 03 21.72 +20 34 30.2  8.185784  1.589323  297.296855 -12.276448    5.823   8.229   99.99117  3.454098  256.604812  73.832661  20.4051075020995 -10.1979070   21.0727 /L    1.0713   0.1389774   79.012355   -16.57230         n.a.     n.a.
 2026-Jun-17 12:00 *   04 02 24.38 +20 31 43.8  04 03 56.48 +20 36 07.0  8.003164  1.630442   76.602740  28.697778    5.821   8.229   99.98929  3.456823   69.768742  73.950615  20.3890234003999 -12.0303193   23.3279 /L    1.1807   0.1361259   78.485015   -19.73157         n.a.     n.a.
 2026-Jun-20 00:00 *m  04 02 58.46 +20 33 19.7  04 04 30.62 +20 37 42.2  7.985804  1.533028  299.421399 -16.102126    5.819   8.229   99.98727  3.459803  242.936510  74.066447  20.3714608177536 -12.3448516   25.5751 /L    1.2878   0.1355270   79.133177   -20.30412         n.a.     n.a.
 2026-Jun-22 12:00 *   04 03 32.16 +20 34 54.1  04 05 04.41 +20 39 15.4  7.767557  1.568841   77.508381  32.975246    5.817   8.229   99.98511  3.463057   56.109321  74.180735  20.3523234713688 -14.1032492   27.8314 /L    1.3935   0.1320734   78.581383   -23.46745         n.a.     n.a.
 2026-Jun-25 00:00 *m  04 04 05.24 +20 36 26.2  04 05 37.55 +20 40 46.6  7.747042  1.471255  301.744701 -19.850041    5.815   8.228   99.98283  3.466555  229.285054  74.292653  20.3317853658098 -14.4020967   30.0801 /L    1.4965   0.1314252   79.246908   -24.03545         n.a.     n.a.
 2026-Jun-27 12:00 *   04 04 37.86 +20 37 56.7  04 06 10.29 +20 42 15.9  7.495819  1.501490   78.356684  37.273770    5.812   8.228   99.98044  3.470319   42.465044  74.402757  20.3097294931154 -16.0802559   32.3387 /L    1.5979   0.1274120   78.672969   -27.21043         n.a.     n.a.
 2026-Jun-30 00:00 *   04 05 09.78 +20 39 24.7  04 06 42.30 +20 43 43.3  7.472951  1.404322  304.296893 -23.506407    5.810   8.228   99.97797  3.474319  215.647014  74.510278  20.2863504318715 -16.3685746   34.5905 /L    1.6962   0.1267293   79.357061   -27.78038         n.a.     n.a.
 2026-Jul-02 12:00 *m  04 05 41.17 +20 40 51.0  04 07 13.82 +20 45 08.6  7.189947  1.428792   79.147253  41.592818    5.807   8.228   99.97541  3.478578   28.832416  74.615732  20.2615104950089 -17.9620426   36.8531 /L    1.7926   0.1221756   78.760557   -30.97861         n.a.     n.a.
 2026-Jul-05 00:00 *   04 06 11.80 +20 42 14.7  04 07 44.50 +20 46 31.7  7.164048  1.332346  307.112321 -27.054271    5.804   8.228   99.97280  3.483062  202.018801  74.718399  20.2354245267430 -18.2441310   39.1099 /L    1.8857   0.1214481   79.464683   -31.55916         n.a.     n.a.
 2026-Jul-07 12:00 *m  04 06 41.80 +20 43 36.4  04 08 14.61 +20 47 52.4  6.849567  1.350517   79.877468  45.931941    5.801   8.228   99.97013  3.487800   15.207707  74.818748  20.2079359473745 -19.7473988   41.3785 /L    1.9766   0.1163573   78.846163   -34.79348         n.a.     n.a.
 2026-Jul-10 00:00 *   04 07 10.98 +20 44 55.3  04 08 43.85 +20 49 10.6  6.818832  1.255263  310.229475 -30.472913    5.798   8.227   99.96744  3.492753  188.396522  74.916102  20.1792808621592 -20.0242152   43.6422 /L    2.0638   0.1155568   79.569327   -35.39286         n.a.     n.a.
 2026-Jul-12 12:00 *m  04 07 39.44 +20 46 12.2  04 09 12.47 +20 50 26.5  6.472016  1.266437   80.540993  50.290827    5.794   8.227   99.96472  3.497952    1.586822  75.010869  20.1492895528651 -21.4259092   45.9182 /L    2.1485   0.1099127   78.928322   -38.67456         n.a.     n.a.
 2026-Jul-15 00:00 *m  04 08 07.00 +20 47 26.1  04 09 40.11 +20 51 39.9  6.434580  1.172599  313.691055 -33.736842    5.791   8.227   99.96203  3.503353  174.775816  75.102421  20.1182244976765 -21.6892491   48.1898 /L    2.2293   0.1090092   79.672093   -39.29122         n.a.     n.a.
 2026-Jul-17 12:00 *   04 08 33.76 +20 48 37.7  04 10 07.00 +20 52 50.9  6.057010  1.176874   81.125597  54.669411    5.787   8.227   99.95934  3.508989  347.965130  75.191114  20.0859112252813 -22.9693550   50.4737 /L    2.3072   0.1028381   79.004464   -42.61374         n.a.     n.a.
 2026-Jul-20 00:00 *m  04 08 59.54 +20 49 46.2  04 10 32.83 +20 53 58.8  6.014163  1.085848  317.542134 -36.815322    5.784   8.227   99.95671  3.514811  161.151887  75.276398  20.0526391937390 -23.2085074   52.7532 /L    2.3809   0.1018567   79.765590   -43.23096         n.a.     n.a.
 2026-Jul-22 12:00 *   04 09 24.45 +20 50 52.4  04 10 57.86 +20 55 04.2  5.609959  1.083426   81.610238  59.067441    5.780   8.227   99.95413  3.520854  334.337795  75.358591  20.0182233877537 -24.3566115   55.0451 /L    2.4514   0.0952270   79.069292   -46.58923         n.a.     n.a.
 2026-Jul-25 00:00 *m  04 09 48.32 +20 51 55.3  04 11 21.80 +20 56 06.5  5.563461  0.995786  321.827135 -39.671203    5.776   8.227   99.95163  3.527066  147.519935  75.437229  19.9829676695974 -24.5747711   57.3331 /L    2.5175   0.0941979   79.852267   -47.20503         n.a.     n.a.
 2026-Jul-27 12:00 *   04 10 11.25 +20 52 55.9  04 11 44.88 +20 57 06.5  5.135465  0.986611   81.956140  63.484332    5.772   8.226   99.94921  3.533484  320.700080  75.512580  19.9466719041726 -25.5891798   59.6342 /L    2.5801   0.0871563   79.124994   -50.60742         n.a.     n.a.
 2026-Jul-30 00:00 *   04 10 33.09 +20 53 53.0  04 12 06.79 +20 58 03.3  5.085130  0.902704  326.585047 -42.260566    5.768   8.226   99.94690  3.540054  133.875272  75.584251  19.9096521723245 -25.7907262   61.9320 /L    2.6381   0.0860772   79.933808   -51.22875         n.a.     n.a.
 2026-Aug-01 12:00 *m  04 10 53.93 +20 54 47.7  04 12 27.75 +20 58 57.5  4.635065  0.886307   82.090591  67.919075    5.763   8.226   99.94471  3.546816  307.047309  75.652452  19.8716953858048 -26.6694311   64.2437 /L    2.6924   0.0786507   79.174701   -54.68738         n.a.     n.a.
 2026-Aug-04 00:00 *   04 11 13.63 +20 55 38.9  04 12 47.49 +20 59 48.2  4.579821  0.806538  331.841126 -44.533509    5.759   8.226   99.94266  3.553713  120.213213  75.716857  19.8331288488580 -26.8570630   66.5532 /L    2.7419   0.0775050   80.012231   -55.32336         n.a.     n.a.
 2026-Aug-06 12:00 *m  04 11 32.25 +20 56 27.5  04 13 06.24 +21 00 36.3  4.108118  0.782519   81.864242  72.369546    5.755   8.226   99.94076  3.560786  293.374772  75.777600  19.7937310465715 -27.5947890   68.8775 /L    2.7874   0.0696997   79.215434   -58.85431         n.a.     n.a.
 2026-Aug-09 00:00 *   04 11 49.69 +20 57 12.5  04 13 23.76 +21 01 20.9  4.045725  0.706827  337.596675 -46.435390    5.750   8.226   99.93903  3.567976  106.528971  75.834420  19.7538432602241 -27.7643877   71.2003 /L    2.8279   0.0684501   80.089899   -59.51558         n.a.     n.a.
 2026-Aug-11 12:00 *m  04 12 05.98 +20 57 54.8  04 13 40.21 +21 02 03.0  3.553682  0.674841   80.918789  76.830811    5.746   8.226   99.93748  3.575325  279.677562  75.887380  19.7132434833992 -28.3480433   73.5383 /L    2.8642   0.0602865   79.247619   -63.12613         n.a.     n.a.
 2026-Aug-14 00:00 *m  04 12 21.03 +20 58 33.4  04 13 55.31 +21 02 41.5  3.483979  0.604178  343.817585 -47.910079    5.741   8.226   99.93612  3.582768   92.817568  75.936295  19.6722912605212 -28.4870465   75.8750 /L    2.8952   0.0589330   80.161829   -63.80571         n.a.     n.a.
 2026-Aug-16 12:00 *   04 12 34.88 +20 59 09.3  04 14 09.28 +21 03 17.0  2.975841  0.564792   78.156809  81.287652    5.736   8.225   99.93495  3.590346  265.950742  75.981175  19.6307677238904 -28.9022287   78.2267 /L    2.9219   0.0504827   79.253516   -67.48739         n.a.     n.a.
 2026-Aug-19 00:00 *m  04 12 47.46 +20 59 41.3  04 14 21.89 +21 03 48.8  2.901374  0.499822  350.424276 -48.905436    5.732   8.225   99.93401  3.597994   79.074230  76.021936  19.5890417350816 -29.0067679   80.5769 /L    2.9431   0.0490685   80.225547   -68.17114         n.a.     n.a.
 2026-Aug-21 12:00 *   04 12 58.78 +21 00 10.7  04 14 33.36 +21 04 17.9  2.382288  0.453332   68.029195  85.660605    5.727   8.225   99.93328  3.605753  252.189808  76.058539  19.5468886111407 -29.2534193   82.9423 /L    2.9597   0.0404173   79.225859   -71.92076         n.a.     n.a.
 2026-Aug-24 00:00 *m  04 13 08.81 +21 00 36.1  04 14 43.45 +21 04 43.2  2.304038  0.394451  357.290053 -49.379173    5.722   8.225   99.93278  3.613556   65.294763  76.090987  19.5046780225474 -29.3281888   85.3065 /L    2.9709   0.0389593   80.285154   -72.60978         n.a.     n.a.
 2026-Aug-26 12:00 *   04 13 17.56 +21 00 58.8  04 14 52.34 +21 05 06.0  1.777257  0.340597  342.473963  88.337005    5.717   8.225   99.93251  3.621447  238.390843  76.119182  19.4621803104073 -29.4089539   87.6862 /L    2.9773   0.0301600   79.151255   -76.43583         n.a.     n.a.
 2026-Aug-29 00:00 *   04 13 25.00 +21 01 17.6  04 14 59.81 +21 05 24.8  1.695209  0.287987    4.251369 -49.305896    5.713   8.225   99.93247  3.629356   51.475486  76.143207  19.4197641850712 -29.4577264   90.0653 /L    2.9782   0.0286583   80.358470   -77.13582         n.a.     n.a.
 2026-Aug-31 12:00 *m  04 13 31.11 +21 01 33.6  04 15 06.03 +21 05 40.7  1.162989  0.226808  288.379589  84.683765    5.708   8.225   99.93267  3.637329  224.550395  76.162891  19.3771982165348 -29.3742196   92.4605 /L    2.9743   0.0197483   78.964585   -81.05099         n.a.     n.a.
 2026-Sep-03 00:00 *   04 13 35.92 +21 01 45.6  04 15 10.88 +21 05 52.7  1.075380  0.180389   11.129943 -48.681394    5.703   8.225   99.93310  3.645296   37.613149  76.178389  19.3348505402779 -29.3965835   94.8560 /L    2.9647   0.0181734   80.477630   -81.77838         n.a.     n.a.
 2026-Sep-05 12:00 *m  04 13 39.37 +21 01 54.9  04 15 14.47 +21 06 02.0  0.539490  0.111466  281.173001  80.209324    5.698   8.225   99.93377  3.653299  210.665342  76.189453  19.2924947628565 -29.1445825   97.2683 /L    2.9502   0.0091814   78.326153   -85.79823         n.a.     n.a.
 2026-Sep-08 00:00 *   04 13 41.49 +21 02 00.1  04 15 16.66 +21 06 07.5  0.445618  0.071542   17.760324 -47.522558    5.693   8.225   99.93467  3.661268   23.704735  76.196314  19.2505026258715 -29.1311135   99.6813 /L    2.9301   0.0075221   80.879235   -86.56147         n.a.     n.a.
 2026-Sep-10 12:00 *m  04 13 42.24 +21 02 02.5  04 15 17.52 +21 06 10.2  -0.09007  -0.00434  279.024299  75.644848    5.689   8.225   99.93581  3.669243  196.732844  76.198663  19.2086604786515 -28.6997726  102.1112 /L    2.9049   0.0015028   267.24201   -89.30341         n.a.     n.a.
 2026-Sep-13 00:00 *m  04 13 41.66 +21 02 00.8  04 15 16.96 +21 06 08.7  -0.18803  -0.03717   24.012733 -45.864400    5.684   8.225   99.93717  3.677153    9.747679  76.196823  19.1673415944815 -28.6407935  104.5414 /L    2.8741   0.0031945   258.81734   -88.51966         n.a.     n.a.
 2026-Sep-15 12:00 *   04 13 39.70 +21 01 56.4  04 15 15.11 +21 06 04.5  -0.71683  -0.11921  278.320669  71.042373    5.679   8.225   99.93874  3.685036  182.750724  76.190449  19.1263398882808 -28.0292122  106.9881 /L    2.8382   0.0121112   260.55763   -84.29520         n.a.     n.a.
 2026-Sep-18 00:00 *m  04 13 36.44 +21 01 48.1  04 15 11.89 +21 05 56.3  -0.81603  -0.14442   29.803706 -43.753840    5.674   8.225   99.94052  3.692821  355.740287  76.179962  19.0860180321285 -27.9276520  109.4348 /L    2.7969   0.0138118   259.96409   -83.49080         n.a.     n.a.
 2026-Sep-20 12:00 *   04 13 31.81 +21 01 36.9  04 15 07.38 +21 05 45.6  -1.33293  -0.23234  278.232980  66.414749    5.670   8.225   99.94250  3.700546  168.717786  76.164968  19.0461729134056 -27.1446857  111.8978 /L    2.7504   0.0225505   260.11243   -79.17235         n.a.     n.a.
 2026-Sep-23 00:00 Cm  04 13 25.91 +21 01 21.9  04 15 01.53 +21 05 31.0  -1.43224  -0.24999   35.095330 -41.243109    5.665   8.225   99.94465  3.708143  341.681799  76.145972  19.0071522287644 -27.0062175  114.3607 /L    2.6986   0.0242316   260.09917   -78.35172         n.a.     n.a.
 2026-Sep-25 12:00 *   04 13 18.67 +21 01 04.2  04 14 54.38 +21 05 13.9  -1.93332  -0.34330  278.471651  61.767505    5.661   8.225   99.94697  3.715649  154.633655  76.122528  18.9687584158826 -26.0609619  116.8400 /L    2.6418   0.0327261   259.93104   -73.93733         n.a.     n.a.
 2026-Sep-28 00:00 C   04 13 10.21 +21 00 42.7  04 14 45.93 +21 04 52.6  -2.03320  -0.35335   39.886598 -38.384885    5.657   8.225   99.94943  3.722996  327.572195  76.095211  18.9313232725995 -25.8890133  119.3194 /L    2.5798   0.0343946   260.14106   -73.08980         n.a.     n.a.
 2026-Sep-30 12:00 *m  04 13 00.42 +21 00 18.4  04 14 36.24 +21 04 28.9  -2.51609  -0.45209  278.910763  57.104195    5.652   8.225   99.95204  3.730221  140.498594  76.063513  18.8946588293457 -24.7881761  121.8157 /L    2.5130   0.0426063   259.81374   -68.56691         n.a.     n.a.
 2026-Oct-03 00:00 C   04 12 49.47 +20 59 50.5  04 14 25.34 +21 04 01.4  -2.61737  -0.45488   44.201384 -35.228336    5.648   8.224   99.95474  3.737257  313.411931  76.028074  18.8590834232579 -24.5793703  124.3124 /L    2.4411   0.0442768   260.14095   -67.67481         n.a.     n.a.
 2026-Oct-05 12:00 *m  04 12 37.23 +20 59 20.0  04 14 13.21 +21 03 31.7  -3.07882  -0.55810  279.488764  52.427671    5.644   8.224   99.95756  3.744137  126.313233  75.988335  18.8244278887951 -23.3207168  126.8265 /L    2.3645   0.0521500   259.72558   -63.03182         n.a.     n.a.
 2026-Oct-08 00:00 C   04 12 23.87 +20 58 45.9  04 13 59.87 +21 02 58.2  -3.18007  -0.55323   48.077845 -31.817196    5.640   8.224   99.96043  3.750798  299.201854  75.945010  18.7910003283375 -23.0648281  129.3407 /L    2.2832   0.0537972   260.13122   -62.08637         n.a.     n.a.
 2026-Oct-10 12:00 *m  04 12 09.27 +20 58 09.3  04 13 45.33 +21 02 22.3  -3.61375  -0.65971  280.172651  47.740611    5.636   8.224   99.96337  3.757266  112.078711  75.897518  18.7586501794880 -21.6492328  131.8719 /L    2.1972   0.0612245   259.65430   -57.33075         n.a.     n.a.
 2026-Oct-13 00:00 Cm  04 11 53.64 +20 57 29.3  04 13 29.72 +21 01 42.7  -3.71101  -0.64657   51.560345 -28.189717    5.633   8.224   99.96633  3.763483  284.943485  75.846664  18.7276654526425 -21.3460456  134.4025 /L    2.1069   0.0627820   260.11657   -56.34517         n.a.     n.a.
 2026-Oct-15 12:00 *   04 11 36.83 +20 56 46.9  04 13 13.00 +21 01 01.1  -4.11083  -0.75520  280.944648  43.046127    5.629   8.225   99.96930  3.769473   97.796994  75.791847  18.6979069148586 -19.7870480  136.9494 /L    2.0121   0.0696603   259.59029   -51.49258         n.a.     n.a.
 2026-Oct-18 00:00 Nm  04 11 19.09 +20 56 01.3  04 12 55.29 +21 00 16.2  -4.20176  -0.73399   54.693585 -24.378432    5.626   8.225   99.97225  3.775181  270.639196  75.733948  18.6696341041441 -19.4447915  139.4948 /L    1.9134   0.0710899   260.09123   -50.47685         n.a.     n.a.
 2026-Oct-20 12:00 *   04 11 00.27 +20 55 13.5  04 12 36.54 +20 59 29.5  -4.56327  -0.84398  281.795749  38.347655    5.623   8.225   99.97516  3.780631   83.470775  75.672344  18.6427182627678 -17.7601258  142.0559 /L    1.8106   0.0773444   259.52157   -45.54043         n.a.     n.a.
 2026-Oct-23 00:00 Nm  04 10 40.61 +20 54 22.8  04 12 16.89 +20 58 39.5  -4.64726  -0.81460   57.520180 -20.410982    5.620   8.225   99.97800  3.785775  256.291952  75.607973  18.6173894821078 -17.3859381  144.6150 /L    1.7043   0.0786352   260.05780   -44.49536         n.a.     n.a.
 2026-Oct-25 12:00 *   04 10 19.97 +20 53 30.1  04 11 56.29 +20 57 47.6  -4.96807  -0.92530  282.721861  33.648970    5.617   8.225   99.98076  3.790632   69.103226  75.540179  18.5935324249157 -15.5919764  147.1895 /L    1.5943   0.0842250   259.44959   -39.47992         n.a.     n.a.
 2026-Oct-28 00:00 N   04 09 58.60 +20 52 34.7  04 11 34.95 +20 56 52.8  -5.04569  -0.88851   60.079061 -16.310822    5.614   8.225   99.98341  3.795161  241.905026  75.469944  18.5713476391149 -15.1902911  149.7618 /L    1.4811   0.0853888   260.01306   -38.39817         n.a.     n.a.
 2026-Oct-30 12:00 Cm  04 09 36.34 +20 51 37.5  04 11 12.77 +20 55 56.6  -5.32426  -0.99902  283.722761  28.954279    5.612   8.225   99.98593  3.799377   54.697647  75.396583  18.5507389914166 -13.2974039  152.3497 /L    1.3646   0.0902863   259.37290   -33.30061         n.a.     n.a.
 2026-Nov-02 00:00 N   04 09 13.48 +20 50 37.9  04 10 49.93 +20 54 57.9  -5.39563  -0.95483   62.404577 -12.097524    5.610   8.225   99.98828  3.803242  227.481715  75.321115  18.5318844820026 -12.8618905  154.9352 /L    1.2455   0.0913245   259.96460   -32.16163         n.a.     n.a.
 2026-Nov-04 12:00 Cm  04 08 49.82 +20 49 36.6  04 10 26.31 +20 53 57.8  -5.62820  -1.06376  284.801097  24.268073    5.608   8.225   99.99048  3.806769   40.257349  75.242848  18.5147135503069 -10.8742642  157.5364 /L    1.1234   0.0954641   259.29703   -26.97908         n.a.     n.a.
 2026-Nov-07 00:00 N   04 08 25.68 +20 48 33.4  04 10 02.16 +20 52 55.2  -5.68970  -1.01176   64.527029  -7.787802    5.606   8.225   99.99248  3.809925  213.025417  75.162862  18.4993771576212 -10.4025308  160.1343 /L    0.9992   0.0963160   259.91690   -25.78428         n.a.     n.a.
 2026-Nov-09 12:00 C   04 08 00.88 +20 47 28.7  04 09 37.39 +20 51 51.6  -5.87112  -1.11741  285.961465  19.595535    5.604   8.225   99.99428  3.812719   25.785912  75.080477  18.4858224692724  -8.3362209  162.7470 /L    0.8725   0.0996084   259.22419   -20.53723         n.a.     n.a.
 2026-Nov-12 00:00 Nm  04 07 35.73 +20 46 22.5  04 09 12.27 +20 50 46.0  -5.91999  -1.05774   66.472350  -3.396129    5.603   8.225   99.99584  3.815125  198.539919  74.996820  18.4741638462396  -7.8372302  165.3552 /L    0.7443   0.1002290   259.86972   -19.30270         n.a.     n.a.
 2026-Nov-14 12:00 C   04 07 10.07 +20 45 15.1  04 08 46.64 +20 49 39.9  -6.04696  -1.15925  287.210933  14.942698    5.602   8.225   99.99718  3.817151   11.287273  74.911220  18.4643613205878  -5.7163818  167.9770 /L    0.6140   0.1026179   259.14759   -14.01907         n.a.     n.a.
 2026-Nov-17 00:00 Nm  04 06 44.21 +20 44 06.6  04 08 20.80 +20 48 32.2  -6.08226  -1.09208   68.262688   1.065015    5.601   8.225   99.99827  3.818778  184.029252  74.824830  18.4564900993899  -5.2014077  170.5931 /L    0.4829   0.1029922   259.82088   -12.76046         n.a.     n.a.
 2026-Nov-19 12:00 C   04 06 17.97 +20 42 57.3  04 07 54.56 +20 47 24.1  -6.15410  -1.18843  288.558419  10.316253    5.600   8.225   99.99910  3.820013  356.765514  74.736974  18.4505250454404  -3.0488695  173.2219 /L    0.3504   0.1044633   259.07008   -7.461175         n.a.     n.a.
 2026-Nov-22 00:00 Nm  04 05 51.69 +20 41 47.2  04 07 28.27 +20 46 14.8  -6.17665  -1.11470   69.917234   5.584616    5.600   8.225   99.99966  3.820846  169.497472  74.648812  18.4465034551990  -2.5268182  175.8434 /L    0.2176   0.1046071   259.76994   -6.188427         n.a.     n.a.
 2026-Nov-24 12:00 Cm  04 05 25.17 +20 40 36.7  04 07 01.77 +20 45 05.3  -6.19408  -1.20526  290.014879   5.723708    5.599   8.225   99.99995  3.821278  342.224588  74.559665  18.4444169122660  -0.3628134  178.4736 /L    0.0840   0.1051710   258.98880   -0.892228         n.a.     n.a.
 2026-Nov-27 00:00 N   04 04 58.75 +20 39 25.8  04 06 35.38 +20 43 55.2  -6.20566  -1.12561   71.452220  10.153053    5.599   8.225   99.99998  3.821309  154.948389  74.470678  18.4442694257126   0.1642467  178.8814 /T    0.0504   0.1051153   259.71920   0.3957853         n.a.     n.a.
 2026-Nov-29 12:00 Cm  04 04 32.23 +20 38 14.8  04 06 08.88 +20 42 45.5  -6.16985  -1.20948  291.593997   1.173485    5.599   8.225   99.99973  3.820934  327.668134  74.381175  18.4460780666469   2.3306502  176.2485 /T    0.1839   0.1047880   258.90890   5.6907147         n.a.     n.a.
 2026-Dec-02 00:00 N   04 04 05.94 +20 37 03.9  04 05 42.59 +20 41 35.4  -6.16926  -1.12405   72.881458  14.762016    5.600   8.225   99.99921  3.820159  140.385478  74.292300  18.4498195432013   2.8680721  173.6172 /T    0.3168   0.1045138   259.67386   7.0092261         n.a.     n.a.
 2026-Dec-04 12:00 Cm  04 03 39.71 +20 35 53.2  04 05 16.33 +20 40 25.8  -6.07797  -1.19961  293.311815  -3.325011    5.600   8.225   99.99842  3.818976  313.099564  74.203412  18.4555332528660   5.0238787  170.9735 /T    0.4496   0.1032538   258.83508   12.298168         n.a.     n.a.
 2026-Dec-07 00:00 N   04 03 13.85 +20 34 43.1  04 04 50.47 +20 39 16.3  -6.06292  -1.10849   74.216796  19.403834    5.601   8.225   99.99738  3.817399  125.812198  74.115656  18.4631592112164   5.5647892  168.3381 /T    0.5810   0.1027236   259.63901   13.638185         n.a.     n.a.
 2026-Dec-09 12:00 N   04 02 48.20 +20 33 33.6  04 04 24.81 +20 38 07.9  -5.91539  -1.17515  295.187552  -7.760659    5.602   8.225   99.99608  3.815417  298.522393  74.028424  18.4727501799506   7.6853644  165.6920 /T    0.7116   0.1005165   258.76393   18.896734         n.a.     n.a.
 2026-Dec-12 00:00 Nm  04 02 23.07 +20 32 25.2  04 03 59.70 +20 37 00.2  -5.88526  -1.07901   75.467757  24.071593    5.604   8.225   99.99455  3.813052  111.232080  73.942844  18.4842056197356   8.2168757  163.0558 /T    0.8401   0.0997226   259.61068   20.237912         n.a.     n.a.
 2026-Dec-14 12:00 N   04 01 58.30 +20 31 17.8  04 03 34.90 +20 35 53.9  -5.68332  -1.13603  297.244005 -12.120623    5.605   8.225   99.99280  3.810293  283.940151  73.858326  18.4975911657350  10.2775322  160.4102 /T    0.9673   0.0965958   258.69625   25.442839         n.a.     n.a.
 2026-Dec-17 00:00 Nm  04 01 34.19 +20 30 11.9  04 03 10.79 +20 34 48.7  -5.63984  -1.03597   76.642348  28.759017    5.607   8.225   99.99083  3.807169   96.648618  73.775950  18.5127686080746  10.7892759  157.7758 /T    1.0917   0.0955699   259.59147   26.766108         n.a.     n.a.
 2026-Dec-19 12:00 N   04 01 10.59 +20 29 07.3  04 02 47.13 +20 33 45.1  -5.38705  -1.08333  299.507696 -16.390127    5.609   8.224   99.98867  3.803666  269.356224  73.695148  18.5298178009289  12.7687282  155.1332 /T    1.2144   0.0915817   258.62958   31.897307         n.a.     n.a.
 2026-Dec-22 00:00 Nm  04 00 47.78 +20 28 04.8  04 02 24.33 +20 32 43.0  -5.33269  -0.98047   77.747016  33.460386    5.611   8.224   99.98635  3.799822   82.065049  73.616936  18.5485665764518  13.2541355  152.5026 /T    1.3338   0.0903680   259.58193   33.187111         n.a.     n.a.
 2026-Dec-24 12:00 Nm  04 00 25.59 +20 27 03.9  04 02 02.13 +20 31 43.1  -5.03415  -1.01810  302.009808 -20.551824    5.614   8.224   99.98386  3.795617  254.773691  73.540758  18.5691133941523  15.1389432  149.8643 /T    1.4508   0.0856011   258.56681   38.231829         n.a.     n.a.
 2026-Dec-27 00:00 N   04 00 04.30 +20 26 05.4  04 01 40.86 +20 30 45.3  -4.97117  -0.91346   78.786193  38.170736    5.616   8.224   99.98125  3.791095   67.484262  73.467561  18.5912614620652  15.6020925  147.2384 /T    1.5642   0.0842401   259.58794   39.490729         n.a.     n.a.
 2026-Dec-29 12:00 Nm  03 59 43.76 +20 25 08.8  04 01 20.26 +20 29 49.7  -4.62929  -0.94068  304.786537 -24.585448    5.619   8.224   99.97852  3.786234  240.195264  73.396828  18.6151335214286  17.3875990  144.6050 /T    1.6748   0.0787316   258.51380   44.461735         n.a.     n.a.
$$EOE
**********************************************************************************************************************************************************************************************************************************************************************************************
Column meaning:
 
TIME

  Times PRIOR to 1962 are UT1, a mean-solar time closely related to the
prior but now-deprecated GMT. Times AFTER 1962 are in UTC, the current
civil or "wall-clock" time-scale. UTC is kept within 0.9 seconds of UT1
using integer leap-seconds for 1972 and later years.

  Conversion from the internal Barycentric Dynamical Time (TDB) of solar
system dynamics to the non-uniform civil UT time-scale requested for output
has not been determined for UTC times after the next July or January 1st.
Therefore, the last known leap-second is used as a constant over future
intervals.

  Time tags refer to the UT time-scale conversion from TDB on Earth
regardless of observer location within the solar system, although clock
rates may differ due to the local gravity field and no analog to "UT"
may be defined for that location.

  Any 'b' symbol in the 1st-column denotes a B.C. date. First-column blank
(" ") denotes an A.D. date.
 
CALENDAR SYSTEM

  Mixed calendar mode was active such that calendar dates after AD 1582-Oct-15
(if any) are in the modern Gregorian system. Dates prior to 1582-Oct-5 (if any)
are in the Julian calendar system, which is automatically extended for dates
prior to its adoption on 45-Jan-1 BC.  The Julian calendar is useful for
matching historical dates. The Gregorian calendar more accurately corresponds
to the Earth's orbital motion and seasons. A "Gregorian-only" calendar mode is
available if such physical events are the primary interest.

  NOTE: "n.a." in output means quantity "not available" at the print-time.
 
SOLAR PRESENCE (OBSERVING SITE)
  Time tag is followed by a blank, then a solar-presence symbol:

       '*'  Daylight (refracted solar upper-limb on or above apparent horizon)
       'C'  Civil twilight/dawn
       'N'  Nautical twilight/dawn
       'A'  Astronomical twilight/dawn
       ' '  Night OR geocentric ephemeris

LUNAR PRESENCE (OBSERVING SITE)
  The solar-presence symbol is immediately followed by a lunar-presence symbol:

       'm'  Refracted upper-limb of Moon on or above apparent horizon
       ' '  Refracted upper-limb of Moon below apparent horizon OR geocentric
            ephemeris
 
 'R.A._____(ICRF)_____DEC' =
  Astrometric right ascension and declination of the target center with
respect to the observing site (coordinate origin) in the reference frame of
the planetary ephemeris (ICRF). Compensated for down-leg light-time delay
aberration.

  Units: RA  in hours-minutes-seconds of time,    HH MM SS.ff{ffff}
         DEC in degrees-minutes-seconds of arc,  sDD MN SC.f{ffff}
 
 'R.A.__(a-apparent)__DEC' =
  Airless apparent right ascension and declination of the target center
with respect to an instantaneous reference frame defined by the Earth equator
of-date (z-axis) and meridian containing the Earth equinox of-date (x-axis,
EOP-corrected IAU76/80). Compensated for down-leg light-time delay,
gravitational deflection of light, stellar aberration, precession & nutation.
Note: equinox (RA origin) is offset -53 mas from the of-date frame defined
by the IAU06/00a P & N system.

  Units: RA  in hours-minutes-seconds of time,   HH MM SS.ff{ffff}
         DEC in degrees-minutes-seconds of arc, sDD MN SC.f{ffff}
 
 'dRA*cosD d(DEC)/dt' =
  The angular rate of change in apparent RA and DEC of the target. This is
with respect to the non-inertial IAU76/80 Earth true equator and equinox
of-date reference frame.  d(RA)/dt is multiplied by the cosine of declination
to provide a linear rate in the plane-of-sky. Units: ARCSECONDS PER HOUR
 
 'Azi____(a-app)___Elev' =
  Airless apparent azimuth and elevation of target center. Compensated
for light-time, the gravitational deflection of light, stellar aberration,
precession and nutation. Azimuth is measured clockwise from north:

  North(0) -> East(90) -> South(180) -> West(270) -> North (360)

Elevation angle is with respect to a plane perpendicular to the reference
surface local zenith direction. TOPOCENTRIC ONLY.  Units: DEGREES
 
 'APmag   S-brt' =
  The targets' approximate apparent visual magnitude and surface brightness.
For planets and natural satellites, output is restricted to solar phase angles
covered by observational data. Outside the observed phase angle range, "n.a."
may be output to avoid extrapolation beyond the limit of model validity.

   For Earth-based observers, the estimated dimming due to atmospheric
absorption (extinction) is available as a separate, requestable quantity.

   Surface brightness is the average airless visual magnitude of a
square-arcsecond of the illuminated portion of the apparent disk. It is
computed only if the target radius is known.

   Units: MAGNITUDES & MAGNITUDES PER SQUARE ARCSECOND
 
 'Illu%' =
   Fraction of the target objects' assumed circular disk illuminated by Sun
(phase), as seen by the observer.  Units: PERCENT
 
 'Ang-diam' =
   The equatorial angular width of the target body full disk, if it were fully
illuminated and visible to the observer. If the target body diameter is unknown
"n.a." is output.

   Units: ARCSECONDS
 
 'ObsSub-LON ObsSub-LAT' =
   Apparent planetodetic longitude and latitude of the center of the target
disc seen by the OBSERVER at print-time. This is NOT exactly the same as the
"nearest" sub-point for a non-spherical target shape (since the center of the
disc might not be the point closest to the observer), but is generally very
close if not a very irregular body shape. Down-leg light travel-time from
target to observer is taken into account. Latitude is the angle between the
equatorial plane and the line perpendicular to the reference ellipsoid of the
body, so includes body oblateness. The reference ellipsoid is an oblate
spheroid with a single flatness coefficient in which the y-axis body radius
is taken to be the same value as the x-axis radius. For Jupiter, Saturn, and
Uranus, IAU2015 longitude is based on the "System III" prime meridian rotation
angle of the magnetic field. By contrast, pole direction (thus latitude) is
relative to the body dynamical equator.  There can be an offset between the
magnetic pole and the dynamical pole of rotation. For Neptune, rotation is
IAU2015 "System II" rotation of optically observed features in the Neptunian
atmosphere. Positive longitude is to the EAST for this target. Cartographic
system is specified in the header. Units: DEGREES DEGREES
 
 'delta      deldot' =
   Apparent range ("delta", light-time aberrated) and range-rate ("delta-dot")
of the target center relative to the observer. A positive "deldot" means the
target center is moving away from the observer, negative indicates movement
toward the observer.  Units: AU and KM/S
 
 'S-O-T /r' =
   Sun-Observer-Target apparent SOLAR ELONGATION ANGLE seen from the observers'
location at print-time.

   The '/r' column provides a code indicating the targets' apparent position
relative to the Sun in the observers' sky, as described below:

   Case A: For an observing location on the surface of a rotating body, that
body rotational sense is considered:

    /T indicates target TRAILS Sun   (evening sky: rises and sets AFTER Sun)
    /L indicates target LEADS Sun    (morning sky: rises and sets BEFORE Sun)

   Case B: For an observing point that does not have a rotational model (such
as a spacecraft), the "leading" and "trailing" condition is defined by the
observers' heliocentric ORBITAL motion:

    * If continuing in the observers' current direction of heliocentric
       motion would encounter the targets' apparent longitude first, followed
       by the Sun's, the target LEADS the Sun as seen by the observer.

    * If the Sun's apparent longitude would be encountered first, followed
       by the targets', the target TRAILS the Sun.

   Two other codes can be output:
    /* indicates observer is Sun-centered    (undefined)
    /? Target is aligned with Sun center     (no lead or trail)

   The S-O-T solar elongation angle is numerically the minimum separation
angle of the Sun and target in the sky in any direction. It does NOT indicate
the amount of separation in the leading or trailing directions, which would
be defined along the equator of a spherical coordinate system.

   Units: DEGREES
 
 'S-T-O' =
   The Sun-Target-Observer angle; the interior vertex angle at target center
formed by a vector from the target to the apparent center of the Sun (at
reflection time on the target) and the apparent vector from target to the
observer at print-time. Slightly different from true PHASE ANGLE (requestable
separately) at the few arcsecond level in that it includes stellar aberration
on the down-leg from target to observer.  Units: DEGREES
 
 'Sky_motion  Sky_mot_PA  RelVel-ANG' =
  Total apparent angular rate of the target in the plane-of-sky. "Sky_mot_PA"
is the position angle of the target's direction of motion in the plane-of-sky,
measured counter-clockwise from the apparent of-date north pole direction.
"RelVel-ANG" is the flight path angle of the target's relative motion with
respect to the observer's line-of-sight, in the range [-90,+90], where positive
values indicate motion away from the observer, negative values are toward the
observer:

  -90 = target is moving directly toward the observer
    0 = target is moving at right angles to the observer's line-of-sight
  +90 = target is moving directly away from the observer

UNITS:  ARCSECONDS/MINUTE, DEGREES, DEGREES
 
 'Lun_Sky_Brt  sky_SNR' =
  Sky brightness due to moonlight scattered by Earth's atmosphere at the
target's position in the sky. "sky_SNR" is the visual signal-to-noise ratio
(SNR) of the target's surface brightness relative to background sky. Output
only for topocentric Earth observers when both the Moon and target are above
the local horizon and the Sun is in astronomical twilight (or further) below
the horizon, and the target is not the Moon or Sun. If all conditions are
not met, "n.a." is output. Galactic brightness, local sky light-pollution
and weather are NOT considered. Lunar opposition surge is considered. The
value returned is accurate under ideal conditions at the approximately 8-23%
level, so is a useful but not definitive value.

  If the target-body radius is also known, "sky_SNR" is output. This is the
approximate visual signal-to-noise ratio of the target's brightness divided
by lunar sky brightness. When sky_SNR < 1, the target is dimmer than the
ideal moonlight-scattering background sky, so unlikely to be detectable at
visual wavelengths. In practice, visibility requires sky_SNR > 1 and a
detector sensitive enough to reach the target's magnitude, even if it isn't
washed out by moonlight. When relating magnitudes and brightness values,
keep in mind their logarithmic relationship m2-m1 = -2.5*log_10(b2/b1).

  UNITS: VISUAL MAGNITUDES / ARCSECOND^2, and unitless ratio

Computations by ...

    Solar System Dynamics Group, Horizons On-Line Ephemeris System
    4800 Oak Grove Drive, Jet Propulsion Laboratory
    Pasadena, CA  91109   USA

    General site: https://ssd.jpl.nasa.gov/
    Mailing list: https://ssd.jpl.nasa.gov/email_list.html
    System news : https://ssd.jpl.nasa.gov/horizons/news.html
    User Guide  : https://ssd.jpl.nasa.gov/horizons/manual.html
    Connect     : browser        https://ssd.jpl.nasa.gov/horizons/app.html#/x
                  API            https://ssd-api.jpl.nasa.gov/doc/horizons.html
                  command-line   telnet ssd.jpl.nasa.gov 6775
                  e-mail/batch   https://ssd.jpl.nasa.gov/ftp/ssd/horizons_batch.txt
                  scripts        https://ssd.jpl.nasa.gov/ftp/ssd/SCRIPTS
    Author      : Jon.D.Giorgini@jpl.nasa.gov

**********************************************************************************************************************************************************************************************************************************************************************************************
