*******************************************************************************
 Revised: April 12, 2021               Jupiter                              599
 
 PHYSICAL DATA (revised 2025-Jan-30):
  Mass x 10^26 (kg)     = 18.9819           Density (g/cm^3)  = 1.3262 +- .0003
  Equat. radius (1 bar) = 71492+-4 km       Polar radius (km)     = 66854+-10
  Vol. Mean Radius (km) = 69911+-6          Flattening            = 0.06487
  Geometric Albedo      = 0.52              Rocky core mass (Mc/M)= 0.0261
  Sid. rot. period (III)= 9h 55m 29.711 s   Sid. rot. rate (rad/s)= 0.00017585
  Mean solar day, hrs   = ~9.9259         
  GM (km^3/s^2)         = 126686531.900     GM 1-sigma (km^3/s^2) =  +- 1.2732
  Equ. grav, ge (m/s^2) = 24.79             Pol. grav, gp (m/s^2) =  28.34
  Vis. magnitude V(1,0) = -9.40
  Vis. mag. (opposition)= -2.70             Obliquity to orbit    =  3.13 deg
  Sidereal orbit period = 11.861982204 y    Sidereal orbit period = 4332.589 d
  Mean daily motion     = 0.0831294 deg/d   Mean orbit speed, km/s= 13.0697
  Atmos. temp. (1 bar)  = 165+-5 K          Escape speed, km/s    =  59.5           
  A_roche(ice)/Rp       =  2.76             Hill's sphere rad. Rp = 740
                                 Perihelion   Aphelion     Mean
  Solar Constant (W/m^2)         56           46           51
  Maximum Planetary IR (W/m^2)   13.7         13.4         13.6
  Minimum Planetary IR (W/m^2)   13.7         13.4         13.6
*******************************************************************************


*******************************************************************************
Ephemeris / WWW_USER Mon Apr  6 16:00:42 2026 Pasadena, USA      / Horizons    
*******************************************************************************
Target body name: Jupiter (599)                   {source: jup365_merged}
Center body name: Earth (399)                     {source: DE441}
Center-site name: (user defined site below)
*******************************************************************************
Start time      : A.D. 2026-Jan-01 00:00:00.0000 UT      
Stop  time      : A.D. 2026-Dec-31 00:00:00.0000 UT      
Step-size       : 3600 minutes
*******************************************************************************
Target pole/equ : IAU_JUPITER                     {West-longitude positive}
Target radii    : 71492.0, 71492.0, 66854.0 km    {Equator_a, b, pole_c}       
Center geodetic : 260.5, 17.0, .010               {E-lon(deg),Lat(deg),Alt(km)}
Center cylindric: 260.5, 6101.19824, 1852.83633   {E-lon(deg),Dxy(km),Dz(km)}
Center pole/equ : ITRF93                          {East-longitude positive}
Center radii    : 6378.137, 6378.137, 6356.752 km {Equator_a, b, pole_c}       
Target primary  : Sun
Vis. interferer : MOON (R_eq= 1737.400) km        {source: DE441}
Rel. light bend : Sun                             {source: jup365_merged}
Rel. lght bnd GM: 1.3271E+11 km^3/s^2                                          
Atmos refraction: NO (AIRLESS)
RA format       : HMS
Time format     : CAL 
Calendar mode   : Mixed Julian/Gregorian
EOP file        : eop.260406.p260703                                           
EOP coverage    : DATA-BASED 1962-JAN-20 TO 2026-APR-06. PREDICTS-> 2026-JUL-02
Units conversion: 1 au= 149597870.700 km, c= 299792.458 km/s, 1 day= 86400.0 s 
Table cut-offs 1: Elevation (-90.0deg=NO ),Airmass (>38.000=NO), Daylight (NO )
Table cut-offs 2: Solar elongation (  0.0,180.0=NO ),Local Hour Angle( 0.0=NO )
Table cut-offs 3: RA/DEC angular rate (     0.0=NO )                           
**********************************************************************************************************************************************************************************************************************************************************************************************
 Date__(UT)__HR:MN     R.A._____(ICRF)_____DEC  R.A.__(a-apparent)__DEC  dRA*cosD d(DEC)/dt  Azi____(a-app)___Elev    APmag   S-brt      Illu%  Ang-diam  ObsSub-LON ObsSub-LAT             delta      deldot     S-O-T /r     S-T-O  Sky_motion  Sky_mot_PA  RelVel-ANG  Lun_Sky_Brt  sky_SNR
**********************************************************************************************************************************************************************************************************************************************************************************************
$$SOE
 2026-Jan-01 00:00 *m  07 30 55.17 +22 02 03.7  07 32 29.96 +21 58 43.9  -19.1058  3.604984   61.894863 -12.840465   -2.670   5.403   99.96876  46.46729  336.671172   1.577357  4.24267521923189  -4.9261411  169.2055 /L    2.0310   0.3240493   280.68523   -16.51605         n.a.     n.a.
 2026-Jan-03 12:00 Am  07 29 30.87 +22 05 26.6  07 31 05.82 +22 02 10.0  -19.7788  3.235855  287.130708  23.606302   -2.674   5.403   99.98313  46.52885  353.369867   1.580412  4.23706216621031  -2.8021753  172.0861 /L    1.4943   0.3340298   279.29138   -9.307668        4.341    1.245
 2026-Jan-06 00:00 *   07 28 05.95 +22 08 47.8  07 29 41.02 +22 05 34.0  -19.6736  3.588196   63.888038  -8.000223   -2.676   5.402   99.99313  46.56846   10.060587   1.583539  4.23345847567874  -2.2260753  174.9584 /L    0.9557   0.3333025   280.33635   -7.441512         n.a.     n.a.
 2026-Jan-08 12:00 Am  07 26 39.72 +22 12 08.0  07 28 14.89 +22 08 57.7  -20.0687  3.173055  288.268988  18.488003   -2.676   5.403   99.99873  46.58689   26.746442   1.586985  4.23178353916004  -0.0612923  177.8384 /L    0.4136   0.3386329   278.98465   -0.208528        1.602    3.373
 2026-Jan-11 00:00 *   07 25 13.66 +22 15 25.1  07 26 48.91 +22 12 17.5  -19.8830  3.508117   65.657730  -3.075981   -2.676   5.403   99.99984  46.58311   43.421207   1.590328  4.23212724804279   0.5129196  179.2220 /T    0.1410   0.3365022   280.00616   1.7008956         n.a.     n.a.
 2026-Jan-13 12:00 Am  07 23 47.08 +22 18 39.1  07 25 22.43 +22 15 34.8  -19.9856  3.053259  289.533294  13.402257   -2.674   5.403   99.99644  46.55772   60.087826   1.593986  4.23443499393844   2.7035389  176.3677 /T    0.6784   0.3369576   278.68610   8.9030877        0.361   14.970
 2026-Jan-16 00:00 *   07 22 21.52 +22 21 48.5  07 23 56.97 +22 18 47.0  -19.7087  3.367641   67.228732   1.907337   -2.671   5.404   99.98860  46.51030   76.740114   1.597369  4.23875212656259   3.2612909  173.4956 /T    1.2178   0.3332393   279.69652   10.808026         n.a.     n.a.
 2026-Jan-18 12:00 A   07 20 56.26 +22 24 53.0  07 22 31.82 +22 21 54.8  -19.5147  2.880683  290.928792   8.367503   -2.667   5.405   99.97636  46.44142   93.381019   1.601071  4.24503859793810   5.4526175  170.6138 /T    1.7561   0.3287692   278.39714   17.906121         n.a.     n.a.
 2026-Jan-21 00:00 *m  07 19 32.88 +22 27 51.6  07 21 08.53 +22 24 56.4  -19.1451  3.172704   68.620911   6.926488   -2.661   5.407   99.95997  46.35124  110.004497   1.604339  4.25329792308036   5.9833556  167.7489 /T    2.2871   0.3234360   279.40950   19.784577         n.a.     n.a.
 2026-Jan-23 12:00 A   07 18 10.65 +22 30 43.6  07 19 46.35 +22 27 51.7  -18.6597  2.661988  292.463488   3.402870   -2.654   5.408   99.93950  46.24034  126.613458   1.607942  4.26349861590872   8.1380569  164.8805 /T    2.8133   0.3141437   278.11902   26.682548         n.a.     n.a.
 2026-Jan-26 00:00 *m  07 16 51.09 +22 33 28.7  07 18 26.85 +22 30 39.5  -18.2098  2.932044   69.850209  11.959923   -2.646   5.410   99.91536  46.10950  143.202315   1.610975  4.27559710503194   8.6256479  162.0334 /T    3.3288   0.3074056   279.14695   28.494066         n.a.     n.a.
 2026-Jan-28 12:00 A   07 15 33.45 +22 36 05.8  07 17 09.27 +22 33 19.6  -17.4556  2.408391  294.148000  -1.472491   -2.636   5.412   99.88763  45.95922  159.773988   1.614365  4.28957755620689  10.7176311  159.1867 /T    3.8367   0.2936833   277.85562   35.134698         n.a.     n.a.
 2026-Jan-31 00:00 *m  07 14 19.18 +22 38 35.5  07 15 55.09 +22 35 51.7  -16.9504  2.659110   70.928659  16.988572   -2.625   5.415   99.85686  45.79083  176.323399   1.617061  4.30535219784325  11.1507250  156.3644 /T    4.3312   0.2859615   278.91567   36.839679         n.a.     n.a.
 2026-Feb-02 12:00 Am  07 13 07.48 +22 40 56.2  07 14 43.44 +22 38 15.5  -15.9600  2.134274  295.996429  -6.239794   -2.614   5.417   99.82313  45.60463  192.853545   1.620127  4.32293036605577  13.1633657  153.5450 /T    4.8155   0.2683671   277.61679   43.185132         n.a.     n.a.
 2026-Feb-05 00:00 *   07 11 59.74 +22 43 09.3  07 13 35.74 +22 40 31.0  -15.4132  2.366734   71.864232  21.996373   -2.601   5.420   99.78709  45.40228  209.359753   1.622369  4.34219676026207  13.5519022  150.7519 /T    5.2843   0.2598976   278.72972   44.808748         n.a.     n.a.
 2026-Feb-07 12:00 Am  07 10 55.15 +22 45 12.7  07 12 31.15 +22 42 37.1  -14.2067  1.848699  298.025937 -10.880758   -2.587   5.423   99.74882  45.18392  225.844867   1.624983  4.36318172293432  15.4710758  147.9639 /T    5.7406   0.2387743   277.41417   50.852785         n.a.     n.a.
 2026-Feb-10 00:00 *   07 09 55.04 +22 47 08.5  07 11 31.08 +22 44 34.9  -13.6291  2.062158   72.661269  26.969217   -2.573   5.426   99.70903  44.95151  242.304688   1.626651  4.38574038545575  15.8141178  145.2039 /T    6.1794   0.2297371   278.60391   52.396371         n.a.     n.a.
 2026-Feb-12 12:00 Am  07 08 58.63 +22 48 54.2  07 10 34.69 +22 46 22.9  -12.2192  1.555678  300.256539 -15.376543   -2.557   5.429   99.66780  44.70501  258.741827   1.628695  4.40992299852908  17.6244961  142.4513 /T    6.6038   0.2052972   277.25553   58.161127         n.a.     n.a.
 2026-Feb-15 00:00 *   07 08 07.14 +22 50 32.2  07 09 43.25 +22 48 02.7  -11.6251  1.749030   73.319437  31.894548   -2.541   5.432   99.62589  44.44679  275.152667   1.629697  4.43554275875653  17.9121227  139.7286 /T    7.0089   0.1959325   278.55613   59.607961         n.a.     n.a.
 2026-Feb-17 12:00 A   07 07 19.80 +22 51 59.9  07 08 55.90 +22 49 32.5  -10.0428  1.259972  302.711306 -19.707568   -2.524   5.435   99.58333  44.17658  291.539683   1.631089  4.46267300178850  19.5984950  137.0155 /T    7.3978   0.1686914   277.15101   65.093028         n.a.     n.a.
 2026-Feb-20 00:00 *m  07 06 37.76 +22 53 20.0  07 08 13.87 +22 50 54.1  -9.43752  1.430549   73.833445  36.761593   -2.506   5.438   99.54091  43.89704  307.899774   1.631362  4.49109190474302  19.8219597  134.3344 /T    7.7661   0.1590887   278.61934   66.456284         n.a.     n.a.
 2026-Feb-22 12:00 A   07 06 00.23 +22 54 29.4  07 07 36.30 +22 52 05.2  -7.71977  0.964092  305.415871 -23.853738   -2.488   5.442   99.49863  43.60778  324.235377   1.632051  4.52088251462844  21.3645715  131.6649 /T    8.1169   0.1296623   277.11859   71.651053         n.a.     n.a.
 2026-Feb-25 00:00 *m  07 05 28.23 +22 55 31.5  07 07 04.32 +22 53 08.3  -7.12634  1.112211   74.191949  41.561366   -2.470   5.445   99.45724  43.31161  340.544021   1.631567  4.55179698311587  21.5219577  129.0288 /T    8.4461   0.1202101   278.87062   72.916426         n.a.     n.a.
 2026-Feb-27 12:00 A   07 05 00.97 +22 56 22.9  07 06 37.05 +22 54 00.9  -5.30949  0.672843  308.398731 -27.794215   -2.451   5.448   99.41669  43.00795  356.828015   1.631519  4.58393507575250  22.9062711  126.4059 /T    8.7570   0.0891992   277.22229   77.823721         n.a.     n.a.
 2026-Mar-02 00:00 *m  07 04 39.33 +22 57 07.5  07 06 15.43 +22 54 46.3  -4.75200  0.799675   74.374315  46.286960   -2.432   5.451   99.37766  42.69969   13.085599   1.630247  4.61702729437724  23.0063263  123.8168 /T    9.0460   0.0803136   279.55234   78.975123         n.a.     n.a.
 2026-Mar-04 12:00 Am  07 04 22.56 +22 57 41.3  07 05 58.59 +22 55 21.1  -2.86777  0.390922  311.691015 -31.507155   -2.413   5.454   99.34007  42.38593   29.318805   1.629412  4.65120443119879  24.2398661  121.2411 /T    9.3163   0.0482382   277.76247   83.615927         n.a.     n.a.
 2026-Mar-07 00:00 *   07 04 11.43 +22 58 08.7  07 05 47.44 +22 55 48.8  -2.35046  0.494710   74.347270  50.933093   -2.393   5.457   99.30453  42.06957   45.526317   1.627300  4.68618181661744  24.2912773  118.6988 /T    9.5645   0.0400326   281.88578   84.666659         n.a.     n.a.
 2026-Mar-09 12:00 Am  07 04 05.22 +22 58 25.5  07 05 41.17 +22 56 06.0  -0.41548  0.116445  315.324037 -34.968892   -2.374   5.459   99.27093  41.74947   61.709884   1.625621  4.72211101814670  25.3745273  116.1699 /T    9.7938   0.0071915   285.65636   89.073188         n.a.     n.a.
 2026-Mar-12 00:00 *   07 04 04.63 +22 58 36.2  07 05 40.59 +22 56 16.5  0.061882  0.194546   74.057605  55.494576   -2.354   5.462   99.23983  41.42853   77.868609   1.622625  4.75869220746033  25.3842790  113.6741 /T   10.0012   0.0034025   17.645134   89.558240         n.a.     n.a.
 2026-Mar-14 12:00 Nm  07 04 09.02 +22 58 36.2  07 05 44.91 +22 56 16.6  2.031468  -0.15446  319.326908 -38.152966   -2.335   5.464   99.21107  41.10551   94.003908   1.620062  4.79608795982557  26.3072174  111.1918 /T   10.1895   0.0339555   94.348088   85.720583         n.a.     n.a.
 2026-Mar-17 00:00 *   07 04 18.94 +22 58 30.2  07 05 54.82 +22 56 10.2  2.463471  -0.10386   73.419099  59.965401   -2.315   5.466   99.18515  40.78330  110.115453   1.616165  4.83397924480095  26.2709874  108.7425 /T   10.3562   0.0410943   92.414242   84.777536         n.a.     n.a.
 2026-Mar-19 12:00 N   07 04 33.82 +22 58 13.5  07 06 09.60 +22 55 53.3  4.448819  -0.42455  323.722545 -41.030737   -2.296   5.468   99.16188  40.46052  126.204347   1.612704  4.87254377047151  27.0329210  106.3069 /T   10.5039   0.0744838   95.451257   80.782251         n.a.     n.a.
 2026-Mar-22 00:00 *m  07 04 54.11 +22 57 50.8  07 06 29.86 +22 55 29.7  4.828302  -0.40252   72.288556  64.337798   -2.276   5.470   99.14164  40.14008  142.270776   1.607911  4.91144040205217  26.9440862  103.9044 /T   10.6303   0.0807509   94.765588   79.911168         n.a.     n.a.
 2026-Mar-24 12:00 N   07 05 19.26 +22 57 17.5  07 06 54.93 +22 54 55.4  6.799249  -0.69412  328.522570 -43.572159   -2.257   5.471   99.12426  39.82048  158.315682   1.603558  4.95086081961343  27.5410219  101.5159 /T   10.7382   0.1139098   95.829023   76.097621         n.a.     n.a.
 2026-Mar-27 00:00 *m  07 05 49.61 +22 56 38.2  07 07 25.29 +22 54 15.0  7.121160  -0.70045   70.413127  68.599582   -2.238   5.473   99.11000  39.50451  174.339699   1.597879  4.99045843927490  27.4102726   99.1601 /T   10.8256   0.1192588   95.617669   75.293802         n.a.     n.a.
 2026-Mar-29 12:00 N   07 06 24.66 +22 55 48.2  07 08 00.25 +22 53 23.9  9.054397  -0.96230  333.722136 -45.746554   -2.220   5.474   99.09865  39.19056  190.343514   1.592629  5.03043687259874  27.8470214   96.8179 /T   10.8950   0.1517565   96.066588   71.666023         n.a.     n.a.
 2026-Apr-01 00:00 *m  07 07 04.65 +22 54 52.3  07 08 40.20 +22 52 26.6  9.313444  -0.99590   67.311851  72.727674   -2.202   5.475   99.09039  38.88126  206.328153   1.586055  5.07045437801523  27.6904490   94.5073 /T   10.9450   0.1561090   96.103556   70.938170         n.a.     n.a.
 2026-Apr-03 12:00 Nm  07 07 49.15 +22 53 45.8  07 09 24.58 +22 51 18.5  11.20770  -1.23050  339.292748 -47.524865   -2.184   5.476   99.08503  38.57483  222.293868   1.579882  5.11073234052024  27.9773949   92.2093 /T   10.9777   0.1879175   96.265429   67.464203         n.a.     n.a.
 2026-Apr-06 00:00 *   07 08 38.32 +22 52 33.3  07 10 13.72 +22 50 04.1  11.40766  -1.29195   61.980443  76.670343   -2.166   5.476   99.08266  38.27386  238.242040   1.572391  5.15092158036324  27.8021704   89.9413 /T   10.9920   0.1913430   96.461361   66.804076         n.a.     n.a.
 2026-Apr-08 12:00 Nm  07 09 31.83 +22 51 10.1  07 11 07.13 +22 48 38.9  13.25658  -1.50148  345.176555 -48.881862   -2.149   5.476   99.08312  37.97646  254.172541   1.565275  5.19125853072811  27.9464203   87.6848 /T   10.9896   0.2223557   96.461942   63.467935         n.a.     n.a.
 2026-Apr-11 00:00 *   07 10 29.76 +22 49 40.9  07 12 05.04 +22 47 07.6  13.40879  -1.59240   52.075304  80.293878   -2.132   5.477   99.08643  37.68514  270.087012   1.556859  5.23138935440723  27.7518977   85.4572 /T   10.9698   0.2250503   96.772604   62.850925         n.a.     n.a.
 2026-Apr-13 12:00 Nm  07 11 31.84 +22 48 00.6  07 13 07.00 +22 45 25.2  15.20640  -1.77913  351.285361 -49.799509   -2.115   5.477   99.09244  37.39803  285.985062   1.548795  5.27155137492210  27.7536874   83.2401 /T   10.9339   0.2551687   96.673183   59.635481         n.a.     n.a.
 2026-Apr-16 00:00 *   07 12 38.08 +22 46 14.1  07 14 13.19 +22 43 36.4  15.31267  -1.89927   31.993880  83.200684   -2.099   5.476   99.10109  37.11753  301.868631   1.539465  5.31138906144758  27.5401173   81.0509 /T   10.8815   0.2571668   97.070418   59.056128         n.a.     n.a.
 2026-Apr-18 12:00 C   07 13 48.30 +22 44 16.4  07 15 23.28 +22 41 36.0  17.05220  -2.06507  357.506050 -50.270715   -2.084   5.476   99.11227  36.84180  317.737040   1.530467  5.35113984269915  27.3938864   78.8718 /T   10.8139   0.2862798   96.905045   55.941843         n.a.     n.a.
 2026-Apr-21 00:00 *m  07 15 02.39 +22 42 12.1  07 16 37.35 +22 39 28.9  17.10846  -2.21271  356.000530  84.327679   -2.069   5.475   99.12584  36.57319  333.592656   1.520249  5.39044116517021  27.1577532   76.7200 /T   10.7307   0.2875160   97.369384   55.400595         n.a.     n.a.
 2026-Apr-23 12:00 C   07 16 20.21 +22 39 56.5  07 17 55.07 +22 37 10.5  18.77166  -2.35641    3.712984 -50.300817   -2.054   5.475   99.14169  36.30983  349.434591   1.510336  5.42953957701078  26.8743763   74.5779 /T   10.6331   0.3153163   97.154919   52.401298         n.a.     n.a.
 2026-Apr-26 00:00 *m  07 17 41.60 +22 37 34.3  07 19 16.42 +22 34 45.4  18.77745  -2.52903  322.405314  82.885927   -2.039   5.474   99.15961  36.05390    5.265440   1.499242  5.46808105497215  26.6259367   72.4622 /T   10.5212   0.3157833   97.670698   51.906035         n.a.     n.a.
 2026-Apr-28 12:00 C   07 19 06.45 +22 35 00.7  07 20 41.12 +22 32 08.8  20.35946  -2.65097    9.783622 -49.907473   -2.026   5.473   99.17953  35.80351   21.084065   1.488409  5.50632119457135  26.2186680   70.3552 /T   10.3958   0.3421887   97.418657   49.018609         n.a.     n.a.
 2026-May-01 00:00 *   07 20 34.55 +22 32 20.2  07 22 09.16 +22 29 25.1  20.32476  -2.84773  304.681450  79.987408   -2.012   5.472   99.20120  35.56069   36.893174   1.476431  5.54392092216192  25.9763986   68.2731 /T   10.2573   0.3420548   97.975873   48.572842         n.a.     n.a.
 2026-May-03 12:00 Cm  07 22 05.90 +22 29 28.3  07 23 40.38 +22 26 29.7  21.83170  -2.95065   15.611972 -49.119353   -1.999   5.471   99.22458  35.32358   52.691271   1.464667  5.58113451911978  25.4487713   66.1983 /T   10.1061   0.3671699   97.697141   45.772436         n.a.     n.a.
 2026-May-06 00:00 *   07 23 40.23 +22 26 29.3  07 25 14.68 +22 23 27.4  21.76220  -3.17071  295.790785  76.585129   -1.986   5.469   99.24939  35.09411   68.481289   1.451803  5.61762785610692  25.2120024   64.1469 /T    9.9427   0.3665328   98.289560   45.367758         n.a.     n.a.
 2026-May-08 12:00 Cm  07 25 17.60 +22 23 18.8  07 26 51.93 +22 20 13.3  23.19935  -3.25721   21.118021 -47.972590   -1.974   5.468   99.27561  34.87047   84.261429   1.439109  5.65365647472935  24.5724510   62.1015 /T    9.7675   0.3904482   97.992133   42.640155         n.a.     n.a.
 2026-May-11 00:00 *   07 26 57.70 +22 20 00.9  07 28 31.97 +22 16 52.0  23.10018  -3.49961  290.866485  73.008407   -1.963   5.466   99.30295  34.65453  100.034803   1.425371  5.68888479573519  24.3353258   60.0781 /T    9.5810   0.3893960   98.614628   42.263177         n.a.     n.a.
 2026-May-13 12:00 Cm  07 28 40.64 +22 16 31.3  07 30 14.75 +22 13 18.7  24.46287  -3.57042   26.251810 -46.507538   -1.951   5.465   99.33142  34.44455  115.799444   1.411764  5.72356604158522  23.5854737   58.0596 /T    9.3833   0.4120342   98.303838   39.601284         n.a.     n.a.
 2026-May-16 00:00 *m  07 30 26.05 +22 12 54.1  07 32 00.10 +22 09 37.7  24.34254  -3.83449  287.903108  69.369489   -1.940   5.463   99.36068  34.24230  131.558595   1.397178  5.75737139697647  23.3462223   56.0622 /T    9.1753   0.4107117   98.951798   39.239535         n.a.     n.a.
 2026-May-18 12:00 C   07 32 14.11 +22 09 05.1  07 33 48.04 +22 05 44.6  25.62310  -3.88944   30.991646 -44.765346   -1.930   5.461   99.39076  34.04616  147.310182   1.382687  5.79054000637165  22.4837779   54.0690 /T    8.9567   0.4319435   98.631290   36.634552         n.a.     n.a.
 2026-May-21 00:00 *m  07 34 04.37 +22 05 08.3  07 35 38.27 +22 01 44.0  25.47431  -4.17092  286.024081  65.712367   -1.920   5.460   99.42131  33.85779  163.057676   1.367282  5.82275507476874  22.2439494   52.0964 /T    8.7289   0.4302252   99.298564   36.298059         n.a.     n.a.
 2026-May-23 12:00 C   07 35 57.04 +22 00 59.8  07 37 30.80 +21 57 31.5  26.66842  -4.20928   35.338391 -42.784495   -1.910   5.458   99.45237  33.67560  178.798827   1.351923  5.85425762470886  21.2807829   50.1275 /T    8.4914   0.4499762   98.969424   33.752650         n.a.     n.a.
 2026-May-26 00:00 *m  07 37 51.63 +21 56 43.4  07 39 25.31 +21 53 11.3  26.49351  -4.50518  284.801551  62.055616   -1.901   5.456   99.48357  33.50113  194.537224   1.335709  5.88474544945498  21.0528422   48.1783 /T    8.2457   0.4478972   99.650733   33.453327         n.a.     n.a.
 2026-May-28 12:00 C   07 39 48.41 +21 52 15.5  07 41 21.94 +21 48 39.1  27.60178  -4.52733   39.308966 -40.599788   -1.892   5.455   99.51496  33.33281  210.270394   1.319483  5.91446257443196  20.0045699   46.2316 /T    7.9910   0.4661768   99.314882   30.970368         n.a.     n.a.
 2026-May-31 00:00 *   07 41 46.87 +21 47 39.7  07 43 20.33 +21 43 59.2  27.41372  -4.83756  284.005154  58.407463   -1.884   5.453   99.54621  33.17205  226.001900   1.302462  5.94312412341502  19.7937809   44.3033 /T    7.7291   0.4639547   100.00767   30.701796         n.a.     n.a.
 2026-Jun-02 12:00 Cm  07 43 47.33 +21 42 52.5  07 45 20.67 +21 39 07.5  28.44355  -4.84594   42.929217 -38.241827   -1.876   5.451   99.57739  33.01741  241.729123   1.285376  5.97096088210345  18.6635821   42.3762 /T    7.4589   0.4808899   99.668666   28.264562         n.a.     n.a.
 2026-Jun-05 00:00 *   07 45 49.25 +21 37 57.2  07 47 22.52 +21 34 08.2  28.24619  -5.16891  283.501914  54.771640   -1.868   5.449   99.60814  32.87019  257.455679   1.267564  5.99770211183117  18.4711462   40.4660 /T    7.1822   0.4785872   100.37009   28.025439         n.a.     n.a.
 2026-Jun-07 12:00 Cm  07 47 53.02 +21 32 50.5  07 49 26.15 +21 28 57.2  29.20356  -5.16567   46.229422 -35.736867   -1.861   5.448   99.63856  32.72905  273.178771   1.249639  6.02356675335800  17.2583109   38.5559 /T    6.8978   0.4942817   100.03100   25.615791         n.a.     n.a.
 2026-Jun-10 00:00 *   07 49 58.04 +21 27 35.7  07 51 31.07 +21 23 38.3  28.99979  -5.49970  283.209870  51.149582   -1.854   5.446   99.66832  32.59527  288.902160   1.231065  6.04828891611544  17.0741853   36.6615 /T    6.6076   0.4919448   100.73839   25.391258         n.a.     n.a.
 2026-Jun-12 12:00 Cm  07 52 04.75 +21 22 09.7  07 53 37.62 +21 18 07.7  29.88052  -5.48457   49.241583 -33.107211   -1.847   5.444   99.69750  32.46757  304.622977   1.212335  6.07207782733817  15.7854397   34.7660 /T    6.3103   0.5063284   100.40087   23.009648         n.a.     n.a.
 2026-Jun-15 00:00 *m  07 54 12.51 +21 16 35.4  07 55 45.32 +21 12 29.1  29.67134  -5.82729  283.076054  47.541273   -1.841   5.443   99.72579  32.34718  320.345036   1.193036  6.09467728998158  15.6018243   32.8854 /T    6.0080   0.5039691   101.11117   22.788945         n.a.     n.a.
 2026-Jun-17 12:00 C   07 56 21.76 +21 10 50.3  07 57 54.46 +21 06 39.3  30.46557  -5.79819   51.996985 -30.371156   -1.835   5.441   99.75326  32.23292  336.065528   1.173537  6.11628227484414  14.2387517   31.0034 /T    5.6993   0.5168737   100.77563   20.431492         n.a.     n.a.
 2026-Jun-20 00:00 *m  07 58 31.84 +21 04 57.1  08 00 04.46 +21 00 42.0  30.24917  -6.14568  283.065928  43.945602   -1.829   5.440   99.77962  32.12587  351.788292   1.153541  6.13666238465085  14.0694087   29.1357 /T    5.3863   0.5144527   101.48438   20.233649         n.a.     n.a.
 2026-Jun-22 12:00 C   08 00 43.23 +20 58 53.3  08 02 15.68 +20 54 33.7  30.95670  -6.10213   54.525051 -27.543093   -1.824   5.439   99.80494  32.02494    7.510406   1.133289  6.15600412325484  12.6438288   27.2661 /T    5.0677   0.5258732   101.15109   17.901591         n.a.     n.a.
 2026-Jun-25 00:00 *m  08 02 55.22 +20 52 41.7  08 04 27.57 +20 48 17.8  30.73672  -6.45231  283.155751  40.360790   -1.819   5.438   99.82895  31.93107   23.235703   1.112608  6.17410009380989  12.4951583   25.4101 /T    4.7457   0.5234443   101.85549   17.732421         n.a.     n.a.
 2026-Jun-27 12:00 C   08 05 08.35 +20 46 20.0  08 06 40.57 +20 41 51.4  31.36643  -6.39677   56.852820 -24.634869   -1.815   5.436   99.85174  31.84324   38.961127   1.091617  6.19112912894767  11.0193492   23.5510 /T    4.4185   0.5335343   101.52665   15.423540         n.a.     n.a.
 2026-Jun-30 00:00 *   08 07 21.91 +20 39 50.6  08 08 54.05 +20 35 17.7  31.14884  -6.74884  283.329186  36.785201   -1.810   5.435   99.87306  31.76235   54.690467   1.070271  6.20689681049403  10.8894872   21.7043 /T    4.0887   0.5311929   102.22499   15.277238         n.a.     n.a.
 2026-Jul-02 12:00 Cm  08 09 36.46 +20 33 11.5  08 11 08.47 +20 28 34.1  31.70209  -6.68223   59.004137 -21.656202   -1.806   5.435   99.89300  31.68745   70.420645   1.048568  6.22156773780680   9.3660620   19.8535 /T    3.7544   0.5399780   101.90268   12.982484         n.a.     n.a.
 2026-Jul-05 00:00 *   08 11 51.28 +20 26 24.9  08 13 23.18 +20 21 43.3  31.49449  -7.03586  283.575006  33.217368   -1.803   5.434   99.91134  31.61936   86.155390   1.026591  6.23496694018233   9.2529412   18.0137 /T    3.4179   0.5378471   102.59308   12.853249         n.a.     n.a.
 2026-Jul-07 12:00 Cm  08 14 06.95 +20 19 28.9  08 15 38.70 +20 14 42.8  31.97401  -6.95940   61.000322 -18.615104   -1.799   5.433   99.92815  31.55726  101.891622   1.004216  6.24723523701209   7.6818589   16.1688 /T    3.0774   0.5453772   102.27936   10.560346         n.a.     n.a.
 2026-Jul-10 00:00 *   08 16 22.74 +20 12 25.6  08 17 54.38 +20 07 35.1  31.77357  -7.31165  283.885150  29.655895   -1.796   5.432   99.94325  31.50191  117.633101   0.981650  6.25821224081643   7.5762034   14.3338 /T    2.7354   0.5433998   102.95914   10.437395         n.a.     n.a.
 2026-Jul-12 12:00 Cm  08 18 39.25 +20 05 13.4  08 20 10.76 +20 00 18.2  32.17733  -7.22508   62.860444 -15.518124   -1.794   5.432   99.95671  31.45260  133.376775   0.958649  6.26802252031402   5.9586759   12.4929 /T    2.3899   0.5496420   102.65527   8.1374435         n.a.     n.a.
 2026-Jul-15 00:00 *m  08 20 55.70 +19 57 54.2  08 22 27.14 +19 52 54.7  31.98017  -7.57229  284.254446  26.099358   -1.791   5.432   99.96837  31.41003  149.126458   0.935538  6.27651763356885   5.8554970   10.6615 /T    2.0437   0.5477404   103.32120   8.0149958         n.a.     n.a.
 2026-Jul-17 12:00 C   08 23 12.69 +19 50 26.8  08 24 44.00 +19 45 22.9  32.29519  -7.47162   64.601062 -12.369990   -1.789   5.431   99.97828  31.37357  164.879204   0.911950  6.28381200798145   4.2045584    8.8241 /T    1.6946   0.5524703   103.02641   5.7160695         n.a.     n.a.
 2026-Jul-20 00:00 *m  08 25 29.44 +19 42 52.9  08 27 00.62 +19 37 44.9  32.10374  -7.81136  284.680239  22.545887   -1.787   5.431   99.98632  31.34375  180.638685   0.888320  6.28979031841188   4.1158781    6.9966 /T    1.3457   0.5506732   103.67525   5.6090445         n.a.     n.a.
 2026-Jul-22 12:00 C   08 27 46.57 +19 35 11.6  08 29 17.60 +19 29 59.1  32.33477  -7.69777   66.237083  -9.174086   -1.785   5.431   99.99255  31.32005  196.401966   0.864167  6.29455136712611   2.4426858    5.1644 /T    0.9949   0.5539737   103.39084   3.3111046         n.a.     n.a.
 2026-Jul-25 00:00 *m  08 30 03.28 +19 27 24.2  08 31 34.21 +19 22 07.5  32.15282  -8.02897  285.161158  18.993799   -1.784   5.432   99.99688  31.30286  212.172587   0.840044  6.29800700063761   2.3772128    3.3462 /T    0.6459   0.5523354   104.02076   3.2302066         n.a.     n.a.
 2026-Jul-27 12:00 C   08 32 20.24 +19 19 30.1  08 33 51.07 +19 14 08.9  32.30840  -7.90541   67.781503  -5.933293   -1.783   5.432   99.99934  31.29177  227.947566   0.815358  6.30023854554573   0.6845267    1.5486 /T    0.3004   0.5543586   103.74933   0.9233719         n.a.     n.a.
 2026-Jul-30 00:00 *   08 34 36.64 +19 11 30.4  08 36 07.33 +19 06 05.9  32.13895  -8.22717  285.697584  15.441930   -1.782   5.432   99.99990  31.28714  243.730404   0.790779  6.30117207276575   0.6335467    0.5940 /L    0.1119   0.5529211   104.35867   0.8561530         n.a.     n.a.
 2026-Aug-01 12:00 Cm  08 36 53.17 +19 03 24.7  08 38 23.73 +18 57 55.4  32.22007  -8.09436   69.245812  -2.649746   -1.782   5.433   99.99857  31.28862  259.518179   0.765607  6.30087244451038  -1.0699197    2.2482 /L    0.4283   0.5536876   104.10207   -1.458988         n.a.     n.a.
 2026-Aug-04 00:00 *   08 39 09.01 +18 55 13.9  08 40 39.44 +18 49 40.6  32.06567  -8.40568  286.290211  11.889529   -1.782   5.433   99.99536  31.29652  275.314267   0.740623  6.29928274310847  -1.1149699    4.0607 /L    0.7754   0.5524850   104.68898   -1.523794         n.a.     n.a.
 2026-Aug-06 12:00 Cm  08 41 24.84 +18 46 57.7  08 42 55.14 +18 41 20.0  32.06963  -8.26317   70.640446   0.674340   -1.782   5.434   99.99025  31.31063  291.115903   0.715023  6.29644362523800  -2.8314031    5.8972 /L    1.1259   0.5519513   104.44875   -3.861447         n.a.     n.a.
 2026-Aug-09 00:00 *   08 43 39.85 +18 38 37.0  08 45 10.06 +18 32 55.3  31.92881  -8.56154  286.941819   8.335857   -1.783   5.434   99.98331  31.33115  306.926394   0.689688  6.29231984651805  -2.8724241    7.7339 /L    1.4750   0.5509459   105.01045   -3.926792         n.a.     n.a.
 2026-Aug-11 12:00 Cm  08 45 54.71 +18 30 11.8  08 47 24.82 +18 24 25.8  31.84924  -8.40729   71.974778   4.037851   -1.784   5.435   99.97449  31.35802  322.743106   0.663713  6.28692941979665  -4.5987757    9.5831 /L    1.8246   0.5490033   104.78714   -6.295502         n.a.     n.a.
 2026-Aug-14 00:00 *m  08 48 08.58 +18 21 42.8  08 49 38.58 +18 15 53.1  31.71406  -8.68779  287.656222   4.780334   -1.785   5.436   99.96392  31.39132  338.569323   0.638072  6.28026024817797  -4.6371172   11.4297 /L    2.1714   0.5480417   105.31983   -6.365223         n.a.     n.a.
 2026-Aug-16 12:00 C   08 50 22.13 +18 13 10.4  08 51 52.00 +18 07 16.6  31.54730  -8.52012   73.257214   7.440465   -1.787   5.437   99.95152  31.43104  354.402511   0.611763  6.27232271767676  -6.3547982   13.2879 /L    2.5178   0.5446264   105.11356   -8.754250         n.a.     n.a.
 2026-Aug-19 00:00 *m  08 52 34.53 +18 04 35.0  08 54 04.27 +17 58 37.5  31.42072  -8.78163  288.438665   1.222216   -1.789   5.438   99.93746  31.47716   10.245754   0.585850  6.26313198868324  -6.3804396   15.1436 /L    2.8605   0.5437470   105.61490   -8.815669         n.a.     n.a.
 2026-Aug-21 12:00 N   08 54 46.45 +17 55 57.3  08 56 16.08 +17 49 55.6  31.16773  -8.60119   74.495786  10.882159   -1.791   5.440   99.92167  31.52977   26.096614   0.559246  6.25268262781751  -8.0810137   17.0110 /L    3.2021   0.5388795   105.42762   -11.22734         n.a.     n.a.
 2026-Aug-24 00:00 *m  08 56 57.07 +17 47 17.4  08 58 26.60 +17 41 12.1  31.05655  -8.84452  289.295724  -2.338602   -1.793   5.441   99.90434  31.58869   41.957954   0.533104  6.24101892982513  -8.0898665   18.8765 /L    3.5394   0.5381901   105.89629   -11.27380         n.a.     n.a.
 2026-Aug-26 12:00 N   08 59 07.07 +17 38 36.1  09 00 36.51 +17 32 27.0  30.72447  -8.65414   75.697761  14.362941   -1.796   5.443   99.88539  31.65417   57.827426   0.506259  6.22811005150153  -9.7701848   20.7546 /L    3.8750   0.5320003   105.73090   -13.71400         n.a.     n.a.
 2026-Aug-29 00:00 *   09 01 15.65 +17 29 53.5  09 02 44.96 +17 23 40.9  30.62600  -8.87712  290.235534  -5.901512   -1.799   5.444   99.86503  31.72594   73.707784   0.479946  6.21401933100731  -9.7691742   22.6317 /L    4.2056   0.5314433   106.16454   -13.75637         n.a.     n.a.
 2026-Aug-31 12:00 Nm  09 03 23.48 +17 21 10.5  09 04 52.68 +17 14 54.2  30.21839  -8.67839   76.870296  17.882859   -1.802   5.446   99.84318  31.80436   89.596779   0.452926  6.19869844757950 -11.4259203   24.5225 /L    4.5340   0.5239979   106.02348   -16.23035         n.a.     n.a.
 2026-Sep-03 00:00 *   09 05 29.76 +17 12 26.9  09 06 58.84 +17 06 07.0  30.13267  -8.87972  291.267719  -9.465416   -1.806   5.448   99.82009  31.88912  105.497071   0.426508  6.18222175846741 -11.4271576   26.4136 /L    4.8569   0.5235635   106.41959   -16.28574         n.a.     n.a.
 2026-Sep-05 12:00 Nm  09 07 35.14 +17 03 44.0  09 09 04.16 +16 57 20.3  29.63879  -8.66907   78.020657  21.442071   -1.810   5.450   99.79567  31.98069  121.406663   0.399384  6.16452027434846 -13.0553436   28.3196 /L    5.1768   0.5146765   106.30371   -18.80362         n.a.     n.a.
 2026-Sep-08 00:00 *   09 09 38.82 +16 55 01.4  09 11 07.75 +16 48 34.4  29.56154  -8.84558  292.404336 -13.028666   -1.814   5.452   99.77020  32.07866  137.328052   0.372924  6.14569420267446 -13.0604886   30.2270 /L    5.4905   0.5142764   106.65854   -18.87766         n.a.     n.a.
 2026-Sep-10 12:00 Nm  09 11 41.43 +16 46 20.9  09 13 10.27 +16 39 50.5  28.97467  -8.62029   79.155822  25.041381   -1.819   5.454   99.74357  32.18360  153.259490   0.345757  6.12565471351994 -14.6522215   32.1500 /L    5.8005   0.5038300   106.56833   -21.44657         n.a.     n.a.
 2026-Sep-13 00:00 *m  09 13 42.15 +16 37 42.0  09 15 10.86 +16 31 08.4  28.89972  -8.76801  293.660579 -16.589161   -1.824   5.456   99.71614  32.29495  169.203312   0.319304  6.10453380113344 -14.6479427   34.0748 /L    6.1035   0.5033421   106.87749   -21.52720         n.a.     n.a.
 2026-Sep-15 12:00 N   09 15 41.61 +16 29 06.5  09 17 10.25 +16 22 29.5  28.22166  -8.52864   80.283350  28.682126   -1.830   5.458   99.68777  32.41336  185.157844   0.292145  6.08223319157502 -16.1886131   36.0157 /L    6.4020   0.4913699   106.81492   -24.14158         n.a.     n.a.
 2026-Sep-18 00:00 *m  09 17 39.03 +16 20 33.7  09 19 07.57 +16 13 53.5  28.15234  -8.64786  295.054658 -20.143895   -1.835   5.461   99.65883  32.53815  201.125216   0.265751  6.05890728243319 -16.1737882   37.9590 /L    6.6926   0.4908438   107.07596   -24.22714         n.a.     n.a.
 2026-Sep-20 12:00 N   09 19 35.01 +16 12 05.7  09 21 03.50 +16 05 22.1  27.38585  -8.39591   81.411464  32.365495   -1.842   5.463   99.62920  32.67006  217.103912   0.238662  6.03444332505176 -17.6513309   39.9188 /L    6.9779   0.4773992   107.04440   -26.88315         n.a.     n.a.
 2026-Sep-23 00:00 *m  09 21 28.80 +16 03 41.6  09 22 57.20 +15 56 55.1  27.32441  -8.48681  296.608926 -23.688253   -1.848   5.465   99.59926  32.80830  233.095795   0.212393  6.00901770218351 -17.6267775   41.8818 /L    7.2548   0.4768674   107.25450   -26.97437         n.a.     n.a.
 2026-Sep-25 12:00 N   09 23 20.99 +15 55 23.5  09 24 49.32 +15 48 33.9  26.47203  -8.22358   82.549400  36.092586   -1.855   5.468   99.56888  32.95374  249.099555   0.185453  5.98249607279816 -19.0409200   43.8624 /L    7.5255   0.4619992   107.25750   -29.68276         n.a.     n.a.
 2026-Sep-28 00:00 *   09 25 10.84 +15 47 10.3  09 26 39.06 +15 40 18.0  26.41857  -8.28557  298.350449 -27.215894   -1.862   5.470   99.53845  33.10548  265.116863   0.159387  5.95507634477423 -19.0081846   45.8471 /L    7.7871   0.4614564   107.41283   -29.78263         n.a.     n.a.
 2026-Sep-30 12:00 Nm  09 26 58.93 +15 39 04.5  09 28 27.10 +15 32 09.0  25.48185  -8.01188   83.708565  39.864419   -1.870   5.472   99.50786  33.26453  281.146581   0.132683  5.92660239443336 -20.3563310   47.8507 /L    8.0418   0.4451951   107.45394   -32.55089         n.a.     n.a.
 2026-Oct-03 00:00 *   09 28 44.53 +15 31 04.8  09 30 12.63 +15 24 06.5  25.42843  -8.04123  300.312144 -30.718317   -1.878   5.475   99.47750  33.42990  297.190280   0.106904  5.89728379614626 -20.3292061   49.8598 /L    8.2867   0.4444930   107.54852   -32.68623         n.a.     n.a.
 2026-Oct-05 12:00 Nm  09 30 28.16 +15 23 13.9  09 31 56.26 +15 16 12.7  24.39884  -7.75362   84.902924  43.682110   -1.886   5.477   99.44728  33.60273  313.247114   0.080517  5.86695273013984 -21.6015844   51.8891 /L    8.5238   0.4266869   107.62955   -35.52387         n.a.     n.a.
 2026-Oct-08 00:00 *   09 32 09.13 +15 15 30.6  09 33 37.14 +15 08 26.9  24.33921  -7.74697  302.535330 -34.184279   -1.895   5.479   99.41761  33.78188  329.318454   0.055095  5.83583969518977 -21.5750181   53.9249 /L    8.7502   0.4257062   107.65585   -35.69708         n.a.     n.a.
 2026-Oct-10 12:00 N   09 33 47.90 +15 07 57.8  09 35 15.87 +15 00 51.4  23.20671  -7.44131   86.150310  47.547373   -1.905   5.482   99.38839  33.96856  345.403731   0.029097  5.80376755528772 -22.7577105   55.9817 /L    8.9678   0.4061760   107.77864   -38.61440         n.a.     n.a.
 2026-Oct-13 00:00 *m  09 35 23.81 +15 00 34.2  09 36 51.69 +14 53 25.2  23.14185  -7.39862  305.071018 -37.599161   -1.914   5.484   99.36006  34.16143    1.504004   0.004096  5.77100104235924 -22.7166044   58.0454 /L    9.1737   0.4049296   107.72946   -38.80804         n.a.     n.a.
 2026-Oct-15 12:00 N   09 36 57.30 +14 53 22.6  09 38 25.18 +14 46 11.0  21.91449  -7.07832   87.475519  51.461884   -1.925   5.486   99.33253  34.36180   17.618847  -0.021437  5.73734950920531 -23.7975486   60.1308 /L    9.3698   0.3838212   107.90031   -41.79857         n.a.     n.a.
 2026-Oct-18 00:00 *m  09 38 27.74 +14 46 21.6  09 39 55.57 +14 39 07.6  21.84246  -6.99912  307.981519 -40.943044   -1.935   5.488   99.30620  34.56817   33.749068  -0.045938  5.70309676935148 -23.7393424   62.2234 /L    9.5533   0.3822742   107.76735   -42.01435         n.a.     n.a.
 2026-Oct-20 12:00 N   09 39 55.56 +14 39 34.2  09 41 23.39 +14 32 17.8  20.52774  -6.66745   88.913777  55.426744   -1.946   5.490   99.28099  34.78196   49.894390  -0.070916  5.66804341878115 -24.7118932   64.3383 /L    9.7261   0.3597232   107.99390   -45.07737         n.a.     n.a.
 2026-Oct-23 00:00 *m  09 41 20.17 +14 32 58.7  09 42 47.94 +14 25 40.2  20.45076  -6.55296  311.342300 -44.189043   -1.958   5.492   99.25729  35.00155   66.055374  -0.094823  5.63248357806425 -24.6423066   66.4612 /L    9.8855   0.3579163   107.76684   -45.32110         n.a.     n.a.
 2026-Oct-25 12:00 N   09 42 41.95 +14 26 38.3  09 44 09.72 +14 19 17.6  19.04777  -6.20981   90.518902  59.442323   -1.970   5.494   99.23503  35.22846   82.232018  -0.119141  5.59620390239503 -25.5002505   68.6075 /L   10.0333   0.3339076   108.05660   -48.46707         n.a.     n.a.
 2026-Oct-28 00:00 *   09 44 00.37 +14 20 31.1  09 45 28.08 +14 13 08.2  18.96415  -6.05974  315.242598 -47.301587   -1.982   5.496   99.21458  35.46094   98.424590  -0.142352  5.55951488599388 -25.4243128   70.7626 /L   10.1670   0.3318130   107.72058   -48.74806         n.a.     n.a.
 2026-Oct-30 12:00 Nm  09 45 15.74 +14 14 40.5  09 46 43.51 +14 07 15.3  17.47325  -5.70501   92.378313  63.507854   -1.995   5.497   99.19588  35.70066  114.633397  -0.165902  5.52218513872631 -26.1684950   72.9427 /L   10.2880   0.3063502   108.08185   -51.99485         n.a.     n.a.
 2026-Nov-02 00:00 *   09 46 27.56 +14 09 04.6  09 47 55.30 +14 01 37.5  17.37133  -5.51488  319.784592 -50.233598   -2.008   5.499   99.17928  35.94571  130.858554  -0.188323  5.48453878464420 -26.0851883   75.1329 /L   10.3941   0.3037621   107.61308   -52.33168         n.a.     n.a.
 2026-Nov-04 12:00 Nm  09 47 36.10 +14 03 47.0  09 49 03.87 +13 56 18.0  15.78701  -5.14583   94.643288  67.620936   -2.022   5.500   99.16474  36.19780  147.100609  -0.211011  5.44634284283113 -26.7017453   77.3495 /L   10.4863   0.2767416   108.05356   -55.69381         n.a.     n.a.
 2026-Nov-07 00:00 *   09 48 40.88 +13 58 45.7  09 50 08.60 +13 51 15.0  15.66275  -4.91455  325.077566 -52.923824   -2.036   5.501   99.15259  36.45486  163.359417  -0.232557  5.40793811142971 -26.6058567   79.5769 /L   10.5626   0.2735947   107.42044   -56.09055         n.a.     n.a.
 2026-Nov-09 12:00 N   09 49 42.11 +13 54 04.3  09 51 09.88 +13 46 31.9  13.98593  -4.53154   97.605926  71.774935   -2.051   5.502   99.14281  36.71861  179.635776  -0.254294  5.36909317399315 -27.0753704   81.8314 /L   10.6240   0.2450289   107.95269   -59.57256         n.a.     n.a.
 2026-Nov-12 00:00 *m  09 50 39.39 +13 49 40.8  09 52 07.15 +13 42 06.7  13.84276  -4.26196  331.220854 -55.294626   -2.065   5.503   99.13565  36.98675  195.929116  -0.274873  5.33016876845951 -26.9546119   84.0971 /L   10.6684   0.2414001   107.11275   -60.01415         n.a.     n.a.
 2026-Nov-14 12:00 N   09 51 32.90 +13 45 38.8  09 53 00.73 +13 38 02.9  12.08301  -3.86904  101.909416  75.951322   -2.081   5.504   99.13110  37.26108  212.240448  -0.295552  5.29092584396657 -27.2738685   86.3903 /L   10.6969   0.2114556   107.75531   -63.62538         n.a.     n.a.
 2026-Nov-17 00:00 *m  09 52 22.29 +13 41 56.0  09 53 50.12 +13 34 18.7  11.92354  -3.56400  338.272691 -57.251413   -2.096   5.504   99.12935  37.53911  228.568867  -0.315057  5.25174006192304 -27.1220570   88.6949 /L   10.7078   0.2074133   106.64162   -64.10465         n.a.     n.a.
 2026-Nov-19 12:00 N   09 53 07.70 +13 38 35.8  09 54 35.59 +13 30 57.1  10.09594  -3.16723  109.272953  80.094521   -2.113   5.504   99.13040  37.82268  244.915523  -0.334559  5.21236579757558 -27.2857385   91.0276 /L   10.7017   0.1763514   107.41732   -67.84292         n.a.     n.a.
 2026-Nov-22 00:00 *m  09 53 48.87 +13 35 35.9  09 55 16.74 +13 27 56.0  9.917989  -2.82766  346.203934 -58.688205   -2.129   5.504   99.13435  38.10918  261.279231  -0.352872  5.17317933800279 -27.1122629   93.3718 /L   10.6774   0.1718867   105.91309   -68.37434         n.a.     n.a.
 2026-Nov-24 12:00 Nm  09 54 25.86 +13 32 59.7  09 55 53.82 +13 25 18.5  8.031958  -2.43047  125.817619  83.984971   -2.146   5.504   99.14121  38.40050  277.661388  -0.371072  5.13393364060668 -27.1174131   95.7451 /L   10.6353   0.1398606   106.83581   -72.25157         n.a.     n.a.
 2026-Nov-27 00:00 *   09 54 58.50 +13 30 44.8  09 56 26.49 +13 23 02.3  7.834531  -2.05773  354.851127 -59.500656   -2.163   5.504   99.15100  38.69392  294.060503  -0.388077  5.09500285944398 -26.9283597   98.1306 /L   10.5744   0.1350042   104.71625   -72.84097         n.a.     n.a.
 2026-Nov-29 12:00 Am  09 55 26.75 +13 28 54.8  09 56 54.86 +13 21 11.2  5.885478  -1.65713  174.850612  86.338596   -2.180   5.503   99.16376  38.99137  310.478347  -0.404862  5.05613540178008 -26.7733212  100.5466 /L   10.4948   0.1019054   105.72524   -76.90423        2.596    2.120
 2026-Dec-02 00:00 *   09 55 50.52 +13 27 27.1  09 57 18.64 +13 19 42.7  5.661856  -1.25028    3.901605 -59.605447   -2.198   5.503   99.17944  39.28988  326.913112  -0.420463  5.01771986736104 -26.5593237  102.9756 /L   10.3957   0.0966377   102.45250   -77.55476         n.a.     n.a.
 2026-Dec-04 12:00 Am  09 56 09.69 +13 26 25.4  09 57 37.91 +13 18 40.1  3.661417  -0.85020  229.691807  84.367149   -2.215   5.502   99.19807  39.59136  343.366758  -0.435738  4.97951139113453 -26.2294391  105.4359 /L   10.2772   0.0626472   103.07272   -81.81898        0.243   22.633
 2026-Dec-07 00:00 *   09 56 24.27 +13 25 46.8  09 57 52.51 +13 18 00.8  3.412399  -0.41253   12.941380 -58.961254   -2.233   5.501   99.21951  39.89264  359.837092  -0.449845  4.94190537107732 -25.9787435  107.9093 /L   10.1386   0.0572874   96.893091   -82.49561         n.a.     n.a.
 2026-Dec-09 12:00 A   09 56 34.10 +13 25 34.9  09 58 02.47 +13 17 48.1  1.380434  -0.02059  248.702565  80.347544   -2.251   5.499   99.24377  40.19551   16.326162  -0.463511  4.90466856663074 -25.4654141  110.4141 /L    9.9798   0.0230098   90.854475   -86.93360         n.a.     n.a.
 2026-Dec-12 00:00 *m  09 56 39.28 +13 25 46.7  09 58 07.70 +13 17 59.2  1.118608  0.439344   21.559048 -57.578609   -2.269   5.498   99.27061  40.49667   32.831327  -0.476022  4.86819322414164 -25.1765414  112.9316 /L    9.8008   0.0200299   68.557120   -87.31957         n.a.     n.a.
 2026-Dec-14 12:00 A   09 56 39.62 +13 26 25.3  09 58 08.17 +13 18 37.5  -0.92606  0.816288  256.808678  75.865159   -2.287   5.496   99.30001  40.79791   49.354836  -0.487968  4.83224821065247 -24.4784994  115.4802 /L    9.6012   0.0205745   311.39492   -87.18929         n.a.     n.a.
 2026-Dec-17 00:00 *m  09 56 35.32 +13 27 27.6  09 58 03.91 +13 19 39.4  -1.19336  1.291986   29.449332 -55.513448   -2.305   5.494   99.33164  41.09576   65.893571  -0.498779  4.79722522296025 -24.1498435  118.0406 /L    9.3814   0.0293132   317.27239   -85.97382         n.a.     n.a.
 2026-Dec-19 12:00 A   09 56 26.15 +13 28 56.4  09 57 54.86 +13 21 08.1  -3.22239  1.643864  261.451127  71.194021   -2.323   5.492   99.36545  41.39199   82.449915  -0.508897  4.76289291787827 -23.2754625  120.6318 /L    9.1409   0.0602911   297.02789   -81.51787         n.a.     n.a.
 2026-Dec-22 00:00 *m  09 56 12.41 +13 30 48.5  09 57 41.19 +13 22 59.9  -3.49147  2.130460   36.457922 -52.849351   -2.341   5.490   99.40103  41.68310   99.020427  -0.517910  4.72963033282813 -22.9115860  123.2340 /L    8.8806   0.0681689   301.39113   -80.34640         n.a.     n.a.
 2026-Dec-24 12:00 Am  09 55 53.83 +13 33 06.5  09 57 22.77 +13 25 17.7  -5.48338  2.450890  264.632087  66.403557   -2.358   5.488   99.43830  41.97077  115.607602  -0.526111  4.69721223231131 -21.8662186  125.8667 /L    8.5998   0.1001032   294.08306   -75.42953        2.942    1.865
 2026-Dec-27 00:00 *   09 55 30.80 +13 35 47.0  09 56 59.84 +13 27 58.3  -5.75475  2.945758   42.562475 -49.677659   -2.376   5.486   99.47678  42.25155  132.207724  -0.533258  4.66599758793074 -21.4798002  128.5101 /L    8.2997   0.1077480   297.10711   -74.20268         n.a.     n.a.
 2026-Dec-29 12:00 Am  09 55 02.96 +13 38 52.8  09 56 32.13 +13 31 04.4  -7.69867  3.233312  267.078418  61.520480   -2.392   5.483   99.51640  42.52700  148.823558  -0.539490  4.63577624173040 -20.2594801  131.1841 /L    7.9792   0.1391680   292.78158   -68.94725        1.997    2.746
$$EOE
**********************************************************************************************************************************************************************************************************************************************************************************************
Column meaning:
 
TIME

  Times PRIOR to 1962 are UT1, a mean-solar time closely related to the
prior but now-deprecated GMT. Times AFTER 1962 are in UTC, the current
civil or "wall-clock" time-scale. UTC is kept within 0.9 seconds of UT1
using integer leap-seconds for 1972 and later years.

  Conversion from the internal Barycentric Dynamical Time (TDB) of solar
system dynamics to the non-uniform civil UT time-scale requested for output
has not been determined for UTC times after the next July or January 1st.
Therefore, the last known leap-second is used as a constant over future
intervals.

  Time tags refer to the UT time-scale conversion from TDB on Earth
regardless of observer location within the solar system, although clock
rates may differ due to the local gravity field and no analog to "UT"
may be defined for that location.

  Any 'b' symbol in the 1st-column denotes a B.C. date. First-column blank
(" ") denotes an A.D. date.
 
CALENDAR SYSTEM

  Mixed calendar mode was active such that calendar dates after AD 1582-Oct-15
(if any) are in the modern Gregorian system. Dates prior to 1582-Oct-5 (if any)
are in the Julian calendar system, which is automatically extended for dates
prior to its adoption on 45-Jan-1 BC.  The Julian calendar is useful for
matching historical dates. The Gregorian calendar more accurately corresponds
to the Earth's orbital motion and seasons. A "Gregorian-only" calendar mode is
available if such physical events are the primary interest.

  NOTE: "n.a." in output means quantity "not available" at the print-time.
 
SOLAR PRESENCE (OBSERVING SITE)
  Time tag is followed by a blank, then a solar-presence symbol:

       '*'  Daylight (refracted solar upper-limb on or above apparent horizon)
       'C'  Civil twilight/dawn
       'N'  Nautical twilight/dawn
       'A'  Astronomical twilight/dawn
       ' '  Night OR geocentric ephemeris

LUNAR PRESENCE (OBSERVING SITE)
  The solar-presence symbol is immediately followed by a lunar-presence symbol:

       'm'  Refracted upper-limb of Moon on or above apparent horizon
       ' '  Refracted upper-limb of Moon below apparent horizon OR geocentric
            ephemeris
 
 'R.A._____(ICRF)_____DEC' =
  Astrometric right ascension and declination of the target center with
respect to the observing site (coordinate origin) in the reference frame of
the planetary ephemeris (ICRF). Compensated for down-leg light-time delay
aberration.

  Units: RA  in hours-minutes-seconds of time,    HH MM SS.ff{ffff}
         DEC in degrees-minutes-seconds of arc,  sDD MN SC.f{ffff}
 
 'R.A.__(a-apparent)__DEC' =
  Airless apparent right ascension and declination of the target center
with respect to an instantaneous reference frame defined by the Earth equator
of-date (z-axis) and meridian containing the Earth equinox of-date (x-axis,
EOP-corrected IAU76/80). Compensated for down-leg light-time delay,
gravitational deflection of light, stellar aberration, precession & nutation.
Note: equinox (RA origin) is offset -53 mas from the of-date frame defined
by the IAU06/00a P & N system.

  Units: RA  in hours-minutes-seconds of time,   HH MM SS.ff{ffff}
         DEC in degrees-minutes-seconds of arc, sDD MN SC.f{ffff}
 
 'dRA*cosD d(DEC)/dt' =
  The angular rate of change in apparent RA and DEC of the target. This is
with respect to the non-inertial IAU76/80 Earth true equator and equinox
of-date reference frame.  d(RA)/dt is multiplied by the cosine of declination
to provide a linear rate in the plane-of-sky. Units: ARCSECONDS PER HOUR
 
 'Azi____(a-app)___Elev' =
  Airless apparent azimuth and elevation of target center. Compensated
for light-time, the gravitational deflection of light, stellar aberration,
precession and nutation. Azimuth is measured clockwise from north:

  North(0) -> East(90) -> South(180) -> West(270) -> North (360)

Elevation angle is with respect to a plane perpendicular to the reference
surface local zenith direction. TOPOCENTRIC ONLY.  Units: DEGREES
 
 'APmag   S-brt' =
  The targets' approximate apparent visual magnitude and surface brightness.
For planets and natural satellites, output is restricted to solar phase angles
covered by observational data. Outside the observed phase angle range, "n.a."
may be output to avoid extrapolation beyond the limit of model validity.

   For Earth-based observers, the estimated dimming due to atmospheric
absorption (extinction) is available as a separate, requestable quantity.

   Surface brightness is the average airless visual magnitude of a
square-arcsecond of the illuminated portion of the apparent disk. It is
computed only if the target radius is known.

   Units: MAGNITUDES & MAGNITUDES PER SQUARE ARCSECOND
 
 'Illu%' =
   Fraction of the target objects' assumed circular disk illuminated by Sun
(phase), as seen by the observer.  Units: PERCENT
 
 'Ang-diam' =
   The equatorial angular width of the target body full disk, if it were fully
illuminated and visible to the observer. If the target body diameter is unknown
"n.a." is output.

   Units: ARCSECONDS
 
 'ObsSub-LON ObsSub-LAT' =
   Apparent planetodetic longitude and latitude of the center of the target
disc seen by the OBSERVER at print-time. This is NOT exactly the same as the
"nearest" sub-point for a non-spherical target shape (since the center of the
disc might not be the point closest to the observer), but is generally very
close if not a very irregular body shape. Down-leg light travel-time from
target to observer is taken into account. Latitude is the angle between the
equatorial plane and the line perpendicular to the reference ellipsoid of the
body, so includes body oblateness. The reference ellipsoid is an oblate
spheroid with a single flatness coefficient in which the y-axis body radius
is taken to be the same value as the x-axis radius.  For Jupiter, Saturn, and
Uranus, IAU2015 longitude is based on the "System III" prime meridian rotation
angle of the magnetic field. By contrast, pole direction (thus latitude) is
relative to the body dynamical equator.  There can be an offset between the
magnetic pole and the dynamical pole of rotation. For Neptune, rotation is
IAU2015 "System II" rotation of optically observed features in the Neptunian
atmosphere. Positive longitude is to the WEST for this target. Cartographic
system is specified in the header.  Units: DEGREES DEGREES
 
 'delta      deldot' =
   Apparent range ("delta", light-time aberrated) and range-rate ("delta-dot")
of the target center relative to the observer. A positive "deldot" means the
target center is moving away from the observer, negative indicates movement
toward the observer.  Units: AU and KM/S
 
 'S-O-T /r' =
   Sun-Observer-Target apparent SOLAR ELONGATION ANGLE seen from the observers'
location at print-time.

   The '/r' column provides a code indicating the targets' apparent position
relative to the Sun in the observers' sky, as described below:

   Case A: For an observing location on the surface of a rotating body, that
body rotational sense is considered:

    /T indicates target TRAILS Sun   (evening sky: rises and sets AFTER Sun)
    /L indicates target LEADS Sun    (morning sky: rises and sets BEFORE Sun)

   Case B: For an observing point that does not have a rotational model (such
as a spacecraft), the "leading" and "trailing" condition is defined by the
observers' heliocentric ORBITAL motion:

    * If continuing in the observers' current direction of heliocentric
       motion would encounter the targets' apparent longitude first, followed
       by the Sun's, the target LEADS the Sun as seen by the observer.

    * If the Sun's apparent longitude would be encountered first, followed
       by the targets', the target TRAILS the Sun.

   Two other codes can be output:
    /* indicates observer is Sun-centered    (undefined)
    /? Target is aligned with Sun center     (no lead or trail)

   The S-O-T solar elongation angle is numerically the minimum separation
angle of the Sun and target in the sky in any direction. It does NOT indicate
the amount of separation in the leading or trailing directions, which would
be defined along the equator of a spherical coordinate system.

   Units: DEGREES
 
 'S-T-O' =
   The Sun-Target-Observer angle; the interior vertex angle at target center
formed by a vector from the target to the apparent center of the Sun (at
reflection time on the target) and the apparent vector from target to the
observer at print-time. Slightly different from true PHASE ANGLE (requestable
separately) at the few arcsecond level in that it includes stellar aberration
on the down-leg from target to observer.  Units: DEGREES
 
 'Sky_motion  Sky_mot_PA  RelVel-ANG' =
  Total apparent angular rate of the target in the plane-of-sky. "Sky_mot_PA"
is the position angle of the target's direction of motion in the plane-of-sky,
measured counter-clockwise from the apparent of-date north pole direction.
"RelVel-ANG" is the flight path angle of the target's relative motion with
respect to the observer's line-of-sight, in the range [-90,+90], where positive
values indicate motion away from the observer, negative values are toward the
observer:

  -90 = target is moving directly toward the observer
    0 = target is moving at right angles to the observer's line-of-sight
  +90 = target is moving directly away from the observer

UNITS:  ARCSECONDS/MINUTE, DEGREES, DEGREES
 
 'Lun_Sky_Brt  sky_SNR' =
  Sky brightness due to moonlight scattered by Earth's atmosphere at the
target's position in the sky. "sky_SNR" is the visual signal-to-noise ratio
(SNR) of the target's surface brightness relative to background sky. Output
only for topocentric Earth observers when both the Moon and target are above
the local horizon and the Sun is in astronomical twilight (or further) below
the horizon, and the target is not the Moon or Sun. If all conditions are
not met, "n.a." is output. Galactic brightness, local sky light-pollution
and weather are NOT considered. Lunar opposition surge is considered. The
value returned is accurate under ideal conditions at the approximately 8-23%
level, so is a useful but not definitive value.

  If the target-body radius is also known, "sky_SNR" is output. This is the
approximate visual signal-to-noise ratio of the target's brightness divided
by lunar sky brightness. When sky_SNR < 1, the target is dimmer than the
ideal moonlight-scattering background sky, so unlikely to be detectable at
visual wavelengths. In practice, visibility requires sky_SNR > 1 and a
detector sensitive enough to reach the target's magnitude, even if it isn't
washed out by moonlight. When relating magnitudes and brightness values,
keep in mind their logarithmic relationship m2-m1 = -2.5*log_10(b2/b1).

  UNITS: VISUAL MAGNITUDES / ARCSECOND^2, and unitless ratio

Computations by ...

    Solar System Dynamics Group, Horizons On-Line Ephemeris System
    4800 Oak Grove Drive, Jet Propulsion Laboratory
    Pasadena, CA  91109   USA

    General site: https://ssd.jpl.nasa.gov/
    Mailing list: https://ssd.jpl.nasa.gov/email_list.html
    System news : https://ssd.jpl.nasa.gov/horizons/news.html
    User Guide  : https://ssd.jpl.nasa.gov/horizons/manual.html
    Connect     : browser        https://ssd.jpl.nasa.gov/horizons/app.html#/x
                  API            https://ssd-api.jpl.nasa.gov/doc/horizons.html
                  command-line   telnet ssd.jpl.nasa.gov 6775
                  e-mail/batch   https://ssd.jpl.nasa.gov/ftp/ssd/horizons_batch.txt
                  scripts        https://ssd.jpl.nasa.gov/ftp/ssd/SCRIPTS
    Author      : Jon.D.Giorgini@jpl.nasa.gov

**********************************************************************************************************************************************************************************************************************************************************************************************
