*******************************************************************************
 Revised: April 12, 2021               Jupiter                              599
 
 PHYSICAL DATA (revised 2025-Jan-30):
  Mass x 10^26 (kg)     = 18.9819           Density (g/cm^3)  = 1.3262 +- .0003
  Equat. radius (1 bar) = 71492+-4 km       Polar radius (km)     = 66854+-10
  Vol. Mean Radius (km) = 69911+-6          Flattening            = 0.06487
  Geometric Albedo      = 0.52              Rocky core mass (Mc/M)= 0.0261
  Sid. rot. period (III)= 9h 55m 29.711 s   Sid. rot. rate (rad/s)= 0.00017585
  Mean solar day, hrs   = ~9.9259         
  GM (km^3/s^2)         = 126686531.900     GM 1-sigma (km^3/s^2) =  +- 1.2732
  Equ. grav, ge (m/s^2) = 24.79             Pol. grav, gp (m/s^2) =  28.34
  Vis. magnitude V(1,0) = -9.40
  Vis. mag. (opposition)= -2.70             Obliquity to orbit    =  3.13 deg
  Sidereal orbit period = 11.861982204 y    Sidereal orbit period = 4332.589 d
  Mean daily motion     = 0.0831294 deg/d   Mean orbit speed, km/s= 13.0697
  Atmos. temp. (1 bar)  = 165+-5 K          Escape speed, km/s    =  59.5           
  A_roche(ice)/Rp       =  2.76             Hill's sphere rad. Rp = 740
                                 Perihelion   Aphelion     Mean
  Solar Constant (W/m^2)         56           46           51
  Maximum Planetary IR (W/m^2)   13.7         13.4         13.6
  Minimum Planetary IR (W/m^2)   13.7         13.4         13.6
*******************************************************************************


*******************************************************************************
Ephemeris / WWW_USER Mon Apr  6 15:50:12 2026 Pasadena, USA      / Horizons    
*******************************************************************************
Target body name: Jupiter (599)                   {source: jup365_merged}
Center body name: Earth (399)                     {source: DE441}
Center-site name: (user defined site below)
*******************************************************************************
Start time      : A.D. 2026-Jan-01 00:00:00.0000 UT      
Stop  time      : A.D. 2026-Dec-31 00:00:00.0000 UT      
Step-size       : 3600 minutes
*******************************************************************************
Target pole/equ : IAU_JUPITER                     {West-longitude positive}
Target radii    : 71492.0, 71492.0, 66854.0 km    {Equator_a, b, pole_c}       
Center geodetic : 254.0, 28.5, 1.4                {E-lon(deg),Lat(deg),Alt(km)}
Center cylindric: 254.0, 5610.72285, 3025.98484   {E-lon(deg),Dxy(km),Dz(km)}
Center pole/equ : ITRF93                          {East-longitude positive}
Center radii    : 6378.137, 6378.137, 6356.752 km {Equator_a, b, pole_c}       
Target primary  : Sun
Vis. interferer : MOON (R_eq= 1737.400) km        {source: DE441}
Rel. light bend : Sun                             {source: jup365_merged}
Rel. lght bnd GM: 1.3271E+11 km^3/s^2                                          
Atmos refraction: NO (AIRLESS)
RA format       : HMS
Time format     : CAL 
Calendar mode   : Mixed Julian/Gregorian
EOP file        : eop.260406.p260703                                           
EOP coverage    : DATA-BASED 1962-JAN-20 TO 2026-APR-06. PREDICTS-> 2026-JUL-02
Units conversion: 1 au= 149597870.700 km, c= 299792.458 km/s, 1 day= 86400.0 s 
Table cut-offs 1: Elevation (-90.0deg=NO ),Airmass (>38.000=NO), Daylight (NO )
Table cut-offs 2: Solar elongation (  0.0,180.0=NO ),Local Hour Angle( 0.0=NO )
Table cut-offs 3: RA/DEC angular rate (     0.0=NO )                           
**********************************************************************************************************************************************************************************************************************************************************************************************
 Date__(UT)__HR:MN     R.A._____(ICRF)_____DEC  R.A.__(a-apparent)__DEC  dRA*cosD d(DEC)/dt  Azi____(a-app)___Elev    APmag   S-brt      Illu%  Ang-diam  ObsSub-LON ObsSub-LAT             delta      deldot     S-O-T /r     S-T-O  Sky_motion  Sky_mot_PA  RelVel-ANG  Lun_Sky_Brt  sky_SNR
**********************************************************************************************************************************************************************************************************************************************************************************************
$$SOE
 2026-Jan-01 00:00 *m  07 30 55.15 +22 02 03.2  07 32 29.95 +21 58 43.6  -19.0724  3.581787   56.490637 -12.110907   -2.670   5.403   99.96877  46.46730  336.671219   1.577496  4.24267471534468  -4.8770467  169.2058 /L    2.0310   0.3234300   280.63624   -16.38998         n.a.     n.a.
 2026-Jan-03 12:00  m  07 29 30.88 +22 05 26.3  07 31 05.84 +22 02 09.6  -19.8154  3.258484  279.396232  32.114951   -2.674   5.403   99.98312  46.52891  353.369817   1.580493  4.23705657571682  -2.8498990  172.0858 /L    1.4944   0.3346915   279.33828   -9.444904        4.444    1.216
 2026-Jan-06 00:00 *   07 28 05.93 +22 08 47.4  07 29 41.00 +22 05 33.6  -19.6342  3.566190   59.548221  -7.844211   -2.676   5.402   99.99313  46.56846   10.060628   1.583680  4.23345838489254  -2.1798587  174.9587 /L    0.9557   0.3325900   280.29452   -7.304240         n.a.     n.a.
 2026-Jan-08 12:00  m  07 26 39.73 +22 12 07.7  07 28 14.91 +22 08 57.4  -20.1110  3.194363  281.693314  27.282979   -2.676   5.403   99.99873  46.58696   26.746399   1.587065  4.23177751980507  -0.1059087  177.8380 /L    0.4137   0.3393853   279.02527   -0.355331        1.540    3.507
 2026-Jan-11 00:00 *   07 25 13.64 +22 15 24.6  07 26 48.89 +22 12 17.1  -19.8380  3.487579   62.388142  -3.443558   -2.676   5.403   99.99984  46.58310   43.421242   1.590470  4.23212754323701   0.5558091  179.2221 /T    0.1410   0.3357037   279.97088   1.8479128         n.a.     n.a.
 2026-Jan-13 12:00  m  07 23 47.09 +22 18 38.8  07 25 22.45 +22 15 34.5  -20.0332  3.072979  283.990170  22.486692   -2.674   5.403   99.99644  46.55779   60.087790   1.594064  4.23442857593870   2.6624603  176.3682 /T    0.6783   0.3377925   278.72086   8.7484946        0.306   17.664
 2026-Jan-16 00:00 *   07 22 21.51 +22 21 48.1  07 23 56.96 +22 18 46.6  -19.6586  3.348825   65.036765   1.061010   -2.671   5.404   99.98860  46.51029   76.740143   1.597512  4.23875277606549   3.3004439  173.4955 /T    1.2178   0.3323637   279.66747   10.962867         n.a.     n.a.
 2026-Jan-18 12:00     07 20 56.28 +22 24 52.7  07 22 31.84 +22 21 54.6  -19.5671  2.898574  286.311172  17.745439   -2.667   5.405   99.97636  46.44150   93.380991   1.601148  4.24503181628374   5.4154632  170.6143 /T    1.7561   0.3296770   278.42624   17.745882         n.a.     n.a.
 2026-Jan-21 00:00 *m  07 19 32.87 +22 27 51.2  07 21 08.51 +22 24 55.9  -19.0905  3.155837   67.518817   5.641519   -2.661   5.407   99.95997  46.35123  110.004519   1.604483  4.25329889121658   6.0184106  167.7487 /T    2.2871   0.3224937   279.38662   19.945018         n.a.     n.a.
 2026-Jan-23 12:00     07 18 10.66 +22 30 43.3  07 19 46.36 +22 27 51.4  -18.7162  2.677843  288.677331  13.078857   -2.654   5.408   99.93950  46.24042  126.613439   1.608018  4.26349150964749   8.1051622  164.8809 /T    2.8132   0.3151135   278.14240   26.518926         n.a.     n.a.
 2026-Jan-26 00:00 *m  07 16 51.08 +22 33 28.3  07 18 26.83 +22 30 39.1  -18.1515  2.917311   69.857869  10.272038   -2.646   5.410   99.91536  46.10948  143.202330   1.611119  4.27559835289404   8.6562974  162.0332 /T    3.3288   0.3064076   279.13049   28.657721         n.a.     n.a.
 2026-Jan-28 12:00     07 15 33.46 +22 36 05.6  07 17 09.28 +22 33 19.3  -17.5155  2.422042  291.107442   8.506187   -2.636   5.412   99.88763  45.95930  159.773976   1.614440  4.28957016760382  10.6892750  159.1871 /T    3.8366   0.2947035   277.87291   34.969928         n.a.     n.a.
 2026-Jan-31 00:00 *m  07 14 19.17 +22 38 35.0  07 15 55.08 +22 35 51.3  -16.8891  2.646656   72.076370  14.929542   -2.625   5.415   99.85685  45.79081  176.323407   1.617204  4.30535368411068  11.1767192  156.3642 /T    4.3312   0.2849198   278.90629   37.004183         n.a.     n.a.
 2026-Feb-02 12:00  m  07 13 07.49 +22 40 56.0  07 14 43.45 +22 38 15.3  -16.0225  2.145599  293.619760   4.045977   -2.614   5.417   99.82313  45.60471  192.853542   1.620201  4.32292273960423  13.1397683  153.5454 /T    4.8155   0.2694258   277.62718   43.021328        3.677    1.473
 2026-Feb-05 00:00 *   07 11 59.73 +22 43 08.8  07 13 35.73 +22 40 30.6  -15.3496  2.356659   74.195819  19.594480   -2.601   5.420   99.78709  45.40226  209.359754   1.622511  4.34219844201178  13.5730506  150.7518 /T    5.2843   0.2588244   278.72859   44.971969         n.a.     n.a.
 2026-Feb-07 12:00  m  07 10 55.16 +22 45 12.5  07 12 31.16 +22 42 36.9  -14.2712  1.857619  296.231983  -0.284244   -2.587   5.423   99.74882  45.18400  225.844873   1.625056  4.36317390444277  15.4523984  147.9643 /T    5.7406   0.2398593   277.41626   50.691663         n.a.     n.a.
 2026-Feb-10 00:00 *   07 09 55.03 +22 47 08.1  07 11 31.07 +22 44 34.5  -13.5640  2.054518   76.237494  24.249623   -2.573   5.426   99.70903  44.95149  242.304682   1.626791  4.38574221902279  15.8302888  145.2038 /T    6.1794   0.2286445   278.61306   52.556609         n.a.     n.a.
 2026-Feb-12 12:00  m  07 08 58.63 +22 48 54.0  07 10 34.69 +22 46 22.6  -12.2849  1.562159  298.961118  -4.467083   -2.557   5.429   99.66780  44.70509  258.741840   1.628768  4.40991503429167  17.6108408  142.4517 /T    6.6038   0.2063965   277.24691   58.003922         n.a.     n.a.
 2026-Feb-15 00:00 *   07 08 07.14 +22 50 31.8  07 09 43.24 +22 48 02.3  -11.5591  1.743835   78.222331  28.879789   -2.541   5.432   99.62589  44.44677  275.152655   1.629835  4.43554470044390  17.9232427  139.7285 /T    7.0089   0.1948324   278.57906   59.764025         n.a.     n.a.
 2026-Feb-17 12:00     07 07 19.81 +22 51 59.6  07 08 55.91 +22 49 32.3  -10.1089  1.264022  301.823777  -8.485261   -2.524   5.435   99.58333  44.17666  291.539704   1.631161  4.46266493778875  19.5899075  137.0159 /T    7.3978   0.1697935   277.12731   64.940610         n.a.     n.a.
 2026-Feb-20 00:00 *m  07 06 37.76 +22 53 19.5  07 08 13.87 +22 50 53.7  -9.37141  1.427773   80.172274  33.471943   -2.506   5.438   99.54091  43.89702  307.899755   1.631499  4.49109391153987  19.8280101  134.3343 /T    7.7661   0.1579925   278.66263   66.607387         n.a.     n.a.
 2026-Feb-22 12:00     07 06 00.23 +22 54 29.2  07 07 36.30 +22 52 04.9  -7.78571  0.965755  304.835806 -12.322105   -2.488   5.442   99.49863  43.60785  324.235404   1.632124  4.52087439587024  21.3610443  131.6653 /T    8.1169   0.1307563   277.07097   71.503907         n.a.     n.a.
 2026-Feb-25 00:00 *m  07 05 28.23 +22 55 31.1  07 07 04.32 +22 53 07.8  -7.06073  1.111789   82.111669  38.015132   -2.470   5.445   99.45724  43.31159  340.543995   1.631701  4.55179901334988  21.5229708  129.0288 /T    8.4461   0.1191288   278.94837   73.062005         n.a.     n.a.
 2026-Feb-27 12:00     07 05 00.97 +22 56 22.7  07 06 37.05 +22 54 00.7  -5.37463  0.672198  308.012677 -15.961514   -2.451   5.448   99.41669  43.00802  356.828049   1.631591  4.58392694566261  22.9077485  126.4063 /T    8.7570   0.0902750   277.12890   77.682121         n.a.     n.a.
 2026-Mar-02 00:00 *m  07 04 39.34 +22 57 07.0  07 06 15.43 +22 54 45.8  -4.68748  0.801516   84.068224  42.500963   -2.432   5.451   99.37767  42.69967   13.085568   1.630378  4.61702930813367  23.0023796  123.8168 /T    9.0460   0.0792585   279.70321   79.114647         n.a.     n.a.
 2026-Mar-04 12:00  m  07 04 22.56 +22 57 41.1  07 05 58.59 +22 55 20.9  -2.93155  0.388071  311.369526 -19.387989   -2.413   5.454   99.34007  42.38601   29.318845   1.629484  4.65119633115643  24.2462503  121.2415 /T    9.3163   0.0492854   277.54081   83.480222         n.a.     n.a.
 2026-Mar-07 00:00 *   07 04 11.43 +22 58 08.3  07 05 47.44 +22 55 48.4  -2.28754  0.498698   86.076107  46.923053   -2.393   5.457   99.30454  42.06955   45.526281   1.627428  4.68618377613142  24.2824875  118.6988 /T    9.5645   0.0390211   282.29842   84.798791         n.a.     n.a.
 2026-Mar-09 12:00  m  07 04 05.22 +22 58 25.3  07 05 41.17 +22 56 05.8  -0.47742  0.111513  314.919482 -22.586231   -2.374   5.459   99.27093  41.74954   61.709929   1.625693  4.72210298720382  25.3856836  116.1703 /T    9.7938   0.0081712   283.14694   88.947413         n.a.     n.a.
 2026-Mar-12 00:00 *   07 04 04.64 +22 58 35.8  07 05 40.59 +22 56 16.1  0.122748  0.200548   88.179125  51.275729   -2.354   5.462   99.23983  41.42852   77.868569   1.622750  4.75869407738057  25.3707974  113.6741 /T   10.0012   0.0039189   31.469209   89.490936         n.a.     n.a.
 2026-Mar-14 12:00 Am  07 04 09.01 +22 58 36.0  07 05 44.91 +22 56 16.3  1.971783  -0.16134  318.672757 -25.540419   -2.335   5.464   99.21107  41.10558   94.003958   1.620135  4.79608003446493  26.3229791  111.1922 /T   10.1895   0.0329729   94.677648   85.846473         n.a.     n.a.
 2026-Mar-17 00:00 *   07 04 18.94 +22 58 29.8  07 05 54.83 +22 56 09.8  2.521893  -0.09599   90.436554  55.553491   -2.315   5.466   99.18515  40.78329  110.115408   1.616286  4.83398099235613  26.2529949  108.7425 /T   10.3562   0.0420620   92.179862   84.651621         n.a.     n.a.
 2026-Mar-19 12:00 A   07 04 33.81 +22 58 13.3  07 06 09.60 +22 55 53.1  4.391752  -0.43322  322.635339 -28.234899   -2.296   5.468   99.16187  40.46058  126.204401   1.612777  4.87253598448468  27.0530944  106.3073 /T   10.5039   0.0735511   95.633643   80.902425         n.a.     n.a.
 2026-Mar-22 00:00 *m  07 04 54.11 +22 57 50.4  07 06 29.87 +22 55 29.3  4.883953  -0.39294   92.934709  59.750568   -2.276   5.470   99.14165  40.14007  142.270728   1.608028  4.91144199720952  26.9217882  103.9044 /T   10.6303   0.0816622   94.599852   79.791405         n.a.     n.a.
 2026-Mar-24 12:00 A   07 05 19.25 +22 57 17.2  07 06 54.93 +22 54 55.2  6.745097  -0.70442  326.807730 -30.654686   -2.257   5.471   99.12426  39.82054  158.315740   1.603631  4.95085320407008  27.5653911  101.5163 /T   10.7382   0.1130297   95.962062   76.212671         n.a.     n.a.
 2026-Mar-27 00:00 *m  07 05 49.62 +22 56 37.8  07 07 25.30 +22 54 14.6  7.173772  -0.68932   95.805923  63.860084   -2.238   5.473   99.11000  39.50450  174.339647   1.597993  4.99045985473251  27.3838941   99.1600 /T   10.8256   0.1201136   95.488610   75.179371         n.a.     n.a.
 2026-Mar-29 12:00 A   07 06 24.66 +22 55 47.9  07 08 00.25 +22 53 23.7  9.003403  -0.97407  331.184465 -32.785467   -2.220   5.474   99.09864  39.19062  190.343575   1.592704  5.03042945583770  27.8753534   96.8183 /T   10.8950   0.1509324   96.174776   71.776320         n.a.     n.a.
 2026-Apr-01 00:00 *   07 07 04.66 +22 54 52.0  07 08 40.20 +22 52 26.3  9.362799  -0.98337   99.267016  67.871907   -2.202   5.475   99.09040  38.88125  206.328099   1.586165  5.07045558911086  27.6602301   94.5073 /T   10.9450   0.1569050   95.995786   70.828638         n.a.     n.a.
 2026-Apr-03 12:00 Am  07 07 49.14 +22 53 45.5  07 09 24.57 +22 51 18.3  11.16006  -1.24359  335.752256 -34.614509   -2.184   5.476   99.08502  38.57488  222.293931   1.579957  5.11072514825927  28.0094436   92.2097 /T   10.9777   0.1871522   96.358370   67.570025         n.a.     n.a.
 2026-Apr-06 00:00 *   07 08 38.33 +22 52 33.0  07 10 13.73 +22 50 03.8  11.45359  -1.27818  103.702194  71.766969   -2.166   5.476   99.08267  38.27385  238.241984   1.572498  5.15092256505308  27.7683626   89.9413 /T   10.9920   0.1920781   96.367655   66.699118         n.a.     n.a.
 2026-Apr-08 12:00 Nm  07 09 31.82 +22 51 09.9  07 11 07.12 +22 48 38.7  13.21244  -1.51573  340.488469 -36.130818   -2.149   5.476   99.08312  37.97651  254.172605   1.565351  5.19125158614504  27.9819290   87.6852 /T   10.9897   0.2216516   96.544368   63.569537         n.a.     n.a.
 2026-Apr-11 00:00 *   07 10 29.77 +22 49 40.5  07 12 05.05 +22 47 07.2  13.45117  -1.57755  109.851063  75.505518   -2.132   5.477   99.08644  37.68513  270.086954   1.556962  5.23139009314877  27.7147620   85.4571 /T   10.9697   0.2257226   96.689084   62.750245         n.a.     n.a.
 2026-Apr-13 12:00 Nm  07 11 31.83 +22 48 00.4  07 13 06.99 +22 45 25.0  15.16586  -1.79439  345.360938 -37.326014   -2.115   5.477   99.09243  37.39808  285.985127   1.548872  5.27154469873605  27.7923920   83.2405 /T   10.9340   0.2545274   96.747733   59.733134         n.a.     n.a.
 2026-Apr-16 00:00 *   07 12 38.10 +22 46 13.8  07 14 13.20 +22 43 36.0  15.35140  -1.88349  119.281502  78.995404   -2.099   5.476   99.10110  37.11753  301.868572   1.539564  5.31138953713005  27.4999208   81.0508 /T   10.8815   0.2577752   96.994746   58.959424         n.a.     n.a.
 2026-Apr-18 12:00 N   07 13 48.29 +22 44 16.1  07 15 23.27 +22 41 35.8  17.01534  -2.08119  350.328915 -38.195784   -2.084   5.476   99.11227  36.84185  317.737106   1.530545  5.35113345332077  27.4355171   78.8722 /T   10.8139   0.2857024   96.973360   56.035849         n.a.     n.a.
 2026-Apr-21 00:00 *m  07 15 02.40 +22 42 11.8  07 16 37.36 +22 39 28.6  17.14348  -2.19614  135.494983  81.995167   -2.069   5.475   99.12585  36.57319  333.592597   1.520344  5.39044136303486  27.1147675   76.7199 /T   10.7306   0.2880596   97.300025   55.307524         n.a.     n.a.
 2026-Apr-23 12:00 N   07 16 20.20 +22 39 56.3  07 17 55.06 +22 37 10.3  18.73853  -2.37325  355.345712 -38.740110   -2.054   5.475   99.14168  36.30987  349.434657   1.510415  5.42953349067171  26.9186604   74.5782 /T   10.6331   0.3148036   97.218138   52.491970         n.a.     n.a.
 2026-Apr-26 00:00 *m  07 17 41.61 +22 37 34.0  07 19 16.43 +22 34 45.1  18.80873  -2.51182  164.210192  83.859248   -2.039   5.474   99.15962  36.05390    5.265379   1.499333  5.46808096236682  26.5804354   72.4622 /T   10.5212   0.3162618   97.606570   51.816288         n.a.     n.a.
 2026-Apr-28 12:00 N   07 19 06.43 +22 35 00.4  07 20 41.11 +22 32 08.5  20.33008  -2.66841    0.361953 -38.963449   -2.026   5.473   99.17952  35.80355   21.084131   1.488490  5.50631542547479  26.2653314   70.3555 /T   10.3959   0.3417408   97.477563   49.106220         n.a.     n.a.
 2026-May-01 00:00 *   07 20 34.56 +22 32 19.9  07 22 09.17 +22 29 24.8  20.35229  -2.82999  200.364859  83.611731   -2.012   5.472   99.20121  35.56069   36.893113   1.476519  5.54392052842502  25.9286560   68.2731 /T   10.2572   0.3424683   97.916244   48.486185         n.a.     n.a.
 2026-May-03 12:00 Cm  07 22 05.89 +22 29 28.1  07 23 40.37 +22 26 29.5  21.80607  -2.96855    5.328035 -38.875097   -1.999   5.471   99.22457  35.32361   52.691337   1.464749  5.58112907959202  25.4975398   66.1987 /T   10.1061   0.3667867   97.752243   45.857201         n.a.     n.a.
 2026-May-06 00:00 *   07 23 40.24 +22 26 29.0  07 25 14.69 +22 23 27.1  21.78598  -3.15258  225.560997  81.496014   -1.986   5.469   99.24940  35.09411   68.481228   1.451887  5.61762715248131  25.1622926   64.1469 /T    9.9427   0.3668817   98.233931   45.283963         n.a.     n.a.
 2026-May-08 12:00 Cm  07 25 17.59 +22 23 18.5  07 26 51.92 +22 20 13.1  23.17745  -3.27544   10.197243 -38.488329   -1.974   5.468   99.27561  34.87050   84.261493   1.439192  5.65365137527617  24.6230508   62.1018 /T    9.7675   0.3901291   98.043782   42.722268         n.a.     n.a.
 2026-May-11 00:00 *   07 26 57.71 +22 20 00.6  07 28 31.98 +22 16 51.7  23.12025  -3.48119  239.538219  78.542475   -1.963   5.466   99.30296  34.65454  100.034744   1.425452  5.68888377525597  24.2839221   60.0781 /T    9.5809   0.3896809   98.562653   42.182028         n.a.     n.a.
 2026-May-13 12:00 Cm  07 28 40.62 +22 16 31.1  07 30 14.74 +22 13 18.5  24.44467  -3.58888   14.929010 -37.820157   -1.951   5.465   99.33141  34.44457  115.799507   1.411848  5.72356129099984  23.6376323   58.0599 /T    9.3833   0.4117787   98.352294   39.680958         n.a.     n.a.
 2026-May-16 00:00 *m  07 30 26.06 +22 12 53.8  07 32 00.11 +22 09 37.4  24.35893  -3.81591  247.831956  75.274885   -1.940   5.463   99.36069  34.24231  131.558537   1.397256  5.75737005441642  23.2933961   56.0621 /T    9.1752   0.4109334   98.903220   39.160815         n.a.     n.a.
 2026-May-18 12:00 C   07 32 14.10 +22 09 04.8  07 33 48.03 +22 05 44.4  25.60855  -3.90802   19.491185 -36.890389   -1.930   5.461   99.39076  34.04618  147.310243   1.382772  5.79053561185489  22.5372250   54.0693 /T    8.9568   0.4317505   98.676747   36.712012         n.a.     n.a.
 2026-May-21 00:00 *m  07 34 04.38 +22 05 08.0  07 35 38.28 +22 01 43.7  25.48707  -4.15228  253.321541  71.882996   -1.920   5.460   99.42132  33.85780  163.057618   1.367357  5.82275340650973  22.1899700   52.0963 /T    8.7288   0.4303849   99.253161   36.221526         n.a.     n.a.
 2026-May-23 12:00 C   07 35 57.03 +22 00 59.5  07 37 30.79 +21 57 31.3  26.65749  -4.22788   23.861072 -35.719719   -1.910   5.458   99.45236  33.67562  178.798887   1.352009  5.85425359193549  21.3352508   50.1278 /T    8.4914   0.4498446   99.012048   33.828116         n.a.     n.a.
 2026-May-26 00:00 *m  07 37 51.65 +21 56 43.2  07 39 25.32 +21 53 11.0  26.50269  -4.48656  257.298251  68.440237   -1.901   5.456   99.48357  33.50114  194.537168   1.335780  5.88474345331281  20.9979758   48.1782 /T    8.2456   0.4479962   99.608331   33.378781         n.a.     n.a.
 2026-May-28 12:00 C   07 39 48.40 +21 52 15.3  07 41 21.92 +21 48 38.9  27.59439  -4.54586   28.025262 -34.329345   -1.892   5.455   99.51496  33.33283  210.270452   1.319571  5.91445890768499  20.0597938   46.2319 /T    7.9911   0.4661053   99.354794   31.044010         n.a.     n.a.
 2026-May-31 00:00 *   07 41 46.89 +21 47 39.5  07 43 20.34 +21 43 58.9  27.41939  -4.81907  260.383539  64.978339   -1.884   5.453   99.54622  33.17207  226.001845   1.302531  5.94312179861087  19.7382906   44.3032 /T    7.7290   0.4639942   99.968154   30.629088         n.a.     n.a.
 2026-Jun-02 12:00 Cm  07 43 47.32 +21 42 52.2  07 45 20.65 +21 39 07.3  28.43964  -4.86431   31.977729 -32.740152   -1.876   5.451   99.57738  33.01742  241.729177   1.285465  5.97095758429147  18.7193004   42.3765 /T    7.4589   0.4808772   99.705933   28.336514         n.a.     n.a.
 2026-Jun-05 00:00 *   07 45 49.27 +21 37 56.9  07 47 22.54 +21 34 07.9  28.24841  -5.15061  262.905988  61.512568   -1.868   5.449   99.60815  32.87021  257.455627   1.267630  5.99769945893634  18.4152921   40.4659 /T    7.1821   0.4785689   100.33339   27.954440         n.a.     n.a.
 2026-Jun-07 12:00 *m  07 47 53.01 +21 32 50.3  07 49 26.13 +21 28 56.9  29.20305  -5.18380   35.718708 -30.972089   -1.861   5.448   99.63856  32.72907  273.178822   1.249729  6.02356382602738  17.3142655   38.5562 /T    6.8978   0.4943262   100.06566   25.686174         n.a.     n.a.
 2026-Jun-10 00:00 *   07 49 58.06 +21 27 35.5  07 51 31.09 +21 23 38.0  28.99865  -5.48169  265.053473  58.050543   -1.854   5.446   99.66833  32.59529  288.902109   1.231129  6.04828593703727  17.0182238   36.6613 /T    6.6075   0.4918702   100.70445   25.321828         n.a.     n.a.
 2026-Jun-12 12:00 *m  07 52 04.73 +21 22 09.4  07 53 37.61 +21 18 07.4  29.88335  -5.50239   39.253758 -29.044015   -1.847   5.444   99.69750  32.46759  304.623026   1.212426  6.07207527074958  15.8413759   34.7662 /T    6.3104   0.5064284   100.43295   23.078595         n.a.     n.a.
 2026-Jun-15 00:00 *m  07 54 12.52 +21 16 35.2  07 55 45.34 +21 12 28.8  29.66690  -5.80964  266.940880  54.595864   -1.841   5.443   99.72579  32.34720  320.344988   1.193098  6.09467398792854  15.5460080   32.8853 /T    6.0079   0.5038399   101.07995   22.720940         n.a.     n.a.
 2026-Jun-17 12:00 C   07 56 21.75 +21 10 50.0  07 57 54.45 +21 06 39.1  30.47165  -5.81562   42.592225 -26.972912   -1.835   5.441   99.75326  32.23293  336.065573   1.173629  6.11628008799770  14.2944189   31.0036 /T    5.6993   0.5170275   100.80515   20.499159         n.a.     n.a.
 2026-Jun-20 00:00 *m  07 58 31.85 +21 04 56.8  08 00 04.47 +21 00 41.7  30.24153  -6.12845  268.643587  51.149893   -1.829   5.440   99.77962  32.12589  351.788246   1.153601  6.13665876399314  14.0139863   29.1356 /T    5.3863   0.5142707   101.45585   20.166930         n.a.     n.a.
 2026-Jun-22 12:00 C   08 00 43.21 +20 58 53.1  08 02 15.67 +20 54 33.5  30.96595  -6.11911   45.746182 -24.773421   -1.824   5.439   99.80494  32.02494    7.510447   1.133382  6.15600230392930  12.6989802   27.2664 /T    5.0677   0.5260792   101.17807   17.968098         n.a.     n.a.
 2026-Jun-25 00:00 *m  08 02 55.23 +20 52 41.5  08 04 27.59 +20 48 17.6  30.72595  -6.43557  270.212696  47.712518   -1.819   5.438   99.82895  31.93109   23.235660   1.112666  6.17409616005052  12.4403744   25.4099 /T    4.7456   0.5232113   101.82962   17.666886         n.a.     n.a.
 2026-Jun-27 12:00 C   08 05 08.34 +20 46 19.8  08 06 40.55 +20 41 51.2  31.37876  -6.41323   48.729241 -22.458693   -1.815   5.436   99.85174  31.84325   38.961164   1.091711  6.19112767375044  11.0737423   23.5512 /T    4.4186   0.5337905   101.55110   15.488964         n.a.     n.a.
 2026-Jun-30 00:00 *   08 07 21.92 +20 39 50.4  08 08 54.06 +20 35 17.5  31.13503  -6.73264  271.684404  44.283331   -1.810   5.435   99.87306  31.76237   54.690426   1.070327  6.20689257026938  10.8355824   21.7041 /T    4.0887   0.5309108   102.20178   15.212819         n.a.     n.a.
 2026-Jul-02 12:00 Cm  08 09 36.45 +20 33 11.3  08 11 08.45 +20 28 33.8  31.71741  -6.69812   51.555222 -20.040290   -1.806   5.435   99.89300  31.68746   70.420679   1.048663  6.22156664211619   9.4194585   19.8537 /T    3.7544   0.5402826   101.92458   13.046887         n.a.     n.a.
 2026-Jul-05 00:00 *   08 11 51.29 +20 26 24.7  08 13 23.19 +20 21 43.0  31.47773  -7.02025  273.085463  40.861846   -1.803   5.434   99.91134  31.61938   86.155351   1.026645  6.23496240125060   9.2001513   18.0135 /T    3.4179   0.5375178   102.57252   12.789895         n.a.     n.a.
 2026-Jul-07 12:00 Cm  08 14 06.94 +20 19 28.7  08 15 38.69 +20 14 42.5  31.99224  -6.97468   54.238188 -17.528474   -1.799   5.433   99.92815  31.55726  101.891652   1.004311  6.24723449499694   7.7340252   16.1689 /T    3.0774   0.5457283   102.29870   10.623776         n.a.     n.a.
 2026-Jul-10 00:00 *   08 16 22.75 +20 12 25.4  08 17 54.39 +20 07 34.9  31.75395  -7.29669  274.435944  37.447407   -1.796   5.432   99.94325  31.50193  117.633065   0.981703  6.25820741208609   7.5247594   14.3336 /T    2.7354   0.5430253   102.94125   10.375042         n.a.     n.a.
 2026-Jul-12 12:00 Cm  08 18 39.24 +20 05 13.1  08 20 10.75 +20 00 17.9  32.19837  -7.23969   56.792203 -14.932272   -1.794   5.432   99.95671  31.45261  133.376801   0.958745  6.26802212496644   6.0093837   12.4931 /T    2.3899   0.5500375   102.67201   8.1999698         n.a.     n.a.
 2026-Jul-15 00:00 *m  08 20 55.71 +19 57 54.0  08 22 27.15 +19 52 54.5  31.95778  -7.55802  275.752027  34.039282   -1.791   5.432   99.96837  31.41006  149.126425   0.935591  6.27651252505048   5.8056246   10.6612 /T    2.0436   0.5473226   103.30599   7.9535663         n.a.     n.a.
 2026-Jul-17 12:00 C   08 23 12.68 +19 50 26.5  08 24 43.98 +19 45 22.7  32.31895  -7.48551   59.230779 -12.258905   -1.789   5.431   99.97828  31.37357  164.879227   0.912046  6.28381195107998   4.2535846    8.8243 /T    1.6946   0.5529083   103.04055   5.7777751         n.a.     n.a.
 2026-Jul-20 00:00 *m  08 25 29.45 +19 42 52.7  08 27 00.63 +19 37 44.7  32.07869  -7.79783  277.047655  30.636329   -1.787   5.431   99.98632  31.34378  180.638655   0.888371  6.28978494111670   4.0677978    6.9964 /T    1.3456   0.5502141   103.66271   5.5484802         n.a.     n.a.
 2026-Jul-22 12:00 C   08 27 46.55 +19 35 11.3  08 29 17.59 +19 29 58.8  32.36115  -7.71092   61.567256  -9.514297   -1.785   5.431   99.99255  31.32004  196.401984   0.864264  6.29455163928903   2.4898126    5.1645 /T    0.9949   0.5544522   103.40235   3.3720294         n.a.     n.a.
 2026-Jul-25 00:00 *m  08 30 03.29 +19 27 24.0  08 31 34.22 +19 22 07.3  32.12519  -8.01621  278.334384  27.237489   -1.784   5.432   99.99688  31.30289  212.172561   0.840094  6.29800136661765   2.3311395    3.3460 /T    0.6458   0.5518373   104.01091   3.1704917         n.a.     n.a.
 2026-Jul-27 12:00 C   08 32 20.23 +19 19 29.8  08 33 51.05 +19 14 08.7  32.33730  -7.91778   63.814120  -6.703743   -1.783   5.432   99.99934  31.29177  227.947579   0.815455  6.30023913618952   0.7295420    1.5488 /T    0.3005   0.5548754   103.75819   0.9835178         n.a.     n.a.
 2026-Jul-30 00:00 *   08 34 36.65 +19 11 30.2  08 36 07.35 +19 06 05.7  32.10885  -8.21521  279.622740  23.842260   -1.782   5.432   99.99990  31.28717  243.730380   0.790829  6.30116619511754   0.5896890    0.5944 /L    0.1120   0.5523858   104.35154   0.7972842         n.a.     n.a.
 2026-Aug-01 12:00 Nm  08 36 53.16 +19 03 24.5  08 38 23.72 +18 57 55.1  32.25138  -8.10592   65.983270  -3.831682   -1.782   5.433   99.99857  31.28862  259.518189   0.765705  6.30087334181468  -1.0272211    2.2482 /L    0.4283   0.5542406   104.10823   -1.399627         n.a.     n.a.
 2026-Aug-04 00:00 *   08 39 09.02 +18 55 13.7  08 40 39.45 +18 49 40.4  32.03322  -8.39455  280.921407  20.450383   -1.782   5.433   99.99535  31.29655  275.314247   0.740672  6.29927663598320  -1.1564101    4.0610 /L    0.7754   0.5519148   104.68460   -1.581811         n.a.     n.a.
 2026-Aug-06 12:00 Nm  08 41 24.83 +18 46 57.5  08 42 55.13 +18 41 19.8  32.10325  -8.27388   68.086158  -0.902552   -1.782   5.434   99.99025  31.31063  291.115908   0.715121  6.29644481618363  -2.7912195    5.8972 /L    1.1259   0.5525385   104.45217   -3.802867         n.a.     n.a.
 2026-Aug-09 00:00 *   08 43 39.86 +18 38 36.8  08 45 10.07 +18 32 55.1  31.89410  -8.55127  282.239592  17.061782   -1.783   5.434   99.98331  31.33118  306.926377   0.689737  6.29231352513404  -2.9112526    7.7342 /L    1.4751   0.5503428   105.00884   -3.983964         n.a.     n.a.
 2026-Aug-11 12:00 Nm  08 45 54.70 +18 30 11.5  08 47 24.81 +18 24 25.5  31.88506  -8.41713   70.133962   2.080402   -1.784   5.435   99.97450  31.35801  322.743106   0.663811  6.28693089014244  -4.5612975    9.5830 /L    1.8246   0.5496224   104.78779   -6.237683         n.a.     n.a.
 2026-Aug-14 00:00 *m  08 48 08.59 +18 21 42.6  08 49 38.59 +18 15 52.9  31.67721  -8.67840  283.586200  13.676528   -1.785   5.436   99.96391  31.39135  338.569308   0.638122  6.28025372874062  -4.6731474   11.4300 /L    2.1714   0.5474081   105.32103   -6.421581         n.a.     n.a.
 2026-Aug-16 12:00 N   08 50 22.12 +18 13 10.1  08 51 51.99 +18 07 16.3  31.58520  -8.52908   72.137571   5.114835   -1.787   5.437   99.95152  31.43103  354.402507   0.611862  6.27232445193989  -6.3202082   13.2879 /L    2.5178   0.5452751   105.11140   -8.697173         n.a.     n.a.
 2026-Aug-19 00:00 *m  08 52 34.54 +18 04 34.8  08 54 04.28 +17 58 37.3  31.38185  -8.77315  284.970491  10.294582   -1.789   5.438   99.93746  31.47720   10.245743   0.585901  6.26312528836261  -6.4134929   15.1439 /L    2.8605   0.5430850   105.61893   -8.871210         n.a.     n.a.
 2026-Aug-21 12:00 N   08 54 46.44 +17 55 57.0  08 56 16.07 +17 49 55.3  31.20759  -8.60924   74.108056   8.198708   -1.791   5.440   99.92167  31.52976   26.096605   0.559345  6.25268460930884  -8.0494862   17.0110 /L    3.2021   0.5395556   105.42259   -11.17101         n.a.     n.a.
 2026-Aug-24 00:00 *m  08 56 57.07 +17 47 17.2  08 58 26.61 +17 41 11.9  31.01578  -8.83695  286.401969   6.916555   -1.793   5.441   99.90434  31.58873   41.957946   0.533155  6.24101206676850  -8.1197733   18.8768 /L    3.5394   0.5375020   105.90320   -11.32849         n.a.     n.a.
 2026-Aug-26 12:00 N   08 59 07.06 +17 38 35.8  09 00 36.50 +17 32 26.7  30.76617  -8.66127   76.056273  11.330119   -1.796   5.443   99.88539  31.65416   57.827413   0.506358  6.22811226226749  -9.7418847   20.7545 /L    3.8750   0.5327014   105.72294   -13.65847         n.a.     n.a.
 2026-Aug-29 00:00 *   09 01 15.65 +17 29 53.3  09 02 44.97 +17 23 40.7  30.58346  -8.87049  287.890667   3.543782   -1.799   5.444   99.86503  31.72598   73.707779   0.479998  6.21401232433445  -9.7957749   22.6320 /L    4.2057   0.5307315   106.17438   -13.81018         n.a.     n.a.
 2026-Aug-31 12:00 Nm  09 03 23.47 +17 21 10.2  09 04 52.67 +17 14 53.9  30.26179  -8.68458   77.993557  14.507180   -1.802   5.446   99.84318  31.80435   89.596761   0.453024  6.19870086842691 -11.4010020   24.5225 /L    4.5340   0.5247216   106.01252   -16.17567         n.a.     n.a.
 2026-Sep-03 00:00 *   09 05 29.76 +17 12 26.7  09 06 58.85 +17 06 06.8  30.08850  -8.87403  289.447126   0.178053   -1.806   5.448   99.82009  31.88916  105.497069   0.426560  6.18221462828842 -11.4503032   26.4140 /L    4.8569   0.5228305   106.43241   -16.33862         n.a.     n.a.
 2026-Sep-05 12:00 Nm  09 07 35.14 +17 03 43.7  09 09 04.15 +16 57 20.0  29.68375  -8.67433   79.932072  17.728034   -1.810   5.450   99.79566  31.98068  121.406640   0.399482  6.16452288488041 -13.0339504   28.3196 /L    5.1768   0.5154202   106.28968   -18.74979         n.a.     n.a.
 2026-Sep-08 00:00 *   09 09 38.83 +16 55 01.2  09 11 07.75 +16 48 34.2  29.51588  -8.84083  291.083259  -3.178248   -1.814   5.452   99.77019  32.07870  137.328053   0.372978  6.14568697003481 -13.0800420   30.2273 /L    5.4906   0.5135246   106.67442   -18.92962         n.a.     n.a.
 2026-Sep-10 12:00 N   09 11 41.42 +16 46 20.6  09 13 10.26 +16 39 50.2  29.02104  -8.62460   81.884690  20.991461   -1.819   5.454   99.74357  32.18359  153.259463   0.345854  6.12565749208209 -14.6344848   32.1499 /L    5.8005   0.5045913   106.55112   -21.39358         n.a.     n.a.
 2026-Sep-13 00:00 *m  09 13 42.15 +16 37 41.8  09 15 10.87 +16 31 08.2  28.85272  -8.76421  292.812898  -6.522230   -1.824   5.456   99.71613  32.29499  169.203317   0.319359  6.10452648794019 -14.6637786   34.0752 /L    6.1036   0.5025742   106.89652   -21.57824         n.a.     n.a.
 2026-Sep-15 12:00 N   09 15 41.61 +16 29 06.2  09 17 10.24 +16 22 29.1  28.26929  -8.53200   83.866046  24.296575   -1.830   5.458   99.68777  32.41335  185.157813   0.292241  6.08223611529449 -16.1746522   36.0157 /L    6.4020   0.4921460   106.79442   -24.08944         n.a.     n.a.
 2026-Sep-18 00:00 *m  09 17 39.03 +16 20 33.5  09 19 07.57 +16 13 53.3  28.10417  -8.64502  294.651379  -9.850207   -1.835   5.461   99.65883  32.53819  201.125224   0.265808  6.05889991146481 -16.1857941   37.9593 /L    6.6926   0.4900625   107.09823   -24.27725         n.a.     n.a.
 2026-Sep-20 12:00 A   09 19 35.01 +16 12 05.4  09 21 03.50 +16 05 21.8  27.43456  -8.39831   85.892722  27.642129   -1.842   5.463   99.62920  32.67004  217.103876   0.238758  6.03444636984032 -17.6412514   39.9188 /L    6.9779   0.4781872   107.02047   -26.83188         n.a.     n.a.
 2026-Sep-23 00:00 *m  09 21 28.80 +16 03 41.4  09 22 57.20 +15 56 54.8  27.27524  -8.48493  296.616200 -13.157002   -1.848   5.465   99.59926  32.80834  233.095805   0.212452  6.00901029704484 -17.6348550   41.8822 /L    7.2548   0.4760755   107.28015   -27.02352         n.a.     n.a.
 2026-Sep-25 12:00 A   09 23 20.99 +15 55 23.1  09 24 49.32 +15 48 33.6  26.52165  -8.22503   87.983970  31.026489   -1.855   5.468   99.56888  32.95373  249.099515   0.185548  5.98249921335542 -19.0348128   43.8623 /L    7.5255   0.4627962   107.22998   -29.63239        2.352    2.324
 2026-Sep-28 00:00 *   09 25 10.84 +15 47 10.1  09 26 39.06 +15 40 17.8  26.36858  -8.28465  298.727092 -16.436005   -1.862   5.470   99.53845  33.10552  265.116877   0.159448  5.95506892988019 -19.0122509   45.8475 /L    7.7871   0.4606570   107.44201   -29.83078         n.a.     n.a.
 2026-Sep-30 12:00 Am  09 26 58.93 +15 39 04.2  09 28 27.10 +15 32 08.7  25.53219  -8.01238   90.163264  34.447403   -1.870   5.472   99.50785  33.26451  281.146537   0.132777  5.92660560432909 -20.3542709   47.8507 /L    8.0419   0.4459979   107.42262   -32.50146        1.687    3.243
 2026-Oct-03 00:00 *   09 28 44.53 +15 31 04.6  09 30 12.64 +15 24 06.3  25.37783  -8.04126  301.006411 -19.678904   -1.878   5.475   99.47750  33.42995  297.190296   0.106967  5.89727639669631 -20.3291951   49.8602 /L    8.2867   0.4436891   107.58142   -32.73339         n.a.     n.a.
 2026-Oct-05 12:00 Am  09 30 28.16 +15 23 13.6  09 31 56.26 +15 16 12.4  24.44969  -7.75317   92.459325  37.902086   -1.886   5.477   99.44727  33.60271  313.247065   0.080611  5.86695598182615 -21.6036291   51.8891 /L    8.5239   0.4274924   107.59418   -35.47534        1.088    5.034
 2026-Oct-08 00:00 *   09 32 09.13 +15 15 30.4  09 33 37.14 +15 08 26.7  24.28820  -7.74795  303.480570 -22.875254   -1.895   5.479   99.41760  33.78192  329.318473   0.055161  5.83583233705249 -21.5708809   53.9253 /L    8.7502   0.4249012   107.69272   -35.74330         n.a.     n.a.
 2026-Oct-10 12:00 A   09 33 47.90 +15 07 57.5  09 35 15.87 +15 00 51.1  23.25785  -7.43992   94.908329  41.387451   -1.905   5.482   99.38839  33.96854  345.403678   0.029190  5.80377082009044 -22.7638999   55.9817 /L    8.9678   0.4069807   107.73887   -38.56670         n.a.     n.a.
 2026-Oct-13 00:00 *m  09 35 23.81 +15 00 33.9  09 36 51.69 +14 53 25.0  23.09066  -7.40055  306.180023 -26.012325   -1.914   5.484   99.36006  34.16147    1.504026   0.004165  5.77099375203040 -22.7083108   58.0458 /L    9.1737   0.4041269   107.77063   -38.85338         n.a.     n.a.
 2026-Oct-15 12:00 A   09 36 57.30 +14 53 22.2  09 38 25.18 +14 46 10.6  21.96569  -7.07598   97.557504  44.898959   -1.925   5.486   99.33252  34.36178   17.618789  -0.021346  5.73735275740836 -23.8079034   60.1307 /L    9.3698   0.3846214   107.85572   -41.75166         n.a.     n.a.
 2026-Oct-18 00:00 *m  09 38 27.73 +14 46 21.3  09 39 55.57 +14 39 07.4  21.79134  -7.00198  309.139144 -29.073857   -1.935   5.488   99.30620  34.56822   33.749092  -0.045867  5.70308957389378 -23.7268818   62.2238 /L    9.5533   0.3814775   107.81323   -42.05887         n.a.     n.a.
 2026-Oct-20 12:00 A   09 39 55.56 +14 39 33.8  09 41 23.40 +14 32 17.4  20.57874  -6.66418  100.469036  48.429619   -1.946   5.490   99.28098  34.78194   49.894328  -0.070825  5.66804661966754 -24.7264137   64.3382 /L    9.7261   0.3605150   107.94392   -45.03120         n.a.     n.a.
 2026-Oct-23 00:00 *m  09 41 20.16 +14 32 58.5  09 42 47.94 +14 25 40.0  20.39996  -6.55676  312.396280 -32.039293   -1.958   5.492   99.25729  35.00159   66.055401  -0.094748  5.63247650501646 -24.6256902   66.4616 /L    9.8856   0.3571296   107.81795   -45.36484         n.a.     n.a.
 2026-Oct-25 12:00 Am  09 42 41.95 +14 26 38.0  09 44 09.72 +14 19 17.2  19.09831  -6.20561  103.727575  51.968826   -1.970   5.494   99.23503  35.22844   82.231952  -0.119051  5.59620702436839 -25.5189140   68.6073 /L   10.0334   0.3346869   108.00052   -48.42156        2.197    2.501
 2026-Oct-28 00:00 *   09 44 00.36 +14 20 30.9  09 45 28.08 +14 13 08.0  18.91397  -6.06446  315.993015 -34.883368   -1.982   5.496   99.21458  35.46099   98.424620  -0.142274  5.55950796330441 -25.4035750   70.7630 /L   10.1670   0.3310404   107.77762   -48.79112         n.a.     n.a.
 2026-Oct-30 12:00 Am  09 45 15.75 +14 14 40.2  09 46 43.51 +14 07 15.0  17.52303  -5.69990  107.451085  55.500569   -1.995   5.497   99.19587  35.70064  114.633327  -0.165814  5.52218814945398 -26.1912552   72.9426 /L   10.2881   0.3071126   108.01869   -51.94990        1.893    2.904
 2026-Nov-02 00:00 *   09 46 27.56 +14 09 04.4  09 47 55.30 +14 01 37.3  17.32206  -5.52052  319.973251 -37.574935   -2.008   5.499   99.17928  35.94575  130.858587  -0.188241  5.48453204053352 -26.0603883   75.1333 /L   10.3941   0.3030080   107.67701   -52.37422         n.a.     n.a.
 2026-Nov-04 12:00 Am  09 47 36.10 +14 03 46.6  09 49 03.88 +13 56 17.7  15.83572  -5.13981  111.806684  59.001103   -2.022   5.500   99.16474  36.19778  147.100535  -0.210924  5.44634570927525 -26.7285303   77.3493 /L   10.4864   0.2774825   107.98190   -55.64921        0.626    8.782
 2026-Nov-07 00:00 *   09 48 40.87 +13 58 45.4  09 50 08.60 +13 51 14.8  15.61471  -4.92110  324.380998 -40.076255   -2.036   5.501   99.15259  36.45491  163.359451  -0.232472  5.40793157424084 -26.5770795   79.5773 /L   10.5626   0.2728637   107.49264   -56.13284         n.a.     n.a.
 2026-Nov-09 12:00     09 49 42.11 +13 54 04.0  09 51 09.88 +13 46 31.5  14.03324  -4.52462  117.037103  62.433407   -2.050   5.502   99.14280  36.71859  179.635700  -0.254208  5.36909586256200 -27.1060819   81.8313 /L   10.6240   0.2457437   107.87043   -59.52801         n.a.     n.a.
 2026-Nov-12 00:00 *m  09 50 39.39 +13 49 40.6  09 52 07.14 +13 42 06.4  13.79630  -4.26941  329.254764 -42.342575   -2.065   5.503   99.13565  36.98680  195.929153  -0.274784  5.33016246654658 -26.9219700   84.0974 /L   10.6684   0.2406967   107.19523   -60.05648         n.a.     n.a.
 2026-Nov-14 12:00     09 51 32.91 +13 45 38.5  09 53 00.74 +13 38 02.6  12.12856  -3.86122  123.495924  65.737699   -2.081   5.504   99.13109  37.26107  212.240368  -0.295468  5.29092832069705 -27.3083796   86.3901 /L   10.6970   0.2121393   107.65927   -63.58057         n.a.     n.a.
 2026-Nov-17 00:00 *m  09 52 22.28 +13 41 55.7  09 53 50.11 +13 34 18.4  11.87902  -3.57233  334.619720 -44.321672   -2.096   5.504   99.12936  37.53915  228.568905  -0.314965  5.25173402344519 -27.0856925   88.6952 /L   10.7078   0.2067423   106.73740   -64.14739         n.a.     n.a.
 2026-Nov-19 12:00     09 53 07.71 +13 38 35.4  09 54 35.60 +13 30 56.8  10.13937  -3.15854  131.686641  68.816193   -2.113   5.504   99.13039  37.82266  244.915439  -0.334476  5.21236802835542 -27.3238919   91.0274 /L   10.7018   0.1769990   107.30244   -67.79748         n.a.     n.a.
 2026-Nov-22 00:00 *m  09 53 48.86 +13 35 35.6  09 55 16.73 +13 27 55.7  9.875782  -2.83687  340.477321 -45.955635   -2.129   5.504   99.13435  38.10922  261.279271  -0.352775  5.17317359072640 -27.0723492   93.3722 /L   10.6774   0.1712527   106.02699   -68.41796         n.a.     n.a.
 2026-Nov-24 12:00  m  09 54 25.87 +13 32 59.4  09 55 53.83 +13 25 18.2  8.072864  -2.42091  142.260660  71.509421   -2.146   5.504   99.14120  38.40049  277.661302  -0.370990  5.13393559151151 -27.1590193   95.7449 /L   10.6354   0.1404674   106.69308   -72.20500        2.442    2.254
 2026-Nov-27 00:00 *   09 54 58.49 +13 30 44.5  09 56 26.49 +13 23 02.0  7.795044  -2.06779  346.794384 -47.184048   -2.163   5.504   99.15101  38.69396  294.060544  -0.387976  5.09499743051446 -26.8851029   98.1310 /L   10.5744   0.1344107   104.85666   -72.88613         n.a.     n.a.
 2026-Nov-29 12:00  m  09 55 26.76 +13 28 54.4  09 56 54.87 +13 21 10.8  5.923455  -1.64673  155.820399  73.572258   -2.180   5.503   99.16375  38.99136  310.478258  -0.404781  5.05613703934817 -26.8181572  100.5463 /L   10.4949   0.1024682   105.53599   -76.85566        2.600    2.117
 2026-Dec-02 00:00 *   09 55 50.50 +13 27 26.8  09 57 18.63 +13 19 42.4  5.625505  -1.26118  353.495191 -47.948330   -2.198   5.503   99.17945  39.28992  326.913154  -0.420358  5.01771478298194 -26.5129640  102.9759 /L   10.3957   0.0960857   102.63619   -77.60268         n.a.     n.a.
 2026-Dec-04 12:00  m  09 56 09.71 +13 26 25.0  09 57 37.92 +13 18 39.8  3.696046  -0.83897  172.281525  74.687274   -2.215   5.502   99.19806  39.59135  343.366668  -0.435659  4.97951268261292 -26.2772474  105.4356 /L   10.2772   0.0631678   102.78893   -81.76672        0.225   24.457
 2026-Dec-07 00:00 *   09 56 24.25 +13 25 46.6  09 57 52.50 +13 18 00.5  3.379608  -0.42424    0.459387 -48.198752   -2.233   5.501   99.21951  39.89267  359.837135  -0.449737  4.94190065624737 -25.9295561  107.9096 /L   10.1386   0.0567689   97.154923   -82.54883         n.a.     n.a.
 2026-Dec-09 12:00     09 56 34.11 +13 25 34.6  09 58 02.48 +13 17 47.8  1.411286  -0.00856  190.069570  74.584850   -2.251   5.499   99.24376  40.19550   16.326069  -0.463432  4.90466948041970 -25.5159019  110.4138 /L    9.9799   0.0235219   90.347436   -86.87168         n.a.     n.a.
 2026-Dec-12 00:00 *m  09 56 39.27 +13 25 46.4  09 58 07.69 +13 17 59.0  1.089807  0.426846    7.530355 -47.900946   -2.269   5.498   99.27061  40.49671   32.831370  -0.475910  4.86818890228597 -25.1248372  112.9319 /L    9.8008   0.0195070   68.611145   -87.38408         n.a.     n.a.
 2026-Dec-14 12:00     09 56 39.63 +13 26 25.0  09 58 08.19 +13 18 37.1  -0.89942  0.829084  206.647093  73.229522   -2.287   5.496   99.30000  40.79791   49.354742  -0.487891  4.83224871677680 -24.5313376  115.4799 /L    9.6012   0.0203874   312.66991   -87.22079         n.a.     n.a.
 2026-Dec-17 00:00 *m  09 56 35.30 +13 27 27.3  09 58 03.90 +13 19 39.1  -1.21775  1.278745   14.535920 -47.040972   -2.305   5.494   99.33164  41.09580   65.893615  -0.498663  4.79722131551311 -24.0959695  118.0409 /L    9.3814   0.0294302   316.39967   -85.94879         n.a.     n.a.
 2026-Dec-19 12:00     09 56 26.16 +13 28 56.0  09 57 54.88 +13 21 07.7  -3.20037  1.657382  220.377394  70.835344   -2.323   5.492   99.36544  41.39199   82.449820  -0.508821  4.76289298855599 -23.3302861  120.6314 /L    9.1410   0.0600677   297.37838   -81.56841         n.a.     n.a.
 2026-Dec-22 00:00 *m  09 56 12.40 +13 30 48.2  09 57 41.18 +13 22 59.6  -3.51102  2.116527   21.314617 -45.627304   -2.341   5.490   99.40103  41.68313   99.020470  -0.517790  4.72962685882529 -22.8559250  123.2343 /L    8.8806   0.0683271   301.08257   -80.30131         n.a.     n.a.
 2026-Dec-24 12:00  m  09 55 53.84 +13 33 06.1  09 57 22.79 +13 25 17.4  -5.46640  2.465073  231.130540  67.692618   -2.358   5.488   99.43829  41.97078  115.607507  -0.526036  4.69721184256031 -21.9226274  125.8664 /L    8.5999   0.0999418   294.27300   -75.48788        3.040    1.805
 2026-Dec-27 00:00 *   09 55 30.79 +13 35 46.7  09 56 59.82 +13 27 57.9  -5.76908  2.931196   27.738297 -43.687793   -2.376   5.486   99.47678  42.25158  132.207766  -0.533134  4.66599456352676 -21.4227692  128.5104 /L    8.2996   0.1078505   296.93453   -74.14844         n.a.     n.a.
 2026-Dec-29 12:00  m  09 55 02.98 +13 38 52.4  09 56 32.15 +13 31 04.0  -7.68710  3.248090  239.500530  64.038013   -2.392   5.483   99.51639  42.52700  148.823464  -0.539416  4.63577536985333 -20.3170408  131.1838 /L    7.9793   0.1390858   292.90591   -69.01301        1.974    2.778
$$EOE
**********************************************************************************************************************************************************************************************************************************************************************************************
Column meaning:
 
TIME

  Times PRIOR to 1962 are UT1, a mean-solar time closely related to the
prior but now-deprecated GMT. Times AFTER 1962 are in UTC, the current
civil or "wall-clock" time-scale. UTC is kept within 0.9 seconds of UT1
using integer leap-seconds for 1972 and later years.

  Conversion from the internal Barycentric Dynamical Time (TDB) of solar
system dynamics to the non-uniform civil UT time-scale requested for output
has not been determined for UTC times after the next July or January 1st.
Therefore, the last known leap-second is used as a constant over future
intervals.

  Time tags refer to the UT time-scale conversion from TDB on Earth
regardless of observer location within the solar system, although clock
rates may differ due to the local gravity field and no analog to "UT"
may be defined for that location.

  Any 'b' symbol in the 1st-column denotes a B.C. date. First-column blank
(" ") denotes an A.D. date.
 
CALENDAR SYSTEM

  Mixed calendar mode was active such that calendar dates after AD 1582-Oct-15
(if any) are in the modern Gregorian system. Dates prior to 1582-Oct-5 (if any)
are in the Julian calendar system, which is automatically extended for dates
prior to its adoption on 45-Jan-1 BC.  The Julian calendar is useful for
matching historical dates. The Gregorian calendar more accurately corresponds
to the Earth's orbital motion and seasons. A "Gregorian-only" calendar mode is
available if such physical events are the primary interest.

  NOTE: "n.a." in output means quantity "not available" at the print-time.
 
SOLAR PRESENCE (OBSERVING SITE)
  Time tag is followed by a blank, then a solar-presence symbol:

       '*'  Daylight (refracted solar upper-limb on or above apparent horizon)
       'C'  Civil twilight/dawn
       'N'  Nautical twilight/dawn
       'A'  Astronomical twilight/dawn
       ' '  Night OR geocentric ephemeris

LUNAR PRESENCE (OBSERVING SITE)
  The solar-presence symbol is immediately followed by a lunar-presence symbol:

       'm'  Refracted upper-limb of Moon on or above apparent horizon
       ' '  Refracted upper-limb of Moon below apparent horizon OR geocentric
            ephemeris
 
 'R.A._____(ICRF)_____DEC' =
  Astrometric right ascension and declination of the target center with
respect to the observing site (coordinate origin) in the reference frame of
the planetary ephemeris (ICRF). Compensated for down-leg light-time delay
aberration.

  Units: RA  in hours-minutes-seconds of time,    HH MM SS.ff{ffff}
         DEC in degrees-minutes-seconds of arc,  sDD MN SC.f{ffff}
 
 'R.A.__(a-apparent)__DEC' =
  Airless apparent right ascension and declination of the target center
with respect to an instantaneous reference frame defined by the Earth equator
of-date (z-axis) and meridian containing the Earth equinox of-date (x-axis,
EOP-corrected IAU76/80). Compensated for down-leg light-time delay,
gravitational deflection of light, stellar aberration, precession & nutation.
Note: equinox (RA origin) is offset -53 mas from the of-date frame defined
by the IAU06/00a P & N system.

  Units: RA  in hours-minutes-seconds of time,   HH MM SS.ff{ffff}
         DEC in degrees-minutes-seconds of arc, sDD MN SC.f{ffff}
 
 'dRA*cosD d(DEC)/dt' =
  The angular rate of change in apparent RA and DEC of the target. This is
with respect to the non-inertial IAU76/80 Earth true equator and equinox
of-date reference frame.  d(RA)/dt is multiplied by the cosine of declination
to provide a linear rate in the plane-of-sky. Units: ARCSECONDS PER HOUR
 
 'Azi____(a-app)___Elev' =
  Airless apparent azimuth and elevation of target center. Compensated
for light-time, the gravitational deflection of light, stellar aberration,
precession and nutation. Azimuth is measured clockwise from north:

  North(0) -> East(90) -> South(180) -> West(270) -> North (360)

Elevation angle is with respect to a plane perpendicular to the reference
surface local zenith direction. TOPOCENTRIC ONLY.  Units: DEGREES
 
 'APmag   S-brt' =
  The targets' approximate apparent visual magnitude and surface brightness.
For planets and natural satellites, output is restricted to solar phase angles
covered by observational data. Outside the observed phase angle range, "n.a."
may be output to avoid extrapolation beyond the limit of model validity.

   For Earth-based observers, the estimated dimming due to atmospheric
absorption (extinction) is available as a separate, requestable quantity.

   Surface brightness is the average airless visual magnitude of a
square-arcsecond of the illuminated portion of the apparent disk. It is
computed only if the target radius is known.

   Units: MAGNITUDES & MAGNITUDES PER SQUARE ARCSECOND
 
 'Illu%' =
   Fraction of the target objects' assumed circular disk illuminated by Sun
(phase), as seen by the observer.  Units: PERCENT
 
 'Ang-diam' =
   The equatorial angular width of the target body full disk, if it were fully
illuminated and visible to the observer. If the target body diameter is unknown
"n.a." is output.

   Units: ARCSECONDS
 
 'ObsSub-LON ObsSub-LAT' =
   Apparent planetodetic longitude and latitude of the center of the target
disc seen by the OBSERVER at print-time. This is NOT exactly the same as the
"nearest" sub-point for a non-spherical target shape (since the center of the
disc might not be the point closest to the observer), but is generally very
close if not a very irregular body shape. Down-leg light travel-time from
target to observer is taken into account. Latitude is the angle between the
equatorial plane and the line perpendicular to the reference ellipsoid of the
body, so includes body oblateness. The reference ellipsoid is an oblate
spheroid with a single flatness coefficient in which the y-axis body radius
is taken to be the same value as the x-axis radius.  For Jupiter, Saturn, and
Uranus, IAU2015 longitude is based on the "System III" prime meridian rotation
angle of the magnetic field. By contrast, pole direction (thus latitude) is
relative to the body dynamical equator.  There can be an offset between the
magnetic pole and the dynamical pole of rotation. For Neptune, rotation is
IAU2015 "System II" rotation of optically observed features in the Neptunian
atmosphere. Positive longitude is to the WEST for this target. Cartographic
system is specified in the header.  Units: DEGREES DEGREES
 
 'delta      deldot' =
   Apparent range ("delta", light-time aberrated) and range-rate ("delta-dot")
of the target center relative to the observer. A positive "deldot" means the
target center is moving away from the observer, negative indicates movement
toward the observer.  Units: AU and KM/S
 
 'S-O-T /r' =
   Sun-Observer-Target apparent SOLAR ELONGATION ANGLE seen from the observers'
location at print-time.

   The '/r' column provides a code indicating the targets' apparent position
relative to the Sun in the observers' sky, as described below:

   Case A: For an observing location on the surface of a rotating body, that
body rotational sense is considered:

    /T indicates target TRAILS Sun   (evening sky: rises and sets AFTER Sun)
    /L indicates target LEADS Sun    (morning sky: rises and sets BEFORE Sun)

   Case B: For an observing point that does not have a rotational model (such
as a spacecraft), the "leading" and "trailing" condition is defined by the
observers' heliocentric ORBITAL motion:

    * If continuing in the observers' current direction of heliocentric
       motion would encounter the targets' apparent longitude first, followed
       by the Sun's, the target LEADS the Sun as seen by the observer.

    * If the Sun's apparent longitude would be encountered first, followed
       by the targets', the target TRAILS the Sun.

   Two other codes can be output:
    /* indicates observer is Sun-centered    (undefined)
    /? Target is aligned with Sun center     (no lead or trail)

   The S-O-T solar elongation angle is numerically the minimum separation
angle of the Sun and target in the sky in any direction. It does NOT indicate
the amount of separation in the leading or trailing directions, which would
be defined along the equator of a spherical coordinate system.

   Units: DEGREES
 
 'S-T-O' =
   The Sun-Target-Observer angle; the interior vertex angle at target center
formed by a vector from the target to the apparent center of the Sun (at
reflection time on the target) and the apparent vector from target to the
observer at print-time. Slightly different from true PHASE ANGLE (requestable
separately) at the few arcsecond level in that it includes stellar aberration
on the down-leg from target to observer.  Units: DEGREES
 
 'Sky_motion  Sky_mot_PA  RelVel-ANG' =
  Total apparent angular rate of the target in the plane-of-sky. "Sky_mot_PA"
is the position angle of the target's direction of motion in the plane-of-sky,
measured counter-clockwise from the apparent of-date north pole direction.
"RelVel-ANG" is the flight path angle of the target's relative motion with
respect to the observer's line-of-sight, in the range [-90,+90], where positive
values indicate motion away from the observer, negative values are toward the
observer:

  -90 = target is moving directly toward the observer
    0 = target is moving at right angles to the observer's line-of-sight
  +90 = target is moving directly away from the observer

UNITS:  ARCSECONDS/MINUTE, DEGREES, DEGREES
 
 'Lun_Sky_Brt  sky_SNR' =
  Sky brightness due to moonlight scattered by Earth's atmosphere at the
target's position in the sky. "sky_SNR" is the visual signal-to-noise ratio
(SNR) of the target's surface brightness relative to background sky. Output
only for topocentric Earth observers when both the Moon and target are above
the local horizon and the Sun is in astronomical twilight (or further) below
the horizon, and the target is not the Moon or Sun. If all conditions are
not met, "n.a." is output. Galactic brightness, local sky light-pollution
and weather are NOT considered. Lunar opposition surge is considered. The
value returned is accurate under ideal conditions at the approximately 8-23%
level, so is a useful but not definitive value.

  If the target-body radius is also known, "sky_SNR" is output. This is the
approximate visual signal-to-noise ratio of the target's brightness divided
by lunar sky brightness. When sky_SNR < 1, the target is dimmer than the
ideal moonlight-scattering background sky, so unlikely to be detectable at
visual wavelengths. In practice, visibility requires sky_SNR > 1 and a
detector sensitive enough to reach the target's magnitude, even if it isn't
washed out by moonlight. When relating magnitudes and brightness values,
keep in mind their logarithmic relationship m2-m1 = -2.5*log_10(b2/b1).

  UNITS: VISUAL MAGNITUDES / ARCSECOND^2, and unitless ratio

Computations by ...

    Solar System Dynamics Group, Horizons On-Line Ephemeris System
    4800 Oak Grove Drive, Jet Propulsion Laboratory
    Pasadena, CA  91109   USA

    General site: https://ssd.jpl.nasa.gov/
    Mailing list: https://ssd.jpl.nasa.gov/email_list.html
    System news : https://ssd.jpl.nasa.gov/horizons/news.html
    User Guide  : https://ssd.jpl.nasa.gov/horizons/manual.html
    Connect     : browser        https://ssd.jpl.nasa.gov/horizons/app.html#/x
                  API            https://ssd-api.jpl.nasa.gov/doc/horizons.html
                  command-line   telnet ssd.jpl.nasa.gov 6775
                  e-mail/batch   https://ssd.jpl.nasa.gov/ftp/ssd/horizons_batch.txt
                  scripts        https://ssd.jpl.nasa.gov/ftp/ssd/SCRIPTS
    Author      : Jon.D.Giorgini@jpl.nasa.gov

**********************************************************************************************************************************************************************************************************************************************************************************************
