*******************************************************************************
 Revised: April 12, 2021               Jupiter                              599
 
 PHYSICAL DATA (revised 2025-Jan-30):
  Mass x 10^26 (kg)     = 18.9819           Density (g/cm^3)  = 1.3262 +- .0003
  Equat. radius (1 bar) = 71492+-4 km       Polar radius (km)     = 66854+-10
  Vol. Mean Radius (km) = 69911+-6          Flattening            = 0.06487
  Geometric Albedo      = 0.52              Rocky core mass (Mc/M)= 0.0261
  Sid. rot. period (III)= 9h 55m 29.711 s   Sid. rot. rate (rad/s)= 0.00017585
  Mean solar day, hrs   = ~9.9259         
  GM (km^3/s^2)         = 126686531.900     GM 1-sigma (km^3/s^2) =  +- 1.2732
  Equ. grav, ge (m/s^2) = 24.79             Pol. grav, gp (m/s^2) =  28.34
  Vis. magnitude V(1,0) = -9.40
  Vis. mag. (opposition)= -2.70             Obliquity to orbit    =  3.13 deg
  Sidereal orbit period = 11.861982204 y    Sidereal orbit period = 4332.589 d
  Mean daily motion     = 0.0831294 deg/d   Mean orbit speed, km/s= 13.0697
  Atmos. temp. (1 bar)  = 165+-5 K          Escape speed, km/s    =  59.5           
  A_roche(ice)/Rp       =  2.76             Hill's sphere rad. Rp = 740
                                 Perihelion   Aphelion     Mean
  Solar Constant (W/m^2)         56           46           51
  Maximum Planetary IR (W/m^2)   13.7         13.4         13.6
  Minimum Planetary IR (W/m^2)   13.7         13.4         13.6
*******************************************************************************


*******************************************************************************
Ephemeris / WWW_USER Mon Apr  6 16:02:42 2026 Pasadena, USA      / Horizons    
*******************************************************************************
Target body name: Jupiter (599)                   {source: jup365_merged}
Center body name: Earth (399)                     {source: DE441}
Center-site name: (user defined site below)
*******************************************************************************
Start time      : A.D. 2026-Jan-01 00:00:00.0000 UT      
Stop  time      : A.D. 2026-Dec-31 00:00:00.0000 UT      
Step-size       : 3600 minutes
*******************************************************************************
Target pole/equ : IAU_JUPITER                     {West-longitude positive}
Target radii    : 71492.0, 71492.0, 66854.0 km    {Equator_a, b, pole_c}       
Center geodetic : 270.5, 21.0, .010               {E-lon(deg),Lat(deg),Alt(km)}
Center cylindric: 270.5, 5957.07452, 2271.3986    {E-lon(deg),Dxy(km),Dz(km)}
Center pole/equ : ITRF93                          {East-longitude positive}
Center radii    : 6378.137, 6378.137, 6356.752 km {Equator_a, b, pole_c}       
Target primary  : Sun
Vis. interferer : MOON (R_eq= 1737.400) km        {source: DE441}
Rel. light bend : Sun                             {source: jup365_merged}
Rel. lght bnd GM: 1.3271E+11 km^3/s^2                                          
Atmos refraction: NO (AIRLESS)
RA format       : HMS
Time format     : CAL 
Calendar mode   : Mixed Julian/Gregorian
EOP file        : eop.260406.p260703                                           
EOP coverage    : DATA-BASED 1962-JAN-20 TO 2026-APR-06. PREDICTS-> 2026-JUL-02
Units conversion: 1 au= 149597870.700 km, c= 299792.458 km/s, 1 day= 86400.0 s 
Table cut-offs 1: Elevation (-90.0deg=NO ),Airmass (>38.000=NO), Daylight (NO )
Table cut-offs 2: Solar elongation (  0.0,180.0=NO ),Local Hour Angle( 0.0=NO )
Table cut-offs 3: RA/DEC angular rate (     0.0=NO )                           
**********************************************************************************************************************************************************************************************************************************************************************************************
 Date__(UT)__HR:MN     R.A._____(ICRF)_____DEC  R.A.__(a-apparent)__DEC  dRA*cosD d(DEC)/dt  Azi____(a-app)___Elev    APmag   S-brt      Illu%  Ang-diam  ObsSub-LON ObsSub-LAT             delta      deldot     S-O-T /r     S-T-O  Sky_motion  Sky_mot_PA  RelVel-ANG  Lun_Sky_Brt  sky_SNR
**********************************************************************************************************************************************************************************************************************************************************************************************
$$SOE
 2026-Jan-01 00:00 Nm  07 30 55.18 +22 02 03.7  07 32 29.97 +21 58 43.9  -19.1952  3.610399   65.246416  -2.597230   -2.670   5.403   99.96876  46.46738  336.671195   1.577354  4.24266768116765  -4.9375847  169.2055 /L    2.0310   0.3255296   280.65224   -16.48120         n.a.     n.a.
 2026-Jan-03 12:00 Nm  07 29 30.86 +22 05 26.3  07 31 05.81 +22 02 09.7  -19.6888  3.232073  288.006017  15.785135   -2.674   5.403   99.98313  46.52879  353.369837   1.580494  4.23706764832365  -2.7942309  172.0861 /L    1.4943   0.3325381   279.32243   -9.322612         n.a.     n.a.
 2026-Jan-06 00:00 N   07 28 05.95 +22 08 47.8  07 29 41.02 +22 05 34.0  -19.7642  3.590318   67.167497   2.258693   -2.676   5.402   99.99313  46.56854   10.060619   1.583536  4.23345086615086  -2.2305077  174.9584 /L    0.9558   0.3347936   280.29596   -7.423367         n.a.     n.a.
 2026-Jan-08 12:00 Nm  07 26 39.72 +22 12 07.8  07 28 14.89 +22 08 57.4  -19.9779  3.172614  289.736661  10.836387   -2.676   5.403   99.99873  46.58683   26.746403   1.587066  4.23178905083887  -0.0603933  177.8384 /L    0.4136   0.3371380   279.02356   -0.206425         n.a.     n.a.
 2026-Jan-11 00:00 N   07 25 13.66 +22 15 25.1  07 26 48.91 +22 12 17.5  -19.9737  3.506872   68.923867   7.186871   -2.676   5.403   99.99984  46.58319   43.421249   1.590327  4.23211963051400   0.5155459  179.2221 /T    0.1410   0.3379873   279.95817   1.7020847         n.a.     n.a.
 2026-Jan-13 12:00 Nm  07 23 47.08 +22 18 38.9  07 25 22.43 +22 15 34.6  -19.8952  3.056203  291.592537   5.940208   -2.674   5.403   99.99644  46.55766   60.087778   1.594064  4.23444047176693   2.6973872  176.3678 /T    0.6784   0.3354763   278.73323   8.9217595         n.a.     n.a.
 2026-Jan-16 00:00 C   07 22 21.52 +22 21 48.5  07 23 56.97 +22 18 47.0  -19.7985  3.363016   70.532707  12.165452   -2.671   5.404   99.98860  46.51038   76.740165   1.597370  4.23874456464384   3.2709387  173.4956 /T    1.2178   0.3347015   279.64037   10.793000         n.a.     n.a.
 2026-Jan-18 12:00 N   07 20 56.27 +22 24 52.8  07 22 31.82 +22 21 54.6  -19.4257  2.886994  293.588728   1.117553   -2.667   5.405   99.97636  46.44136   93.380963   1.601147  4.24504397912926   5.4394949  170.6139 /T    1.7561   0.3273184   278.45325   17.939897         n.a.     n.a.
 2026-Jan-21 00:00 Cm  07 19 32.88 +22 27 51.6  07 21 08.52 +22 24 56.4  -19.2329  3.164749   72.008185  17.173600   -2.661   5.407   99.95997  46.35132  110.004556   1.604343  4.25329047930751   5.9999033  167.7489 /T    2.2871   0.3248591   279.34421   19.754891         n.a.     n.a.
 2026-Jan-23 12:00 N   07 18 10.66 +22 30 43.3  07 19 46.35 +22 27 51.5  -18.5732  2.671584  295.742057  -3.609447   -2.654   5.408   99.93950  46.24029  126.613395   1.608016  4.26350383950528   8.1181263  164.8806 /T    2.8132   0.3127391   278.18533   26.729211         n.a.     n.a.
 2026-Jan-26 00:00 Cm  07 16 51.08 +22 33 28.7  07 18 26.84 +22 30 39.5  -18.2947  2.920870   73.362227  22.191671   -2.646   5.410   99.91536  46.10958  143.202382   1.610981  4.27558983967732   8.6488930  162.0334 /T    3.3288   0.3087740   279.07107   28.452058         n.a.     n.a.
 2026-Jan-28 12:00 N   07 15 33.46 +22 36 05.6  07 17 09.27 +22 33 19.3  -17.3725  2.421133  298.071185  -8.218123   -2.636   5.412   99.88763  45.95917  159.773917   1.614436  4.28958256420868  10.6911330  159.1868 /T    3.8367   0.2923399   277.93397   35.191584         n.a.     n.a.
 2026-Jan-31 00:00 Cm  07 14 19.17 +22 38 35.5  07 15 55.08 +22 35 51.7  -17.0315  2.644883   74.604360  27.202135   -2.625   5.415   99.85685  45.79090  176.323473   1.617069  4.30534516786143  11.1803910  156.3643 /T    4.3312   0.2872612   278.82715   36.788094         n.a.     n.a.
 2026-Feb-02 12:00 Nm  07 13 07.49 +22 40 56.0  07 14 43.45 +22 38 15.3  -15.8810  2.149969  300.597587 -12.685469   -2.614   5.417   99.82313  45.60458  192.853468   1.620194  4.32293510430481  13.1306102  153.5451 /T    4.8155   0.2670982   277.70982   43.249392         n.a.     n.a.
 2026-Feb-05 00:00 C   07 11 59.72 +22 43 09.2  07 13 35.73 +22 40 31.0  -15.4898  2.349669   75.741429  32.190212   -2.601   5.420   99.78709  45.40235  209.359833   1.622380  4.34219001844584  13.5876480  150.7519 /T    5.2843   0.2611160   278.62554   44.750257         n.a.     n.a.
 2026-Feb-07 12:00 Nm  07 10 55.16 +22 45 12.5  07 12 31.16 +22 42 36.9  -14.1327  1.867111  303.345041 -16.988297   -2.587   5.423   99.74882  45.18387  225.844786   1.625047  4.36318614184589  15.4324332  147.9640 /T    5.7406   0.2375915   277.52593   50.921898         n.a.     n.a.
 2026-Feb-10 00:00 C   07 09 55.03 +22 47 08.5  07 11 31.07 +22 44 34.9  -13.7004  2.042510   76.777971  37.142906   -2.573   5.426   99.70903  44.95157  242.304772   1.626665  4.38573397976077  15.8555465  145.2039 /T    6.1795   0.2308634   278.47944   52.333393         n.a.     n.a.
 2026-Feb-12 12:00 Nm  07 08 58.64 +22 48 54.0  07 10 34.70 +22 46 22.7  -12.1508  1.576537  306.338896 -21.102198   -2.557   5.429   99.66781  44.70496  258.741741   1.628756  4.40992705367507  17.5803872  142.4514 /T    6.6037   0.2042104   277.39271   58.233013         n.a.     n.a.
 2026-Feb-15 00:00 C   07 08 07.12 +22 50 32.2  07 09 43.24 +22 48 02.7  -11.6906  1.727081   77.715031  42.048694   -2.541   5.432   99.62588  44.44685  275.152756   1.629714  4.43553673178365  17.9587917  139.7286 /T    7.0089   0.1969576   278.40368   59.542534         n.a.     n.a.
 2026-Feb-17 12:00 N   07 07 19.82 +22 51 59.7  07 08 55.92 +22 49 32.3  -9.98039  1.282983  309.605548 -25.001373   -2.524   5.435   99.58334  44.17654  291.539594   1.631145  4.46267665427866  19.5493817  137.0156 /T    7.3978   0.1677085   277.32523   65.165904         n.a.     n.a.
 2026-Feb-20 00:00 Cm  07 06 37.74 +22 53 19.9  07 08 13.86 +22 50 54.1  -9.49671  1.406604   78.549855  46.897825   -2.506   5.438   99.54091  43.89709  307.899866   1.631382  4.49108629343484  19.8733908  134.3343 /T    7.7661   0.1600053   278.42510   66.390069         n.a.     n.a.
 2026-Feb-22 12:00 N   07 06 00.25 +22 54 29.2  07 07 36.31 +22 52 05.0  -7.66384  0.988946  313.170898 -28.659055   -2.488   5.442   99.49864  43.60775  324.235286   1.632104  4.52088573132979  21.3109458  131.6650 /T    8.1168   0.1287897   277.35285   71.723504         n.a.     n.a.
 2026-Feb-25 00:00 *m  07 05 28.21 +22 55 31.5  07 07 04.30 +22 53 08.2  -7.17896  1.086581   79.274683  51.682401   -2.470   5.445   99.45723  43.31165  340.544114   1.631591  4.55179181865683  21.5776475  129.0288 /T    8.4462   0.1210121   278.60675   72.850929         n.a.     n.a.
 2026-Feb-27 12:00 C   07 05 00.99 +22 56 22.8  07 06 37.07 +22 54 00.7  -5.26024  0.699225  317.059132 -32.047462   -2.451   5.448   99.41670  43.00792  356.827923   1.631568  4.58393782925947  22.8486452  126.4060 /T    8.7570   0.0884418   277.57173   77.894501         n.a.     n.a.
 2026-Mar-02 00:00 *m  07 04 39.31 +22 57 07.4  07 06 15.42 +22 54 46.2  -4.79785  0.772675   79.872863  56.396802   -2.432   5.451   99.37765  42.69973   13.085693   1.630273  4.61702260230187  23.0657561  123.8168 /T    9.0461   0.0809945   279.14870   78.911905         n.a.     n.a.
 2026-Mar-04 12:00 Cm  07 04 22.58 +22 57 41.2  07 05 58.61 +22 55 20.9  -2.82535  0.418520  321.290535 -35.137952   -2.413   5.454   99.34008  42.38591   29.318713   1.629456  4.65120669959227  24.1787630  121.2412 /T    9.3162   0.0476030   278.42597   83.683519         n.a.     n.a.
 2026-Mar-07 00:00 *   07 04 11.41 +22 58 08.7  07 05 47.42 +22 55 48.8  -2.38944  0.466646   80.314054  61.037350   -2.393   5.457   99.30452  42.06960   45.526411   1.627329  4.68617761707170  24.3539219  118.6988 /T    9.5646   0.0405764   281.05047   84.608461         n.a.     n.a.
 2026-Mar-09 12:00 Cm  07 04 05.24 +22 58 25.4  07 05 41.19 +22 56 05.8  -0.37994  0.144958  325.876616 -37.901184   -2.374   5.459   99.27094  41.74945   61.709793   1.625661  4.72211278476533  25.3104728  116.1700 /T    9.7938   0.0067775   290.88344   89.124320         n.a.     n.a.
 2026-Mar-12 00:00 *   07 04 04.61 +22 58 36.1  07 05 40.57 +22 56 16.4  0.029769  0.165712   80.542194  65.600982   -2.354   5.462   99.23982  41.42856   77.868703   1.622658  4.75868851545796  25.4496132  113.6741 /T   10.0013   0.0028061   10.183996   89.636611         n.a.     n.a.
 2026-Mar-14 12:00 Cm  07 04 09.04 +22 58 36.0  07 05 44.93 +22 56 16.4  2.060167  -0.12532  330.815358 -40.307341   -2.335   5.464   99.21109  41.10550   94.003818   1.620098  4.79608921297624  26.2407343  111.1920 /T   10.1895   0.0343996   93.481031   85.653889         n.a.     n.a.
 2026-Mar-17 00:00 *   07 04 18.92 +22 58 30.1  07 05 54.80 +22 56 10.2  2.438158  -0.13319   80.448381  70.084593   -2.315   5.466   99.18513  40.78333  110.115545   1.616201  4.83397607052338  26.3384922  108.7425 /T   10.3563   0.0406966   93.126760   84.840998         n.a.     n.a.
 2026-Mar-19 12:00 C   07 04 33.84 +22 58 13.3  07 06 09.62 +22 55 53.1  4.470778  -0.39505  336.086235 -42.328300   -2.296   5.468   99.16189  40.46051  126.204258   1.612736  4.87254450308411  26.9645234  106.3071 /T   10.5038   0.0748033   95.049742   80.720326         n.a.     n.a.
 2026-Mar-22 00:00 *m  07 04 54.09 +22 57 50.7  07 06 29.84 +22 55 29.7  4.809654  -0.43208   79.801868  74.484259   -2.276   5.470   99.14163  40.14011  142.270866   1.607949  4.91143775125413  27.0132535  103.9044 /T   10.6304   0.0804837   95.133438   79.969091         n.a.     n.a.
 2026-Mar-24 12:00 *   07 05 19.28 +22 57 17.3  07 06 54.95 +22 54 55.3  6.814633  -0.66451  341.646479 -43.940044   -2.257   5.471   99.12427  39.82047  158.315597   1.603586  4.95086102884534  27.4712107  101.5160 /T   10.7381   0.1141159   95.569466   76.039433         n.a.     n.a.
 2026-Mar-27 00:00 *m  07 05 49.59 +22 56 38.1  07 07 25.27 +22 54 14.9  7.108989  -0.73000   78.022986  78.791740   -2.238   5.473   99.10998  39.50453  174.339786   1.597920  4.99045631373282  27.4806095   99.1601 /T   10.8257   0.1191062   95.862994   75.347783         n.a.     n.a.
 2026-Mar-29 12:00 *   07 06 24.68 +22 55 48.0  07 08 00.27 +22 53 23.7  9.063416  -0.93281  347.430695 -45.124609   -2.220   5.474   99.09866  39.19056  190.343432   1.592654  5.03043655933196  27.7762809   96.8181 /T   10.8949   0.1518549   95.876189   71.611354         n.a.     n.a.
 2026-Apr-01 00:00 *m  07 07 04.63 +22 54 52.2  07 08 40.18 +22 52 26.6  9.307522  -1.02523   73.179050  82.978160   -2.202   5.475   99.09038  38.88127  206.328237   1.586098  5.07045277599449  27.7614806   94.5073 /T   10.9451   0.1560636   96.285834   70.988573         n.a.     n.a.
 2026-Apr-03 12:00 *m  07 07 49.17 +22 53 45.6  07 09 24.60 +22 51 18.4  11.21060  -1.20133  353.352807 -45.872942   -2.184   5.476   99.08504  38.57484  222.293789   1.579903  5.11073150893414  27.9061904   92.2094 /T   10.9776   0.1879130   96.116494   67.412951         n.a.     n.a.
 2026-Apr-06 00:00 *   07 08 38.30 +22 52 33.2  07 10 13.70 +22 50 04.1  11.40773  -1.32085   53.853353  86.851758   -2.166   5.476   99.08265  38.27386  238.242119   1.572437  5.15092049701177  27.8734411   89.9413 /T   10.9921   0.1913990   96.604636   66.851087         n.a.     n.a.
 2026-Apr-08 12:00 *m  07 09 31.85 +22 51 10.0  07 11 07.15 +22 48 38.8  13.25363  -1.47282  359.312108 -46.186325   -2.149   5.476   99.08313  37.97647  254.172466   1.565293  5.19125718797250  27.8751967   87.6850 /T   10.9896   0.2222536   96.341024   63.420003         n.a.     n.a.
 2026-Apr-11 00:00 *   07 10 29.74 +22 49 40.7  07 12 05.02 +22 47 07.5  13.41457  -1.62072  318.748053  87.613732   -2.132   5.477   99.08642  37.68514  270.087087   1.556907  5.23138878206062  27.8229732   85.4572 /T   10.9699   0.2252021   96.888947   62.894726         n.a.     n.a.
 2026-Apr-13 12:00 *m  07 11 31.86 +22 48 00.5  07 13 07.02 +22 45 25.1  15.19788  -1.75114    5.203678 -46.077091   -2.115   5.477   99.09245  37.39804  285.984991   1.548810  5.27154953080841  27.6828686   83.2402 /T   10.9339   0.2549739   96.572790   59.590708         n.a.     n.a.
 2026-Apr-16 00:00 *   07 12 38.06 +22 46 14.0  07 14 13.17 +22 43 36.3  15.32387  -1.92684  288.082109  84.081466   -2.099   5.476   99.10108  37.11753  301.868701   1.539515  5.31138898994545  27.6105846   81.0509 /T   10.8816   0.2574089   97.166810   59.096910         n.a.     n.a.
 2026-Apr-18 12:00 *   07 13 48.32 +22 44 16.3  07 15 23.30 +22 41 35.9  17.03842  -2.03790   10.930274 -45.568363   -2.084   5.476   99.11228  36.84182  317.736975   1.530479  5.35113750940717  27.3238741   78.8719 /T   10.8138   0.2859976   96.820522   55.900028         n.a.     n.a.
 2026-Apr-21 00:00 *m  07 15 02.37 +22 42 12.0  07 16 37.33 +22 39 28.8  17.12477  -2.23940  281.635924  80.180972   -2.069   5.475   99.12583  36.57319  333.592722   1.520301  5.39044158217200  27.2272218   76.7200 /T   10.7308   0.2878429   97.450258   55.438569         n.a.     n.a.
 2026-Apr-23 12:00 *   07 16 20.23 +22 39 56.5  07 17 55.09 +22 37 10.4  18.75292  -2.33018   16.412327 -44.691253   -2.054   5.475   99.14170  36.30984  349.434530   1.510345  5.42953676876171  26.8055502   74.5780 /T   10.6330   0.3149522   97.083099   52.362282         n.a.     n.a.
 2026-Apr-26 00:00 *m  07 17 41.58 +22 37 34.2  07 19 16.40 +22 34 45.3  18.79856  -2.55472  279.306746  76.270858   -2.039   5.474   99.15960  36.05389    5.265499   1.499295  5.46808194627169  26.6940376   72.4622 /T   10.5213   0.3161894   97.739085   51.941333         n.a.     n.a.
 2026-Apr-28 12:00 *   07 19 06.46 +22 35 00.6  07 20 41.14 +22 32 08.7  20.33607  -2.62580   21.593465 -43.481610   -2.026   5.473   99.17954  35.80353   21.084010   1.488416  5.50631792730382  26.1513862   70.3553 /T   10.3957   0.3417481   97.357343   48.982282         n.a.     n.a.
 2026-May-01 00:00 *m  07 20 34.53 +22 32 20.1  07 22 09.14 +22 29 25.0  20.35037  -2.87232  278.337104  72.391663   -2.012   5.472   99.20119  35.56068   36.893228   1.476486  5.54392227196566  26.0427842   68.2731 /T   10.2573   0.3425345   98.033862   48.605540         n.a.     n.a.
 2026-May-03 12:00 *m  07 22 05.92 +22 29 28.2  07 23 40.40 +22 26 29.7  21.80396  -2.92662   26.440506 -41.977615   -1.999   5.471   99.22459  35.32360   52.691221   1.464672  5.58113081030788  25.3833709   66.1984 /T   10.1060   0.3666583   97.644801   45.738698         n.a.     n.a.
 2026-May-06 00:00 *   07 23 40.21 +22 26 29.2  07 25 14.66 +22 23 27.3  21.79200  -3.19412  277.976819  68.551712   -1.986   5.469   99.24938  35.09410   68.481337   1.451859  5.61762964716762  25.2763462   64.1469 /T    9.9428   0.3670808   98.338634   45.397966         n.a.     n.a.
 2026-May-08 12:00 *m  07 25 17.62 +22 23 18.7  07 26 51.95 +22 20 13.2  23.16757  -3.23440   30.940363 -40.216883   -1.974   5.468   99.27562  34.87049   84.261385   1.439112  5.65365234324006  24.5092483   62.1016 /T    9.7674   0.3898709   97.947647   42.608895         n.a.     n.a.
 2026-May-11 00:00 *   07 26 57.68 +22 20 00.8  07 28 31.95 +22 16 51.9  23.13388  -3.52175  277.941549  64.752124   -1.963   5.466   99.30294  34.65452  100.034846   1.425428  5.68888700949155  24.3973216   60.0781 /T    9.5811   0.3900068   98.655882   42.291026         n.a.     n.a.
 2026-May-13 12:00 *m  07 28 40.65 +22 16 31.3  07 30 14.77 +22 13 18.6  24.42734  -3.54891   35.096254 -38.234973   -1.951   5.465   99.33143  34.44457  115.799406   1.411765  5.72356150753773  23.5247647   58.0597 /T    9.3832   0.4113966   98.266343   39.572370         n.a.     n.a.
 2026-May-16 00:00 *   07 30 26.04 +22 12 54.0  07 32 00.08 +22 09 37.6  24.37985  -3.85532  278.100151  60.991655   -1.940   5.463   99.36067  34.24228  131.558632   1.397236  5.75737401372119  23.4055841   56.0622 /T    9.1753   0.4113800   98.986078   39.265166         n.a.     n.a.
 2026-May-18 12:00 *   07 32 14.12 +22 09 05.1  07 33 48.06 +22 05 44.6  25.58410  -3.86928   38.923138 -36.064205   -1.930   5.461   99.39077  34.04619  147.310149   1.382686  5.79053509099814  22.4258387   54.0691 /T    8.9567   0.4312507   98.600107   36.607836         n.a.     n.a.
 2026-May-21 00:00 *m  07 34 04.35 +22 05 08.1  07 35 38.25 +22 01 43.9  25.51494  -4.19038  278.384946  57.268049   -1.920   5.460   99.42131  33.85778  163.057707   1.367341  5.82275807377697  22.3004108   52.0964 /T    8.7290   0.4309458   99.326564   36.321592         n.a.     n.a.
 2026-May-23 12:00 *   07 35 57.05 +22 00 59.8  07 37 30.82 +21 57 31.5  26.62625  -4.19051   42.443136 -33.732304   -1.910   5.458   99.45238  33.67563  178.798800   1.351921  5.85425235018350  21.2258707   50.1276 /T    8.4913   0.4492332   98.943989   33.728034         n.a.     n.a.
 2026-May-26 00:00 *m  07 37 51.62 +21 56 43.3  07 39 25.30 +21 53 11.2  26.53718  -4.52322  278.758415  53.578161   -1.901   5.456   99.48356  33.50111  194.537249   1.335768  5.88474880912366  21.1061549   48.1783 /T    8.2457   0.4486651   99.673018   33.474816         n.a.     n.a.
 2026-May-28 12:00 *   07 39 48.43 +21 52 15.5  07 41 21.95 +21 48 39.1  27.55671  -4.50998   45.682395 -31.262926   -1.892   5.455   99.51497  33.33284  210.270373   1.319480  5.91445696375233  19.9529240   46.2317 /T    7.9910   0.4653887   99.294737   30.947823         n.a.     n.a.
 2026-May-31 00:00 *   07 41 46.86 +21 47 39.6  07 43 20.31 +21 43 59.0  27.46016  -4.85417  279.197895  49.918800   -1.884   5.453   99.54621  33.17203  226.001920   1.302521  5.94312782135455  19.8437145   44.3033 /T    7.7291   0.4647649   100.02469   30.721262         n.a.     n.a.
 2026-Jun-02 12:00 *m  07 43 47.35 +21 42 52.4  07 45 20.68 +21 39 07.5  28.39584  -4.83005   48.667750 -28.676195   -1.876   5.451   99.57739  33.01744  241.729107   1.285373  5.97095495905604  18.6154242   42.3763 /T    7.4588   0.4800616   99.653452   28.244054         n.a.     n.a.
 2026-Jun-05 00:00 *   07 45 49.24 +21 37 57.0  07 47 22.51 +21 34 08.0  28.29513  -5.18405  279.689778  46.287265   -1.868   5.449   99.60814  32.87017  257.455693   1.267623  5.99770612487442  18.5174878   40.4660 /T    7.1822   0.4794351   100.38221   28.042905         n.a.     n.a.
 2026-Jun-07 12:00 *m  07 47 53.03 +21 32 50.5  07 49 26.16 +21 28 57.2  29.15347  -5.15126   51.425333 -25.989015   -1.861   5.448   99.63857  32.72909  273.178760   1.249635  6.02356054247110  17.2138450   38.5560 /T    6.8977   0.4934178   100.02042   25.597275         n.a.     n.a.
 2026-Jun-10 00:00 *   07 49 58.03 +21 27 35.5  07 51 31.06 +21 23 38.1  29.05099  -5.51336  280.225372  42.681111   -1.854   5.446   99.66832  32.59525  288.902167   1.231124  6.04829322037984  17.1167398   36.6614 /T    6.6076   0.4928255   100.74592   25.406785         n.a.     n.a.
 2026-Jun-12 12:00 *m  07 52 04.76 +21 22 09.7  07 53 37.64 +21 18 07.6  29.82831  -5.47164   53.980198 -23.215616   -1.847   5.444   99.69751  32.46761  304.622972   1.212331  6.07207135382427  15.7448524   34.7661 /T    6.3103   0.5054335   100.39466   22.993076         n.a.     n.a.
 2026-Jun-15 00:00 *m  07 54 12.50 +21 16 35.3  07 55 45.31 +21 12 28.9  29.72453  -5.83947  280.799145  39.097884   -1.841   5.443   99.72578  32.34716  320.345038   1.193095  6.09468186095004  15.6404135   32.8854 /T    6.0081   0.5048782   101.11437   22.802592         n.a.     n.a.
 2026-Jun-17 12:00 *   07 56 21.77 +21 10 50.3  07 57 54.47 +21 06 39.3  30.41148  -5.78675   56.355511 -20.367506   -1.835   5.441   99.75326  32.23295  336.065528   1.173533  6.11627556453063  14.2022126   31.0034 /T    5.6992   0.5159523   100.77355   20.416807         n.a.     n.a.
 2026-Jun-20 00:00 *m  07 58 31.83 +21 04 56.9  08 00 04.45 +21 00 41.8  30.30413  -6.15636  281.408567  35.534994   -1.829   5.440   99.77961  32.12585  351.788289   1.153600  6.13666719720305  14.1038711   29.1357 /T    5.3864   0.5153858   101.48351   20.245421         n.a.     n.a.
 2026-Jun-22 12:00 *   08 00 43.23 +20 58 53.3  08 02 15.69 +20 54 33.7  30.90096  -6.09218   58.572443 -17.453462   -1.824   5.439   99.80494  32.02497    7.510411   1.133285  6.15599720250284  12.6114916   27.2662 /T    5.0676   0.5249297   101.15293   17.888802         n.a.     n.a.
 2026-Jun-25 00:00 *m  08 02 55.21 +20 52 41.6  08 04 27.56 +20 48 17.7  30.79321  -6.46151  282.052457  31.989722   -1.819   5.438   99.82895  31.93105   23.235694   1.112666  6.17410512229009  12.5253482   25.4100 /T    4.7457   0.5243972   101.85076   17.742282         n.a.     n.a.
 2026-Jun-27 12:00 *   08 05 08.36 +20 46 20.0  08 06 40.58 +20 41 51.4  31.30928  -6.38830   60.650289 -14.480741   -1.815   5.436   99.85174  31.84328   38.961137   1.091613  6.19112202463046  10.9913513   23.5511 /T    4.4185   0.5325728   101.53225   15.412696         n.a.     n.a.
 2026-Jun-30 00:00 *   08 07 21.91 +20 39 50.5  08 08 54.04 +20 35 17.6  31.20662  -6.75657  282.730822  28.459873   -1.810   5.435   99.87306  31.76232   54.690452   1.070328  6.20690202871488  10.9152754   21.7043 /T    4.0888   0.5321613   102.21659   15.285138         n.a.     n.a.
 2026-Jul-02 12:00 *m  08 09 36.47 +20 33 11.5  08 11 08.48 +20 28 34.0  31.64376  -6.67523   62.605980 -11.455344   -1.806   5.435   99.89300  31.68749   70.420661   1.048565  6.22156047729506   9.3425246   19.8535 /T    3.7543   0.5390027   101.91186   12.973627         n.a.     n.a.
 2026-Jul-05 00:00 *   08 11 51.27 +20 26 24.7  08 13 23.17 +20 21 43.1  31.55334  -7.04212  283.444681  24.943702   -1.803   5.434   99.91134  31.61933   86.155370   1.026647  6.23497232143832   9.2742149   18.0137 /T    3.4180   0.5388271   102.58118   12.859145         n.a.     n.a.
 2026-Jul-07 12:00 *m  08 14 06.96 +20 19 28.9  08 15 38.71 +20 14 42.8  31.91473  -6.95385   64.454824  -8.382279   -1.799   5.433   99.92815  31.55730  101.891642   1.004213  6.24722784813914   7.6628862   16.1688 /T    3.0774   0.5443921   102.29197   10.553506         n.a.     n.a.
 2026-Jul-10 00:00 *   08 16 22.74 +20 12 25.4  08 17 54.37 +20 07 35.0  31.83326  -7.31647  284.195491  21.439707   -1.796   5.432   99.94325  31.50188  117.633075   0.981705  6.25821775794630   7.5928667   14.3337 /T    2.7355   0.5443874   102.94391   10.441267         n.a.     n.a.
 2026-Jul-12 12:00 *m  08 18 39.25 +20 05 13.4  08 20 10.77 +20 00 18.2  32.11732  -7.22097   66.210792  -5.265674   -1.794   5.432   99.95671  31.45264  133.376799   0.958648  6.26801503133274   5.9443555   12.4929 /T    2.3899   0.5486510   102.67117   8.1326354         n.a.     n.a.
 2026-Jul-15 00:00 *m  08 20 55.70 +19 57 54.0  08 22 27.13 +19 52 54.6  32.04048  -7.57569  284.985691  17.946549   -1.791   5.432   99.96837  31.41001  149.126428   0.935592  6.27652325898377   5.8674708   10.6614 /T    2.0437   0.5487317   103.30279   8.0168332         n.a.     n.a.
 2026-Jul-17 12:00 *   08 23 12.69 +19 50 26.8  08 24 44.00 +19 45 22.9  32.23466  -7.46891   67.886254  -2.108320   -1.789   5.431   99.97828  31.37361  164.879234   0.911950  6.28380444751002   4.1949611    8.8242 /T    1.6945   0.5514773   103.04547   5.7133278         n.a.     n.a.
 2026-Jul-20 00:00 *m  08 25 29.44 +19 42 52.7  08 27 00.61 +19 37 44.8  32.16445  -7.81337  285.818962  14.462645   -1.787   5.431   99.98632  31.34372  180.638650   0.888372  6.28979602411458   4.1230997    6.9966 /T    1.3457   0.5516644   103.65379   5.6087724         n.a.     n.a.
 2026-Jul-22 12:00 *   08 27 46.57 +19 35 11.6  08 29 17.61 +19 29 59.0  32.27395  -7.69643   69.492771   1.087948   -1.785   5.431   99.99255  31.32008  196.401999   0.864168  6.29454376410770   2.4378662    5.1644 /T    0.9948   0.5529825   103.41293   3.3105140         n.a.     n.a.
 2026-Jul-25 00:00 *m  08 30 03.28 +19 27 24.0  08 31 34.21 +19 22 07.4  32.21372  -8.02963  286.699390  10.986710   -1.784   5.432   99.99688  31.30283  212.172548   0.840094  6.29801275827368   2.3796360    3.3462 /T    0.6459   0.5533229   103.99639   3.2277125         n.a.     n.a.
 2026-Jul-27 12:00 *   08 32 20.24 +19 19 30.1  08 33 51.07 +19 14 08.9  32.24750  -7.90543   71.040805   4.321474   -1.783   5.432   99.99934  31.29181  227.947603   0.815361  6.30023092922067   0.6845222    1.5486 /T    0.3004   0.5533727   103.77433   0.9250359         n.a.     n.a.
 2026-Jul-30 00:00 *   08 34 36.64 +19 11 30.3  08 36 07.33 +19 06 05.7  32.19981  -8.22650  287.632161   7.518151   -1.782   5.432   99.99990  31.28711  243.730360   0.790827  6.30117785363735   0.6311428    0.5942 /L    0.1120   0.5539011   104.33153   0.8513495         n.a.     n.a.
 2026-Aug-01 12:00 *m  08 36 53.17 +19 03 24.7  08 38 23.73 +18 57 55.4  32.15931  -8.09568   72.540061   7.591087   -1.782   5.433   99.99857  31.28866  259.518221   0.765612  6.30086484436933  -1.0650893    2.2482 /L    0.4283   0.5527109   104.12987   -1.454972         n.a.     n.a.
 2026-Aug-04 00:00 *   08 39 09.01 +18 55 13.7  08 40 39.44 +18 49 40.4  32.12629  -8.40372  288.622422   4.056842   -1.782   5.433   99.99536  31.29649  275.314219   0.740670  6.29928851823655  -1.1222114    4.0608 /L    0.7754   0.5534541   104.65919   -1.530988         n.a.     n.a.
 2026-Aug-06 12:00 *m  08 41 24.84 +18 46 57.7  08 42 55.15 +18 41 20.0  32.00922  -8.26576   73.999909  10.895313   -1.782   5.434   99.99025  31.31067  291.115948   0.715029  6.29643607096586  -2.8217364    5.8973 /L    1.1259   0.5509873   104.47922   -3.855016         n.a.     n.a.
 2026-Aug-09 00:00 *   08 43 39.85 +18 38 36.8  08 45 10.06 +18 32 55.1  31.98896  -8.55833  289.677211   0.602929   -1.783   5.434   99.98331  31.33112  306.926342   0.689732  6.29232558671358  -2.8844957    7.7340 /L    1.4750   0.5519004   104.97813   -3.936440         n.a.     n.a.
 2026-Aug-11 12:00 *m  08 45 54.71 +18 30 11.8  08 47 24.82 +18 24 25.8  31.78942  -8.41111   75.429383  14.233592   -1.784   5.435   99.97450  31.35805  322.743155   0.663722  6.28692194121013  -4.5842896    9.5831 /L    1.8246   0.5480556   104.82018   -6.286597         n.a.     n.a.
 2026-Aug-14 00:00 *m  08 48 08.59 +18 21 42.6  08 49 38.58 +18 15 52.9  31.77352  -8.68337  290.804604  -2.843100   -1.785   5.436   99.96391  31.39129  338.569267   0.638115  6.28026592405625  -4.6539924   11.4298 /L    2.1714   0.5489782   105.28510   -6.377385         n.a.     n.a.
 2026-Aug-16 12:00 *   08 50 22.13 +18 13 10.4  08 51 52.00 +18 07 16.6  31.48827  -8.52513   76.837306  17.605990   -1.787   5.437   99.95152  31.43108  354.402563   0.611774  6.27231534467111  -6.3355282   13.2880 /L    2.5178   0.5436985   105.14908   -8.742784         n.a.     n.a.
 2026-Aug-19 00:00 *m  08 52 34.53 +18 04 34.8  08 54 04.27 +17 58 37.3  31.47928  -8.77606  292.014284  -6.280672   -1.789   5.438   99.93746  31.47714   10.245694   0.585891  6.26313757071673  -6.4020738   15.1436 /L    2.8605   0.5446620   105.57785   -8.830460         n.a.     n.a.
 2026-Aug-21 12:00 *   08 54 46.44 +17 55 57.2  08 56 16.08 +17 49 55.6  31.10972  -8.60733   78.232963  21.012720   -1.791   5.440   99.92168  31.52980   26.096669   0.559260  6.25267539031202  -8.0570141   17.0110 /L    3.2021   0.5379749   105.46553   -11.21319         n.a.     n.a.
 2026-Aug-24 00:00 *m  08 56 57.07 +17 47 17.2  08 58 26.60 +17 41 11.9  31.11397  -8.83783  293.317502  -9.708302   -1.793   5.441   99.90434  31.58867   41.957891   0.533143  6.24102438840776  -8.1161959   18.8766 /L    3.5394   0.5390801   105.85704   -11.29135         n.a.     n.a.
 2026-Aug-26 12:00 *   08 59 07.06 +17 38 36.1  09 00 36.51 +17 32 26.9  30.66771  -8.66138   79.625795  24.453889   -1.796   5.443   99.88539  31.65420   57.827484   0.506276  6.22810297935774  -9.7415294   20.7546 /L    3.8750   0.5311225   105.77109   -13.69705         n.a.     n.a.
 2026-Aug-29 00:00 *   09 01 15.65 +17 29 53.3  09 02 44.97 +17 23 40.8  30.68205  -8.86938  294.727423 -13.123464   -1.799   5.444   99.86503  31.72592   73.707718   0.479982  6.21402463653217  -9.8001146   22.6318 /L    4.2057   0.5323048   106.12319   -13.77679         n.a.     n.a.
 2026-Aug-31 12:00 *m  09 03 23.47 +17 21 10.5  09 04 52.68 +17 14 54.1  30.16311  -8.68666   81.026249  27.929493   -1.802   5.446   99.84318  31.80439   89.596839   0.452945  6.19869157051234 -11.3927037   24.5226 /L    4.5340   0.5231505   106.06584   -16.21050         n.a.     n.a.
 2026-Sep-03 00:00 *   09 05 29.77 +17 12 26.7  09 06 58.85 +17 06 06.9  30.18713  -8.87096  296.259223 -16.522779   -1.806   5.448   99.82009  31.88910  105.497001   0.426541  6.18222688144273 -11.4626040   26.4137 /L    4.8569   0.5243930   106.37625   -16.30910         n.a.     n.a.
 2026-Sep-05 12:00 *m  09 07 35.13 +17 03 43.9  09 09 04.15 +16 57 20.3  29.58523  -8.67833   82.446296  31.439476   -1.810   5.450   99.79567  31.98073  121.406725   0.399406  6.16451362183165 -13.0176811   28.3197 /L    5.1768   0.5138631   106.34817   -18.78079         n.a.     n.a.
 2026-Sep-08 00:00 *   09 09 38.83 +16 55 01.3  09 11 07.75 +16 48 34.3  29.61416  -8.83586  297.931181 -19.901777   -1.814   5.452   99.77019  32.07863  137.327980   0.372955  6.14569911378951 -13.1003151   30.2270 /L    5.4905   0.5150704   106.61331   -18.90401         n.a.     n.a.
 2026-Sep-10 12:00 *m  09 11 41.42 +16 46 20.9  09 13 10.26 +16 39 50.4  28.92306  -8.63048   83.899423  34.984258   -1.819   5.454   99.74358  32.18364  153.259555   0.345781  6.12564831470061 -14.6102497   32.1500 /L    5.8005   0.5030542   106.61481   -21.42072         n.a.     n.a.
 2026-Sep-13 00:00 *m  09 13 42.16 +16 37 41.9  09 15 10.87 +16 31 08.3  28.95027  -8.75738  299.765557 -23.254837   -1.824   5.456   99.71613  32.29493  169.203238   0.319332  6.10453847129687 -14.6920024   34.0749 /L    6.1036   0.5040970   106.83043   -21.55663         n.a.     n.a.
 2026-Sep-15 12:00 *   09 15 41.60 +16 29 06.5  09 17 10.24 +16 22 29.4  28.17225  -8.53972   85.402205  38.564559   -1.830   5.458   99.68777  32.41340  185.157910   0.292172  6.08222707520453 -16.1424897   36.0158 /L    6.4019   0.4906352   106.86337   -24.11260         n.a.     n.a.
 2026-Sep-18 00:00 Cm  09 17 39.04 +16 20 33.6  09 19 07.58 +16 13 53.4  28.20056  -8.63638  301.788543 -26.574668   -1.835   5.461   99.65883  32.53813  201.125140   0.265776  6.05891168289009 -16.2219125   37.9590 /L    6.6926   0.4915561   107.02714   -24.25975         n.a.     n.a.
 2026-Sep-20 12:00 *   09 19 35.00 +16 12 05.7  09 21 03.49 +16 05 22.1  27.33889  -8.40780   86.975290  42.180659   -1.842   5.463   99.62921  32.67009  217.103980   0.238692  6.03443751936056 -17.6012357   39.9189 /L    6.9779   0.4767093   107.09476   -26.85092         n.a.     n.a.
 2026-Sep-23 00:00 Cm  09 21 28.81 +16 03 41.4  09 22 57.21 +15 56 54.9  27.37004  -8.47453  304.031361 -29.851363   -1.848   5.465   99.59925  32.80827  233.095716   0.212416  6.00902180462562 -17.6787750   41.8818 /L    7.2548   0.4775333   107.20399   -27.01028         n.a.     n.a.
 2026-Sep-25 12:00 *   09 23 20.98 +15 55 23.4  09 24 49.31 +15 48 33.8  26.42779  -8.23625   88.645236  45.832353   -1.855   5.468   99.56888  32.95377  249.099624   0.185486  5.98249060535471 -18.9870557   43.8625 /L    7.5255   0.4613578   107.30970   -29.64721         n.a.     n.a.
 2026-Sep-28 00:00 C   09 25 10.85 +15 47 10.2  09 26 39.07 +15 40 17.8  26.46136  -8.27256  306.530750 -33.072101   -1.862   5.470   99.53845  33.10545  265.116783   0.159408  5.95508012149270 -19.0638412   45.8471 /L    7.7871   0.4620722   107.36070   -29.82190         n.a.     n.a.
 2026-Sep-30 12:00 *m  09 26 58.91 +15 39 04.4  09 28 27.09 +15 32 09.0  25.44059  -8.02526   90.448144  49.518746   -1.870   5.472   99.50786  33.26456  281.146651   0.132719  5.92659729200595 -20.2989238   47.8508 /L    8.0418   0.4446060   107.50793   -32.51194         n.a.     n.a.
 2026-Oct-03 00:00 C   09 28 44.54 +15 31 04.7  09 30 12.65 +15 24 06.3  25.46811  -8.02754  309.329733 -36.220447   -1.878   5.475   99.47749  33.42989  297.190199   0.106922  5.89728722019933 -20.3882839   49.8598 /L    8.2868   0.4450549   107.49483   -32.72890         n.a.     n.a.
 2026-Oct-05 12:00 *m  09 30 28.15 +15 23 13.9  09 31 56.25 +15 16 12.6  24.36082  -7.76765   92.433964  53.238158   -1.886   5.477   99.44728  33.60276  313.247185   0.080557  5.86694801854549 -21.5408840   51.8892 /L    8.5238   0.4261540   107.68532   -35.48151         n.a.     n.a.
 2026-Oct-08 00:00 C   09 32 09.15 +15 15 30.5  09 33 37.15 +15 08 26.7  24.37550  -7.73266  312.479379 -39.275302   -1.895   5.479   99.41760  33.78186  329.318371   0.055110  5.83584274047650 -21.6372554   53.9249 /L    8.7502   0.4262104   107.60062   -35.74315         n.a.     n.a.
 2026-Oct-10 12:00 *m  09 33 47.89 +15 07 57.8  09 35 15.86 +15 00 51.4  23.17221  -7.45594   94.674739  56.988112   -1.905   5.482   99.38840  33.96859  345.403803   0.029140  5.80376325928010 -22.6939904   55.9818 /L    8.9677   0.4057033   107.83621   -38.56862         n.a.     n.a.
 2026-Oct-13 00:00 Nm  09 35 23.82 +15 00 34.0  09 36 51.71 +14 53 25.1  23.17448  -7.38374  316.038439 -42.210045   -1.914   5.484   99.36005  34.16141    1.503920   0.004109  5.77100368373900 -22.7817159   58.0454 /L    9.1737   0.4053722   107.67266   -38.85756         n.a.     n.a.
 2026-Oct-15 12:00 *   09 36 57.28 +14 53 22.5  09 38 25.16 +14 46 10.9  21.88380  -7.09348   97.280253  60.763693   -1.925   5.486   99.33253  34.36182   17.618918  -0.021391  5.73734565232682 -23.7311065   60.1309 /L    9.3697   0.3834125   107.95975   -41.74933         n.a.     n.a.
 2026-Oct-18 00:00 Nm  09 38 27.75 +14 46 21.4  09 39 55.58 +14 39 07.4  21.87114  -6.98373  320.071617 -44.990521   -1.935   5.488   99.30619  34.56816   33.748984  -0.045927  5.70309898284658 -23.8070180   62.2234 /L    9.5534   0.3826512   107.70893   -42.06737         n.a.     n.a.
 2026-Oct-20 12:00 *   09 39 55.54 +14 39 34.1  09 41 23.38 +14 32 17.7  20.50115  -6.68309  100.425100  64.555209   -1.946   5.490   99.28100  34.78198   49.894461  -0.070867  5.66804002313536 -24.6430517   64.3384 /L    9.7261   0.3593825   108.05526   -45.02462         n.a.     n.a.
 2026-Oct-23 00:00 Nm  09 41 20.19 +14 32 58.6  09 42 47.95 +14 25 40.1  20.47519  -6.53713  324.645969 -47.573598   -1.958   5.492   99.25728  35.00154   66.055290  -0.094815  5.63248534107922 -24.7122115   66.4612 /L    9.8856   0.3582238   107.70675   -45.37764         n.a.     n.a.
 2026-Oct-25 12:00 *   09 42 41.93 +14 26 38.2  09 44 09.70 +14 19 17.5  19.02557  -6.22587  104.405421  68.344125   -1.970   5.494   99.23504  35.22848   82.232089  -0.119089  5.59620098842529 -25.4293568   68.6076 /L   10.0333   0.3336390   108.12001   -48.41079         n.a.     n.a.
 2026-Oct-28 00:00 N   09 44 00.38 +14 20 31.0  09 45 28.10 +14 13 08.1  18.98405  -6.04351  329.823211 -49.906470   -1.982   5.496   99.21457  35.46093   98.424507  -0.142346  5.55951617756127 -25.4960870   70.7626 /L   10.1671   0.3320468   107.65871   -48.80811         n.a.     n.a.
 2026-Oct-30 12:00 *m  09 45 15.72 +14 14 40.4  09 46 43.49 +14 07 15.3  17.45573  -5.72143  109.759632  72.093842   -1.995   5.497   99.19589  35.70067  114.633466  -0.165847  5.52218272498735 -26.0959217   72.9428 /L   10.2880   0.3061578   108.14750   -51.93511         n.a.     n.a.
 2026-Nov-02 00:00 N   09 46 27.58 +14 09 04.5  09 47 55.32 +14 01 37.4  17.38641  -5.49833  335.647326 -51.926107   -2.008   5.499   99.17927  35.94570  130.858471  -0.188319  5.48453958564671 -26.1584472   75.1329 /L   10.3941   0.3039183   107.54919   -52.39514         n.a.     n.a.
 2026-Nov-04 12:00 Cm  09 47 36.08 +14 03 46.9  09 49 03.85 +13 56 17.9  15.77446  -5.16255  117.542475  75.727216   -2.022   5.500   99.16475  36.19781  147.100677  -0.210953  5.44634094576659 -26.6278895   77.3496 /L   10.4863   0.2766292   108.12186   -55.63074         n.a.     n.a.
 2026-Nov-07 00:00 N   09 48 40.90 +13 58 45.6  09 50 08.62 +13 51 14.9  15.67272  -4.89773  342.126401 -53.560887   -2.036   5.501   99.15258  36.45486  163.359334  -0.232555  5.40793840477483 -26.6801908   79.5769 /L   10.5627   0.2736694   107.35406   -56.15729         n.a.     n.a.
 2026-Nov-09 12:00 C   09 49 42.09 +13 54 04.2  09 51 09.86 +13 46 31.8  13.97863  -4.54849  129.949081  79.062498   -2.051   5.502   99.14282  36.71862  179.635843  -0.254233  5.36909180772411 -27.0006537   81.8316 /L   10.6239   0.2450005   108.02429   -59.50628         n.a.     n.a.
 2026-Nov-12 00:00 Nm  09 50 39.41 +13 49 40.7  09 52 07.17 +13 42 06.5  13.84733  -4.24495  349.209359 -54.735433   -2.065   5.503   99.13564  36.98675  195.929036  -0.274873  5.33016853935472 -27.0295876   84.0970 /L   10.6685   0.2413896   107.04313   -60.08407         n.a.     n.a.
 2026-Nov-14 12:00 C   09 51 32.88 +13 45 38.7  09 53 00.71 +13 38 02.8  12.08125  -3.88614  151.098381  81.639382   -2.081   5.504   99.13111  37.26109  212.240513  -0.295489  5.29092501997948 -27.1987366   86.3904 /L   10.6969   0.2115148   107.83129   -63.55603         n.a.     n.a.
 2026-Nov-17 00:00 Nm  09 52 22.31 +13 41 55.9  09 53 50.14 +13 34 18.6  11.92244  -3.54686  356.767612 -55.378436   -2.096   5.504   99.12934  37.53911  228.568789  -0.315059  5.25173929821785 -27.1972173   88.6948 /L   10.7079   0.2073141   106.56746   -64.17764         n.a.     n.a.
 2026-Nov-19 12:00 C   09 53 07.68 +13 38 35.7  09 54 35.57 +13 30 57.0  10.09998  -3.18443  182.880544  82.506782   -2.113   5.504   99.13041  37.82268  244.915585  -0.334493  5.21236552437682 -27.2106599   91.0277 /L   10.7017   0.1765016   107.49957   -67.77065         n.a.     n.a.
 2026-Nov-22 00:00 Nm  09 53 48.89 +13 35 35.8  09 55 16.76 +13 27 55.9  9.910968  -2.81048    4.594743 -55.434168   -2.129   5.504   99.13434  38.10919  261.279154  -0.352875  5.17317803056982 -27.1871281   93.3718 /L   10.6775   0.1716959   105.83188   -68.45018         n.a.     n.a.
 2026-Nov-24 12:00 Cm  09 54 25.84 +13 32 59.6  09 55 53.80 +13 25 18.4  8.042029  -2.44768  212.936319  81.050612   -2.146   5.504   99.14122  38.40050  277.661447  -0.371003  5.13393392337565 -27.0428781   95.7452 /L   10.6352   0.1401045   106.92820   -72.17666         n.a.     n.a.
 2026-Nov-27 00:00 N   09 54 58.52 +13 30 44.7  09 56 26.51 +13 23 02.2  7.821361  -2.04057   12.433908 -54.872842   -2.163   5.504   99.15099  38.69393  294.060429  -0.388081  5.09500100255498 -27.0024297   98.1306 /L   10.5745   0.1347195   104.62235   -72.91928         n.a.     n.a.
 2026-Nov-29 12:00 Cm  09 55 26.73 +13 28 54.7  09 56 54.84 +13 21 11.1  5.901800  -1.67427  231.884360  78.020129   -2.180   5.503   99.16377  38.99136  310.478402  -0.404791  5.05613624201999 -26.6998392  100.5466 /L   10.4947   0.1022448   105.83799   -76.82722         n.a.     n.a.
 2026-Dec-02 00:00 N   09 55 50.53 +13 27 27.0  09 57 18.66 +13 19 42.6  5.642342  -1.23324   20.027033 -53.694941   -2.198   5.503   99.17943  39.28990  326.913042  -0.420469  5.01771745898316 -26.6320801  102.9755 /L   10.3958   0.0962591   102.32920   -77.63484         n.a.     n.a.
 2026-Dec-04 12:00 Cm  09 56 09.67 +13 26 25.2  09 57 37.89 +13 18 40.0  3.684167  -0.86717  243.109906  74.242992   -2.215   5.502   99.19808  39.59135  343.366810  -0.435666  4.97951278637273 -26.1575368  105.4359 /L   10.2771   0.0630808   103.24510   -81.74080         n.a.     n.a.
 2026-Dec-07 00:00 N   09 56 24.29 +13 25 46.8  09 57 52.53 +13 18 00.7  3.386385  -0.39570   27.163992 -51.929523   -2.233   5.501   99.21950  39.89266  359.837026  -0.449852  4.94190241321572 -26.0496525  107.9092 /L   10.1387   0.0568238   96.664885   -82.57570         n.a.     n.a.
 2026-Dec-09 12:00 C   09 56 34.08 +13 25 34.8  09 58 02.45 +13 17 48.0  1.409742  -0.03729  250.338005  70.092435   -2.251   5.499   99.24378  40.19549   16.326209  -0.463436  4.90467051006658 -25.3956320  110.4142 /L    9.9797   0.0235039   91.515407   -86.85929         n.a.     n.a.
 2026-Dec-12 00:00 Nm  09 56 39.30 +13 25 46.6  09 58 07.73 +13 17 59.1  1.085992  0.455846   33.710150 -49.626160   -2.269   5.498   99.27059  40.49670   32.831265  -0.476030  4.86818972327105 -25.2450572  112.9315 /L    9.8009   0.0196297   67.229744   -87.38016         n.a.     n.a.
 2026-Dec-14 12:00 N   09 56 39.60 +13 26 25.2  09 58 08.15 +13 18 37.3  -0.89012  0.799961  255.449941  65.719745   -2.287   5.496   99.30002  40.79789   49.354877  -0.487892  4.83225069074558 -24.4113873  115.4802 /L    9.6011   0.0199462   311.94624   -87.26751         n.a.     n.a.
 2026-Dec-17 00:00 Nm  09 56 35.34 +13 27 27.5  09 58 03.93 +13 19 39.3  -1.23262  1.308048   39.608331 -46.844875   -2.305   5.494   99.33163  41.09580   65.893515  -0.498787  4.79722119043505 -24.2154135  118.0405 /L    9.3815   0.0299553   316.70052   -85.89703         n.a.     n.a.
 2026-Dec-19 12:00 N   09 56 26.13 +13 28 56.2  09 57 54.84 +13 21 07.9  -3.17981  1.628041  259.357001  61.193115   -2.323   5.492   99.36546  41.39197   82.449950  -0.508820  4.76289591800759 -23.2115742  120.6318 /L    9.1408   0.0595393   297.11211   -81.59939         n.a.     n.a.
 2026-Dec-22 00:00 Nm  09 56 12.43 +13 30 48.4  09 57 41.21 +13 22 59.8  -3.53733  2.145951   44.862600 -43.647946   -2.341   5.490   99.40102  41.68314   99.020376  -0.517918  4.72962578527139 -22.9736569  123.2339 /L    8.8807   0.0689561   301.24344   -80.26294         n.a.     n.a.
 2026-Dec-24 12:00 Nm  09 55 53.81 +13 33 06.3  09 57 22.75 +13 25 17.6  -5.43426  2.435711  262.531628  56.548113   -2.358   5.488   99.43831  41.97074  115.607632  -0.526033  4.69721573049367 -21.8061053  125.8668 /L    8.5997   0.0992525   294.14260   -75.50997         n.a.     n.a.
 2026-Dec-27 00:00 N   09 55 30.82 +13 35 46.9  09 56 59.86 +13 27 58.2  -5.80710  2.960533   49.515676 -40.093805   -2.376   5.486   99.47677  42.25160  132.207679  -0.533265  4.66599254751463 -21.5378249  128.5100 /L    8.2997   0.1086369   297.01308   -74.11969         n.a.     n.a.
 2026-Dec-29 12:00 Nm  09 55 02.94 +13 38 52.6  09 56 32.11 +13 31 04.2  -7.64316  3.218928  265.239968  51.806245   -2.392   5.483   99.51640  42.52696  148.823580  -0.539412  4.63578021041328 -20.2036832  131.1842 /L    7.9791   0.1382223   292.83845   -69.02511         n.a.     n.a.
$$EOE
**********************************************************************************************************************************************************************************************************************************************************************************************
Column meaning:
 
TIME

  Times PRIOR to 1962 are UT1, a mean-solar time closely related to the
prior but now-deprecated GMT. Times AFTER 1962 are in UTC, the current
civil or "wall-clock" time-scale. UTC is kept within 0.9 seconds of UT1
using integer leap-seconds for 1972 and later years.

  Conversion from the internal Barycentric Dynamical Time (TDB) of solar
system dynamics to the non-uniform civil UT time-scale requested for output
has not been determined for UTC times after the next July or January 1st.
Therefore, the last known leap-second is used as a constant over future
intervals.

  Time tags refer to the UT time-scale conversion from TDB on Earth
regardless of observer location within the solar system, although clock
rates may differ due to the local gravity field and no analog to "UT"
may be defined for that location.

  Any 'b' symbol in the 1st-column denotes a B.C. date. First-column blank
(" ") denotes an A.D. date.
 
CALENDAR SYSTEM

  Mixed calendar mode was active such that calendar dates after AD 1582-Oct-15
(if any) are in the modern Gregorian system. Dates prior to 1582-Oct-5 (if any)
are in the Julian calendar system, which is automatically extended for dates
prior to its adoption on 45-Jan-1 BC.  The Julian calendar is useful for
matching historical dates. The Gregorian calendar more accurately corresponds
to the Earth's orbital motion and seasons. A "Gregorian-only" calendar mode is
available if such physical events are the primary interest.

  NOTE: "n.a." in output means quantity "not available" at the print-time.
 
SOLAR PRESENCE (OBSERVING SITE)
  Time tag is followed by a blank, then a solar-presence symbol:

       '*'  Daylight (refracted solar upper-limb on or above apparent horizon)
       'C'  Civil twilight/dawn
       'N'  Nautical twilight/dawn
       'A'  Astronomical twilight/dawn
       ' '  Night OR geocentric ephemeris

LUNAR PRESENCE (OBSERVING SITE)
  The solar-presence symbol is immediately followed by a lunar-presence symbol:

       'm'  Refracted upper-limb of Moon on or above apparent horizon
       ' '  Refracted upper-limb of Moon below apparent horizon OR geocentric
            ephemeris
 
 'R.A._____(ICRF)_____DEC' =
  Astrometric right ascension and declination of the target center with
respect to the observing site (coordinate origin) in the reference frame of
the planetary ephemeris (ICRF). Compensated for down-leg light-time delay
aberration.

  Units: RA  in hours-minutes-seconds of time,    HH MM SS.ff{ffff}
         DEC in degrees-minutes-seconds of arc,  sDD MN SC.f{ffff}
 
 'R.A.__(a-apparent)__DEC' =
  Airless apparent right ascension and declination of the target center
with respect to an instantaneous reference frame defined by the Earth equator
of-date (z-axis) and meridian containing the Earth equinox of-date (x-axis,
EOP-corrected IAU76/80). Compensated for down-leg light-time delay,
gravitational deflection of light, stellar aberration, precession & nutation.
Note: equinox (RA origin) is offset -53 mas from the of-date frame defined
by the IAU06/00a P & N system.

  Units: RA  in hours-minutes-seconds of time,   HH MM SS.ff{ffff}
         DEC in degrees-minutes-seconds of arc, sDD MN SC.f{ffff}
 
 'dRA*cosD d(DEC)/dt' =
  The angular rate of change in apparent RA and DEC of the target. This is
with respect to the non-inertial IAU76/80 Earth true equator and equinox
of-date reference frame.  d(RA)/dt is multiplied by the cosine of declination
to provide a linear rate in the plane-of-sky. Units: ARCSECONDS PER HOUR
 
 'Azi____(a-app)___Elev' =
  Airless apparent azimuth and elevation of target center. Compensated
for light-time, the gravitational deflection of light, stellar aberration,
precession and nutation. Azimuth is measured clockwise from north:

  North(0) -> East(90) -> South(180) -> West(270) -> North (360)

Elevation angle is with respect to a plane perpendicular to the reference
surface local zenith direction. TOPOCENTRIC ONLY.  Units: DEGREES
 
 'APmag   S-brt' =
  The targets' approximate apparent visual magnitude and surface brightness.
For planets and natural satellites, output is restricted to solar phase angles
covered by observational data. Outside the observed phase angle range, "n.a."
may be output to avoid extrapolation beyond the limit of model validity.

   For Earth-based observers, the estimated dimming due to atmospheric
absorption (extinction) is available as a separate, requestable quantity.

   Surface brightness is the average airless visual magnitude of a
square-arcsecond of the illuminated portion of the apparent disk. It is
computed only if the target radius is known.

   Units: MAGNITUDES & MAGNITUDES PER SQUARE ARCSECOND
 
 'Illu%' =
   Fraction of the target objects' assumed circular disk illuminated by Sun
(phase), as seen by the observer.  Units: PERCENT
 
 'Ang-diam' =
   The equatorial angular width of the target body full disk, if it were fully
illuminated and visible to the observer. If the target body diameter is unknown
"n.a." is output.

   Units: ARCSECONDS
 
 'ObsSub-LON ObsSub-LAT' =
   Apparent planetodetic longitude and latitude of the center of the target
disc seen by the OBSERVER at print-time. This is NOT exactly the same as the
"nearest" sub-point for a non-spherical target shape (since the center of the
disc might not be the point closest to the observer), but is generally very
close if not a very irregular body shape. Down-leg light travel-time from
target to observer is taken into account. Latitude is the angle between the
equatorial plane and the line perpendicular to the reference ellipsoid of the
body, so includes body oblateness. The reference ellipsoid is an oblate
spheroid with a single flatness coefficient in which the y-axis body radius
is taken to be the same value as the x-axis radius.  For Jupiter, Saturn, and
Uranus, IAU2015 longitude is based on the "System III" prime meridian rotation
angle of the magnetic field. By contrast, pole direction (thus latitude) is
relative to the body dynamical equator.  There can be an offset between the
magnetic pole and the dynamical pole of rotation. For Neptune, rotation is
IAU2015 "System II" rotation of optically observed features in the Neptunian
atmosphere. Positive longitude is to the WEST for this target. Cartographic
system is specified in the header.  Units: DEGREES DEGREES
 
 'delta      deldot' =
   Apparent range ("delta", light-time aberrated) and range-rate ("delta-dot")
of the target center relative to the observer. A positive "deldot" means the
target center is moving away from the observer, negative indicates movement
toward the observer.  Units: AU and KM/S
 
 'S-O-T /r' =
   Sun-Observer-Target apparent SOLAR ELONGATION ANGLE seen from the observers'
location at print-time.

   The '/r' column provides a code indicating the targets' apparent position
relative to the Sun in the observers' sky, as described below:

   Case A: For an observing location on the surface of a rotating body, that
body rotational sense is considered:

    /T indicates target TRAILS Sun   (evening sky: rises and sets AFTER Sun)
    /L indicates target LEADS Sun    (morning sky: rises and sets BEFORE Sun)

   Case B: For an observing point that does not have a rotational model (such
as a spacecraft), the "leading" and "trailing" condition is defined by the
observers' heliocentric ORBITAL motion:

    * If continuing in the observers' current direction of heliocentric
       motion would encounter the targets' apparent longitude first, followed
       by the Sun's, the target LEADS the Sun as seen by the observer.

    * If the Sun's apparent longitude would be encountered first, followed
       by the targets', the target TRAILS the Sun.

   Two other codes can be output:
    /* indicates observer is Sun-centered    (undefined)
    /? Target is aligned with Sun center     (no lead or trail)

   The S-O-T solar elongation angle is numerically the minimum separation
angle of the Sun and target in the sky in any direction. It does NOT indicate
the amount of separation in the leading or trailing directions, which would
be defined along the equator of a spherical coordinate system.

   Units: DEGREES
 
 'S-T-O' =
   The Sun-Target-Observer angle; the interior vertex angle at target center
formed by a vector from the target to the apparent center of the Sun (at
reflection time on the target) and the apparent vector from target to the
observer at print-time. Slightly different from true PHASE ANGLE (requestable
separately) at the few arcsecond level in that it includes stellar aberration
on the down-leg from target to observer.  Units: DEGREES
 
 'Sky_motion  Sky_mot_PA  RelVel-ANG' =
  Total apparent angular rate of the target in the plane-of-sky. "Sky_mot_PA"
is the position angle of the target's direction of motion in the plane-of-sky,
measured counter-clockwise from the apparent of-date north pole direction.
"RelVel-ANG" is the flight path angle of the target's relative motion with
respect to the observer's line-of-sight, in the range [-90,+90], where positive
values indicate motion away from the observer, negative values are toward the
observer:

  -90 = target is moving directly toward the observer
    0 = target is moving at right angles to the observer's line-of-sight
  +90 = target is moving directly away from the observer

UNITS:  ARCSECONDS/MINUTE, DEGREES, DEGREES
 
 'Lun_Sky_Brt  sky_SNR' =
  Sky brightness due to moonlight scattered by Earth's atmosphere at the
target's position in the sky. "sky_SNR" is the visual signal-to-noise ratio
(SNR) of the target's surface brightness relative to background sky. Output
only for topocentric Earth observers when both the Moon and target are above
the local horizon and the Sun is in astronomical twilight (or further) below
the horizon, and the target is not the Moon or Sun. If all conditions are
not met, "n.a." is output. Galactic brightness, local sky light-pollution
and weather are NOT considered. Lunar opposition surge is considered. The
value returned is accurate under ideal conditions at the approximately 8-23%
level, so is a useful but not definitive value.

  If the target-body radius is also known, "sky_SNR" is output. This is the
approximate visual signal-to-noise ratio of the target's brightness divided
by lunar sky brightness. When sky_SNR < 1, the target is dimmer than the
ideal moonlight-scattering background sky, so unlikely to be detectable at
visual wavelengths. In practice, visibility requires sky_SNR > 1 and a
detector sensitive enough to reach the target's magnitude, even if it isn't
washed out by moonlight. When relating magnitudes and brightness values,
keep in mind their logarithmic relationship m2-m1 = -2.5*log_10(b2/b1).

  UNITS: VISUAL MAGNITUDES / ARCSECOND^2, and unitless ratio

Computations by ...

    Solar System Dynamics Group, Horizons On-Line Ephemeris System
    4800 Oak Grove Drive, Jet Propulsion Laboratory
    Pasadena, CA  91109   USA

    General site: https://ssd.jpl.nasa.gov/
    Mailing list: https://ssd.jpl.nasa.gov/email_list.html
    System news : https://ssd.jpl.nasa.gov/horizons/news.html
    User Guide  : https://ssd.jpl.nasa.gov/horizons/manual.html
    Connect     : browser        https://ssd.jpl.nasa.gov/horizons/app.html#/x
                  API            https://ssd-api.jpl.nasa.gov/doc/horizons.html
                  command-line   telnet ssd.jpl.nasa.gov 6775
                  e-mail/batch   https://ssd.jpl.nasa.gov/ftp/ssd/horizons_batch.txt
                  scripts        https://ssd.jpl.nasa.gov/ftp/ssd/SCRIPTS
    Author      : Jon.D.Giorgini@jpl.nasa.gov

**********************************************************************************************************************************************************************************************************************************************************************************************
