*******************************************************************************
 Revised: April 12, 2021               Jupiter                              599
 
 PHYSICAL DATA (revised 2025-Jan-30):
  Mass x 10^26 (kg)     = 18.9819           Density (g/cm^3)  = 1.3262 +- .0003
  Equat. radius (1 bar) = 71492+-4 km       Polar radius (km)     = 66854+-10
  Vol. Mean Radius (km) = 69911+-6          Flattening            = 0.06487
  Geometric Albedo      = 0.52              Rocky core mass (Mc/M)= 0.0261
  Sid. rot. period (III)= 9h 55m 29.711 s   Sid. rot. rate (rad/s)= 0.00017585
  Mean solar day, hrs   = ~9.9259         
  GM (km^3/s^2)         = 126686531.900     GM 1-sigma (km^3/s^2) =  +- 1.2732
  Equ. grav, ge (m/s^2) = 24.79             Pol. grav, gp (m/s^2) =  28.34
  Vis. magnitude V(1,0) = -9.40
  Vis. mag. (opposition)= -2.70             Obliquity to orbit    =  3.13 deg
  Sidereal orbit period = 11.861982204 y    Sidereal orbit period = 4332.589 d
  Mean daily motion     = 0.0831294 deg/d   Mean orbit speed, km/s= 13.0697
  Atmos. temp. (1 bar)  = 165+-5 K          Escape speed, km/s    =  59.5           
  A_roche(ice)/Rp       =  2.76             Hill's sphere rad. Rp = 740
                                 Perihelion   Aphelion     Mean
  Solar Constant (W/m^2)         56           46           51
  Maximum Planetary IR (W/m^2)   13.7         13.4         13.6
  Minimum Planetary IR (W/m^2)   13.7         13.4         13.6
*******************************************************************************


*******************************************************************************
Ephemeris / WWW_USER Mon Apr  6 15:50:35 2026 Pasadena, USA      / Horizons    
*******************************************************************************
Target body name: Jupiter (599)                   {source: jup365_merged}
Center body name: Earth (399)                     {source: DE441}
Center-site name: (user defined site below)
*******************************************************************************
Start time      : A.D. 2026-Jan-01 00:00:00.0000 UT      
Stop  time      : A.D. 2026-Dec-31 00:00:00.0000 UT      
Step-size       : 3600 minutes
*******************************************************************************
Target pole/equ : IAU_JUPITER                     {West-longitude positive}
Target radii    : 71492.0, 71492.0, 66854.0 km    {Equator_a, b, pole_c}       
Center geodetic : 259.5, 25.5, .500               {E-lon(deg),Lat(deg),Alt(km)}
Center cylindric: 259.5, 5760.83856, 2729.3858    {E-lon(deg),Dxy(km),Dz(km)}
Center pole/equ : ITRF93                          {East-longitude positive}
Center radii    : 6378.137, 6378.137, 6356.752 km {Equator_a, b, pole_c}       
Target primary  : Sun
Vis. interferer : MOON (R_eq= 1737.400) km        {source: DE441}
Rel. light bend : Sun                             {source: jup365_merged}
Rel. lght bnd GM: 1.3271E+11 km^3/s^2                                          
Atmos refraction: NO (AIRLESS)
RA format       : HMS
Time format     : CAL 
Calendar mode   : Mixed Julian/Gregorian
EOP file        : eop.260406.p260703                                           
EOP coverage    : DATA-BASED 1962-JAN-20 TO 2026-APR-06. PREDICTS-> 2026-JUL-02
Units conversion: 1 au= 149597870.700 km, c= 299792.458 km/s, 1 day= 86400.0 s 
Table cut-offs 1: Elevation (-90.0deg=NO ),Airmass (>38.000=NO), Daylight (NO )
Table cut-offs 2: Solar elongation (  0.0,180.0=NO ),Local Hour Angle( 0.0=NO )
Table cut-offs 3: RA/DEC angular rate (     0.0=NO )                           
**********************************************************************************************************************************************************************************************************************************************************************************************
 Date__(UT)__HR:MN     R.A._____(ICRF)_____DEC  R.A.__(a-apparent)__DEC  dRA*cosD d(DEC)/dt  Azi____(a-app)___Elev    APmag   S-brt      Illu%  Ang-diam  ObsSub-LON ObsSub-LAT             delta      deldot     S-O-T /r     S-T-O  Sky_motion  Sky_mot_PA  RelVel-ANG  Lun_Sky_Brt  sky_SNR
**********************************************************************************************************************************************************************************************************************************************************************************************
$$SOE
 2026-Jan-01 00:00 *m  07 30 55.16 +22 02 03.4  07 32 29.96 +21 58 43.7  -19.1088  3.593669   59.970550  -9.520803   -2.670   5.403   99.96876  46.46732  336.671202   1.577445  4.24267281333844  -4.9021926  169.2056 /L    2.0310   0.3240627   280.65086   -16.43950         n.a.     n.a.
 2026-Jan-03 12:00  m  07 29 30.88 +22 05 26.3  07 31 05.83 +22 02 09.7  -19.7774  3.247246  283.017534  26.724293   -2.674   5.403   99.98312  46.52887  353.369832   1.580489  4.23706007253498  -2.8262071  172.0859 /L    1.4944   0.3340368   279.32418   -9.385841        4.400    1.228
 2026-Jan-06 00:00 *   07 28 05.94 +22 08 47.5  07 29 41.01 +22 05 33.7  -19.6736  3.576751   62.610155  -5.002419   -2.676   5.402   99.99313  46.56848   10.060616   1.583628  4.23345627543028  -2.2020336  174.9585 /L    0.9557   0.3332678   280.30410   -7.362852         n.a.     n.a.
 2026-Jan-08 12:00  m  07 26 39.73 +22 12 07.8  07 28 14.90 +22 08 57.4  -20.0702  3.184518  285.008711  21.821945   -2.676   5.403   99.99873  46.58692   26.746409   1.587061  4.23178121793143  -0.0853008  177.8382 /L    0.4137   0.3386884   279.01589   -0.287893        1.571    3.440
 2026-Jan-11 00:00 *   07 25 13.65 +22 15 24.8  07 26 48.90 +22 12 17.3  -19.8800  3.496674   65.049477  -0.374794   -2.676   5.403   99.99984  46.58313   43.421236   1.590418  4.23212525373100   0.5368219  179.2221 /T    0.1410   0.3364194   279.97567   1.7808181         n.a.     n.a.
 2026-Jan-13 12:00  m  07 23 47.09 +22 18 38.9  07 25 22.44 +22 15 34.6  -19.9901  3.064660  287.055257  16.962114   -2.674   5.403   99.99644  46.55775   60.087795   1.594060  4.23443244663184   2.6797861  176.3680 /T    0.6783   0.3370611   278.71609   8.8233889        0.335   16.151
 2026-Jan-16 00:00 *   07 22 21.51 +22 21 48.2  07 23 56.96 +22 18 46.7  -19.7027  3.356336   67.313351   4.335154   -2.671   5.404   99.98860  46.51032   76.740142   1.597460  4.23875033607524   3.2848229  173.4955 /T    1.2178   0.3331093   279.66747   10.888350         n.a.     n.a.
 2026-Jan-18 12:00     07 20 56.27 +22 24 52.8  07 22 31.83 +22 21 54.6  -19.5221  2.891887  289.174464  12.164061   -2.667   5.405   99.97636  46.44145   93.380991   1.601144  4.24503582879642   5.4293490  170.6141 /T    1.7561   0.3289194   278.42616   17.826914         n.a.     n.a.
 2026-Jan-21 00:00 *m  07 19 32.88 +22 27 51.3  07 21 08.52 +22 24 56.1  -19.1362  3.161671   69.424175   9.102268   -2.661   5.407   99.95997  46.35126  110.004523   1.604431  4.25329633190319   6.0062922  167.7488 /T    2.2871   0.3232605   279.38162   19.864471         n.a.     n.a.
 2026-Jan-23 12:00     07 18 10.66 +22 30 43.4  07 19 46.36 +22 27 51.5  -18.6700  2.672863  291.382832   7.447693   -2.654   5.408   99.93950  46.24037  126.613433   1.608014  4.26349563183464   8.1154933  164.8808 /T    2.8132   0.3143385   278.14733   26.604547         n.a.     n.a.
 2026-Jan-26 00:00 *m  07 16 51.08 +22 33 28.4  07 18 26.84 +22 30 39.2  -18.1982  2.921410   71.402669  13.903170   -2.646   5.410   99.91536  46.10951  143.202339   1.611068  4.27559570638757   8.6477744  162.0333 /T    3.3288   0.3071869   279.12004   28.572795         n.a.     n.a.
 2026-Jan-28 12:00     07 15 33.46 +22 36 05.6  07 17 09.28 +22 33 19.4  -17.4685  2.418813  293.696564   2.832846   -2.636   5.412   99.88763  45.95925  159.773965   1.614436  4.28957436657229  10.6959806  159.1870 /T    3.8366   0.2939199   277.88344   35.058494         n.a.     n.a.
 2026-Jan-31 00:00 *m  07 14 19.17 +22 38 35.2  07 15 55.08 +22 35 51.5  -16.9363  2.648993   73.268009  18.717130   -2.625   5.415   99.85685  45.79084  176.323421   1.617153  4.30535098288014  11.1718405  156.3643 /T    4.3312   0.2857029   278.88958   36.916616         n.a.     n.a.
 2026-Feb-02 12:00  m  07 13 07.49 +22 40 56.0  07 14 43.45 +22 38 15.3  -15.9753  2.144131  296.132805  -1.661022   -2.614   5.417   99.82313  45.60466  192.853525   1.620196  4.32292698236174  13.1428210  153.5453 /T    4.8155   0.2686422   277.64430   43.111206         n.a.     n.a.
 2026-Feb-05 00:00 *   07 11 59.73 +22 43 09.0  07 13 35.73 +22 40 30.7  -15.3968  2.357238   75.038018  23.526649   -2.601   5.420   99.78709  45.40229  209.359773   1.622461  4.34219571828461  13.5718228  150.7519 /T    5.2843   0.2596027   278.70438   44.883371         n.a.     n.a.
 2026-Feb-07 12:00  m  07 10 55.16 +22 45 12.5  07 12 31.16 +22 42 36.9  -14.2242  1.857892  298.709357  -6.015126   -2.587   5.423   99.74882  45.18395  225.844851   1.625051  4.36317815848517  15.4518118  147.9642 /T    5.7406   0.2390840   277.44155   50.781478         n.a.     n.a.
 2026-Feb-10 00:00 *   07 09 55.03 +22 47 08.2  07 11 31.08 +22 44 34.6  -13.6106  2.053375   76.729995  28.316370   -2.573   5.426   99.70903  44.95151  242.304705   1.626743  4.38573950423329  15.8326783  145.2039 /T    6.1794   0.2294098   278.57930   52.468333         n.a.     n.a.
 2026-Feb-12 12:00  m  07 08 58.63 +22 48 54.0  07 10 34.69 +22 46 22.7  -12.2387  1.564126  301.444316 -10.210436   -2.557   5.429   99.66780  44.70504  258.741814   1.628762  4.40991926811691  17.6066678  142.4515 /T    6.6038   0.2056372   277.28302   58.092621         n.a.     n.a.
 2026-Feb-15 00:00 *   07 08 07.13 +22 50 32.0  07 09 43.24 +22 48 02.5  -11.6048  1.741031   78.360534  33.072792   -2.541   5.432   99.62589  44.44680  275.152681   1.629789  4.43554202477919  17.9291786  139.7286 /T    7.0089   0.1955773   278.53230   59.677101         n.a.     n.a.
 2026-Feb-17 12:00 A   07 07 19.81 +22 51 59.7  07 08 55.91 +22 49 32.3  -10.0639  1.267609  304.356127 -14.227628   -2.524   5.435   99.58333  44.17662  291.539674   1.631154  4.46266912134521  19.5822361  137.0158 /T    7.3978   0.1690574   277.17892   65.027377         n.a.     n.a.
 2026-Feb-20 00:00 *m  07 06 37.76 +22 53 19.7  07 08 13.86 +22 50 53.9  -9.41561  1.423392   79.946768  37.784463   -2.506   5.438   99.54091  43.89704  307.899786   1.631454  4.49109130353882  19.8373881  134.3343 /T    7.7661   0.1587099   278.59652   66.522569         n.a.     n.a.
 2026-Feb-22 12:00 A   07 06 00.24 +22 54 29.2  07 07 36.30 +22 52 05.0  -7.74236  0.970868  307.462941 -18.047548   -2.488   5.442   99.49864  43.60782  324.235371   1.632116  4.52087850091697  21.3499942  131.6651 /T    8.1169   0.1300499   277.14741   71.588189         n.a.     n.a.
 2026-Feb-25 00:00 *m  07 05 28.22 +22 55 31.3  07 07 04.31 +22 53 08.0  -7.10315  1.105934   81.507630  42.441986   -2.470   5.445   99.45724  43.31161  340.544029   1.631658  4.55179649958320  21.5356572  129.0288 /T    8.4461   0.1198122   278.84969   72.979913         n.a.     n.a.
 2026-Feb-27 12:00 A   07 05 00.98 +22 56 22.7  07 06 37.06 +22 54 00.7  -5.33322  0.678727  310.782685 -21.651167   -2.451   5.448   99.41669  43.00799  356.828012   1.631582  4.58393094603166  22.8934661  126.4062 /T    8.7570   0.0896039   277.25270   77.763510         n.a.     n.a.
 2026-Mar-02 00:00 *m  07 04 39.33 +22 57 07.2  07 06 15.43 +22 54 46.0  -4.72780  0.794303   83.064549  47.038517   -2.432   5.451   99.37766  42.69969   13.085605   1.630336  4.61702691302949  23.0182165  123.8168 /T    9.0460   0.0799010   279.53702   79.035909         n.a.     n.a.
 2026-Mar-04 12:00 Am  07 04 22.57 +22 57 41.1  07 05 58.60 +22 55 20.9  -2.89238  0.395896  314.332694 -25.019592   -2.413   5.454   99.34007  42.38597   29.318805   1.629474  4.65120020290545  24.2289038  121.2414 /T    9.3163   0.0486558   277.79396   83.558240         n.a.     n.a.
 2026-Mar-07 00:00 *   07 04 11.42 +22 58 08.4  07 05 47.44 +22 55 48.5  -2.32551  0.490253   84.644461  51.569350   -2.393   5.457   99.30453  42.06957   45.526320   1.627388  4.68618152185985  24.3012975  118.6988 /T    9.5646   0.0396104   281.90452   84.724754         n.a.     n.a.
 2026-Mar-09 12:00 Am  07 04 05.23 +22 58 25.3  07 05 41.17 +22 56 05.8  -0.44071  0.120505  318.127435 -28.133733   -2.374   5.459   99.27093  41.74951   61.709888   1.625681  4.72210670869488  25.3654587  116.1702 /T    9.7938   0.0076149   285.29263   89.018285         n.a.     n.a.
 2026-Mar-12 00:00 *   07 04 04.63 +22 58 35.9  07 05 40.58 +22 56 16.2  0.087341  0.191001   86.283096  56.030703   -2.354   5.462   99.23983  41.42853   77.868610   1.622712  4.75869198379399  25.3923874  113.6741 /T   10.0012   0.0035004   24.573634   89.545679         n.a.     n.a.
 2026-Mar-14 12:00 Am  07 04 09.02 +22 58 36.0  07 05 44.92 +22 56 16.4  2.005845  -0.15131  322.176811 -30.973698   -2.335   5.464   99.21108  41.10555   94.003914   1.620122  4.79608358640326  26.3000754  111.1921 /T   10.1895   0.0335257   94.313839   85.773415         n.a.     n.a.
 2026-Mar-17 00:00 *   07 04 18.93 +22 58 29.9  07 05 54.82 +22 56 10.0  2.489209  -0.10651   88.031452  60.419334   -2.315   5.466   99.18515  40.78330  110.115450   1.616251  4.83397907698238  26.2771596  108.7425 /T   10.3562   0.0415248   92.450133   84.724372         n.a.     n.a.
 2026-Mar-19 12:00 N   07 04 33.82 +22 58 13.3  07 06 09.60 +22 55 53.1  4.423025  -0.42229  326.483961 -33.519720   -2.296   5.468   99.16188  40.46055  126.204356   1.612763  4.87253934989574  27.0277219  106.3072 /T   10.5038   0.0740523   95.453765   80.833023         n.a.     n.a.
 2026-Mar-22 00:00 *m  07 04 54.11 +22 57 50.6  07 06 29.86 +22 55 29.5  4.854110  -0.40430   89.969986  64.732411   -2.276   5.470   99.14164  40.14009  142.270771   1.607995  4.91144027528094  26.9483138  103.9044 /T   10.6303   0.0811820   94.761139   79.859980         n.a.     n.a.
 2026-Mar-24 12:00 N   07 05 19.26 +22 57 17.3  07 06 54.94 +22 54 55.2  6.773485  -0.69272  331.043117 -35.752992   -2.257   5.471   99.12426  39.82051  158.315694   1.603616  4.95085636822467  27.5377669  101.5161 /T   10.7381   0.1134803   95.839286   76.146461         n.a.     n.a.
 2026-Mar-27 00:00 *m  07 05 49.61 +22 56 37.9  07 07 25.29 +22 54 14.7  7.146847  -0.70138   92.235903  68.967013   -2.238   5.473   99.11000  39.50451  174.339692   1.597962  4.99045833929350  27.4125612   99.1601 /T   10.8256   0.1196863   95.604967   75.244551         n.a.     n.a.
 2026-Mar-29 12:00 N   07 06 24.66 +22 55 48.0  07 08 00.25 +22 53 23.7  9.028845  -0.96172  335.838422 -37.656064   -2.220   5.474   99.09865  39.19059  190.343528   1.592687  5.03043240613085  27.8456982   96.8182 /T   10.8950   0.1513320   96.080021   71.713095         n.a.     n.a.
 2026-Apr-01 00:00 *m  07 07 04.65 +22 54 52.1  07 08 40.20 +22 52 26.4  9.338839  -0.99602   95.089819  73.118440   -2.202   5.475   99.09039  38.88126  206.328144   1.586136  5.07045429116720  27.6908169   94.5073 /T   10.9450   0.1565301   96.087796   70.890716         n.a.     n.a.
 2026-Apr-03 12:00 Nm  07 07 49.15 +22 53 45.6  07 09 24.58 +22 51 18.3  11.18252  -1.23071  340.841785 -39.214287   -2.184   5.476   99.08503  38.57486  222.293884   1.579939  5.11072787406371  27.9779798   92.2095 /T   10.9777   0.1875007   96.280521   67.509640         n.a.     n.a.
 2026-Apr-06 00:00 *   07 08 38.32 +22 52 33.1  07 10 13.72 +22 50 03.9  11.43261  -1.29129   99.103662  77.174495   -2.166   5.476   99.08266  38.27386  238.242028   1.572471  5.15092149368026  27.8006466   89.9413 /T   10.9920   0.1917550   96.444152   66.758292         n.a.     n.a.
 2026-Apr-08 12:00 Nm  07 09 31.83 +22 51 09.9  07 11 07.13 +22 48 38.7  13.23192  -1.50244  346.011703 -40.416527   -2.149   5.476   99.08312  37.97649  254.172558   1.565331  5.19125407869740  27.9488791   87.6851 /T   10.9896   0.2219491   96.478017   63.511856         n.a.     n.a.
 2026-Apr-11 00:00 *   07 10 29.76 +22 49 40.6  07 12 05.04 +22 47 07.3  13.43316  -1.59102  105.806754  81.098028   -2.132   5.477   99.08643  37.68514  270.086998   1.556937  5.23138925561434  27.7485213   85.4572 /T   10.9698   0.2254509   96.754633   62.806696         n.a.     n.a.
 2026-Apr-13 12:00 Cm  07 11 31.84 +22 48 00.4  07 13 07.00 +22 45 25.0  15.18238  -1.78080  351.294434 -41.256470   -2.115   5.477   99.09244  37.39806  285.985081   1.548851  5.27154695102553  27.7579767   83.2403 /T   10.9339   0.2547744   96.689874   59.677996         n.a.     n.a.
 2026-Apr-16 00:00 *   07 12 38.09 +22 46 13.9  07 14 13.20 +22 43 36.1  15.33634  -1.89721  120.785026  84.738625   -2.099   5.476   99.10110  37.11753  301.868616   1.539541  5.31138893900325  27.5349358   81.0509 /T   10.8815   0.2575541   97.052036   59.013337         n.a.     n.a.
 2026-Apr-18 12:00 C   07 13 48.30 +22 44 16.2  07 15 23.27 +22 41 35.8  17.02894  -2.06740  356.627268 -41.734252   -2.084   5.476   99.11227  36.84183  317.737061   1.530523  5.35113545995694  27.3999546   78.8720 /T   10.8139   0.2858996   96.922126   55.983070         n.a.     n.a.
 2026-Apr-21 00:00 *m  07 15 02.39 +22 42 11.9  07 16 37.35 +22 39 28.7  17.13132  -2.21001  169.470280  87.110396   -2.069   5.475   99.12585  36.57319  333.592640   1.520323  5.39044100830170  27.1508218   76.7200 /T   10.7307   0.2878881   97.350790   55.359106         n.a.     n.a.
 2026-Apr-23 12:00 C   07 16 20.21 +22 39 56.4  07 17 55.07 +22 37 10.3  18.74925  -2.35936    1.943882 -41.856457   -2.054   5.475   99.14169  36.30985  349.434613   1.510391  5.42953524774571  26.8821650   74.5781 /T   10.6331   0.3149519   97.172251   52.441371         n.a.     n.a.
 2026-Apr-26 00:00 *m  07 17 41.60 +22 37 34.1  07 19 16.42 +22 34 45.2  18.79942  -2.52575  229.876900  85.538524   -2.039   5.474   99.15962  36.05390    5.265421   1.499314  5.46808085360921  26.6173168   72.4622 /T   10.5212   0.3161388   97.652011   51.865714         n.a.     n.a.
 2026-Apr-28 12:00 C   07 19 06.44 +22 35 00.5  07 20 41.12 +22 32 08.6  20.33799  -2.65449    7.180112 -41.635741   -2.026   5.473   99.17953  35.80354   21.084089   1.488465  5.50631693041058  26.2281131   70.3554 /T   10.3958   0.3418414   97.436141   49.057652         n.a.     n.a.
 2026-May-01 00:00 *   07 20 34.55 +22 32 20.0  07 22 09.16 +22 29 24.9  20.34575  -2.84391  249.011656  82.180819   -2.012   5.472   99.20121  35.56069   36.893154   1.476502  5.54392066694353  25.9661570   68.2731 /T   10.2573   0.3423925   97.957184   48.533580         n.a.     n.a.
 2026-May-03 12:00 Cm  07 22 05.90 +22 29 28.1  07 23 40.38 +22 26 29.6  21.81124  -2.95469   12.278116 -41.090488   -1.999   5.471   99.22458  35.32360   52.691295   1.464723  5.58113033103896  25.4598034   66.1986 /T   10.1061   0.3668410   97.714687   45.810541         n.a.     n.a.
 2026-May-06 00:00 *   07 23 40.23 +22 26 29.1  07 25 14.68 +22 23 27.1  21.78215  -3.16639  256.756057  78.555638   -1.986   5.469   99.24939  35.09411   68.481268   1.451872  5.61762753836574  25.2002108   64.1469 /T    9.9427   0.3668515   98.270945   45.329458         n.a.     n.a.
 2026-May-08 12:00 *m  07 25 17.60 +22 23 18.6  07 26 51.93 +22 20 13.1  23.17996  -3.26172   17.189891 -40.243120   -1.974   5.468   99.27561  34.87049   84.261454   1.439165  5.65365237304573  24.5849963   62.1017 /T    9.7675   0.3901386   98.009665   42.677402         n.a.     n.a.
 2026-May-11 00:00 *   07 26 57.70 +22 20 00.7  07 28 31.97 +22 16 51.8  23.11903  -3.49484  261.085442  74.885877   -1.963   5.466   99.30296  34.65453  100.034782   1.425438  5.68888440746761  24.3220603   60.0781 /T    9.5810   0.3896948   98.596155   42.225753         n.a.     n.a.
 2026-May-13 12:00 *m  07 28 40.63 +22 16 31.1  07 30 14.75 +22 13 18.5  24.44460  -3.57536   21.879883 -39.119041   -1.951   5.465   99.33142  34.44457  115.799470   1.411820  5.72356203598528  23.5994541   58.0598 /T    9.3833   0.4117449   98.321292   39.637758         n.a.     n.a.
 2026-May-16 00:00 *m  07 30 26.05 +22 12 53.9  07 32 00.10 +22 09 37.5  24.36025  -3.82932  263.996187  71.220522   -1.940   5.463   99.36068  34.24230  131.558572   1.397244  5.75737093085726  23.3315627   56.0621 /T    9.1752   0.4109898   98.933526   39.202902         n.a.     n.a.
 2026-May-18 12:00 *   07 32 14.11 +22 09 04.9  07 33 48.04 +22 05 44.4  25.60600  -3.89477   26.325655 -37.745093   -1.930   5.461   99.39076  34.04618  147.310208   1.382742  5.79053610594643  22.4991118   54.0692 /T    8.9567   0.4316751   98.648609   36.670341         n.a.     n.a.
 2026-May-21 00:00 *m  07 34 04.37 +22 05 08.1  07 35 38.27 +22 01 43.8  25.49083  -4.16539  266.189836  67.574261   -1.920   5.460   99.42132  33.85780  163.057652   1.367346  5.82275452410870  22.2279790   52.0964 /T    8.7289   0.4304820   99.280535   36.262116         n.a.     n.a.
 2026-May-23 12:00 *   07 35 57.04 +22 00 59.6  07 37 30.80 +21 57 31.3  26.65253  -4.21494   30.516836 -36.147344   -1.910   5.458   99.45237  33.67562  178.798853   1.351979  5.85425383794172  21.2973858   50.1277 /T    8.4914   0.4497293   98.986564   33.787850         n.a.     n.a.
 2026-May-26 00:00 *m  07 37 51.64 +21 56 43.2  07 39 25.32 +21 53 11.1  26.50881  -4.49933  267.974030  63.951211   -1.901   5.456   99.48357  33.50114  194.537200   1.335771  5.88474480813429  21.0356468   48.1782 /T    8.2457   0.4481322   99.632985   33.417978         n.a.     n.a.
 2026-May-28 12:00 *   07 39 48.41 +21 52 15.4  07 41 21.93 +21 48 39.0  27.58713  -4.53329   34.453237 -34.350658   -1.892   5.455   99.51496  33.33283  210.270421   1.319539  5.91445890924672  20.0223545   46.2318 /T    7.9911   0.4659519   99.331800   31.005065         n.a.     n.a.
 2026-May-31 00:00 *   07 41 46.88 +21 47 39.5  07 43 20.33 +21 43 59.0  27.42777  -4.83144  269.503957  60.351758   -1.884   5.453   99.54621  33.17206  226.001875   1.302523  5.94312338589355  19.7754490   44.3032 /T    7.7291   0.4641675   99.990245   30.666965         n.a.     n.a.
 2026-Jun-02 12:00 *m  07 43 47.33 +21 42 52.3  07 45 20.66 +21 39 07.4  28.43016  -4.85216   38.141566 -32.378140   -1.876   5.451   99.57738  33.01742  241.729148   1.285433  5.97095734586451  18.6824587   42.3764 /T    7.4589   0.4806874   99.685312   28.298820         n.a.     n.a.
 2026-Jun-05 00:00 *   07 45 49.26 +21 37 57.0  07 47 22.53 +21 34 08.0  28.25895  -5.16255  270.867223  56.775204   -1.868   5.449   99.60814  32.87020  257.455654   1.267623  5.99770127311640  18.4517688   40.4660 /T    7.1821   0.4787775   100.35304   27.991061         n.a.     n.a.
 2026-Jun-07 12:00 *m  07 47 53.02 +21 32 50.3  07 49 26.14 +21 28 57.0  29.19146  -5.17211   41.593432 -30.250729   -1.861   5.448   99.63856  32.72907  273.178796   1.249696  6.02356335286372  17.2781876   38.5561 /T    6.8978   0.4941018   100.04733   25.649666         n.a.     n.a.
 2026-Jun-10 00:00 *   07 49 58.05 +21 27 35.5  07 51 31.08 +21 23 38.1  29.01126  -5.49314  272.116978  53.220282   -1.854   5.446   99.66832  32.59528  288.902134   1.231123  6.04828797177156  17.0538554   36.6614 /T    6.6076   0.4921122   100.72175   25.357273         n.a.     n.a.
 2026-Jun-12 12:00 *m  07 52 04.74 +21 22 09.5  07 53 37.62 +21 18 07.5  29.86973  -5.49119   44.824007 -27.987282   -1.847   5.444   99.69750  32.46759  304.623002   1.212392  6.07207456885300  15.8062223   34.7662 /T    6.3103   0.5061714   100.41682   23.043202         n.a.     n.a.
 2026-Jun-15 00:00 *m  07 54 12.51 +21 16 35.2  07 55 45.33 +21 12 28.9  29.68149  -5.82058  273.287650  49.685275   -1.841   5.443   99.72579  32.34719  320.345010   1.193093  6.09467623613182  15.5806370   32.8853 /T    6.0080   0.5041136   101.09499   22.755288         n.a.     n.a.
 2026-Jun-17 12:00 *   07 56 21.76 +21 10 50.1  07 57 54.46 +21 06 39.2  30.45610  -5.80495   47.850313 -25.604078   -1.835   5.441   99.75326  32.23294  336.065552   1.173595  6.11627916409251  14.2603443   31.0035 /T    5.6993   0.5167396   100.79117   20.464795         n.a.     n.a.
 2026-Jun-20 00:00 *m  07 58 31.85 +21 04 56.9  08 00 04.46 +21 00 41.8  30.25800  -6.13884  274.403819  46.168125   -1.829   5.440   99.77962  32.12588  351.788266   1.153597  6.13666121790100  14.0474608   29.1356 /T    5.3863   0.5145743   101.46869   20.200246         n.a.     n.a.
 2026-Jun-22 12:00 *   08 00 43.22 +20 58 53.1  08 02 15.68 +20 54 33.6  30.94856  -6.10900   50.690242 -23.114568   -1.824   5.439   99.80494  32.02495    7.510430   1.133348  6.15600116541809  12.6661336   27.2663 /T    5.0677   0.5257623   101.16618   17.934711         n.a.     n.a.
 2026-Jun-25 00:00 *m  08 02 55.23 +20 52 41.5  08 04 27.58 +20 48 17.6  30.74421  -6.44539  275.483166  42.666455   -1.819   5.438   99.82895  31.93108   23.235677   1.112662  6.17409881125148  12.4725483   25.4099 /T    4.7456   0.5235429   101.84034   17.699209         n.a.     n.a.
 2026-Jun-27 12:00 *   08 05 08.35 +20 46 19.9  08 06 40.56 +20 41 51.3  31.35963  -6.40371   53.361713 -20.530429   -1.815   5.436   99.85174  31.84326   38.961149   1.091676  6.19112632869036  11.0422670   23.5511 /T    4.4185   0.5334464   101.54125   15.456530         n.a.     n.a.
 2026-Jun-30 00:00 *   08 07 21.92 +20 39 50.5  08 08 54.05 +20 35 17.5  31.15499  -6.74187  276.539135  39.178299   -1.810   5.435   99.87306  31.76236   54.690441   1.070324  6.20689540970420  10.8663151   21.7042 /T    4.0887   0.5312685   102.21041   15.244167         n.a.     n.a.
 2026-Jul-02 12:00 *m  08 09 36.45 +20 33 11.4  08 11 08.46 +20 28 33.9  31.69663  -6.68920   55.881593 -17.861662   -1.806   5.435   99.89300  31.68747   70.420667   1.048628  6.22156509923744   9.3894920   19.8536 /T    3.7544   0.5399130   101.91674   13.015388         n.a.     n.a.
 2026-Jul-05 00:00 *   08 11 51.28 +20 26 24.7  08 13 23.19 +20 21 43.1  31.49929  -7.02887  277.582510  35.702058   -1.803   5.434   99.91134  31.61936   86.155364   1.026642  6.23496541921847   9.2293084   18.0136 /T    3.4179   0.5378998   102.57911   12.820282         n.a.     n.a.
 2026-Jul-07 12:00 *m  08 14 06.95 +20 19 28.8  08 15 38.69 +20 14 42.6  31.96991  -6.96638   58.265993 -15.116917   -1.799   5.433   99.92815  31.55727  101.891642   1.004276  6.24723276368743   7.7056990   16.1689 /T    3.0774   0.5453352   102.29284   10.593198         n.a.     n.a.
 2026-Jul-10 00:00 *   08 16 22.75 +20 12 25.4  08 17 54.38 +20 07 34.9  31.77702  -7.30467  278.621886  32.236286   -1.796   5.432   99.94325  31.50192  117.633075   0.981700  6.25821059825062   7.5522127   14.3337 /T    2.7354   0.5434297   102.94583   10.404493         n.a.     n.a.
 2026-Jul-12 12:00 *m  08 18 39.24 +20 05 13.2  08 20 10.76 +20 00 18.0  32.17459  -7.23204   60.530250 -12.303620   -1.794   5.432   99.95671  31.45262  133.376794   0.958710  6.26802021524897   5.9828229   12.4930 /T    2.3899   0.5496227   102.66811   8.1702831         n.a.     n.a.
 2026-Jul-15 00:00 *m  08 20 55.70 +19 57 54.0  08 22 27.14 +19 52 54.6  31.98226  -7.56535  279.665000  28.779656   -1.791   5.432   99.96837  31.41004  149.126433   0.935588  6.27651586846481   5.8312522   10.6613 /T    2.0436   0.5477477   103.30859   7.9821133         n.a.     n.a.
 2026-Jul-17 12:00 *   08 23 12.69 +19 50 26.6  08 24 43.99 +19 45 22.8  32.29380  -7.47852   62.688508  -9.427474   -1.789   5.431   99.97828  31.37358  164.879223   0.912011  6.28380987360789   4.2289078    8.8242 /T    1.6946   0.5524736   103.03859   5.7489505         n.a.     n.a.
 2026-Jul-20 00:00 *m  08 25 29.44 +19 42 52.7  08 27 00.62 +19 37 44.7  32.10448  -7.80449  280.719453  25.330559   -1.787   5.431   99.98632  31.34376  180.638660   0.888369  6.28978843026857   4.0914840    6.9965 /T    1.3456   0.5506580   103.66337   5.5761325         n.a.     n.a.
 2026-Jul-22 12:00 C   08 27 46.56 +19 35 11.4  08 29 17.60 +19 29 58.9  32.33473  -7.70459   64.754295  -6.492942   -1.785   5.431   99.99255  31.32006  196.401983   0.864229  6.29454940531426   2.4671322    5.1645 /T    0.9949   0.5539994   103.40230   3.3440687         n.a.     n.a.
 2026-Jul-25 00:00 *m  08 30 03.28 +19 27 24.0  08 31 34.22 +19 22 07.3  32.15220  -8.02220  281.792068  21.887605   -1.784   5.432   99.99688  31.30287  212.172563   0.840092  6.29800498942729   2.3527752    3.3461 /T    0.6458   0.5522982   104.00965   3.1972299         n.a.     n.a.
 2026-Jul-27 12:00 C   08 32 20.23 +19 19 29.9  08 33 51.06 +19 14 08.8  32.30971  -7.91213   66.740020  -3.503988   -1.783   5.432   99.99934  31.29178  227.947581   0.815420  6.30023675757408   0.7089639    1.5487 /T    0.3005   0.5544064   103.76003   0.9564445         n.a.     n.a.
 2026-Jul-30 00:00 *   08 34 36.65 +19 11 30.3  08 36 07.34 +19 06 05.7  32.13698  -8.22052  282.889824  18.450040   -1.782   5.432   99.99990  31.28715  243.730380   0.790826  6.30116993893518   0.6091721    0.5943 /L    0.1120   0.5528619   104.34838   0.8230892         n.a.     n.a.
 2026-Aug-01 12:00 Cm  08 36 53.16 +19 03 24.6  08 38 23.72 +18 57 55.2  32.22273  -8.10095   68.657301  -0.463824   -1.782   5.433   99.99857  31.28863  259.518193   0.765670  6.30087083103353  -1.0455984    2.2482 /L    0.4283   0.5537572   104.11197   -1.425787         n.a.     n.a.
 2026-Aug-04 00:00 *   08 39 09.01 +18 55 13.7  08 40 39.45 +18 49 40.4  32.06237  -8.39918  284.018804  15.017467   -1.782   5.433   99.99536  31.29653  275.314244   0.740670  6.29928048760071  -1.1391744    4.0609 /L    0.7754   0.5524043   104.67955   -1.556961         n.a.     n.a.
 2026-Aug-06 12:00 Cm  08 41 24.84 +18 46 57.6  08 42 55.14 +18 41 19.9  32.07362  -8.26960   70.517240   2.624237   -1.782   5.434   99.99025  31.31064  291.115915   0.715086  6.29644218629809  -2.8073051    5.8972 /L    1.1259   0.5520425   104.45779   -3.828101         n.a.     n.a.
 2026-Aug-09 00:00 *   08 43 39.86 +18 38 36.8  08 45 10.06 +18 32 55.1  31.92417  -8.55521  285.186290  11.589705   -1.783   5.434   99.98331  31.33116  306.926372   0.689734  6.29231747079814  -2.8963512    7.7341 /L    1.4750   0.5508439   105.00193   -3.960082         n.a.     n.a.
 2026-Aug-11 12:00 Cm  08 45 54.71 +18 30 11.6  08 47 24.82 +18 24 25.6  31.85456  -8.41353   72.330549   5.757995   -1.784   5.435   99.97449  31.35802  322.743117   0.663777  6.28692815479220  -4.5750084    9.5831 /L    1.8246   0.5491156   104.79528   -6.261986         n.a.     n.a.
 2026-Aug-14 00:00 *m  08 48 08.59 +18 21 42.6  08 49 38.59 +18 15 52.9  31.70810  -8.68165  286.399873   8.166794   -1.785   5.436   99.96391  31.39133  338.569301   0.638118  6.28025775418475  -4.6606595   11.4299 /L    2.1714   0.5479189   105.31226   -6.398666         n.a.     n.a.
 2026-Aug-16 12:00 C   08 50 22.13 +18 13 10.2  08 51 51.99 +18 07 16.4  31.55393  -8.52617   74.107603   8.936054   -1.787   5.437   99.95152  31.43105  354.402520   0.611828  6.27232162533371  -6.3314692   13.2879 /L    2.5178   0.5447594   105.12076   -8.720534         n.a.     n.a.
 2026-Aug-19 00:00 *m  08 52 34.54 +18 04 34.8  08 54 04.27 +17 58 37.3  31.41345  -8.77571  287.668011   4.748722   -1.789   5.438   99.93746  31.47718   10.245733   0.585896  6.26312937883080  -6.4034895   15.1438 /L    2.8605   0.5436037   105.60832   -8.849290         n.a.     n.a.
 2026-Aug-21 12:00 C   08 54 46.44 +17 55 57.1  08 56 16.08 +17 49 55.4  31.17567  -8.60701   75.858999  12.157264   -1.791   5.440   99.92167  31.52977   26.096621   0.559312  6.25268170619917  -8.0582303   17.0110 /L    3.2021   0.5390329   105.43382   -11.19340         n.a.     n.a.
 2026-Aug-24 00:00 *m  08 56 57.07 +17 47 17.2  08 58 26.61 +17 41 11.9  31.04798  -8.83883  288.999908   1.336207   -1.793   5.441   99.90434  31.58871   41.957933   0.533150  6.24101620702387  -8.1123170   18.8767 /L    3.5394   0.5380267   105.89075   -11.30762         n.a.     n.a.
 2026-Aug-26 12:00 C   08 59 07.07 +17 38 35.9  09 00 36.51 +17 32 26.8  30.73371  -8.65972   77.595200  15.420527   -1.796   5.443   99.88539  31.65417   57.827431   0.506325  6.22810929795344  -9.7480541   20.7546 /L    3.8750   0.5321736   105.73605   -13.67983         n.a.     n.a.
 2026-Aug-29 00:00 *   09 01 15.65 +17 29 53.3  09 02 44.97 +17 23 40.7  30.61614  -8.87169  290.405776  -2.069219   -1.799   5.444   99.86503  31.72596   73.707765   0.479991  6.21401649867789  -9.7909187   22.6319 /L    4.2057   0.5312603   106.16009   -13.79038         n.a.     n.a.
 2026-Aug-31 12:00 Cm  09 03 23.47 +17 21 10.3  09 04 52.68 +17 14 54.0  30.22890  -8.68371   79.327280  18.724707   -1.802   5.446   99.84318  31.80436   89.596782   0.452993  6.19869785872409 -11.4045484   24.5225 /L    4.5340   0.5241907   106.02751   -16.19596         n.a.     n.a.
 2026-Sep-03 00:00 *   09 05 29.76 +17 12 26.7  09 06 58.85 +17 06 06.9  30.12155  -8.87456  291.896816  -5.465464   -1.806   5.448   99.82009  31.88914  105.497052   0.426553  6.18221882058204 -11.4480905   26.4139 /L    4.8569   0.5233614   106.41629   -16.31995         n.a.     n.a.
 2026-Sep-05 12:00 Nm  09 07 35.14 +17 03 43.8  09 09 04.15 +16 57 20.1  29.65055  -8.67412   81.067328  22.068668   -1.810   5.450   99.79567  31.98070  121.406664   0.399451  6.16451984608430 -13.0348355   28.3196 /L    5.1768   0.5148882   106.30657   -18.76899         n.a.     n.a.
 2026-Sep-08 00:00 *   09 09 38.83 +16 55 01.3  09 11 07.75 +16 48 34.3  29.54918  -8.84071  293.486104  -8.849722   -1.814   5.452   99.77019  32.07868  137.328034   0.372970  6.14569116373825 -13.0805057   30.2272 /L    5.4905   0.5140558   106.65646   -18.91207         n.a.     n.a.
 2026-Sep-10 12:00 Nm  09 11 41.42 +16 46 20.7  09 13 10.26 +16 39 50.3  28.98766  -8.62504   82.828343  25.451847   -1.819   5.454   99.74357  32.18360  153.259489   0.345824  6.12565444096361 -14.6326809   32.1500 /L    5.8005   0.5040601   106.56994   -21.41169         n.a.     n.a.
 2026-Sep-13 00:00 *m  09 13 42.15 +16 37 41.8  09 15 10.87 +16 31 08.3  28.88615  -8.76344  295.189213 -12.218531   -1.824   5.456   99.71613  32.29497  169.203296   0.319350  6.10453066614759 -14.6669413   34.0751 /L    6.1036   0.5031035   106.87668   -21.56184         n.a.     n.a.
 2026-Sep-15 12:00 N   09 15 41.61 +16 29 06.3  09 17 10.24 +16 22 29.2  28.23585  -8.53308   84.625433  28.874001   -1.830   5.458   99.68777  32.41336  185.157841   0.292213  6.08223306906695 -16.1701419   36.0157 /L    6.4020   0.4916177   106.81520   -24.10642         n.a.     n.a.
 2026-Sep-18 00:00 *m  09 17 39.04 +16 20 33.6  09 19 07.57 +16 13 53.3  28.13758  -8.64361  297.023876 -15.567418   -1.835   5.461   99.65883  32.53817  201.125201   0.265797  6.05890405693163 -16.1916674   37.9592 /L    6.6926   0.4905879   107.07649   -24.26203         n.a.     n.a.
 2026-Sep-20 12:00 N   09 19 35.01 +16 12 05.5  09 21 03.50 +16 05 21.9  27.40121  -8.40002   86.476200  32.334492   -1.842   5.463   99.62920  32.67006  217.103908   0.238730  6.03444334612787 -17.6340290   39.9188 /L    6.9779   0.4776640   107.04327   -26.84770         n.a.     n.a.
 2026-Sep-23 00:00 *m  09 21 28.81 +16 03 41.4  09 22 57.20 +15 56 54.9  27.30849  -8.48289  299.010764 -18.890160   -1.848   5.465   99.59926  32.80831  233.095780   0.212440  6.00901439223009 -17.6434388   41.8820 /L    7.2548   0.4765947   107.25646   -27.00952         n.a.     n.a.
 2026-Sep-25 12:00 N   09 23 20.98 +15 55 23.2  09 24 49.32 +15 48 33.7  26.48852  -8.22736   88.401712  35.832255   -1.855   5.468   99.56888  32.95374  249.099548   0.185522  5.98249623015614 -19.0248845   43.8624 /L    7.5255   0.4622804   107.25485   -29.64701         n.a.     n.a.
 2026-Sep-28 00:00 *   09 25 10.84 +15 47 10.1  09 26 39.06 +15 40 17.8  26.40154  -8.28200  301.173662 -22.178747   -1.862   5.470   99.53845  33.10549  265.116850   0.159435  5.95507295699222 -19.0235324   45.8473 /L    7.7871   0.4611678   107.41632   -29.81803         n.a.     n.a.
 2026-Sep-30 12:00 Nm  09 26 58.92 +15 39 04.3  09 28 27.10 +15 32 08.8  25.49944  -8.01531   90.428501  39.365583   -1.870   5.472   99.50786  33.26453  281.146572   0.132752  5.92660267994914 -20.3416560   47.8507 /L    8.0419   0.4454918   107.44965   -32.51485         n.a.     n.a.
 2026-Oct-03 00:00 *   09 28 44.53 +15 31 04.6  09 30 12.64 +15 24 06.3  25.41033  -8.03802  303.539985 -25.423022   -1.878   5.475   99.47750  33.42992  297.190268   0.106952  5.89728033774686 -20.3431484   49.8600 /L    8.2867   0.4441892   107.55366   -32.72190         n.a.     n.a.
 2026-Oct-05 12:00 Nm  09 30 28.16 +15 23 13.7  09 31 56.25 +15 16 12.5  24.41747  -7.75669   92.590210  42.932161   -1.886   5.477   99.44728  33.60273  313.247102   0.080587  5.86695313483478 -21.5883601   51.8892 /L    8.5238   0.4269983   107.62348   -35.48752         n.a.     n.a.
 2026-Oct-08 00:00 *   09 32 09.14 +15 15 30.5  09 33 37.14 +15 08 26.7  24.32009  -7.74413  306.142388 -28.610105   -1.895   5.479   99.41760  33.78190  329.318443   0.055144  5.83583617391758 -21.5874666   53.9251 /L    8.7502   0.4253882   107.66278   -35.73305         n.a.     n.a.
 2026-Oct-10 12:00 N   09 33 47.90 +15 07 57.6  09 35 15.87 +15 00 51.2  23.22633  -7.44401   94.930870  46.529247   -1.905   5.482   99.38839  33.96856  345.403717   0.029167  5.80376806929133 -22.7460233   55.9817 /L    8.9678   0.4065012   107.77060   -38.57770         n.a.     n.a.
 2026-Oct-13 00:00 *m  09 35 23.81 +15 00 34.0  09 36 51.70 +14 53 25.1  23.12177  -7.39616  309.018821 -31.724068   -1.914   5.484   99.36006  34.16145    1.503994   0.004146  5.77099746649882 -22.7274752   58.0457 /L    9.1737   0.4045983   107.73836   -38.84435         n.a.     n.a.
 2026-Oct-15 12:00 N   09 36 57.29 +14 53 22.3  09 38 25.18 +14 46 10.7  21.93504  -7.08063   97.510485  50.152419   -1.925   5.486   99.33253  34.36179   17.618830  -0.021367  5.73735012176945 -23.7874799   60.1308 /L    9.3698   0.3841590   107.89009   -41.76148         n.a.     n.a.
 2026-Oct-18 00:00 *m  09 38 27.74 +14 46 21.4  09 39 55.57 +14 39 07.4  21.82148  -6.99704  312.212352 -34.744461   -1.935   5.488   99.30619  34.56819   33.749059  -0.045887  5.70309314774247 -23.7485567   62.2236 /L    9.5533   0.3819307   107.77841   -42.05104         n.a.     n.a.
 2026-Oct-20 12:00 N   09 39 55.55 +14 39 33.9  09 41 23.39 +14 32 17.5  20.54915  -6.66937  100.412230  53.794320   -1.946   5.490   99.28099  34.78195   49.894371  -0.070845  5.66804411824552 -24.7035194   64.3383 /L    9.7261   0.3600725   107.98120   -45.03986         n.a.     n.a.
 2026-Oct-23 00:00 *m  09 41 20.17 +14 32 58.5  09 42 47.94 +14 25 40.0  20.42895  -6.55129  315.770881 -37.645324   -1.958   5.492   99.25729  35.00157   66.055367  -0.094771  5.63247992010256 -24.6497913   66.4614 /L    9.8856   0.3575618   107.78035   -45.35821         n.a.     n.a.
 2026-Oct-25 12:00 Nm  09 42 41.95 +14 26 38.0  09 44 09.71 +14 19 17.3  19.06997  -6.21133  103.755975  57.443024   -1.970   5.494   99.23503  35.22845   82.231997  -0.119070  5.59620467620383 -25.4936412   68.6074 /L   10.0333   0.3342671   108.04107   -48.42908         n.a.     n.a.
 2026-Oct-28 00:00 *   09 44 00.37 +14 20 30.9  09 45 28.08 +14 13 08.0  18.94161  -6.05848  319.745575 -40.394527   -1.982   5.496   99.21458  35.46097   98.424584  -0.142299  5.55951120165869 -25.4300017   70.7628 /L   10.1670   0.3314487   107.73689   -48.78563         n.a.     n.a.
 2026-Oct-30 12:00 Nm  09 45 15.74 +14 14 40.3  09 46 43.50 +14 07 15.1  17.49614  -5.70612  107.720158  61.079236   -1.995   5.497   99.19588  35.70065  114.633373  -0.165831  5.52218597345525 -26.1637131   72.9427 /L   10.2880   0.3067185   108.06301   -51.95635         n.a.     n.a.
 2026-Nov-02 00:00 *   09 46 27.56 +14 09 04.4  09 47 55.31 +14 01 37.3  17.34815  -5.51404  324.188324 -42.952435   -2.008   5.499   99.17927  35.94573  130.858550  -0.188267  5.48453508447278 -26.0890227   75.1331 /L   10.3941   0.3033895   107.63264   -52.36977         n.a.     n.a.
 2026-Nov-04 12:00 Am  09 47 36.10 +14 03 46.7  09 49 03.87 +13 56 17.8  15.81049  -5.14651  112.577980  64.671772   -2.022   5.500   99.16474  36.19780  147.100583  -0.210940  5.44634372414328 -26.6988456   77.3494 /L   10.4863   0.2771172   108.03072   -55.65472        0.638    8.614
 2026-Nov-07 00:00 *   09 48 40.88 +13 58 45.5  09 50 08.60 +13 51 14.8  15.63903  -4.91414  329.146762 -45.271208   -2.036   5.501   99.15259  36.45489  163.359413  -0.232500  5.40793440647238 -26.6077860   79.5771 /L   10.5626   0.2732154   107.44390   -56.12929         n.a.     n.a.
 2026-Nov-09 12:00 A   09 49 42.11 +13 54 04.1  09 51 09.87 +13 46 31.6  14.00989  -4.53179  118.761954  68.167276   -2.051   5.502   99.14281  36.71860  179.635748  -0.254222  5.36909408667394 -27.0743991   81.8314 /L   10.6240   0.2454101   107.92487   -59.53275         n.a.     n.a.
 2026-Nov-12 00:00 Cm  09 50 39.39 +13 49 40.6  09 52 07.15 +13 42 06.5  13.81862  -4.26199  334.654342 -47.294862   -2.065   5.503   99.13565  36.98678  195.929115  -0.274814  5.33016507028867 -26.9545949   84.0973 /L   10.6685   0.2410156   107.14102   -60.05366         n.a.     n.a.
 2026-Nov-14 12:00 A   09 51 32.90 +13 45 38.6  09 53 00.73 +13 38 02.7  12.10732  -3.86884  126.962016  71.470200   -2.081   5.504   99.13110  37.26108  212.240417  -0.295481  5.29092677195019 -27.2748619   86.3903 /L   10.6970   0.2118406   107.72103   -63.58471         n.a.     n.a.
 2026-Nov-17 00:00 Cm  09 52 22.29 +13 41 55.8  09 53 50.12 +13 34 18.5  11.89911  -3.56448  340.717049 -48.960045   -2.096   5.504   99.12935  37.53913  228.568867  -0.314997  5.25173638260085 -27.1200629   88.6951 /L   10.7078   0.2070255   106.67603   -64.14511         n.a.     n.a.
 2026-Nov-19 12:00 A   09 53 07.70 +13 38 35.5  09 54 35.59 +13 30 56.9  10.12047  -3.16658  138.225589  74.405839   -2.113   5.504   99.13040  37.82267  244.915490  -0.334488  5.21236672398485 -27.2887218   91.0275 /L   10.7017   0.1767383   107.37428   -67.80122         n.a.     n.a.
 2026-Nov-22 00:00 Cm  09 53 48.87 +13 35 35.7  09 55 16.74 +13 27 55.8  9.893419  -2.82861  347.298164 -50.200009   -2.129   5.504   99.13435  38.10921  261.279232  -0.352810  5.17317569006949 -27.1082725   93.3720 /L   10.6774   0.1714973   105.95566   -68.41596         n.a.     n.a.
 2026-Nov-24 12:00 Am  09 54 25.86 +13 32 59.5  09 55 53.82 +13 25 18.3  8.056543  -2.42935  153.790921  76.664118   -2.146   5.504   99.14120  38.40050  277.661352  -0.371000  5.13393454786243 -27.1223993   95.7450 /L   10.6353   0.1402474   106.78003   -72.20864        2.336    2.357
 2026-Nov-27 00:00 C   09 54 58.50 +13 30 44.6  09 56 26.49 +13 23 02.1  7.809986  -2.05914  354.306353 -50.950813   -2.163   5.504   99.15100  38.69395  294.060505  -0.388012  5.09499925588859 -26.9223668   98.1308 /L   10.5744   0.1346146   104.77020   -72.88402         n.a.     n.a.
 2026-Nov-29 12:00 Am  09 55 26.75 +13 28 54.5  09 56 54.87 +13 21 10.9  5.909948  -1.65553  173.836402  77.788056   -2.180   5.503   99.16376  38.99136  310.478309  -0.404790  5.05613627166721 -26.7803095  100.5464 /L   10.4948   0.1022908   105.64898   -76.85972        2.597    2.119
 2026-Dec-02 00:00 C   09 55 50.51 +13 27 26.9  09 57 18.64 +13 19 42.4  5.637515  -1.25218    1.594333 -51.158639   -2.198   5.503   99.17944  39.28991  326.913116  -0.420396  5.01771632151093 -26.5513364  102.9757 /L   10.3958   0.0962484   102.52298   -77.59973         n.a.     n.a.
 2026-Dec-04 12:00 Am  09 56 09.70 +13 26 25.1  09 57 37.91 +13 18 39.9  3.685588  -0.84812  195.387974  77.395703   -2.215   5.502   99.19806  39.59135  343.366718  -0.435667  4.97951220486182 -26.2384141  105.4357 /L   10.2772   0.0630319   102.95913   -81.77221        0.236   23.333
 2026-Dec-07 00:00 C   09 56 24.26 +13 25 46.6  09 57 52.51 +13 18 00.6  3.388456  -0.41492    8.972199 -50.788436   -2.233   5.501   99.21951  39.89266  359.837097  -0.449777  4.94190189654248 -25.9687851  107.9094 /L   10.1386   0.0568961   96.981174   -82.54347         n.a.     n.a.
 2026-Dec-09 12:00 A   09 56 34.10 +13 25 34.7  09 58 02.47 +13 17 47.9  1.404103  -0.01801  213.955981  75.544383   -2.251   5.499   99.24376  40.19550   16.326120  -0.463439  4.90466930499811 -25.4763445  110.4140 /L    9.9798   0.0234036   90.734762   -86.88255         n.a.     n.a.
 2026-Dec-12 00:00 Cm  09 56 39.28 +13 25 46.5  09 58 07.70 +13 17 59.0  1.095271  0.436451   16.235157 -49.829315   -2.269   5.498   99.27061  40.49670   32.831333  -0.475952  4.86818983472174 -25.1646518  112.9317 /L    9.8008   0.0196505   68.273384   -87.36903         n.a.     n.a.
 2026-Dec-14 12:00 A   09 56 39.62 +13 26 25.0  09 58 08.17 +13 18 37.2  -0.90311  0.819375  227.863443  72.640277   -2.287   5.496   99.30001  40.79791   49.354792  -0.487897  4.83224885421277 -24.4913363  115.4800 /L    9.6012   0.0203237   312.21679   -87.22496         n.a.     n.a.
 2026-Dec-17 00:00 Cm  09 56 35.31 +13 27 27.3  09 58 03.91 +13 19 39.2  -1.21587  1.288586   23.198133 -48.295430   -2.305   5.494   99.33164  41.09579   65.893579  -0.498706  4.79722193252026 -24.1360805  118.0407 /L    9.3814   0.0295277   316.66311   -85.94215         n.a.     n.a.
 2026-Dec-19 12:00     09 56 26.15 +13 28 56.1  09 57 54.86 +13 21 07.8  -3.20038  1.647461  237.931042  69.071965   -2.323   5.492   99.36545  41.39199   82.449869  -0.508826  4.76289344717539 -23.2901385  120.6316 /L    9.1409   0.0599921   297.23806   -81.56457         n.a.     n.a.
 2026-Dec-22 00:00 *m  09 56 12.41 +13 30 48.2  09 57 41.19 +13 22 59.7  -3.51291  2.126549   29.722895 -46.222364   -2.341   5.490   99.40102  41.68312   99.020435  -0.517835  4.72962715518166 -22.8960270  123.2341 /L    8.8806   0.0684405   301.18871   -80.30222         n.a.     n.a.
 2026-Dec-24 12:00  m  09 55 53.83 +13 33 06.2  09 57 22.78 +13 25 17.5  -5.46256  2.455001  245.390357  65.086191   -2.358   5.488   99.43830  41.97077  115.607554  -0.526040  4.69721262815341 -21.8826467  125.8665 /L    8.5998   0.0998146   294.20024   -75.48021        2.992    1.834
 2026-Dec-27 00:00 *   09 55 30.80 +13 35 46.8  09 56 59.83 +13 27 58.0  -5.77489  2.941337   35.728903 -43.659453   -2.376   5.486   99.47678  42.25158  132.207733  -0.533180  4.66599453664841 -21.4625422  128.5102 /L    8.2997   0.1080134   296.99120   -74.15364         n.a.     n.a.
 2026-Dec-29 12:00  m  09 55 02.96 +13 38 52.5  09 56 32.14 +13 31 04.1  -7.67928  3.237934  251.152721  60.823877   -2.392   5.483   99.51639  42.52699  148.823509  -0.539420  4.63577648540304 -20.2775528  131.1839 /L    7.9792   0.1389000   292.86250   -69.00134        1.984    2.763
$$EOE
**********************************************************************************************************************************************************************************************************************************************************************************************
Column meaning:
 
TIME

  Times PRIOR to 1962 are UT1, a mean-solar time closely related to the
prior but now-deprecated GMT. Times AFTER 1962 are in UTC, the current
civil or "wall-clock" time-scale. UTC is kept within 0.9 seconds of UT1
using integer leap-seconds for 1972 and later years.

  Conversion from the internal Barycentric Dynamical Time (TDB) of solar
system dynamics to the non-uniform civil UT time-scale requested for output
has not been determined for UTC times after the next July or January 1st.
Therefore, the last known leap-second is used as a constant over future
intervals.

  Time tags refer to the UT time-scale conversion from TDB on Earth
regardless of observer location within the solar system, although clock
rates may differ due to the local gravity field and no analog to "UT"
may be defined for that location.

  Any 'b' symbol in the 1st-column denotes a B.C. date. First-column blank
(" ") denotes an A.D. date.
 
CALENDAR SYSTEM

  Mixed calendar mode was active such that calendar dates after AD 1582-Oct-15
(if any) are in the modern Gregorian system. Dates prior to 1582-Oct-5 (if any)
are in the Julian calendar system, which is automatically extended for dates
prior to its adoption on 45-Jan-1 BC.  The Julian calendar is useful for
matching historical dates. The Gregorian calendar more accurately corresponds
to the Earth's orbital motion and seasons. A "Gregorian-only" calendar mode is
available if such physical events are the primary interest.

  NOTE: "n.a." in output means quantity "not available" at the print-time.
 
SOLAR PRESENCE (OBSERVING SITE)
  Time tag is followed by a blank, then a solar-presence symbol:

       '*'  Daylight (refracted solar upper-limb on or above apparent horizon)
       'C'  Civil twilight/dawn
       'N'  Nautical twilight/dawn
       'A'  Astronomical twilight/dawn
       ' '  Night OR geocentric ephemeris

LUNAR PRESENCE (OBSERVING SITE)
  The solar-presence symbol is immediately followed by a lunar-presence symbol:

       'm'  Refracted upper-limb of Moon on or above apparent horizon
       ' '  Refracted upper-limb of Moon below apparent horizon OR geocentric
            ephemeris
 
 'R.A._____(ICRF)_____DEC' =
  Astrometric right ascension and declination of the target center with
respect to the observing site (coordinate origin) in the reference frame of
the planetary ephemeris (ICRF). Compensated for down-leg light-time delay
aberration.

  Units: RA  in hours-minutes-seconds of time,    HH MM SS.ff{ffff}
         DEC in degrees-minutes-seconds of arc,  sDD MN SC.f{ffff}
 
 'R.A.__(a-apparent)__DEC' =
  Airless apparent right ascension and declination of the target center
with respect to an instantaneous reference frame defined by the Earth equator
of-date (z-axis) and meridian containing the Earth equinox of-date (x-axis,
EOP-corrected IAU76/80). Compensated for down-leg light-time delay,
gravitational deflection of light, stellar aberration, precession & nutation.
Note: equinox (RA origin) is offset -53 mas from the of-date frame defined
by the IAU06/00a P & N system.

  Units: RA  in hours-minutes-seconds of time,   HH MM SS.ff{ffff}
         DEC in degrees-minutes-seconds of arc, sDD MN SC.f{ffff}
 
 'dRA*cosD d(DEC)/dt' =
  The angular rate of change in apparent RA and DEC of the target. This is
with respect to the non-inertial IAU76/80 Earth true equator and equinox
of-date reference frame.  d(RA)/dt is multiplied by the cosine of declination
to provide a linear rate in the plane-of-sky. Units: ARCSECONDS PER HOUR
 
 'Azi____(a-app)___Elev' =
  Airless apparent azimuth and elevation of target center. Compensated
for light-time, the gravitational deflection of light, stellar aberration,
precession and nutation. Azimuth is measured clockwise from north:

  North(0) -> East(90) -> South(180) -> West(270) -> North (360)

Elevation angle is with respect to a plane perpendicular to the reference
surface local zenith direction. TOPOCENTRIC ONLY.  Units: DEGREES
 
 'APmag   S-brt' =
  The targets' approximate apparent visual magnitude and surface brightness.
For planets and natural satellites, output is restricted to solar phase angles
covered by observational data. Outside the observed phase angle range, "n.a."
may be output to avoid extrapolation beyond the limit of model validity.

   For Earth-based observers, the estimated dimming due to atmospheric
absorption (extinction) is available as a separate, requestable quantity.

   Surface brightness is the average airless visual magnitude of a
square-arcsecond of the illuminated portion of the apparent disk. It is
computed only if the target radius is known.

   Units: MAGNITUDES & MAGNITUDES PER SQUARE ARCSECOND
 
 'Illu%' =
   Fraction of the target objects' assumed circular disk illuminated by Sun
(phase), as seen by the observer.  Units: PERCENT
 
 'Ang-diam' =
   The equatorial angular width of the target body full disk, if it were fully
illuminated and visible to the observer. If the target body diameter is unknown
"n.a." is output.

   Units: ARCSECONDS
 
 'ObsSub-LON ObsSub-LAT' =
   Apparent planetodetic longitude and latitude of the center of the target
disc seen by the OBSERVER at print-time. This is NOT exactly the same as the
"nearest" sub-point for a non-spherical target shape (since the center of the
disc might not be the point closest to the observer), but is generally very
close if not a very irregular body shape. Down-leg light travel-time from
target to observer is taken into account. Latitude is the angle between the
equatorial plane and the line perpendicular to the reference ellipsoid of the
body, so includes body oblateness. The reference ellipsoid is an oblate
spheroid with a single flatness coefficient in which the y-axis body radius
is taken to be the same value as the x-axis radius.  For Jupiter, Saturn, and
Uranus, IAU2015 longitude is based on the "System III" prime meridian rotation
angle of the magnetic field. By contrast, pole direction (thus latitude) is
relative to the body dynamical equator.  There can be an offset between the
magnetic pole and the dynamical pole of rotation. For Neptune, rotation is
IAU2015 "System II" rotation of optically observed features in the Neptunian
atmosphere. Positive longitude is to the WEST for this target. Cartographic
system is specified in the header.  Units: DEGREES DEGREES
 
 'delta      deldot' =
   Apparent range ("delta", light-time aberrated) and range-rate ("delta-dot")
of the target center relative to the observer. A positive "deldot" means the
target center is moving away from the observer, negative indicates movement
toward the observer.  Units: AU and KM/S
 
 'S-O-T /r' =
   Sun-Observer-Target apparent SOLAR ELONGATION ANGLE seen from the observers'
location at print-time.

   The '/r' column provides a code indicating the targets' apparent position
relative to the Sun in the observers' sky, as described below:

   Case A: For an observing location on the surface of a rotating body, that
body rotational sense is considered:

    /T indicates target TRAILS Sun   (evening sky: rises and sets AFTER Sun)
    /L indicates target LEADS Sun    (morning sky: rises and sets BEFORE Sun)

   Case B: For an observing point that does not have a rotational model (such
as a spacecraft), the "leading" and "trailing" condition is defined by the
observers' heliocentric ORBITAL motion:

    * If continuing in the observers' current direction of heliocentric
       motion would encounter the targets' apparent longitude first, followed
       by the Sun's, the target LEADS the Sun as seen by the observer.

    * If the Sun's apparent longitude would be encountered first, followed
       by the targets', the target TRAILS the Sun.

   Two other codes can be output:
    /* indicates observer is Sun-centered    (undefined)
    /? Target is aligned with Sun center     (no lead or trail)

   The S-O-T solar elongation angle is numerically the minimum separation
angle of the Sun and target in the sky in any direction. It does NOT indicate
the amount of separation in the leading or trailing directions, which would
be defined along the equator of a spherical coordinate system.

   Units: DEGREES
 
 'S-T-O' =
   The Sun-Target-Observer angle; the interior vertex angle at target center
formed by a vector from the target to the apparent center of the Sun (at
reflection time on the target) and the apparent vector from target to the
observer at print-time. Slightly different from true PHASE ANGLE (requestable
separately) at the few arcsecond level in that it includes stellar aberration
on the down-leg from target to observer.  Units: DEGREES
 
 'Sky_motion  Sky_mot_PA  RelVel-ANG' =
  Total apparent angular rate of the target in the plane-of-sky. "Sky_mot_PA"
is the position angle of the target's direction of motion in the plane-of-sky,
measured counter-clockwise from the apparent of-date north pole direction.
"RelVel-ANG" is the flight path angle of the target's relative motion with
respect to the observer's line-of-sight, in the range [-90,+90], where positive
values indicate motion away from the observer, negative values are toward the
observer:

  -90 = target is moving directly toward the observer
    0 = target is moving at right angles to the observer's line-of-sight
  +90 = target is moving directly away from the observer

UNITS:  ARCSECONDS/MINUTE, DEGREES, DEGREES
 
 'Lun_Sky_Brt  sky_SNR' =
  Sky brightness due to moonlight scattered by Earth's atmosphere at the
target's position in the sky. "sky_SNR" is the visual signal-to-noise ratio
(SNR) of the target's surface brightness relative to background sky. Output
only for topocentric Earth observers when both the Moon and target are above
the local horizon and the Sun is in astronomical twilight (or further) below
the horizon, and the target is not the Moon or Sun. If all conditions are
not met, "n.a." is output. Galactic brightness, local sky light-pollution
and weather are NOT considered. Lunar opposition surge is considered. The
value returned is accurate under ideal conditions at the approximately 8-23%
level, so is a useful but not definitive value.

  If the target-body radius is also known, "sky_SNR" is output. This is the
approximate visual signal-to-noise ratio of the target's brightness divided
by lunar sky brightness. When sky_SNR < 1, the target is dimmer than the
ideal moonlight-scattering background sky, so unlikely to be detectable at
visual wavelengths. In practice, visibility requires sky_SNR > 1 and a
detector sensitive enough to reach the target's magnitude, even if it isn't
washed out by moonlight. When relating magnitudes and brightness values,
keep in mind their logarithmic relationship m2-m1 = -2.5*log_10(b2/b1).

  UNITS: VISUAL MAGNITUDES / ARCSECOND^2, and unitless ratio

Computations by ...

    Solar System Dynamics Group, Horizons On-Line Ephemeris System
    4800 Oak Grove Drive, Jet Propulsion Laboratory
    Pasadena, CA  91109   USA

    General site: https://ssd.jpl.nasa.gov/
    Mailing list: https://ssd.jpl.nasa.gov/email_list.html
    System news : https://ssd.jpl.nasa.gov/horizons/news.html
    User Guide  : https://ssd.jpl.nasa.gov/horizons/manual.html
    Connect     : browser        https://ssd.jpl.nasa.gov/horizons/app.html#/x
                  API            https://ssd-api.jpl.nasa.gov/doc/horizons.html
                  command-line   telnet ssd.jpl.nasa.gov 6775
                  e-mail/batch   https://ssd.jpl.nasa.gov/ftp/ssd/horizons_batch.txt
                  scripts        https://ssd.jpl.nasa.gov/ftp/ssd/SCRIPTS
    Author      : Jon.D.Giorgini@jpl.nasa.gov

**********************************************************************************************************************************************************************************************************************************************************************************************
