*******************************************************************************
 Revised: April 12, 2021               Jupiter                              599
 
 PHYSICAL DATA (revised 2025-Jan-30):
  Mass x 10^26 (kg)     = 18.9819           Density (g/cm^3)  = 1.3262 +- .0003
  Equat. radius (1 bar) = 71492+-4 km       Polar radius (km)     = 66854+-10
  Vol. Mean Radius (km) = 69911+-6          Flattening            = 0.06487
  Geometric Albedo      = 0.52              Rocky core mass (Mc/M)= 0.0261
  Sid. rot. period (III)= 9h 55m 29.711 s   Sid. rot. rate (rad/s)= 0.00017585
  Mean solar day, hrs   = ~9.9259         
  GM (km^3/s^2)         = 126686531.900     GM 1-sigma (km^3/s^2) =  +- 1.2732
  Equ. grav, ge (m/s^2) = 24.79             Pol. grav, gp (m/s^2) =  28.34
  Vis. magnitude V(1,0) = -9.40
  Vis. mag. (opposition)= -2.70             Obliquity to orbit    =  3.13 deg
  Sidereal orbit period = 11.861982204 y    Sidereal orbit period = 4332.589 d
  Mean daily motion     = 0.0831294 deg/d   Mean orbit speed, km/s= 13.0697
  Atmos. temp. (1 bar)  = 165+-5 K          Escape speed, km/s    =  59.5           
  A_roche(ice)/Rp       =  2.76             Hill's sphere rad. Rp = 740
                                 Perihelion   Aphelion     Mean
  Solar Constant (W/m^2)         56           46           51
  Maximum Planetary IR (W/m^2)   13.7         13.4         13.6
  Minimum Planetary IR (W/m^2)   13.7         13.4         13.6
*******************************************************************************


*******************************************************************************
Ephemeris / WWW_USER Mon Apr  6 15:49:54 2026 Pasadena, USA      / Horizons    
*******************************************************************************
Target body name: Jupiter (599)                   {source: jup365_merged}
Center body name: Earth (399)                     {source: DE441}
Center-site name: (user defined site below)
*******************************************************************************
Start time      : A.D. 2026-Jan-01 00:00:00.0000 UT      
Stop  time      : A.D. 2026-Dec-31 00:00:00.0000 UT      
Step-size       : 3600 minutes
*******************************************************************************
Target pole/equ : IAU_JUPITER                     {West-longitude positive}
Target radii    : 71492.0, 71492.0, 66854.0 km    {Equator_a, b, pole_c}       
Center geodetic : 249.0, 29.0, .200               {E-lon(deg),Lat(deg),Alt(km)}
Center cylindric: 249.0, 5583.01313, 3073.99816   {E-lon(deg),Dxy(km),Dz(km)}
Center pole/equ : ITRF93                          {East-longitude positive}
Center radii    : 6378.137, 6378.137, 6356.752 km {Equator_a, b, pole_c}       
Target primary  : Sun
Vis. interferer : MOON (R_eq= 1737.400) km        {source: DE441}
Rel. light bend : Sun                             {source: jup365_merged}
Rel. lght bnd GM: 1.3271E+11 km^3/s^2                                          
Atmos refraction: NO (AIRLESS)
RA format       : HMS
Time format     : CAL 
Calendar mode   : Mixed Julian/Gregorian
EOP file        : eop.260406.p260703                                           
EOP coverage    : DATA-BASED 1962-JAN-20 TO 2026-APR-06. PREDICTS-> 2026-JUL-02
Units conversion: 1 au= 149597870.700 km, c= 299792.458 km/s, 1 day= 86400.0 s 
Table cut-offs 1: Elevation (-90.0deg=NO ),Airmass (>38.000=NO), Daylight (NO )
Table cut-offs 2: Solar elongation (  0.0,180.0=NO ),Local Hour Angle( 0.0=NO )
Table cut-offs 3: RA/DEC angular rate (     0.0=NO )                           
**********************************************************************************************************************************************************************************************************************************************************************************************
 Date__(UT)__HR:MN     R.A._____(ICRF)_____DEC  R.A.__(a-apparent)__DEC  dRA*cosD d(DEC)/dt  Azi____(a-app)___Elev    APmag   S-brt      Illu%  Ang-diam  ObsSub-LON ObsSub-LAT             delta      deldot     S-O-T /r     S-T-O  Sky_motion  Sky_mot_PA  RelVel-ANG  Lun_Sky_Brt  sky_SNR
**********************************************************************************************************************************************************************************************************************************************************************************************
$$SOE
 2026-Jan-01 00:00 *m  07 30 55.15 +22 02 03.2  07 32 29.94 +21 58 43.5  -19.0379  3.573001   53.367177 -15.412075   -2.670   5.403   99.96877  46.46727  336.671228   1.577521  4.24267710245041  -4.8584519  169.2059 /L    2.0309   0.3228377   280.62954   -16.35919         n.a.     n.a.
 2026-Jan-03 12:00  m  07 29 30.89 +22 05 26.3  07 31 05.85 +22 02 09.7  -19.8510  3.266655  277.081361  36.524675   -2.674   5.403   99.98312  46.52894  353.369810   1.580477  4.23705386845771  -2.8671215  172.0857 /L    1.4944   0.3353003   279.34475   -9.483996        4.465    1.210
 2026-Jan-06 00:00 *   07 28 05.93 +22 08 47.3  07 29 40.99 +22 05 33.5  -19.5974  3.558662   56.679802 -11.302848   -2.676   5.402   99.99313  46.56843   10.060632   1.583705  4.23346092440506  -2.1640517  174.9588 /L    0.9557   0.3319652   280.29209   -7.265362         n.a.     n.a.
 2026-Jan-08 12:00  m  07 26 39.74 +22 12 07.8  07 28 14.92 +22 08 57.4  -20.1487  3.201220  279.464554  31.683578   -2.676   5.403   99.99873  46.58699   26.746396   1.587049  4.23177467155505  -0.1202616  177.8379 /L    0.4137   0.3400236   279.02768   -0.401960        1.523    3.547
 2026-Jan-11 00:00 *   07 25 13.64 +22 15 24.6  07 26 48.89 +22 12 17.0  -19.7995  3.481415   59.747279  -7.038691   -2.676   5.403   99.99984  46.58307   43.421242   1.590495  4.23213020953925   0.5686733  179.2220 /T    0.1410   0.3350534   279.97260   1.8944691         n.a.     n.a.
 2026-Jan-13 12:00  m  07 23 47.10 +22 18 38.9  07 25 22.45 +22 15 34.6  -20.0725  3.078427  281.810009  26.870997   -2.674   5.403   99.99644  46.55782   60.087792   1.594048  4.23442561316914   2.6511146  176.3682 /T    0.6783   0.3384532   278.71925   8.6950052        0.286   18.861
 2026-Jan-16 00:00 *   07 22 21.50 +22 21 48.0  07 23 56.95 +22 18 46.5  -19.6187  3.344111   62.597540  -2.652614   -2.671   5.404   99.98860  46.51026   76.740139   1.597537  4.23875554201354   3.3102460  173.4954 /T    1.2179   0.3316952   279.67338   11.016280         n.a.     n.a.
 2026-Jan-18 12:00     07 20 56.28 +22 24 52.8  07 22 31.84 +22 21 54.6  -19.6075  2.902541  284.147792  22.106162   -2.667   5.405   99.97636  46.44153   93.380998   1.601132  4.24502876676587   5.4072255  170.6143 /T    1.7560   0.3303526   278.42047   17.686584         n.a.     n.a.
 2026-Jan-21 00:00 *m  07 19 32.87 +22 27 51.1  07 21 08.51 +22 24 55.9  -19.0498  3.152629   65.257200   1.824821   -2.661   5.407   99.95997  46.35120  110.004510   1.604508  4.25330172865026   6.0250686  167.7486 /T    2.2871   0.3218145   279.39696   20.004148         n.a.     n.a.
 2026-Jan-23 12:00     07 18 10.66 +22 30 43.4  07 19 46.37 +22 27 51.5  -18.7573  2.680285  286.502498  17.408338   -2.654   5.408   99.93950  46.24045  126.613450   1.608003  4.26348840190849   8.1000950  164.8810 /T    2.8132   0.3157964   278.13213   26.455111         n.a.     n.a.
 2026-Jan-26 00:00 *m  07 16 51.08 +22 33 28.2  07 18 26.83 +22 30 39.0  -18.1103  2.915640   67.751737   6.365438   -2.646   5.410   99.91536  46.10945  143.202317   1.611143  4.27560123319820   8.6597682  162.0332 /T    3.3289   0.3057255   279.14575   28.721168         n.a.     n.a.
 2026-Jan-28 12:00     07 15 33.46 +22 36 05.6  07 17 09.28 +22 33 19.4  -17.5568  2.422944  288.895070  12.796172   -2.636   5.412   99.88763  45.95933  159.773992   1.614425  4.28956703036012  10.6874021  159.1872 /T    3.8366   0.2953860   277.85755   34.903000         n.a.     n.a.
 2026-Jan-31 00:00 *m  07 14 19.17 +22 38 35.0  07 15 55.08 +22 35 51.2  -16.8479  2.646523   70.105346  10.944290   -2.625   5.415   99.85686  45.79078  176.323390   1.617227  4.30535657876651  11.1769981  156.3641 /T    4.3312   0.2842423   278.92723   37.070448         n.a.     n.a.
 2026-Feb-02 12:00  m  07 13 07.49 +22 40 56.0  07 14 43.45 +22 38 15.3  -16.0635  2.144973  291.344914   8.287398   -2.614   5.417   99.82313  45.60474  192.853561   1.620187  4.32291960122974  13.1410763  153.5455 /T    4.8155   0.2701006   277.60578   42.952705        3.645    1.486
 2026-Feb-05 00:00 *   07 11 59.73 +22 43 08.7  07 13 35.73 +22 40 30.5  -15.3090  2.358037   72.340969  15.540201   -2.601   5.420   99.78709  45.40223  209.359733   1.622533  4.34220132309527  13.5701685  150.7517 /T    5.2843   0.2581587   278.75643   45.039648         n.a.     n.a.
 2026-Feb-07 12:00  m  07 10 55.16 +22 45 12.5  07 12 31.16 +22 42 36.9  -14.3114  1.855504  293.870150   3.898529   -2.587   5.423   99.74882  45.18403  225.844896   1.625043  4.36317079248858  15.4568390  147.9644 /T    5.7406   0.2405193   277.38733   50.622553        1.444    3.755
 2026-Feb-10 00:00 *   07 09 55.04 +22 47 08.0  07 11 31.07 +22 44 34.4  -13.5243  2.057357   74.480857  20.134573   -2.573   5.426   99.70903  44.95146  242.304657   1.626813  4.38574505965581  15.8243103  145.2038 /T    6.1794   0.2279974   278.64972   52.624507         n.a.     n.a.
 2026-Feb-12 12:00  m  07 08 58.63 +22 48 54.0  07 10 34.69 +22 46 22.7  -12.3240  1.558617  296.487725  -0.354264   -2.557   5.429   99.66780  44.70512  258.741866   1.628756  4.40991197507181  17.6183338  142.4518 /T    6.6038   0.2070354   277.20796   57.935265         n.a.     n.a.
 2026-Feb-15 00:00 *   07 08 07.14 +22 50 31.7  07 09 43.25 +22 48 02.2  -11.5207  1.748063   76.546324  24.711096   -2.541   5.432   99.62589  44.44674  275.152627   1.629856  4.43554747516826  17.9142631  139.7285 /T    7.0089   0.1942102   278.62778   59.831212         n.a.     n.a.
 2026-Feb-17 12:00     07 07 19.80 +22 51 59.7  07 08 55.91 +22 49 32.3  -10.1465  1.259134  299.213920  -4.455120   -2.524   5.435   99.58333  44.17669  291.539734   1.631150  4.46266195603479  19.6003436  137.0160 /T    7.3978   0.1704056   277.07398   64.873154         n.a.     n.a.
 2026-Feb-20 00:00 *m  07 06 37.76 +22 53 19.5  07 08 13.87 +22 50 53.6  -9.33465  1.433300   78.558928  29.255806   -2.506   5.438   99.54092  43.89699  307.899724   1.631518  4.49109659662748  19.8161516  134.3342 /T    7.7661   0.1574008   278.72937   66.673162         n.a.     n.a.
 2026-Feb-22 12:00     07 06 00.23 +22 54 29.2  07 07 36.30 +22 52 05.0  -7.82155  0.959619  302.064171  -8.388970   -2.488   5.442   99.49863  43.60788  324.235437   1.632114  4.52087151445701  21.3742893  131.6654 /T    8.1169   0.1313366   276.99462   71.438176         n.a.     n.a.
 2026-Feb-25 00:00 *m  07 05 28.23 +22 55 31.1  07 07 04.32 +22 53 07.8  -7.02589  1.118512   80.541576  33.757001   -2.470   5.445   99.45725  43.31156  340.543962   1.631719  4.55180158703296  21.5083784  129.0287 /T    8.4461   0.1185728   279.04550   73.125772         n.a.     n.a.
 2026-Feb-27 12:00     07 05 00.97 +22 56 22.8  07 06 37.05 +22 54 00.7  -5.40842  0.664922  305.053684 -12.141508   -2.451   5.448   99.41669  43.00805  356.828084   1.631583  4.58392418543289  22.9236477  126.4064 /T    8.7570   0.0908190   277.00889   77.618514         n.a.     n.a.
 2026-Mar-02 00:00 *m  07 04 39.34 +22 57 07.0  07 06 15.44 +22 54 45.8  -4.65479  0.809321   82.519088  38.205723   -2.432   5.451   99.37767  42.69965   13.085533   1.630394  4.61703175072091  22.9852166  123.8167 /T    9.0460   0.0787437   279.86333   79.175782         n.a.     n.a.
 2026-Mar-04 12:00  m  07 04 22.56 +22 57 41.2  07 05 58.59 +22 55 20.9  -2.96309  0.379771  308.197691 -15.699202   -2.413   5.454   99.34006  42.38603   29.318882   1.629477  4.65119371084493  24.2646328  121.2416 /T    9.3163   0.0497888   277.30363   83.419170         n.a.     n.a.
 2026-Mar-07 00:00 *   07 04 11.44 +22 58 08.3  07 05 47.45 +22 55 48.3  -2.25720  0.507468   84.520488  42.595205   -2.393   5.457   99.30454  42.06953   45.526243   1.627442  4.68618607005880  24.2629316  118.6987 /T    9.5645   0.0385590   282.67068   84.855939         n.a.     n.a.
 2026-Mar-09 12:00  m  07 04 05.21 +22 58 25.4  07 05 41.16 +22 56 05.8  -0.50654  0.102309  311.510120 -19.048817   -2.374   5.459   99.27093  41.74956   61.709968   1.625687  4.72210052340251  25.4063658  116.1704 /T    9.7939   0.0086128   281.41888   88.891456         n.a.     n.a.
 2026-Mar-12 00:00 *   07 04 04.64 +22 58 35.7  07 05 40.59 +22 56 16.0  0.150600  0.210161   86.580854  46.919634   -2.354   5.462   99.23984  41.42850   77.868530   1.622763  4.75869620722573  25.3490371  113.6740 /T   10.0012   0.0043092   35.625237   89.439756         n.a.     n.a.
 2026-Mar-14 12:00  m  07 04 09.01 +22 58 36.0  07 05 44.90 +22 56 16.4  1.945219  -0.17132  315.003077 -22.176593   -2.335   5.464   99.21107  41.10560   94.003997   1.620130  4.79607774162938  26.3457684  111.1923 /T   10.1896   0.0325458   95.033223   85.903621         n.a.     n.a.
 2026-Mar-17 00:00 *   07 04 18.95 +22 58 29.7  07 05 54.83 +22 56 09.8  2.547151  -0.08566   88.744757  51.173699   -2.315   5.466   99.18516  40.78327  110.115368   1.616298  4.83398294481293  26.2292264  108.7424 /T   10.3562   0.0424765   91.926088   84.594355         n.a.     n.a.
 2026-Mar-19 12:00     07 04 33.80 +22 58 13.3  07 06 09.59 +22 55 53.1  4.367819  -0.44387  318.685913 -25.068785   -2.296   5.468   99.16187  40.46060  126.204441   1.612774  4.87253387498361  27.0777918  106.3074 /T   10.5039   0.0731719   95.802595   80.956674         n.a.     n.a.
 2026-Mar-22 00:00 *m  07 04 54.12 +22 57 50.4  07 06 29.87 +22 55 29.3  4.906550  -0.38200   91.073140  55.352355   -2.276   5.470   99.14165  40.14006  142.270688   1.608038  4.91144376102101  26.8962125  103.9043 /T   10.6303   0.0820233   94.451814   79.737679         n.a.     n.a.
 2026-Mar-24 12:00     07 05 19.24 +22 57 17.3  07 06 54.92 +22 54 55.2  6.723847  -0.71562  322.564307 -27.711986   -2.257   5.471   99.12425  39.82055  158.315781   1.603630  4.95085128827491  27.5917942  101.5163 /T   10.7382   0.1126970   96.075105   76.264368         n.a.     n.a.
 2026-Mar-27 00:00 *m  07 05 49.63 +22 56 37.8  07 07 25.31 +22 54 14.5  7.193672  -0.67789   93.653013  59.450439   -2.238   5.473   99.11001  39.50449  174.339607   1.598001  4.99046142057118  27.3567143   99.1600 /T   10.8255   0.1204257   95.383307   75.128447         n.a.     n.a.
 2026-Mar-29 12:00 A   07 06 24.65 +22 55 47.9  07 08 00.24 +22 53 23.7  8.984856  -0.98570  326.640047 -30.092952   -2.220   5.474   99.09864  39.19063  190.343615   1.592704  5.03042774226404  27.9032588   96.8184 /T   10.8950   0.1506461   96.260710   71.825611         n.a.     n.a.
 2026-Apr-01 00:00 *   07 07 04.66 +22 54 51.9  07 08 40.21 +22 52 26.2  9.379995  -0.97156   96.615852  63.461540   -2.202   5.475   99.09040  38.88124  206.328059   1.586171  5.07045694942868  27.6316494   94.5072 /T   10.9450   0.1571696   95.913508   70.780258         n.a.     n.a.
 2026-Apr-03 12:00 Am  07 07 49.13 +22 53 45.5  07 09 24.56 +22 51 18.3  11.14421  -1.25555  330.909213 -32.199232   -2.184   5.476   99.08502  38.57490  222.293971   1.579959  5.11072364370931  28.0386488   92.2097 /T   10.9778   0.1869119   96.428058   67.617014         n.a.     n.a.
 2026-Apr-06 00:00 *   07 08 38.34 +22 52 33.0  07 10 13.74 +22 50 03.7  11.46809  -1.26609  100.173633  67.374825   -2.166   5.476   99.08267  38.27384  238.241944   1.572503  5.15092371396089  27.7385827   89.9413 /T   10.9919   0.1922962   96.299999   66.653120         n.a.     n.a.
 2026-Apr-08 12:00 Am  07 09 31.81 +22 51 09.9  07 11 07.11 +22 48 38.7  13.19926  -1.52792  335.360459 -34.019027   -2.149   5.476   99.08311  37.97652  254.172645   1.565354  5.19125029581997  28.0122337   87.6853 /T   10.9897   0.2214567   96.603063   63.614323         n.a.     n.a.
 2026-Apr-11 00:00 *   07 10 29.78 +22 49 40.5  07 12 05.06 +22 47 07.2  13.46302  -1.56528  104.689474  71.170116   -2.132   5.477   99.08644  37.68513  270.086915   1.556965  5.23139102630236  27.6839816   85.4571 /T   10.9697   0.2258952   96.631716   62.706482         n.a.     n.a.
 2026-Apr-13 12:00 Am  07 11 31.82 +22 48 00.4  07 13 06.98 +22 45 25.0  15.15531  -1.80672  339.974151 -35.541858   -2.115   5.477   99.09243  37.39808  285.985166   1.548877  5.27154362634643  27.8235991   83.2405 /T   10.9340   0.2543771   96.798344   59.775842         n.a.     n.a.
 2026-Apr-16 00:00 *m  07 12 38.10 +22 46 13.7  07 14 13.21 +22 43 36.0  15.36065  -1.87112  110.835946  74.806983   -2.099   5.476   99.10111  37.11752  301.868534   1.539566  5.31139025161877  27.4683350   81.0508 /T   10.8815   0.2579032   96.945119   58.917744         n.a.     n.a.
 2026-Apr-18 12:00 A   07 13 48.28 +22 44 16.1  07 15 23.26 +22 41 35.8  17.00737  -2.09357  344.722146 -36.759924   -2.084   5.476   99.11226  36.84185  317.737144   1.530551  5.35113260120395  27.4674338   78.8722 /T   10.8139   0.2855957   97.017690   56.076626         n.a.     n.a.
 2026-Apr-21 00:00 *m  07 15 02.41 +22 42 11.8  07 16 37.37 +22 39 28.5  17.15019  -2.18376  119.955696  78.197007   -2.069   5.475   99.12586  36.57319  333.592560   1.520345  5.39044185726570  27.0825668   76.7199 /T   10.7306   0.2881444   97.256498   55.267759         n.a.     n.a.
 2026-Apr-23 12:00 N   07 16 20.19 +22 39 56.3  07 17 55.05 +22 37 10.3  18.73306  -2.38561  349.569057 -37.668457   -2.054   5.475   99.14168  36.30987  349.434694   1.510422  5.42953285992402  26.9510986   74.5783 /T   10.6332   0.3147392   97.257415   52.530955         n.a.     n.a.
 2026-Apr-26 00:00 *m  07 17 41.62 +22 37 34.0  07 19 16.44 +22 34 45.1  18.81297  -2.49950  134.800876  81.128058   -2.039   5.474   99.15963  36.05390    5.265343   1.499332  5.46808123591358  26.5478051   72.4621 /T   10.5211   0.3163047   97.568008   51.778303         n.a.     n.a.
 2026-Apr-28 12:00 N   07 19 06.43 +22 35 00.4  07 20 41.10 +22 32 08.5  20.32704  -2.68067  354.474105 -38.266190   -2.026   5.473   99.17952  35.80355   21.084166   1.488498  5.50631501609101  26.2981086   70.3556 /T   10.3959   0.3417174   97.512637   49.143527         n.a.     n.a.
 2026-May-01 00:00 *   07 20 34.57 +22 32 19.9  07 22 09.18 +22 29 24.8  20.35413  -2.81780  159.647909  83.083052   -2.012   5.472   99.20122  35.56069   36.893079   1.476517  5.54392058191109  25.8957759   68.2730 /T   10.2572   0.3424709   97.881866   48.449884         n.a.     n.a.
 2026-May-03 12:00 Nm  07 22 05.88 +22 29 28.1  07 23 40.36 +22 26 29.5  21.80539  -2.98064  359.392451 -38.556082   -1.999   5.471   99.22457  35.32361   52.691370   1.464759  5.58112889055480  25.5304789   66.1987 /T   10.1061   0.3668027   97.783694   45.892922         n.a.     n.a.
 2026-May-06 00:00 *   07 23 40.25 +22 26 29.0  07 25 14.70 +22 23 27.0  21.78552  -3.14058  192.331173  83.243821   -1.986   5.469   99.24940  35.09411   68.481196   1.451884  5.61762698751708  25.1293371   64.1468 /T    9.9426   0.3668455   98.203191   45.249243         n.a.     n.a.
 2026-May-08 12:00 Nm  07 25 17.58 +22 23 18.5  07 26 51.91 +22 20 13.1  23.17903  -3.28732    4.277817 -38.544941   -1.974   5.468   99.27560  34.87050   84.261525   1.439203  5.65365140461783  24.6559806   62.1019 /T    9.7675   0.3901830   98.072025   42.756495         n.a.     n.a.
 2026-May-11 00:00 *   07 26 57.72 +22 20 00.6  07 28 31.99 +22 16 51.7  23.11757  -3.46944  218.497126  81.564497   -1.963   5.466   99.30297  34.65454  100.034713   1.425447  5.68888339436909  24.2510594   60.0780 /T    9.5809   0.3896077   98.535152   42.148785         n.a.     n.a.
 2026-May-13 12:00 Nm  07 28 40.62 +22 16 31.1  07 30 14.73 +22 13 18.5  24.44843  -3.60048    9.085836 -38.243737   -1.951   5.465   99.33141  34.44457  115.799537   1.411860  5.72356153587087  23.6703873   58.0600 /T    9.3833   0.4118688   98.377647   39.713792         n.a.     n.a.
 2026-May-16 00:00 *m  07 30 26.07 +22 12 53.8  07 32 00.12 +22 09 37.4  24.35412  -3.80446  234.243749  78.885881   -1.940   5.463   99.36069  34.24231  131.558508   1.397250  5.75736946098256  23.2607888   56.0620 /T    9.1752   0.4108248   98.878656   39.128940         n.a.     n.a.
 2026-May-18 12:00 N   07 32 14.09 +22 09 04.8  07 33 48.02 +22 05 44.4  25.61439  -3.91930   13.777111 -37.667111   -1.930   5.461   99.39075  34.04618  147.310271   1.382785  5.79053606859470  22.5696458   54.0694 /T    8.9568   0.4318752   98.699456   36.743563         n.a.     n.a.
 2026-May-21 00:00 *m  07 34 04.39 +22 05 08.0  07 35 38.29 +22 01 43.7  25.48023  -4.14117  243.771917  75.787921   -1.920   5.460   99.42133  33.85781  163.057591   1.367350  5.82275260468186  22.1577744   52.0963 /T    8.7288   0.4302426   99.231278   36.190911         n.a.     n.a.
 2026-May-23 12:00 N   07 35 57.02 +22 00 59.5  07 37 30.78 +21 57 31.3  26.66532  -4.23879   18.319549 -36.831758   -1.910   5.458   99.45236  33.67562  178.798912   1.352023  5.85425425615106  21.3671838   50.1279 /T    8.4915   0.4500020   99.032319   33.858479         n.a.     n.a.
 2026-May-26 00:00 *m  07 37 51.65 +21 56 43.2  07 39 25.33 +21 53 11.0  26.49390  -4.47584  250.062534  72.510503   -1.901   5.456   99.48358  33.50115  194.537143   1.335773  5.88474244793515  20.9663427   48.1781 /T    8.2456   0.4478219   99.588926   33.349347         n.a.     n.a.
 2026-May-28 12:00 N   07 39 48.39 +21 52 15.3  07 41 21.92 +21 48 38.9  27.60412  -4.55636   22.689383 -35.756140   -1.892   5.455   99.51496  33.33282  210.270475   1.319585  5.91445977432021  20.0910911   46.2320 /T    7.9911   0.4662939   99.372790   31.073246         n.a.     n.a.
 2026-May-31 00:00 *   07 41 46.89 +21 47 39.5  07 43 20.35 +21 43 58.9  27.40875  -4.80877  254.576861  69.151210   -1.884   5.453   99.54622  33.17207  226.001823   1.302523  5.94312059517908  19.7073650   44.3031 /T    7.7290   0.4637898   99.951072   30.600782         n.a.     n.a.
 2026-Jun-02 12:00 Cm  07 43 47.31 +21 42 52.2  07 45 20.64 +21 39 07.3  28.45117  -4.87438   26.870354 -34.459540   -1.876   5.451   99.57738  33.01742  241.729199   1.285480  5.97095864764364  18.7498200   42.3765 /T    7.4590   0.4810950   99.721771   28.364673         n.a.     n.a.
 2026-Jun-05 00:00 *   07 45 49.27 +21 37 56.9  07 47 22.55 +21 34 07.9  28.23601  -5.14077  258.040741  65.753916   -1.868   5.449   99.60815  32.87022  257.455606   1.267621  5.99769806358393  18.3852132   40.4659 /T    7.1821   0.4783361   100.31851   27.927213         n.a.     n.a.
 2026-Jun-07 12:00 Cm  07 47 53.00 +21 32 50.2  07 49 26.12 +21 28 56.9  29.21631  -5.19340   30.853379 -32.961300   -1.861   5.448   99.63856  32.72906  273.178842   1.249744  6.02356507976678  17.3438710   38.5562 /T    6.8978   0.4945716   100.07943   25.713307         n.a.     n.a.
 2026-Jun-10 00:00 *   07 49 58.07 +21 27 35.5  07 51 31.10 +21 23 38.0  28.98458  -5.47233  260.841114  62.340037   -1.854   5.446   99.66833  32.59530  288.902091   1.231119  6.04828435651144  16.9891251   36.6613 /T    6.6075   0.4916107   100.69168   25.295621         n.a.     n.a.
 2026-Jun-12 12:00 Cm  07 52 04.73 +21 22 09.4  07 53 37.60 +21 18 07.4  29.89823  -5.51149   34.636064 -31.280504   -1.847   5.444   99.69750  32.46758  304.623042   1.212442  6.07207670795287  15.8699369   34.7663 /T    6.3104   0.5066997   100.44474   23.104757         n.a.     n.a.
 2026-Jun-15 00:00 *m  07 54 12.53 +21 16 35.2  07 55 45.34 +21 12 28.8  29.65125  -5.80079  263.199830  58.920450   -1.841   5.443   99.72579  32.34721  320.344972   1.193088  6.09467222955411  15.5180169   32.8852 /T    6.0079   0.5035556   101.06920   22.695690         n.a.     n.a.
 2026-Jun-17 12:00 C   07 56 21.74 +21 10 50.0  07 57 54.44 +21 06 39.1  30.48806  -5.82419   38.221384 -29.434958   -1.835   5.441   99.75326  32.23292  336.065587   1.173646  6.11628170117951  14.3218106   31.0037 /T    5.6993   0.5173230   100.81503   20.524413         n.a.     n.a.
 2026-Jun-20 00:00 *m  07 58 31.86 +21 04 56.8  08 00 04.48 +21 00 41.7  30.22439  -6.12014  265.253611  55.500658   -1.829   5.440   99.77962  32.12590  351.788233   1.153590  6.13665683563248  13.9872249   29.1355 /T    5.3862   0.5139633   101.44704   20.142593         n.a.     n.a.
 2026-Jun-22 12:00 C   08 00 43.21 +20 58 53.0  08 02 15.66 +20 54 33.5  30.98380  -6.12714   41.616608 -27.440543   -1.824   5.439   99.80493  32.02494    7.510459   1.133399  6.15600408508412  12.7250835   27.2664 /T    5.0677   0.5263970   101.18610   17.992480         n.a.     n.a.
 2026-Jun-25 00:00 *m  08 02 55.24 +20 52 41.5  08 04 27.59 +20 48 17.6  30.70741  -6.42781  267.090566  52.083029   -1.819   5.438   99.82896  31.93110   23.235649   1.112655  6.17409407007185  12.4149590   25.4098 /T    4.7456   0.5228825   101.82269   17.643438         n.a.     n.a.
 2026-Jun-27 12:00 N   08 05 08.33 +20 46 19.7  08 06 40.55 +20 41 51.2  31.39796  -6.42071   44.831868 -25.311878   -1.815   5.436   99.85174  31.84324   38.961174   1.091728  6.19112961436785  11.0984435   23.5513 /T    4.4186   0.5341290   101.55732   15.512485         n.a.     n.a.
 2026-Jun-30 00:00 *   08 07 21.93 +20 39 50.4  08 08 54.07 +20 35 17.5  31.11519  -6.72545  268.770238  48.668703   -1.810   5.435   99.87307  31.76238   54.690417   1.070316  6.20689032754798  10.8116237   21.7041 /T    4.0887   0.5305622   102.19667   15.190252         n.a.     n.a.
 2026-Jul-02 12:00 Nm  08 09 36.44 +20 33 11.2  08 11 08.45 +20 28 33.8  31.73787  -6.70502   47.878606 -23.062066   -1.806   5.435   99.89300  31.68745   70.420687   1.048681  6.22156873317319   9.4426500   19.8537 /T    3.7544   0.5406401   101.92904   13.069555         n.a.     n.a.
 2026-Jul-05 00:00 *   08 11 51.29 +20 26 24.7  08 13 23.20 +20 21 43.1  31.45667  -7.01364  270.334679  45.258194   -1.803   5.434   99.91134  31.61939   86.155345   1.026634  6.23496001516490   9.1777542   18.0135 /T    3.4178   0.5371512   102.56919   12.768204         n.a.     n.a.
 2026-Jul-07 12:00 Nm  08 14 06.94 +20 19 28.6  08 15 38.68 +20 14 42.5  32.01388  -6.98099   50.769381 -20.702921   -1.799   5.433   99.92815  31.55725  101.891657   1.004328  6.24723672697070   7.7556051   16.1690 /T    3.0775   0.5461031   102.30143   10.645600         n.a.     n.a.
 2026-Jul-10 00:00 *   08 16 22.76 +20 12 25.4  08 17 54.40 +20 07 34.9  31.73176  -7.29067  271.814269  41.851496   -1.796   5.432   99.94325  31.50195  117.633061   0.981692  6.25820489250361   7.5040226   14.3335 /T    2.7353   0.5426423   102.93967   10.354212         n.a.     n.a.
 2026-Jul-12 12:00 Nm  08 18 39.23 +20 05 13.1  08 20 10.75 +20 00 17.9  32.22110  -7.24542   53.517419 -18.244985   -1.794   5.432   99.95671  31.45259  133.376803   0.958763  6.26802448785275   6.0292564   12.4931 /T    2.3900   0.5504279   102.67305   8.2209656         n.a.     n.a.
 2026-Jul-15 00:00 *m  08 20 55.71 +19 57 54.0  08 22 27.16 +19 52 54.5  31.93455  -7.55260  273.232348  38.448307   -1.791   5.432   99.96837  31.41007  149.126424   0.935579  6.27650988231037   5.7866406   10.6612 /T    2.0436   0.5469250   103.30611   7.9335757         n.a.     n.a.
 2026-Jul-17 12:00 N   08 23 12.68 +19 50 26.5  08 24 43.98 +19 45 22.6  32.34267  -7.49064   56.135912 -15.696894   -1.789   5.431   99.97828  31.37356  164.879227   0.912064  6.28381443440858   4.2716604    8.8243 /T    1.6946   0.5533127   103.03993   5.7979602         n.a.     n.a.
 2026-Jul-20 00:00 *m  08 25 29.45 +19 42 52.7  08 27 00.64 +19 37 44.7  32.05450  -7.79301  274.607935  35.047759   -1.787   5.431   99.98632  31.34379  180.638656   0.888360  6.28978218600130   4.0506532    6.9963 /T    1.3456   0.5498035   103.66450   5.5293307         n.a.     n.a.
 2026-Jul-22 12:00 N   08 27 46.55 +19 35 11.2  08 29 17.58 +19 29 58.8  32.38577  -7.71543   58.638215 -13.065893   -1.785   5.431   99.99255  31.32003  196.401981   0.864281  6.29455423214849   2.5060081    5.1646 /T    0.9949   0.5548689   103.40009   3.3913938         n.a.     n.a.
 2026-Jul-25 00:00 *m  08 30 03.29 +19 27 24.0  08 31 34.23 +19 22 07.3  32.10014  -8.01200  275.956169  31.648947   -1.784   5.432   99.99688  31.30290  212.172564   0.840083  6.29799851034517   2.3159147    3.3459 /T    0.6458   0.5514152   104.01434   3.1522084         n.a.     n.a.
 2026-Jul-27 12:00 N   08 32 20.23 +19 19 29.8  08 33 51.05 +19 14 08.6  32.36274  -7.92169   61.037007 -10.358461   -1.783   5.432   99.99934  31.29176  227.947574   0.815472  6.30024182722288   0.7437802    1.5489 /T    0.3005   0.5553028   103.75431   1.0020345         n.a.     n.a.
 2026-Jul-30 00:00 *   08 34 36.66 +19 11 30.3  08 36 07.35 +19 06 05.7  32.08303  -8.21161  277.290133  28.251433   -1.782   5.432   99.99990  31.28718  243.730385   0.790818  6.30116324934567   0.5764576    0.5944 /L    0.1120   0.5519540   104.35658   0.7798898         n.a.     n.a.
 2026-Aug-01 12:00 Nm  08 36 53.16 +19 03 24.4  08 38 23.71 +18 57 55.1  32.27756  -8.10922   63.344490  -7.580094   -1.782   5.433   99.99857  31.28861  259.518181   0.765722  6.30087611922401  -1.0150106    2.2482 /L    0.4283   0.5546771   104.10276   -1.381986         n.a.     n.a.
 2026-Aug-04 00:00 *   08 39 09.02 +18 55 13.7  08 40 39.46 +18 49 40.4  32.00672  -8.39156  278.620270  24.854950   -1.782   5.433   99.99535  31.29657  275.314254   0.740662  6.29927361279328  -1.1675814    4.0611 /L    0.7754   0.5514748   104.69121   -1.598293         n.a.     n.a.
 2026-Aug-06 12:00 Nm  08 41 24.83 +18 46 57.4  08 42 55.13 +18 41 19.7  32.13005  -8.27657   65.572421  -4.736170   -1.782   5.434   99.99025  31.31061  291.115898   0.715137  6.29644766775112  -2.7810996    5.8972 /L    1.1259   0.5529823   104.44512   -3.786116         n.a.     n.a.
 2026-Aug-09 00:00 *   08 43 39.86 +18 38 36.8  08 45 10.07 +18 32 55.1  31.86701  -8.54888  279.957015  21.459346   -1.783   5.434   99.98331  31.33120  306.926387   0.689728  6.29231043701278  -2.9203044    7.7343 /L    1.4751   0.5498964   105.01701   -3.999519         n.a.     n.a.
 2026-Aug-11 12:00 Nm  08 45 54.70 +18 30 11.5  08 47 24.81 +18 24 25.5  31.91241  -8.41922   67.732286  -1.830759   -1.784   5.435   99.97450  31.35799  322.743095   0.663827  6.28693380324547  -4.5533241    9.5830 /L    1.8246   0.5500720   104.77918   -6.221833         n.a.     n.a.
 2026-Aug-14 00:00 *m  08 48 08.59 +18 21 42.6  08 49 38.59 +18 15 52.9  31.64963  -8.67661  281.310033  18.064554   -1.785   5.436   99.96391  31.39136  338.569320   0.638113  6.28025058856306  -4.6800276   11.4301 /L    2.1715   0.5469568   105.33074   -6.436202         n.a.     n.a.
 2026-Aug-16 12:00 N   08 50 22.12 +18 13 10.0  08 51 51.98 +18 07 16.3  31.61299  -8.53057   69.835216   1.133074   -1.787   5.437   99.95152  31.43102  354.402493   0.611876  6.27232741356764  -6.3144295   13.2879 /L    2.5178   0.5457288   105.10124   -8.682241         n.a.     n.a.
 2026-Aug-19 00:00 *m  08 52 34.54 +18 04 34.8  08 54 04.28 +17 58 37.3  31.35387  -8.77195  282.688959  14.670325   -1.789   5.438   99.93746  31.47721   10.245757   0.585892  6.26312210936922  -6.4181571   15.1439 /L    2.8605   0.5426305   105.63016   -8.884865         n.a.     n.a.
 2026-Aug-21 12:00 A   08 54 46.44 +17 55 56.9  08 56 16.07 +17 49 55.3  31.23573  -8.61014   71.892395   4.152664   -1.791   5.440   99.92167  31.52974   26.096589   0.559359  6.25268760608261  -8.0459428   17.0109 /L    3.2021   0.5400117   105.41089   -11.15703         n.a.     n.a.
 2026-Aug-24 00:00 *m  08 56 57.07 +17 47 17.2  08 58 26.61 +17 41 11.9  30.98751  -8.83634  284.103335  11.276990   -1.793   5.441   99.90434  31.58874   41.957961   0.533148  6.24100886255329  -8.1221850   18.8769 /L    3.5395   0.5370461   105.91594   -11.34114         n.a.     n.a.
 2026-Aug-26 12:00 A   08 59 07.06 +17 38 35.8  09 00 36.50 +17 32 26.6  30.79455  -8.66159   73.914616   7.225595   -1.796   5.443   99.88539  31.65414   57.827395   0.506371  6.22811528045067  -9.7406089   20.7545 /L    3.8750   0.5331582   105.70971   -13.64549         n.a.     n.a.
 2026-Aug-29 00:00 *   09 01 15.65 +17 29 53.3  09 02 44.97 +17 23 40.7  30.55499  -8.87046  285.562926   7.885524   -1.799   5.444   99.86503  31.72600   73.707798   0.479991  6.21400910882544  -9.7959060   22.6321 /L    4.2057   0.5302757   106.18861   -13.82177         n.a.     n.a.
 2026-Aug-31 12:00 Am  09 03 23.47 +17 21 10.1  09 04 52.67 +17 14 53.8  30.29032  -8.68433   75.912934  10.349547   -1.802   5.446   99.84318  31.80433   89.596742   0.453036  6.19870389395331 -11.4020174   24.5224 /L    4.5340   0.5251774   105.99776   -16.16372        2.129    2.558
 2026-Sep-03 00:00 *   09 05 29.76 +17 12 26.7  09 06 58.85 +17 06 06.9  30.05994  -8.87457  287.077709   4.497270   -1.806   5.448   99.82009  31.88918  105.497089   0.426555  6.18221141571589 -11.4481348   26.4141 /L    4.8569   0.5223765   106.44813   -16.34913         n.a.     n.a.
 2026-Sep-05 12:00 Am  09 07 35.14 +17 03 43.6  09 09 04.15 +16 57 20.0  29.71231  -8.67351   77.898952  13.522323   -1.810   5.450   99.79566  31.98066  121.406619   0.399493  6.16452590338786 -13.0372714   28.3195 /L    5.1768   0.5158734   106.27339   -18.73891        0.874    6.233
 2026-Sep-08 00:00 *   09 09 38.83 +16 55 01.2  09 11 07.75 +16 48 34.3  29.48734  -8.84193  288.658735   1.114050   -1.814   5.452   99.77019  32.07871  137.328075   0.372973  6.14568377490281 -13.0755643   30.2274 /L    5.4906   0.5130743   106.69162   -18.93903         n.a.     n.a.
 2026-Sep-10 12:00 A   09 11 41.42 +16 46 20.6  09 13 10.26 +16 39 50.1  29.04953  -8.62323   79.884655  16.742459   -1.819   5.454   99.74357  32.18357  153.259440   0.345864  6.12566048893146 -14.6401165   32.1499 /L    5.8005   0.5050399   106.53330   -21.38378         n.a.     n.a.
 2026-Sep-13 00:00 *m  09 13 42.15 +16 37 41.8  09 15 10.87 +16 31 08.3  28.82432  -8.76585  290.318657  -2.261949   -1.824   5.456   99.71613  32.29501  169.203341   0.319356  6.10452332500165 -14.6569913   34.0753 /L    6.1036   0.5021293   106.91520   -21.58653         n.a.     n.a.
 2026-Sep-15 12:00 A   09 15 41.61 +16 29 06.2  09 17 10.24 +16 22 29.1  28.29758  -8.53009   81.883335  20.008921   -1.830   5.458   99.68777  32.41333  185.157787   0.292251  6.08223907559897 -16.1825899   36.0156 /L    6.4020   0.4925883   106.77504   -24.08073         n.a.     n.a.
 2026-Sep-18 00:00 *m  09 17 39.03 +16 20 33.5  09 19 07.57 +16 13 53.3  28.07602  -8.64719  292.071282  -5.627906   -1.835   5.461   99.65883  32.53821  201.125249   0.265805  6.05889679568785 -16.1767069   37.9594 /L    6.6926   0.4896248   107.11842   -24.28439         n.a.     n.a.
 2026-Sep-20 12:00 A   09 19 35.01 +16 12 05.4  09 21 03.50 +16 05 21.8  27.46254  -8.39588   83.909632  23.320426   -1.842   5.463   99.62920  32.67003  217.103849   0.238766  6.03444927850074 -17.6514804   39.9187 /L    6.9779   0.4786213   106.99950   -26.82431         n.a.     n.a.
 2026-Sep-23 00:00 *m  09 21 28.80 +16 03 41.4  09 22 57.20 +15 56 54.9  27.24746  -8.48761  293.932217  -8.979717   -1.848   5.465   99.59926  32.80835  233.095832   0.212450  6.00900724357547 -17.6234879   41.8823 /L    7.2548   0.4756468   107.30187   -27.02947         n.a.     n.a.
 2026-Sep-25 12:00 Am  09 23 20.99 +15 55 23.1  09 24 49.32 +15 48 33.5  26.54920  -8.22209   85.980056  26.675450   -1.855   5.468   99.56887  32.95371  249.099486   0.185555  5.98250205510222 -19.0473075   43.8623 /L    7.5255   0.4632202   107.20738   -29.62600        2.354    2.323
 2026-Sep-28 00:00 *   09 25 10.84 +15 47 10.1  09 26 39.06 +15 40 17.8  26.34131  -8.28784  295.918902 -12.312089   -1.862   5.470   99.53845  33.10553  265.116905   0.159448  5.95506595399293 -18.9986351   45.8476 /L    7.7871   0.4602393   107.46528   -29.83550         n.a.     n.a.
 2026-Sep-30 12:00 Am  09 26 58.93 +15 39 04.1  09 28 27.10 +15 32 08.6  25.55916  -8.00895   88.114230  30.072010   -1.870   5.472   99.50785  33.26449  281.146506   0.132783  5.92660836377879 -20.3689946   47.8506 /L    8.0419   0.4464098   107.39835   -32.49626        1.705    3.210
 2026-Oct-03 00:00 *   09 28 44.52 +15 31 04.6  09 30 12.64 +15 24 06.3  25.35119  -8.04494  298.050994 -15.618325   -1.878   5.475   99.47750  33.42996  297.190326   0.106968  5.89727351373702 -20.3133733   49.8603 /L    8.2867   0.4432844   107.60629   -32.73689         n.a.     n.a.
 2026-Oct-05 12:00  m  09 30 28.17 +15 23 13.6  09 31 56.26 +15 16 12.3  24.47596  -7.74926   90.335493  33.507831   -1.886   5.477   99.44727  33.60270  313.247034   0.080615  5.86695864353126 -21.6205330   51.8890 /L    8.5239   0.4278900   107.56815   -35.47134        1.087    5.038
 2026-Oct-08 00:00 *   09 32 09.13 +15 15 30.4  09 33 37.14 +15 08 26.7  24.26235  -7.75209  300.351770 -18.889997   -1.895   5.479   99.41761  33.78194  329.318504   0.055163  5.83582956239602 -21.5529078   53.9254 /L    8.7502   0.4245116   107.71927   -35.74558         n.a.     n.a.
 2026-Oct-10 12:00     09 33 47.91 +15 07 57.5  09 35 15.87 +15 00 51.0  23.28326  -7.43555   92.672461  36.980654   -1.905   5.482   99.38838  33.96853  345.403645   0.029193  5.80377336857594 -22.7829234   55.9816 /L    8.9678   0.4073620   107.71097   -38.56387         n.a.     n.a.
 2026-Oct-13 00:00 *m  09 35 23.80 +15 00 33.9  09 36 51.69 +14 53 25.0  23.06573  -7.40514  302.848142 -22.116870   -1.914   5.484   99.36007  34.16149    1.504058   0.004169  5.77099110103365 -22.6882531   58.0459 /L    9.1737   0.4037546   107.79897   -38.85446         n.a.     n.a.
 2026-Oct-15 12:00     09 36 57.30 +14 53 22.2  09 38 25.18 +14 46 10.6  21.99010  -7.07117   95.161559  40.487241   -1.925   5.486   99.33252  34.36176   17.618755  -0.021344  5.73735517723301 -23.8289734   60.1306 /L    9.3698   0.3849842   107.82580   -41.75000         n.a.     n.a.
 2026-Oct-18 00:00 *m  09 38 27.73 +14 46 21.4  09 39 55.56 +14 39 07.4  21.76749  -7.00701  305.570703 -25.285743   -1.935   5.488   99.30620  34.56823   33.749126  -0.045861  5.70308706182245 -23.7048192   62.2238 /L    9.5533   0.3811247   107.84349   -42.05873         n.a.     n.a.
 2026-Oct-20 12:00     09 39 55.56 +14 39 33.8  09 41 23.40 +14 32 17.4  20.60199  -6.65895   97.849391  44.022612   -1.946   5.490   99.28098  34.78192   49.894292  -0.070825  5.66804889550231 -24.7494437   64.3382 /L    9.7262   0.3608569   107.91179   -45.03071         n.a.     n.a.
 2026-Oct-23 00:00 *m  09 41 20.16 +14 32 58.5  09 42 47.93 +14 25 40.0  20.37735  -6.56220  308.554063 -28.379778   -1.958   5.492   99.25729  35.00160   66.055435  -0.094742  5.63247414695939 -24.6017160   66.4617 /L    9.8855   0.3567986   107.85033   -45.36351         n.a.     n.a.
 2026-Oct-25 12:00  m  09 42 41.96 +14 26 37.9  09 44 09.72 +14 19 17.2  19.12024  -6.19998  100.797735  47.579294   -1.970   5.494   99.23502  35.22843   82.231916  -0.119052  5.59620914108981 -25.5438040   68.6073 /L   10.0334   0.3350056   107.96593   -48.42221        2.309    2.379
 2026-Oct-28 00:00 *   09 44 00.36 +14 20 30.9  09 45 28.07 +14 13 08.0  18.89277  -6.07030  311.836647 -31.378156   -1.982   5.496   99.21459  35.46100   98.424655  -0.142266  5.55950577407931 -25.3777964   70.7631 /L   10.1670   0.3307337   107.81236   -48.78862         n.a.     n.a.
 2026-Oct-30 12:00  m  09 45 15.75 +14 14 40.1  09 46 43.51 +14 07 15.0  17.54347  -5.69388  104.090429  51.146213   -1.995   5.497   99.19587  35.70062  114.633290  -0.165816  5.52219009224562 -26.2178906   72.9425 /L   10.2881   0.3074055   107.98127   -51.95164        1.900    2.894
 2026-Nov-02 00:00 *   09 46 27.55 +14 09 04.4  09 47 55.29 +14 01 37.3  17.30244  -5.52673  315.460674 -34.254945   -2.008   5.499   99.17928  35.94577  130.858623  -0.188232  5.48453003458834 -26.0329270   75.1334 /L   10.3940   0.3027279   107.71448   -52.37065         n.a.     n.a.
 2026-Nov-04 12:00  m  09 47 36.11 +14 03 46.6  09 49 03.88 +13 56 17.6  15.85449  -5.13342  107.843035  54.707570   -2.022   5.500   99.16473  36.19777  147.100497  -0.210928  5.44634746370993 -26.7567822   77.3492 /L   10.4864   0.2777473   107.94109   -55.65194        0.615    8.947
 2026-Nov-07 00:00 *   09 48 40.87 +13 58 45.4  09 50 08.59 +13 51 14.8  15.59685  -4.92766  319.471338 -36.978326   -2.036   5.501   99.15260  36.45492  163.359488  -0.232461  5.40792976556734 -26.5480721   79.5774 /L   10.5626   0.2726127   107.53339   -56.12830         n.a.     n.a.
 2026-Nov-09 12:00     09 49 42.12 +13 54 04.0  09 51 09.89 +13 46 31.5  14.05015  -4.51788  112.219799  58.239459   -2.050   5.502   99.14280  36.71858  179.635661  -0.254213  5.36909741470202 -27.1358061   81.8312 /L   10.6240   0.2459777   107.82539   -59.53162         n.a.     n.a.
 2026-Nov-12 00:00 *m  09 50 39.38 +13 49 40.6  09 52 07.14 +13 42 06.4  13.78037  -4.27631  323.913227 -39.509823   -2.065   5.503   99.13566  36.98681  195.929190  -0.274772  5.33016086856467 -26.8915682   84.0975 /L   10.6684   0.2404773   107.24011   -60.05108         n.a.     n.a.
 2026-Nov-14 12:00     09 51 32.91 +13 45 38.4  09 53 00.74 +13 38 02.6  12.14344  -3.85416  117.457073  61.704188   -2.081   5.504   99.13109  37.26106  212.240329  -0.295474  5.29092965723403 -27.3394168   86.3900 /L   10.6970   0.2123400   107.60872   -63.58491         n.a.     n.a.
 2026-Nov-17 00:00 *m  09 52 22.27 +13 41 55.7  09 53 50.10 +13 34 18.4  11.86522  -3.57955  328.825064 -41.803148   -2.096   5.504   99.12936  37.53916  228.568943  -0.314951  5.25173264884781 -27.0540636   88.6953 /L   10.7078   0.2065569   106.78771   -64.14129         n.a.     n.a.
 2026-Nov-19 12:00     09 53 07.72 +13 38 35.4  09 54 35.61 +13 30 56.8  10.15202  -3.15117  123.896623  65.041420   -2.113   5.504   99.13038  37.82265  244.915401  -0.334483  5.21236913677183 -27.3560667   91.0273 /L   10.7018   0.1771640   107.24427   -67.80239         n.a.     n.a.
 2026-Nov-22 00:00 *m  09 53 48.85 +13 35 35.6  09 55 16.73 +13 27 55.7  9.864310  -2.84438  334.231665 -43.804796   -2.129   5.504   99.13436  38.10923  261.279308  -0.352760  5.17317245130647 -27.0396763   93.3723 /L   10.6774   0.1711035   106.08493   -68.41137         n.a.     n.a.
 2026-Nov-24 12:00  m  09 54 25.88 +13 32 59.4  09 55 53.84 +13 25 18.1  8.083106  -2.41327  132.021996  68.153096   -2.146   5.504   99.14119  38.40048  277.661263  -0.370998  5.13393646026781 -27.1921406   95.7448 /L   10.6354   0.1405945   106.62341   -72.21024        2.501    2.201
 2026-Nov-27 00:00 *   09 54 58.48 +13 30 44.5  09 56 26.48 +13 23 02.0  7.786080  -2.07556  340.133890 -45.455598   -2.163   5.504   99.15101  38.69397  294.060581  -0.387960  5.09499653698330 -26.8515853   98.1311 /L   10.5743   0.1342996   104.92640   -72.87935         n.a.     n.a.
 2026-Nov-29 12:00  m  09 55 26.77 +13 28 54.4  09 56 54.88 +13 21 10.8  5.931097  -1.63884  142.453479  70.881616   -2.180   5.503   99.16374  38.99135  310.478219  -0.404791  5.05613765806409 -26.8520178  100.5462 /L   10.4949   0.1025558   105.44617   -76.86082        2.602    2.115
 2026-Dec-02 00:00 *   09 55 50.49 +13 27 26.8  09 57 18.62 +13 19 42.4  5.619232  -1.26918  346.498358 -46.693309   -2.198   5.503   99.17945  39.28993  326.913191  -0.420340  5.01771414479772 -26.4788165  102.9760 /L   10.3957   0.0960130   102.72751   -77.59629         n.a.     n.a.
 2026-Dec-04 12:00  m  09 56 09.72 +13 26 25.0  09 57 37.93 +13 18 39.7  3.700908  -0.83087  155.767224  72.986912   -2.215   5.502   99.19805  39.59135  343.366630  -0.435670  4.97951304223017 -26.3116249  105.4355 /L   10.2773   0.0632171   102.65328   -81.77101        0.215   25.562
 2026-Dec-07 00:00 *   09 56 24.24 +13 25 46.5  09 57 52.49 +13 18 00.5  3.376202  -0.43245  353.248109 -47.458278   -2.233   5.501   99.21952  39.89268  359.837171  -0.449717  4.94190028143091 -25.8950087  107.9097 /L   10.1385   0.0567297   97.299076   -82.54409         n.a.     n.a.
 2026-Dec-09 12:00     09 56 34.12 +13 25 34.6  09 58 02.49 +13 17 47.8  1.413197  -0.00027  171.908977  74.156705   -2.251   5.499   99.24375  40.19550   16.326032  -0.463444  4.90466957342320 -25.5505591  110.4137 /L    9.9799   0.0235533   90.011012   -86.87175         n.a.     n.a.
 2026-Dec-12 00:00 *m  09 56 39.26 +13 25 46.4  09 58 07.68 +13 17 58.9  1.089431  0.418481    0.259927 -47.699937   -2.269   5.498   99.27062  40.49671   32.831405  -0.475889  4.86818879718065 -25.0901342  112.9320 /L    9.8007   0.0194507   68.986813   -87.38801         n.a.     n.a.
 2026-Dec-14 12:00     09 56 39.64 +13 26 24.9  09 58 08.19 +13 18 37.1  -0.90061  0.837511  189.434571  74.119780   -2.287   5.496   99.29999  40.79791   49.354706  -0.487904  4.83224853744919 -24.5660231  115.4798 /L    9.6013   0.0204975   312.92083   -87.20976         n.a.     n.a.
 2026-Dec-17 00:00 *m  09 56 35.29 +13 27 27.2  09 58 03.89 +13 19 39.1  -1.21495  1.270262    7.374210 -47.383895   -2.305   5.494   99.33165  41.09580   65.893648  -0.498641  4.79722148453498 -24.0613688  118.0410 /L    9.3813   0.0292957   316.27508   -85.96146         n.a.     n.a.
 2026-Dec-19 12:00     09 56 26.17 +13 28 56.0  09 57 54.89 +13 21 07.7  -3.20480  1.665901  205.928600  72.825952   -2.323   5.492   99.36544  41.39200   82.449785  -0.508835  4.76289253323412 -23.3647360  120.6313 /L    9.1410   0.0601987   297.46603   -81.56257         n.a.     n.a.
 2026-Dec-22 00:00 *m  09 56 12.39 +13 30 48.1  09 57 41.17 +13 22 59.6  -3.50492  2.107978   14.416461 -46.497562   -2.341   5.490   99.40103  41.68312   99.020502  -0.517768  4.72962730421095 -22.8216959  123.2344 /L    8.8806   0.0681666   301.02410   -80.30943         n.a.     n.a.
 2026-Dec-24 12:00  m  09 55 53.85 +13 33 06.1  09 57 22.80 +13 25 17.4  -5.47418  2.473631  219.730828  70.474084   -2.358   5.488   99.43829  41.97078  115.607474  -0.526050  4.69721110988687 -21.9565676  125.8662 /L    8.5999   0.1001187   294.31690   -75.48481        3.066    1.790
 2026-Dec-27 00:00 *   09 55 30.78 +13 35 46.7  09 56 59.81 +13 27 57.9  -5.75960  2.922640   21.224366 -45.050978   -2.376   5.486   99.47679  42.25157  132.207796  -0.533111  4.66599528509924 -21.3891901  128.5105 /L    8.2996   0.1076450   296.90497   -74.15353         n.a.     n.a.
 2026-Dec-29 12:00  m  09 55 02.98 +13 38 52.4  09 56 32.16 +13 31 04.0  -7.69830  3.256623  230.622409  67.351200   -2.392   5.483   99.51638  42.52701  148.823432  -0.539432  4.63577436098754 -20.3501892  131.1837 /L    7.9793   0.1393132   292.92990   -69.01296        1.967    2.788
$$EOE
**********************************************************************************************************************************************************************************************************************************************************************************************
Column meaning:
 
TIME

  Times PRIOR to 1962 are UT1, a mean-solar time closely related to the
prior but now-deprecated GMT. Times AFTER 1962 are in UTC, the current
civil or "wall-clock" time-scale. UTC is kept within 0.9 seconds of UT1
using integer leap-seconds for 1972 and later years.

  Conversion from the internal Barycentric Dynamical Time (TDB) of solar
system dynamics to the non-uniform civil UT time-scale requested for output
has not been determined for UTC times after the next July or January 1st.
Therefore, the last known leap-second is used as a constant over future
intervals.

  Time tags refer to the UT time-scale conversion from TDB on Earth
regardless of observer location within the solar system, although clock
rates may differ due to the local gravity field and no analog to "UT"
may be defined for that location.

  Any 'b' symbol in the 1st-column denotes a B.C. date. First-column blank
(" ") denotes an A.D. date.
 
CALENDAR SYSTEM

  Mixed calendar mode was active such that calendar dates after AD 1582-Oct-15
(if any) are in the modern Gregorian system. Dates prior to 1582-Oct-5 (if any)
are in the Julian calendar system, which is automatically extended for dates
prior to its adoption on 45-Jan-1 BC.  The Julian calendar is useful for
matching historical dates. The Gregorian calendar more accurately corresponds
to the Earth's orbital motion and seasons. A "Gregorian-only" calendar mode is
available if such physical events are the primary interest.

  NOTE: "n.a." in output means quantity "not available" at the print-time.
 
SOLAR PRESENCE (OBSERVING SITE)
  Time tag is followed by a blank, then a solar-presence symbol:

       '*'  Daylight (refracted solar upper-limb on or above apparent horizon)
       'C'  Civil twilight/dawn
       'N'  Nautical twilight/dawn
       'A'  Astronomical twilight/dawn
       ' '  Night OR geocentric ephemeris

LUNAR PRESENCE (OBSERVING SITE)
  The solar-presence symbol is immediately followed by a lunar-presence symbol:

       'm'  Refracted upper-limb of Moon on or above apparent horizon
       ' '  Refracted upper-limb of Moon below apparent horizon OR geocentric
            ephemeris
 
 'R.A._____(ICRF)_____DEC' =
  Astrometric right ascension and declination of the target center with
respect to the observing site (coordinate origin) in the reference frame of
the planetary ephemeris (ICRF). Compensated for down-leg light-time delay
aberration.

  Units: RA  in hours-minutes-seconds of time,    HH MM SS.ff{ffff}
         DEC in degrees-minutes-seconds of arc,  sDD MN SC.f{ffff}
 
 'R.A.__(a-apparent)__DEC' =
  Airless apparent right ascension and declination of the target center
with respect to an instantaneous reference frame defined by the Earth equator
of-date (z-axis) and meridian containing the Earth equinox of-date (x-axis,
EOP-corrected IAU76/80). Compensated for down-leg light-time delay,
gravitational deflection of light, stellar aberration, precession & nutation.
Note: equinox (RA origin) is offset -53 mas from the of-date frame defined
by the IAU06/00a P & N system.

  Units: RA  in hours-minutes-seconds of time,   HH MM SS.ff{ffff}
         DEC in degrees-minutes-seconds of arc, sDD MN SC.f{ffff}
 
 'dRA*cosD d(DEC)/dt' =
  The angular rate of change in apparent RA and DEC of the target. This is
with respect to the non-inertial IAU76/80 Earth true equator and equinox
of-date reference frame.  d(RA)/dt is multiplied by the cosine of declination
to provide a linear rate in the plane-of-sky. Units: ARCSECONDS PER HOUR
 
 'Azi____(a-app)___Elev' =
  Airless apparent azimuth and elevation of target center. Compensated
for light-time, the gravitational deflection of light, stellar aberration,
precession and nutation. Azimuth is measured clockwise from north:

  North(0) -> East(90) -> South(180) -> West(270) -> North (360)

Elevation angle is with respect to a plane perpendicular to the reference
surface local zenith direction. TOPOCENTRIC ONLY.  Units: DEGREES
 
 'APmag   S-brt' =
  The targets' approximate apparent visual magnitude and surface brightness.
For planets and natural satellites, output is restricted to solar phase angles
covered by observational data. Outside the observed phase angle range, "n.a."
may be output to avoid extrapolation beyond the limit of model validity.

   For Earth-based observers, the estimated dimming due to atmospheric
absorption (extinction) is available as a separate, requestable quantity.

   Surface brightness is the average airless visual magnitude of a
square-arcsecond of the illuminated portion of the apparent disk. It is
computed only if the target radius is known.

   Units: MAGNITUDES & MAGNITUDES PER SQUARE ARCSECOND
 
 'Illu%' =
   Fraction of the target objects' assumed circular disk illuminated by Sun
(phase), as seen by the observer.  Units: PERCENT
 
 'Ang-diam' =
   The equatorial angular width of the target body full disk, if it were fully
illuminated and visible to the observer. If the target body diameter is unknown
"n.a." is output.

   Units: ARCSECONDS
 
 'ObsSub-LON ObsSub-LAT' =
   Apparent planetodetic longitude and latitude of the center of the target
disc seen by the OBSERVER at print-time. This is NOT exactly the same as the
"nearest" sub-point for a non-spherical target shape (since the center of the
disc might not be the point closest to the observer), but is generally very
close if not a very irregular body shape. Down-leg light travel-time from
target to observer is taken into account. Latitude is the angle between the
equatorial plane and the line perpendicular to the reference ellipsoid of the
body, so includes body oblateness. The reference ellipsoid is an oblate
spheroid with a single flatness coefficient in which the y-axis body radius
is taken to be the same value as the x-axis radius.  For Jupiter, Saturn, and
Uranus, IAU2015 longitude is based on the "System III" prime meridian rotation
angle of the magnetic field. By contrast, pole direction (thus latitude) is
relative to the body dynamical equator.  There can be an offset between the
magnetic pole and the dynamical pole of rotation. For Neptune, rotation is
IAU2015 "System II" rotation of optically observed features in the Neptunian
atmosphere. Positive longitude is to the WEST for this target. Cartographic
system is specified in the header.  Units: DEGREES DEGREES
 
 'delta      deldot' =
   Apparent range ("delta", light-time aberrated) and range-rate ("delta-dot")
of the target center relative to the observer. A positive "deldot" means the
target center is moving away from the observer, negative indicates movement
toward the observer.  Units: AU and KM/S
 
 'S-O-T /r' =
   Sun-Observer-Target apparent SOLAR ELONGATION ANGLE seen from the observers'
location at print-time.

   The '/r' column provides a code indicating the targets' apparent position
relative to the Sun in the observers' sky, as described below:

   Case A: For an observing location on the surface of a rotating body, that
body rotational sense is considered:

    /T indicates target TRAILS Sun   (evening sky: rises and sets AFTER Sun)
    /L indicates target LEADS Sun    (morning sky: rises and sets BEFORE Sun)

   Case B: For an observing point that does not have a rotational model (such
as a spacecraft), the "leading" and "trailing" condition is defined by the
observers' heliocentric ORBITAL motion:

    * If continuing in the observers' current direction of heliocentric
       motion would encounter the targets' apparent longitude first, followed
       by the Sun's, the target LEADS the Sun as seen by the observer.

    * If the Sun's apparent longitude would be encountered first, followed
       by the targets', the target TRAILS the Sun.

   Two other codes can be output:
    /* indicates observer is Sun-centered    (undefined)
    /? Target is aligned with Sun center     (no lead or trail)

   The S-O-T solar elongation angle is numerically the minimum separation
angle of the Sun and target in the sky in any direction. It does NOT indicate
the amount of separation in the leading or trailing directions, which would
be defined along the equator of a spherical coordinate system.

   Units: DEGREES
 
 'S-T-O' =
   The Sun-Target-Observer angle; the interior vertex angle at target center
formed by a vector from the target to the apparent center of the Sun (at
reflection time on the target) and the apparent vector from target to the
observer at print-time. Slightly different from true PHASE ANGLE (requestable
separately) at the few arcsecond level in that it includes stellar aberration
on the down-leg from target to observer.  Units: DEGREES
 
 'Sky_motion  Sky_mot_PA  RelVel-ANG' =
  Total apparent angular rate of the target in the plane-of-sky. "Sky_mot_PA"
is the position angle of the target's direction of motion in the plane-of-sky,
measured counter-clockwise from the apparent of-date north pole direction.
"RelVel-ANG" is the flight path angle of the target's relative motion with
respect to the observer's line-of-sight, in the range [-90,+90], where positive
values indicate motion away from the observer, negative values are toward the
observer:

  -90 = target is moving directly toward the observer
    0 = target is moving at right angles to the observer's line-of-sight
  +90 = target is moving directly away from the observer

UNITS:  ARCSECONDS/MINUTE, DEGREES, DEGREES
 
 'Lun_Sky_Brt  sky_SNR' =
  Sky brightness due to moonlight scattered by Earth's atmosphere at the
target's position in the sky. "sky_SNR" is the visual signal-to-noise ratio
(SNR) of the target's surface brightness relative to background sky. Output
only for topocentric Earth observers when both the Moon and target are above
the local horizon and the Sun is in astronomical twilight (or further) below
the horizon, and the target is not the Moon or Sun. If all conditions are
not met, "n.a." is output. Galactic brightness, local sky light-pollution
and weather are NOT considered. Lunar opposition surge is considered. The
value returned is accurate under ideal conditions at the approximately 8-23%
level, so is a useful but not definitive value.

  If the target-body radius is also known, "sky_SNR" is output. This is the
approximate visual signal-to-noise ratio of the target's brightness divided
by lunar sky brightness. When sky_SNR < 1, the target is dimmer than the
ideal moonlight-scattering background sky, so unlikely to be detectable at
visual wavelengths. In practice, visibility requires sky_SNR > 1 and a
detector sensitive enough to reach the target's magnitude, even if it isn't
washed out by moonlight. When relating magnitudes and brightness values,
keep in mind their logarithmic relationship m2-m1 = -2.5*log_10(b2/b1).

  UNITS: VISUAL MAGNITUDES / ARCSECOND^2, and unitless ratio

Computations by ...

    Solar System Dynamics Group, Horizons On-Line Ephemeris System
    4800 Oak Grove Drive, Jet Propulsion Laboratory
    Pasadena, CA  91109   USA

    General site: https://ssd.jpl.nasa.gov/
    Mailing list: https://ssd.jpl.nasa.gov/email_list.html
    System news : https://ssd.jpl.nasa.gov/horizons/news.html
    User Guide  : https://ssd.jpl.nasa.gov/horizons/manual.html
    Connect     : browser        https://ssd.jpl.nasa.gov/horizons/app.html#/x
                  API            https://ssd-api.jpl.nasa.gov/doc/horizons.html
                  command-line   telnet ssd.jpl.nasa.gov 6775
                  e-mail/batch   https://ssd.jpl.nasa.gov/ftp/ssd/horizons_batch.txt
                  scripts        https://ssd.jpl.nasa.gov/ftp/ssd/SCRIPTS
    Author      : Jon.D.Giorgini@jpl.nasa.gov

**********************************************************************************************************************************************************************************************************************************************************************************************
