*******************************************************************************
 Revised: April 12, 2021               Jupiter                              599
 
 PHYSICAL DATA (revised 2025-Jan-30):
  Mass x 10^26 (kg)     = 18.9819           Density (g/cm^3)  = 1.3262 +- .0003
  Equat. radius (1 bar) = 71492+-4 km       Polar radius (km)     = 66854+-10
  Vol. Mean Radius (km) = 69911+-6          Flattening            = 0.06487
  Geometric Albedo      = 0.52              Rocky core mass (Mc/M)= 0.0261
  Sid. rot. period (III)= 9h 55m 29.711 s   Sid. rot. rate (rad/s)= 0.00017585
  Mean solar day, hrs   = ~9.9259         
  GM (km^3/s^2)         = 126686531.900     GM 1-sigma (km^3/s^2) =  +- 1.2732
  Equ. grav, ge (m/s^2) = 24.79             Pol. grav, gp (m/s^2) =  28.34
  Vis. magnitude V(1,0) = -9.40
  Vis. mag. (opposition)= -2.70             Obliquity to orbit    =  3.13 deg
  Sidereal orbit period = 11.861982204 y    Sidereal orbit period = 4332.589 d
  Mean daily motion     = 0.0831294 deg/d   Mean orbit speed, km/s= 13.0697
  Atmos. temp. (1 bar)  = 165+-5 K          Escape speed, km/s    =  59.5           
  A_roche(ice)/Rp       =  2.76             Hill's sphere rad. Rp = 740
                                 Perihelion   Aphelion     Mean
  Solar Constant (W/m^2)         56           46           51
  Maximum Planetary IR (W/m^2)   13.7         13.4         13.6
  Minimum Planetary IR (W/m^2)   13.7         13.4         13.6
*******************************************************************************


*******************************************************************************
Ephemeris / WWW_USER Mon Apr  6 15:58:27 2026 Pasadena, USA      / Horizons    
*******************************************************************************
Target body name: Jupiter (599)                   {source: jup365_merged}
Center body name: Earth (399)                     {source: DE441}
Center-site name: (user defined site below)
*******************************************************************************
Start time      : A.D. 2026-Jan-01 00:00:00.0000 UT      
Stop  time      : A.D. 2026-Dec-31 00:00:00.0000 UT      
Step-size       : 3600 minutes
*******************************************************************************
Target pole/equ : IAU_JUPITER                     {West-longitude positive}
Target radii    : 71492.0, 71492.0, 66854.0 km    {Equator_a, b, pole_c}       
Center geodetic : 256.0, 19.0, .500               {E-lon(deg),Lat(deg),Alt(km)}
Center cylindric: 256.0, 6033.26049, 2063.51225   {E-lon(deg),Dxy(km),Dz(km)}
Center pole/equ : ITRF93                          {East-longitude positive}
Center radii    : 6378.137, 6378.137, 6356.752 km {Equator_a, b, pole_c}       
Target primary  : Sun
Vis. interferer : MOON (R_eq= 1737.400) km        {source: DE441}
Rel. light bend : Sun                             {source: jup365_merged}
Rel. lght bnd GM: 1.3271E+11 km^3/s^2                                          
Atmos refraction: NO (AIRLESS)
RA format       : HMS
Time format     : CAL 
Calendar mode   : Mixed Julian/Gregorian
EOP file        : eop.260406.p260703                                           
EOP coverage    : DATA-BASED 1962-JAN-20 TO 2026-APR-06. PREDICTS-> 2026-JUL-02
Units conversion: 1 au= 149597870.700 km, c= 299792.458 km/s, 1 day= 86400.0 s 
Table cut-offs 1: Elevation (-90.0deg=NO ),Airmass (>38.000=NO), Daylight (NO )
Table cut-offs 2: Solar elongation (  0.0,180.0=NO ),Local Hour Angle( 0.0=NO )
Table cut-offs 3: RA/DEC angular rate (     0.0=NO )                           
**********************************************************************************************************************************************************************************************************************************************************************************************
 Date__(UT)__HR:MN     R.A._____(ICRF)_____DEC  R.A.__(a-apparent)__DEC  dRA*cosD d(DEC)/dt  Azi____(a-app)___Elev    APmag   S-brt      Illu%  Ang-diam  ObsSub-LON ObsSub-LAT             delta      deldot     S-O-T /r     S-T-O  Sky_motion  Sky_mot_PA  RelVel-ANG  Lun_Sky_Brt  sky_SNR
**********************************************************************************************************************************************************************************************************************************************************************************************
$$SOE
 2026-Jan-01 00:00 *m  07 30 55.17 +22 02 03.5  07 32 29.96 +21 58 43.8  -19.0711  3.596760   59.530656 -15.596542   -2.670   5.403   99.96876  46.46727  336.671179   1.577397  4.24267721300092  -4.9087407  169.2056 /L    2.0310   0.3234556   280.68037   -16.48945         n.a.     n.a.
 2026-Jan-03 12:00  m  07 29 30.87 +22 05 26.6  07 31 05.83 +22 02 09.9  -19.8146  3.243458  285.388502  28.274777   -2.674   5.403   99.98313  46.52889  353.369861   1.580412  4.23705904273837  -2.8181994  172.0860 /L    1.4944   0.3346389   279.29630   -9.343209        4.389    1.231
 2026-Jan-06 00:00 *   07 28 05.94 +22 08 47.6  07 29 41.01 +22 05 33.9  -19.6368  3.581239   61.875443 -10.899486   -2.676   5.402   99.99313  46.56843   10.060589   1.583579  4.23346060904807  -2.2114705  174.9585 /L    0.9557   0.3326789   280.33564   -7.406955         n.a.     n.a.
 2026-Jan-08 12:00  m  07 26 39.72 +22 12 08.0  07 28 14.90 +22 08 57.6  -20.1063  3.179339  286.640339  23.170462   -2.676   5.403   99.99873  46.58693   26.746440   1.586984  4.23178028354276  -0.0744447  177.8383 /L    0.4136   0.3392691   278.98557   -0.251575        1.571    3.438
 2026-Jan-11 00:00 *   07 25 13.65 +22 15 24.9  07 26 48.90 +22 12 17.4  -19.8446  3.502527   63.974878  -6.099469   -2.676   5.403   99.99984  46.58308   43.421205   1.590368  4.23212949539443   0.5245854  179.2220 /T    0.1410   0.3358554   280.00949   1.7430531         n.a.     n.a.
 2026-Jan-13 12:00  m  07 23 47.08 +22 18 39.1  07 25 22.43 +22 15 34.8  -20.0247  3.058136  287.996266  18.097715   -2.674   5.403   99.99644  46.55776   60.087829   1.593985  4.23443163266999   2.6933842  176.3678 /T    0.6784   0.3376138   278.68304   8.8531794        0.337   16.023
 2026-Jan-16 00:00 *   07 22 21.52 +22 21 48.4  07 23 56.97 +22 18 46.9  -19.6691  3.363495   65.858433  -1.224173   -2.671   5.404   99.98860  46.51027   76.740109   1.597409  4.23875446091854   3.2699098  173.4956 /T    1.2178   0.3325766   279.70395   10.857018         n.a.     n.a.
 2026-Jan-18 12:00     07 20 56.27 +22 24 53.0  07 22 31.83 +22 21 54.8  -19.5547  2.884089  289.461853  13.074358   -2.667   5.405   99.97636  46.44146   93.381027   1.601070  4.24503515871449   5.4455498  170.6139 /T    1.7561   0.3294381   278.38995   17.850377         n.a.     n.a.
 2026-Jan-21 00:00 *m  07 19 32.88 +22 27 51.5  07 21 08.52 +22 24 56.2  -19.1047  3.170055   67.550741   3.700912   -2.661   5.407   99.95997  46.35121  110.004486   1.604379  4.25330031660405   5.9888572  167.7488 /T    2.2871   0.3227651   279.42129   19.839320         n.a.     n.a.
 2026-Jan-23 12:00     07 18 10.65 +22 30 43.6  07 19 46.35 +22 27 51.7  -18.7003  2.663885  291.044757   8.118809   -2.654   5.408   99.93950  46.24038  126.613470   1.607942  4.26349512708475   8.1341275  164.8806 /T    2.8132   0.3148175   278.10734   26.622237         n.a.     n.a.
 2026-Jan-26 00:00 *m  07 16 51.09 +22 33 28.6  07 18 26.84 +22 30 39.4  -18.1692  2.930913   69.072586   8.652395   -2.646   5.410   99.91536  46.10947  143.202301   1.611014  4.27559952958413   8.6279999  162.0334 /T    3.3288   0.3067338   279.16359   28.553208         n.a.     n.a.
 2026-Jan-28 12:00     07 15 33.45 +22 36 05.8  07 17 09.27 +22 33 19.6  -17.4962  2.408769  292.754534   3.249375   -2.636   5.412   99.88763  45.95926  159.774004   1.614366  4.28957404623745  10.7168534  159.1868 /T    3.8367   0.2943546   277.83883   35.071204         n.a.     n.a.
 2026-Jan-31 00:00 *m  07 14 19.18 +22 38 35.3  07 15 55.09 +22 35 51.6  -16.9099  2.659493   70.441061  13.609730   -2.625   5.415   99.85686  45.79080  176.323381   1.617099  4.30535462551461  11.1499327  156.3643 /T    4.3312   0.2852964   278.93793   36.901760         n.a.     n.a.
 2026-Feb-02 12:00  m  07 13 07.48 +22 40 56.2  07 14 43.44 +22 38 15.5  -16.0002  2.133153  294.603509  -1.516180   -2.614   5.417   99.82313  45.60467  192.853565   1.620128  4.32292686296300  13.1657164  153.5451 /T    4.8155   0.2690288   277.59393   43.119857         n.a.     n.a.
 2026-Feb-05 00:00 *   07 11 59.74 +22 43 09.1  07 13 35.74 +22 40 30.9  -15.3734  2.368599   71.669638  18.555709   -2.601   5.420   99.78709  45.40226  209.359731   1.622405  4.34219916384478  13.5480060  150.7519 /T    5.2843   0.2592462   278.75878   44.872395         n.a.     n.a.
 2026-Feb-07 12:00  m  07 10 55.15 +22 45 12.7  07 12 31.15 +22 42 37.1  -14.2460  1.846121  296.606316  -6.160835   -2.587   5.423   99.74882  45.18395  225.844892   1.624985  4.36317825383902  15.4764980  147.9640 /T    5.7406   0.2394194   277.38371   50.786924         n.a.     n.a.
 2026-Feb-10 00:00 *   07 09 55.04 +22 47 08.4  07 11 31.08 +22 44 34.8  -13.5903  2.065452   72.768808  23.475355   -2.573   5.426   99.70904  44.95148  242.304662   1.626686  4.38574273888143  15.8071908  145.2039 /T    6.1794   0.2291059   278.64167   52.460409         n.a.     n.a.
 2026-Feb-12 12:00  m  07 08 58.62 +22 48 54.2  07 10 34.69 +22 46 22.9  -12.2573  1.551709  298.779664 -10.667320   -2.557   5.429   99.66780  44.70504  258.741855   1.628699  4.40991958924774  17.6329013  142.4514 /T    6.6038   0.2059196   277.21494   58.095614         n.a.     n.a.
 2026-Feb-15 00:00 *   07 08 07.14 +22 50 32.1  07 09 43.25 +22 48 02.6  -11.5877  1.753674   73.745457  28.355540   -2.541   5.432   99.62589  44.44677  275.152639   1.629731  4.43554503744702  17.9022675  139.7286 /T    7.0089   0.1953276   278.60579   59.671469         n.a.     n.a.
 2026-Feb-17 12:00     07 07 19.80 +22 51 59.9  07 08 55.90 +22 49 32.5  -10.0793  1.254698  301.142545 -15.018001   -2.524   5.435   99.58333  44.17661  291.539714   1.631093  4.46266967649674  19.6097671  137.0156 /T    7.3978   0.1692856   277.09580   65.028608         n.a.     n.a.
 2026-Feb-20 00:00 *m  07 06 37.77 +22 53 19.9  07 08 13.87 +22 50 54.0  -9.40182  1.436452   74.603209  33.185190   -2.506   5.438   99.54092  43.89702  307.899743   1.631395  4.49109408590312  19.8093050  134.3343 /T    7.7661   0.1585154   278.68673   66.518563         n.a.     n.a.
 2026-Feb-22 12:00     07 06 00.23 +22 54 29.4  07 07 36.29 +22 52 05.2  -7.75450  0.957612  303.715788 -19.195199   -2.488   5.442   99.49863  43.60781  324.235410   1.632057  4.52087929560592  21.3785705  131.6649 /T    8.1169   0.1302235   277.03987   71.588255         n.a.     n.a.
 2026-Feb-25 00:00 *m  07 05 28.23 +22 55 31.4  07 07 04.32 +22 53 08.1  -7.09263  1.119266   75.342270  37.955313   -2.470   5.445   99.45725  43.31159  340.543987   1.631599  4.55179904594981  21.5066537  129.0288 /T    8.4461   0.1196734   278.96772   72.976882         n.a.     n.a.
 2026-Feb-27 12:00     07 05 00.97 +22 56 22.9  07 06 37.05 +22 54 00.9  -5.34212  0.665268  306.522499 -23.181050   -2.451   5.448   99.41668  43.00798  356.828051   1.631526  4.58393198321882  22.9228375  126.4060 /T    8.7571   0.0897230   277.09864   77.762960         n.a.     n.a.
 2026-Mar-02 00:00 *m  07 04 39.34 +22 57 07.4  07 06 15.44 +22 54 46.2  -4.72050  0.807769   75.957790  42.659407   -2.432   5.451   99.37767  42.69967   13.085563   1.630276  4.61702922018022  22.9885407  123.8168 /T    9.0460   0.0798186   279.71036   79.033146         n.a.     n.a.
 2026-Mar-04 12:00  m  07 04 22.56 +22 57 41.3  07 05 58.59 +22 55 21.1  -2.89809  0.382368  309.588103 -26.957342   -2.413   5.454   99.34006  42.38596   29.318842   1.629419  4.65120148324540  24.2588252  121.2412 /T    9.3163   0.0487201   277.51606   83.557677         n.a.     n.a.
 2026-Mar-07 00:00 *   07 04 11.43 +22 58 08.6  07 05 47.45 +22 55 48.7  -2.32135  0.503723   76.439030  47.293111   -2.393   5.457   99.30454  42.06955   45.526280   1.627328  4.68618358881566  24.2711910  118.6988 /T    9.5645   0.0395895   282.24314   84.721012         n.a.     n.a.
 2026-Mar-09 12:00 Am  07 04 05.22 +22 58 25.5  07 05 41.16 +22 56 06.0  -0.44335  0.107033  312.938523 -30.504750   -2.374   5.459   99.27093  41.74950   61.709923   1.625629  4.72210823071965  25.3956927  116.1700 /T    9.7939   0.0076014   283.57265   89.021191         n.a.     n.a.
 2026-Mar-12 00:00 *   07 04 04.64 +22 58 36.1  07 05 40.59 +22 56 16.4  0.088475  0.204357   76.766417  51.852953   -2.354   5.462   99.23983  41.42852   77.868571   1.622651  4.75869381161545  25.3620828  113.6741 /T   10.0012   0.0037115   23.410029   89.517710         n.a.     n.a.
 2026-Mar-14 12:00 Am  07 04 09.01 +22 58 36.2  07 05 44.91 +22 56 16.6  2.006173  -0.16461  316.598824 -33.801840   -2.335   5.464   99.21107  41.10553   94.003948   1.620072  4.79608534673698  26.3303946  111.1919 /T   10.1896   0.0335486   94.690743   85.775394         n.a.     n.a.
 2026-Mar-17 00:00 *   07 04 18.94 +22 58 30.1  07 05 54.83 +22 56 10.1  2.487453  -0.09338   76.906614  56.335947   -2.315   5.466   99.18515  40.78329  110.115414   1.616190  4.83398066857431  26.2468790  108.7425 /T   10.3562   0.0414867   92.149792   84.723129         n.a.     n.a.
 2026-Mar-19 12:00 A   07 04 33.81 +22 58 13.5  07 06 09.59 +22 55 53.3  4.426168  -0.43532  320.590735 -36.825524   -2.296   5.468   99.16187  40.46054  126.204387   1.612715  4.87254134346070  27.0579100  106.3070 /T   10.5039   0.0741254   95.617069   80.834188         n.a.     n.a.
 2026-Mar-22 00:00 *m  07 04 54.12 +22 57 50.7  07 06 29.87 +22 55 29.6  4.849616  -0.39148   76.804618  60.739619   -2.276   5.470   99.14165  40.14007  142.270737   1.607933  4.91144163513660  26.9182672  103.9044 /T   10.6303   0.0810898   94.615080   79.860173         n.a.     n.a.
 2026-Mar-24 12:00 A   07 05 19.25 +22 57 17.4  07 06 54.93 +22 54 55.4  6.779283  -0.70539  324.929535 -39.551475   -2.257   5.471   99.12426  39.82049  158.315723   1.603570  4.95085858844850  27.5676200  101.5159 /T   10.7382   0.1135980   95.940327   76.147069         n.a.     n.a.
 2026-Mar-27 00:00 *m  07 05 49.62 +22 56 38.1  07 07 25.30 +22 54 14.9  7.139781  -0.68896   76.365541  65.061573   -2.238   5.473   99.11000  39.50451  174.339660   1.597900  4.99045947326707  27.3829462   99.1601 /T   10.8256   0.1195491   95.511726   75.245488         n.a.     n.a.
 2026-Mar-29 12:00 A   07 06 24.66 +22 55 48.1  07 08 00.24 +22 53 23.9  9.037126  -0.97396  329.621058 -41.954309   -2.220   5.474   99.09864  39.19058  190.343555   1.592643  5.03043484521532  27.8750256   96.8180 /T   10.8950   0.1514910   96.151211   71.713133         n.a.     n.a.
 2026-Apr-01 00:00 *   07 07 04.65 +22 54 52.3  07 08 40.20 +22 52 26.6  9.329374  -0.98407   75.416537  69.298252   -2.202   5.475   99.09039  38.88125  206.328114   1.586074  5.07045520625861  27.6618177   94.5073 /T   10.9450   0.1563522   96.021330   70.892296         n.a.     n.a.
 2026-Apr-03 12:00 Am  07 07 49.14 +22 53 45.7  07 09 24.57 +22 51 18.5  11.19311  -1.24245  334.656371 -44.008886   -2.184   5.476   99.08502  38.57484  222.293908   1.579897  5.11073052317252  28.0066038   92.2094 /T   10.9778   0.1876977   96.333986   67.509077         n.a.     n.a.
 2026-Apr-06 00:00 *   07 08 38.33 +22 52 33.3  07 10 13.73 +22 50 04.1  11.42092  -1.27987   73.617545  73.441232   -2.166   5.476   99.08267  38.27385  238.242001   1.572408  5.15092219783128  27.7724343   89.9413 /T   10.9920   0.1915401   96.394095   66.760488         n.a.     n.a.
 2026-Apr-08 12:00 Nm  07 09 31.82 +22 51 10.1  07 11 07.12 +22 48 38.9  13.24465  -1.51363  340.006584 -45.691339   -2.149   5.476   99.08311  37.97647  254.172580   1.565291  5.19125692810384  27.9766349   87.6849 /T   10.9897   0.2221809   96.519596   63.510670         n.a.     n.a.
 2026-Apr-11 00:00 *   07 10 29.77 +22 49 40.8  07 12 05.05 +22 47 07.5  13.41943  -1.58018   70.207615  77.468341   -2.132   5.477   99.08643  37.68514  270.086974   1.556875  5.23138975758431  27.7212541   85.4572 /T   10.9698   0.2252024   96.715816   62.809484         n.a.     n.a.
 2026-Apr-13 12:00 Nm  07 11 31.83 +22 48 00.6  07 13 06.99 +22 45 25.2  15.19706  -1.79138  345.619724 -46.981330   -2.115   5.477   99.09243  37.39804  285.985100   1.548812  5.27154999025267  27.7847128   83.2402 /T   10.9340   0.2550380   96.722807   59.676198         n.a.     n.a.
 2026-Apr-16 00:00 *   07 12 38.09 +22 46 14.0  07 14 13.20 +22 43 36.3  15.32074  -1.88698   63.145860  81.313911   -2.099   5.476   99.10110  37.11753  301.868595   1.539479  5.31138924822003  27.5087589   81.0509 /T   10.8815   0.2572751   97.021486   59.016692         n.a.     n.a.
 2026-Apr-18 12:00 N   07 13 48.29 +22 44 16.3  07 15 23.27 +22 41 35.9  17.04540  -2.07734  351.420866 -47.865179   -2.084   5.476   99.11227  36.84181  317.737077   1.530486  5.35113867788469  27.4255320   78.8719 /T   10.8139   0.2861920   96.948422   55.980685         n.a.     n.a.
 2026-Apr-21 00:00 *m  07 15 02.40 +22 42 12.1  07 16 37.36 +22 39 28.8  17.11402  -2.20044   45.427396  84.721928   -2.069   5.475   99.12585  36.57319  333.592621   1.520261  5.39044113471451  27.1258681   76.7200 /T   10.7307   0.2875817   97.326626   55.363002         n.a.     n.a.
 2026-Apr-23 12:00 N   07 16 20.20 +22 39 56.5  07 17 55.06 +22 37 10.4  18.76732  -2.36862  357.317275 -48.337671   -2.054   5.475   99.14168  36.30983  349.434627   1.510355  5.42953863274935  26.9064568   74.5779 /T   10.6331   0.3152701   97.193266   52.438398         n.a.     n.a.
 2026-Apr-26 00:00 *m  07 17 41.60 +22 37 34.2  07 19 16.42 +22 34 45.3  18.78058  -2.51686  357.140213  86.416169   -2.039   5.474   99.15962  36.05390    5.265406   1.499252  5.46808080759643  26.5937072   72.4622 /T   10.5212   0.3158080   97.632954   51.870158         n.a.     n.a.
 2026-Apr-28 12:00 N   07 19 06.44 +22 35 00.6  07 20 41.11 +22 32 08.7  20.35751  -2.66307    3.207277 -48.403241   -2.026   5.473   99.17953  35.80352   21.084100   1.488430  5.50632047049353  26.2510040   70.3553 /T   10.3959   0.3421826   97.452819   49.054076         n.a.     n.a.
 2026-May-01 00:00 *   07 20 34.56 +22 32 20.2  07 22 09.17 +22 29 25.1  20.32554  -2.83572  311.056277  84.603817   -2.012   5.472   99.20121  35.56069   36.893141   1.476440  5.54392045919416  25.9440014   68.2731 /T   10.2572   0.3420400   97.942346   48.538592         n.a.     n.a.
 2026-May-03 12:00 Nm  07 22 05.90 +22 29 28.2  07 23 40.38 +22 26 29.7  21.83206  -2.96256    8.990033 -48.076494   -1.999   5.471   99.22457  35.32358   52.691304   1.464689  5.58113401388300  25.4811890   66.1984 /T   10.1061   0.3672024   97.727693   45.806360         n.a.     n.a.
 2026-May-06 00:00 *   07 23 40.24 +22 26 29.3  07 25 14.69 +22 23 27.3  21.76073  -3.15891  294.431476  81.308825   -1.986   5.469   99.24939  35.09411   68.481257   1.451811  5.61762717983266  25.1796083   64.1469 /T    9.9427   0.3664802   98.259692   45.335038         n.a.     n.a.
 2026-May-08 12:00 Nm  07 25 17.60 +22 23 18.7  07 26 51.92 +22 20 13.2  23.20192  -3.26887   14.575771 -47.380602   -1.974   5.468   99.27561  34.87047   84.261460   1.439131  5.65365618607449  24.6047828   62.1016 /T    9.7675   0.3905176   98.019491   42.672622         n.a.     n.a.
 2026-May-11 00:00 *   07 26 57.71 +22 20 00.9  07 28 31.98 +22 16 51.9  23.09654  -3.48808  287.654777  77.708756   -1.963   5.466   99.30296  34.65454  100.034774   1.425378  5.68888390932614  24.3030995   60.0781 /T    9.5810   0.3893074   98.588011   42.231887         n.a.     n.a.
 2026-May-13 12:00 Cm  07 28 40.63 +22 16 31.3  07 30 14.75 +22 13 18.7  24.46756  -3.58178   19.894029 -46.345561   -1.951   5.465   99.33141  34.44455  115.799473   1.411787  5.72356596640701  23.6175578   58.0597 /T    9.3833   0.4121390   98.328319   39.632393         n.a.     n.a.
 2026-May-16 00:00 *m  07 30 26.06 +22 12 54.1  07 32 00.11 +22 09 37.7  24.33683  -3.82328  284.290725  74.036765   -1.940   5.463   99.36068  34.24231  131.558568   1.397184  5.75737030442728  23.3143224   56.0622 /T    9.1752   0.4105886   98.928122   39.209571         n.a.     n.a.
 2026-May-18 12:00 C   07 32 14.10 +22 09 05.0  07 33 48.03 +22 05 44.6  25.62981  -3.90046   24.897536 -45.005451   -1.930   5.461   99.39076  34.04616  147.310209   1.382711  5.79054014079217  22.5154588   54.0691 /T    8.9568   0.4320818   98.653141   36.664408         n.a.     n.a.
 2026-May-21 00:00 *m  07 34 04.38 +22 05 08.3  07 35 38.27 +22 01 43.9  25.46663  -4.16008  282.435845  70.353261   -1.920   5.460   99.42132  33.85780  163.057650   1.367286  5.82275378082408  22.2125284   52.0964 /T    8.7289   0.4300695   99.277569   36.269318         n.a.     n.a.
 2026-May-23 12:00 C   07 35 57.03 +22 00 59.7  07 37 30.79 +21 57 31.5  26.67707  -4.21991   29.561667 -43.394890   -1.910   5.458   99.45236  33.67560  178.798852   1.351948  5.85425796414527  21.3119112   50.1276 /T    8.4914   0.4501462   98.988850   33.781343         n.a.     n.a.
 2026-May-26 00:00 *m  07 37 51.64 +21 56 43.4  07 39 25.32 +21 53 11.3  26.48394  -4.49474  281.370658  66.677805   -1.901   5.456   99.48357  33.50114  194.537201   1.335712  5.88474395952025  21.0220465   48.1783 /T    8.2456   0.4477107   99.632211   33.425735         n.a.     n.a.
 2026-May-28 12:00 C   07 39 48.41 +21 52 15.5  07 41 21.93 +21 48 39.1  27.61226  -4.53754   33.881075 -41.547476   -1.892   5.455   99.51496  33.33280  210.270417   1.319508  5.91446311366825  20.0350019   46.2317 /T    7.9911   0.4663768   99.332046   30.997957         n.a.     n.a.
 2026-May-31 00:00 *   07 41 46.88 +21 47 39.7  07 43 20.34 +21 43 59.1  27.40236  -4.82756  280.768519  63.017250   -1.884   5.453   99.54622  33.17206  226.001879   1.302464  5.94312244352203  19.7637512   44.3033 /T    7.7291   0.4637392   99.991462   30.675305         n.a.     n.a.
 2026-Jun-02 12:00 Cm  07 43 47.33 +21 42 52.4  07 45 20.66 +21 39 07.5  28.45578  -4.85570   37.863949 -39.494463   -1.876   5.451   99.57738  33.01740  241.729143   1.285402  5.97096161530522  18.6931802   42.3763 /T    7.4589   0.4811182   99.683688   28.291094         n.a.     n.a.
 2026-Jun-05 00:00 *   07 45 49.26 +21 37 57.1  07 47 22.53 +21 34 08.1  28.23312  -5.15938  280.462084  59.373890   -1.868   5.449   99.60814  32.87020  257.455660   1.267565  5.99770024862004  18.4420173   40.4660 /T    7.1821   0.4783445   100.35607   28.000005         n.a.     n.a.
 2026-Jun-07 12:00 Cm  07 47 53.02 +21 32 50.4  07 49 26.14 +21 28 57.1  29.21744  -5.17495   41.527649 -37.263938   -1.861   5.448   99.63856  32.72905  273.178789   1.249665  6.02356767408937  17.2869433   38.5560 /T    6.8978   0.4945365   100.04398   25.641313         n.a.     n.a.
 2026-Jun-10 00:00 *   07 49 58.05 +21 27 35.7  07 51 31.08 +21 23 38.2  28.98512  -5.49066  280.356969  55.748007   -1.854   5.446   99.66832  32.59528  288.902143   1.231066  6.04828687681294  17.0460861   36.6614 /T    6.6076   0.4916765   100.72646   25.366822         n.a.     n.a.
 2026-Jun-12 12:00 Cm  07 52 04.74 +21 22 09.6  07 53 37.62 +21 18 07.6  29.89597  -5.49334   44.895404 -34.880726   -1.847   5.444   99.69750  32.46757  304.622993   1.212362  6.07207892859968  15.8129805   34.7661 /T    6.3103   0.5066079   100.41188   23.034213         n.a.     n.a.
 2026-Jun-15 00:00 *m  07 54 12.51 +21 16 35.4  07 55 45.33 +21 12 29.0  29.65515  -5.81878  280.396219  52.138719   -1.841   5.443   99.72579  32.34719  320.345022   1.193037  6.09467508236820  15.5748775   32.8854 /T    6.0080   0.5036771   101.10124   22.765450         n.a.     n.a.
 2026-Jun-17 12:00 C   07 56 21.76 +21 10 50.2  07 57 54.45 +21 06 39.3  30.48248  -5.80643   47.993066 -32.365908   -1.835   5.441   99.75326  32.23291  336.065541   1.173564  6.11628354909970  14.2650810   31.0034 /T    5.6993   0.5171762   100.78474   20.455160         n.a.     n.a.
 2026-Jun-20 00:00 *m  07 58 31.85 +21 04 57.0  08 00 04.47 +21 00 42.0  30.23157  -6.13770  280.544754  48.544288   -1.829   5.440   99.77962  32.12589  351.788280   1.153541  6.13666001701239  14.0437316   29.1357 /T    5.3863   0.5141387   101.47637   20.211052         n.a.     n.a.
 2026-Jun-22 12:00 C   08 00 43.22 +20 58 53.2  08 02 15.67 +20 54 33.7  30.97499  -6.10983   50.847135 -29.736677   -1.824   5.439   99.80494  32.02493    7.510416   1.133316  6.15600556246621  12.6688322   27.2662 /T    5.0677   0.5261970   101.15837   17.924394         n.a.     n.a.
 2026-Jun-25 00:00 *m  08 02 55.23 +20 52 41.7  08 04 27.58 +20 48 17.8  30.71779  -6.44489  280.779528  44.962462   -1.819   5.438   99.82895  31.93108   23.235693   1.112608  6.17409757490987  12.4708624   25.4100 /T    4.7456   0.5231101   101.84934   17.710704         n.a.     n.a.
 2026-Jun-27 12:00 C   08 05 08.35 +20 46 20.0  08 06 40.56 +20 41 51.4  31.38600  -6.40390   53.483413 -27.007543   -1.815   5.436   99.85174  31.84324   38.961135   1.091645  6.19113072459465  11.0429179   23.5511 /T    4.4186   0.5338777   101.53216   15.445487         n.a.     n.a.
 2026-Jun-30 00:00 *   08 07 21.92 +20 39 50.6  08 08 54.06 +20 35 17.7  31.12867  -6.74199  281.085305  41.391250   -1.810   5.435   99.87306  31.76236   54.690459   1.070271  6.20689414957291  10.8666783   21.7043 /T    4.0887   0.5308401   102.22064   15.256394         n.a.     n.a.
 2026-Jul-02 12:00 Cm  08 09 36.46 +20 33 11.5  08 11 08.46 +20 28 34.0  31.72285  -6.68878   55.925619 -24.190630   -1.806   5.435   99.89300  31.68744   70.420651   1.048596  6.22156948087498   9.3880933   19.8535 /T    3.7544   0.5403392   101.90645   13.003581         n.a.     n.a.
 2026-Jul-05 00:00 *   08 11 51.28 +20 26 24.9  08 13 23.19 +20 21 43.3  31.47316  -7.02959  281.452018  37.828916   -1.803   5.434   99.91134  31.61937   86.155384   1.026590  6.23496414695057   9.2317190   18.0137 /T    3.4179   0.5374775   102.59047   12.833277         n.a.     n.a.
 2026-Jul-07 12:00 Nm  08 14 06.95 +20 19 28.9  08 15 38.69 +20 14 42.7  31.99589  -6.96537   58.195664 -21.296115   -1.799   5.433   99.92815  31.55725  101.891625   1.004243  6.24723711800816   7.7022561   16.1688 /T    3.0774   0.5457546   102.28143   10.580598         n.a.     n.a.
 2026-Jul-10 00:00 *   08 16 22.74 +20 12 25.6  08 17 54.38 +20 07 35.1  31.75118  -7.30597  281.872643  34.273846   -1.796   5.432   99.94325  31.50192  117.633097   0.981649  6.25820932544490   7.5566616   14.3337 /T    2.7354   0.5430150   102.95825   10.418280         n.a.     n.a.
 2026-Jul-12 12:00 Nm  08 18 39.24 +20 05 13.3  08 20 10.76 +20 00 18.1  32.20023  -7.23046   60.313644 -18.332473   -1.794   5.432   99.95671  31.45259  133.376775   0.958676  6.26802452928705   5.9773484   12.4929 /T    2.3899   0.5500339   102.65567   8.1568678         n.a.     n.a.
 2026-Jul-15 00:00 *m  08 20 55.70 +19 57 54.2  08 22 27.14 +19 52 54.7  31.95680  -7.56721  282.342925  30.724445   -1.791   5.432   99.96837  31.41005  149.126457   0.935538  6.27651460666728   5.8377230   10.6614 /T    2.0436   0.5473420   103.32197   7.9967201         n.a.     n.a.
 2026-Jul-17 12:00 N   08 23 12.69 +19 50 26.7  08 24 43.99 +19 45 22.9  32.31901  -7.47639   62.297423 -15.306105   -1.789   5.431   99.97828  31.37356  164.879203   0.911977  6.28381413452817   4.2214219    8.8242 /T    1.6946   0.5528750   103.02518   5.7346795         n.a.     n.a.
 2026-Jul-20 00:00 *m  08 25 29.44 +19 42 52.9  08 27 00.62 +19 37 44.9  32.07949  -7.80688  282.860981  27.178706   -1.787   5.431   99.98632  31.34377  180.638686   0.888320  6.28978719099467   4.0999532    6.9966 /T    1.3456   0.5502628   103.67765   5.5916116         n.a.     n.a.
 2026-Jul-22 12:00 N   08 27 46.56 +19 35 11.5  08 29 17.60 +19 29 59.0  32.35943  -7.70194   64.163341 -12.221870   -1.785   5.431   99.99255  31.32003  196.401962   0.864194  6.29455360041745   2.4576620    5.1644 /T    0.9949   0.5543897   103.38800   3.3288883         n.a.     n.a.
 2026-Jul-25 00:00 *m  08 30 03.28 +19 27 24.2  08 31 34.22 +19 22 07.5  32.12777  -8.02510  283.426016  23.634825   -1.784   5.432   99.99688  31.30288  212.172591   0.840043  6.29800378412072   2.3632122    3.3462 /T    0.6458   0.5519149   104.02475   3.2136435         n.a.     n.a.
 2026-Jul-27 12:00 N   08 32 20.24 +19 19 30.0  08 33 51.06 +19 14 08.9  32.33381  -7.90899   65.925827  -9.083921   -1.783   5.432   99.99934  31.29176  227.947559   0.815384  6.30024087432261   0.6975438    1.5487 /T    0.3005   0.5547841   103.74491   0.9403009         n.a.     n.a.
 2026-Jul-30 00:00 *   08 34 36.65 +19 11 30.4  08 36 07.34 +19 06 05.9  32.11320  -8.22390  284.038818  20.091532   -1.782   5.432   99.99990  31.28715  243.730410   0.790779  6.30116877896423   0.6215386    0.5941 /L    0.1120   0.5524918   104.36423   0.8404834         n.a.     n.a.
 2026-Aug-01 12:00 Nm  08 36 53.16 +19 03 24.7  08 38 23.72 +18 57 55.3  32.24614  -8.09733   67.597787  -5.895495   -1.782   5.433   99.99857  31.28861  259.518170   0.765633  6.30087485708696  -1.0589265    2.2482 /L    0.4283   0.5541211   104.09609   -1.442942         n.a.     n.a.
 2026-Aug-04 00:00 *   08 39 09.01 +18 55 13.9  08 40 39.45 +18 49 40.6  32.03931  -8.40301  284.700287  16.547961   -1.782   5.433   99.99536  31.29654  275.314275   0.740623  6.29927938422188  -1.1249241    4.0608 /L    0.7754   0.5520487   104.69608   -1.538546         n.a.     n.a.
 2026-Aug-06 12:00 Nm  08 41 24.84 +18 46 57.7  08 42 55.14 +18 41 20.0  32.09626  -8.26554   69.191003  -2.659774   -1.782   5.434   99.99025  31.31062  291.115892   0.715048  6.29644610952800  -2.8224917    5.8972 /L    1.1259   0.5523911   104.44123   -3.846302         n.a.     n.a.
 2026-Aug-09 00:00 *   08 43 39.85 +18 38 37.0  08 45 10.06 +18 32 55.2  31.90193  -8.55947  285.413266  13.003266   -1.783   5.434   99.98331  31.33117  306.926404   0.689689  6.29231643511395  -2.8802705    7.7340 /L    1.4750   0.5505042   105.01906   -3.940610         n.a.     n.a.
 2026-Aug-11 12:00 Nm  08 45 54.71 +18 30 11.7  08 47 24.82 +18 24 25.7  31.87636  -8.40906   70.716177   0.621282   -1.784   5.435   99.97449  31.35800  322.743092   0.663738  6.28693196332443  -4.5919962    9.5830 /L    1.8246   0.5494478   104.77810   -6.281267         n.a.     n.a.
 2026-Aug-14 00:00 *m  08 48 08.58 +18 21 42.8  08 49 38.58 +18 15 53.1  31.68675  -8.68631  286.181446   9.456748   -1.785   5.436   99.96392  31.39133  338.569334   0.638074  6.28025679716539  -4.6428091   11.4298 /L    2.1714   0.5475962   105.32993   -6.378099         n.a.     n.a.
 2026-Aug-16 12:00 N   08 50 22.13 +18 13 10.3  08 51 51.99 +18 07 16.5  31.57479  -8.52131   72.183024   3.946618   -1.787   5.437   99.95152  31.43103  354.402496   0.611788  6.27232530758706  -6.3501936   13.2879 /L    2.5178   0.5450739   105.10301   -8.740945         n.a.     n.a.
 2026-Aug-19 00:00 *m  08 52 34.53 +18 04 35.0  08 54 04.27 +17 58 37.5  31.39308  -8.78074  287.009752   5.907529   -1.789   5.438   99.93746  31.47718   10.245768   0.585853  6.26312851129132  -6.3839378   15.1436 /L    2.8605   0.5432993   105.62646   -8.827571         n.a.     n.a.
 2026-Aug-21 12:00 N   08 54 46.45 +17 55 57.2  08 56 16.08 +17 49 55.6  31.19550  -8.60180   73.600838   7.315547   -1.791   5.440   99.92167  31.52976   26.096596   0.559270  6.25268525090061  -8.0786193   17.0110 /L    3.2021   0.5393284   105.41558   -11.21500         n.a.     n.a.
 2026-Aug-24 00:00 *m  08 56 57.07 +17 47 17.4  08 58 26.60 +17 41 12.1  31.02868  -8.84420  287.904204   2.355339   -1.793   5.441   99.90434  31.58871   41.957969   0.533108  6.24101543958882  -8.0911400   18.8766 /L    3.5394   0.5377419   105.90931   -11.28468         n.a.     n.a.
 2026-Aug-26 12:00 N   08 59 07.07 +17 38 36.1  09 00 36.51 +17 32 26.9  30.75243  -8.65418   74.978114  10.727502   -1.796   5.443   99.88539  31.65415   57.827406   0.506283  6.22811269419970  -9.7700275   20.7545 /L    3.8750   0.5324489   105.71737   -13.70268         n.a.     n.a.
 2026-Aug-29 00:00 *   09 01 15.65 +17 29 53.5  09 02 44.96 +17 23 40.9  30.59800  -8.87738  288.872103  -1.199419   -1.799   5.444   99.86503  31.72596   73.707801   0.479950  6.21401584174441  -9.7682004   22.6318 /L    4.2056   0.5309962   106.17899   -13.76619         n.a.     n.a.
 2026-Aug-31 12:00 Nm  09 03 23.48 +17 21 10.4  09 04 52.68 +17 14 54.1  30.24642  -8.67786   76.323213  14.182004   -1.802   5.446   99.84318  31.80435   89.596757   0.452948  6.19870109601889 -11.4280183   24.5225 /L    4.5340   0.5244445   106.00847   -16.22008         n.a.     n.a.
 2026-Sep-03 00:00 *   09 05 29.76 +17 12 26.8  09 06 58.84 +17 06 07.0  30.10465  -8.88053  289.921922  -4.755912   -1.806   5.448   99.82009  31.88914  105.497089   0.426513  6.18221828425085 -11.4239227   26.4137 /L    4.8569   0.5231193   106.43546   -16.29447         n.a.     n.a.
 2026-Sep-05 12:00 Nm  09 07 35.14 +17 03 43.9  09 09 04.15 +16 57 20.2  29.66679  -8.66800   77.644612  17.678722   -1.810   5.450   99.79566  31.98068  121.406639   0.399406  6.16452291437580 -13.0597060   28.3196 /L    5.1768   0.5151194   106.28723   -18.79442         n.a.     n.a.
 2026-Sep-08 00:00 *   09 09 38.82 +16 55 01.4  09 11 07.75 +16 48 34.4  29.53360  -8.84693  291.064170  -8.312830   -1.814   5.452   99.77020  32.07868  137.328073   0.372930  6.14569075779834 -13.0549883   30.2271 /L    5.4905   0.5138367   106.67583   -18.88527         n.a.     n.a.
 2026-Sep-10 12:00 N   09 11 41.43 +16 46 20.9  09 13 10.27 +16 39 50.4  29.00253  -8.61868   78.950562  21.218021   -1.819   5.454   99.74357  32.18359  153.259464   0.345777  6.12565733071165 -14.6588481   32.1499 /L    5.8005   0.5042675   106.55036   -21.43847         n.a.     n.a.
 2026-Sep-13 00:00 *m  09 13 42.15 +16 37 42.0  09 15 10.86 +16 31 08.4  28.87198  -8.76989  292.311984 -11.868516   -1.824   5.456   99.71614  32.29497  169.203335   0.319311  6.10453040008144 -14.6401820   34.0749 /L    6.1035   0.5029087   106.89620   -21.53369         n.a.     n.a.
 2026-Sep-15 12:00 N   09 15 41.61 +16 29 06.4  09 17 10.25 +16 22 29.4  28.24927  -8.52651   80.249979  24.800812   -1.830   5.458   99.68777  32.41335  185.157816   0.292164  6.08223577126770 -16.1974942   36.0157 /L    6.4020   0.4918002   106.79545   -24.13459         n.a.     n.a.
 2026-Sep-18 00:00 *m  09 17 39.03 +16 20 33.7  09 19 07.57 +16 13 53.5  28.12490  -8.65025  293.680871 -15.420556   -1.835   5.461   99.65883  32.53817  201.125240   0.265759  6.05890393984832 -16.1637817   37.9590 /L    6.6926   0.4904185   107.09610   -24.23246         n.a.     n.a.
 2026-Sep-20 12:00 N   09 19 35.01 +16 12 05.7  09 21 03.50 +16 05 22.1  27.41309  -8.39327   81.552514  28.427873   -1.842   5.463   99.62920  32.67005  217.103883   0.238680  6.03444585237826 -17.6624467   39.9188 /L    6.9779   0.4778204   107.02341   -26.87732         n.a.     n.a.
 2026-Sep-23 00:00 *m  09 21 28.80 +16 03 41.6  09 22 57.20 +15 56 55.0  27.29741  -8.48970  295.189653 -18.965133   -1.848   5.465   99.59926  32.80831  233.095820   0.212403  6.00901443282454 -17.6145503   41.8819 /L    7.2547   0.4764520   107.27609   -26.97849         n.a.     n.a.
 2026-Sep-25 12:00 N   09 23 20.99 +15 55 23.4  09 24 49.32 +15 48 33.8  26.49877  -8.22046   82.868942  32.099892   -1.855   5.468   99.56888  32.95373  249.099524   0.185470  5.98249853272814 -19.0542399   43.8623 /L    7.5255   0.4624094   107.23495   -29.67812         n.a.     n.a.
 2026-Sep-28 00:00 *   09 25 10.84 +15 47 10.3  09 26 39.06 +15 40 18.0  26.39213  -8.28895  296.860810 -22.496986   -1.862   5.470   99.53845  33.10549  265.116890   0.159398  5.95507316346806 -18.9937728   45.8472 /L    7.7871   0.4610529   107.43589   -29.78551         n.a.     n.a.
 2026-Sep-30 12:00 Nm  09 26 58.93 +15 39 04.4  09 28 27.10 +15 32 08.9  25.50797  -8.00828   84.212315  35.817444   -1.870   5.472   99.50785  33.26452  281.146549   0.132699  5.92660477183545 -20.3718134   47.8507 /L    8.0419   0.4455922   107.42979   -32.54747         n.a.     n.a.
 2026-Oct-03 00:00 *   09 28 44.52 +15 31 04.8  09 30 12.63 +15 24 06.5  25.40268  -8.04508  298.721319 -26.009085   -1.878   5.475   99.47750  33.42992  297.190308   0.106916  5.89728071773333 -20.3126572   49.8599 /L    8.2867   0.4441032   107.57309   -32.68788         n.a.     n.a.
 2026-Oct-05 12:00 Am  09 30 28.17 +15 23 13.9  09 31 56.26 +15 16 12.6  24.42419  -7.74956   85.598376  39.581172   -1.886   5.477   99.44727  33.60272  313.247080   0.080532  5.86695500982780 -21.6191760   51.8891 /L    8.5239   0.4270691   107.60373   -35.52166        1.088    5.036
 2026-Oct-08 00:00 *   09 32 09.13 +15 15 30.6  09 33 37.14 +15 08 26.9  24.31430  -7.75127  300.804791 -29.492211   -1.895   5.479   99.41761  33.78190  329.318483   0.055109  5.83583673447076 -21.5563912   53.9250 /L    8.7502   0.4253323   107.68200   -35.69750         n.a.     n.a.
 2026-Oct-10 12:00 A   09 33 47.91 +15 07 57.8  09 35 15.87 +15 00 51.3  23.23115  -7.43681   87.046872  43.392262   -1.905   5.482   99.38839  33.96855  345.403696   0.029111  5.80376972204981 -22.7773462   55.9817 /L    8.9678   0.4065412   107.75103   -38.61338         n.a.     n.a.
 2026-Oct-13 00:00 *m  09 35 23.80 +15 00 34.1  09 36 51.69 +14 53 25.2  23.11791  -7.40335  303.152312 -32.934546   -1.914   5.484   99.36007  34.16144    1.504034   0.004112  5.77099821404943 -22.6959708   58.0455 /L    9.1737   0.4045736   107.75729   -38.80724         n.a.     n.a.
 2026-Oct-15 12:00 A   09 36 57.30 +14 53 22.5  09 38 25.18 +14 46 10.9  21.93789  -7.07340   88.584374  47.251748   -1.925   5.486   99.33252  34.36178   17.618810  -0.021424  5.73735154786987 -23.8191510   60.1307 /L    9.3698   0.3841671   107.87079   -41.79874         n.a.     n.a.
 2026-Oct-18 00:00 *m  09 38 27.73 +14 46 21.5  09 39 55.56 +14 39 07.6  21.81965  -7.00426  305.813614 -36.320061   -1.935   5.488   99.30620  34.56819   33.749099  -0.045921  5.70309408800657 -23.7167858   62.2235 /L    9.5533   0.3819383   107.79699   -42.01233         n.a.     n.a.
 2026-Oct-20 12:00 A   09 39 55.56 +14 39 34.1  09 41 23.40 +14 32 17.7  20.54993  -6.66212   90.247236  51.159950   -1.946   5.490   99.28098  34.78194   49.894352  -0.070904  5.66804531429238 -24.7353722   64.3383 /L    9.7261   0.3600476   107.96227   -45.07874         n.a.     n.a.
 2026-Oct-23 00:00 *m  09 41 20.16 +14 32 58.7  09 42 47.93 +14 25 40.2  20.42923  -6.55850  308.848645 -39.627261   -1.958   5.492   99.25730  35.00156   66.055406  -0.094805  5.63248105799275 -24.6179240   66.4613 /L    9.8855   0.3576028   107.79845   -45.31786         n.a.     n.a.
 2026-Oct-25 12:00 Am  09 42 41.96 +14 26 38.2  09 44 09.72 +14 19 17.5  19.06861  -6.20409   92.088316  55.116221   -1.970   5.494   99.23503  35.22845   82.231979  -0.119130  5.59620563990995 -25.5255021   68.6074 /L   10.0334   0.3342082   108.02263   -48.46961        2.117    2.595
 2026-Oct-28 00:00 *   09 44 00.36 +14 20 31.1  09 45 28.08 +14 13 08.2  18.94407  -6.06565  312.328420 -42.827985   -1.982   5.496   99.21459  35.46096   98.424623  -0.142332  5.55951254116867 -25.3982149   70.7627 /L   10.1670   0.3315242   107.75441   -48.74363         n.a.     n.a.
 2026-Oct-30 12:00 Am  09 45 15.75 +14 14 40.4  09 46 43.51 +14 07 15.3  17.49255  -5.69893   94.188273  59.118445   -1.995   5.497   99.19588  35.70065  114.633357  -0.165893  5.52218670371982 -26.1954016   72.9426 /L   10.2881   0.3066246   108.04520   -51.99852        1.887    2.914
 2026-Nov-02 00:00 *   09 46 27.56 +14 09 04.6  09 47 55.30 +14 01 37.5  17.35286  -5.52114  316.335661 -45.885197   -2.008   5.499   99.17928  35.94572  130.858587  -0.188301  5.48453662860079 -26.0575001   75.1330 /L   10.3940   0.3035004   107.64946   -52.32614         n.a.     n.a.
 2026-Nov-04 12:00 Am  09 47 36.11 +14 03 46.9  09 49 03.88 +13 56 17.9  15.80461  -5.13941   96.675886  63.162503   -2.022   5.500   99.16474  36.19779  147.100569  -0.211003  5.44634422116799 -26.7301748   77.3494 /L   10.4863   0.2769873   108.01370   -55.69851        0.636    8.653
 2026-Nov-07 00:00 *   09 48 40.87 +13 58 45.6  09 50 08.60 +13 51 15.0  15.64607  -4.92115  320.962977 -48.750831   -2.036   5.501   99.15260  36.45487  163.359450  -0.232533  5.40793615717449 -26.5767173   79.5770 /L   10.5626   0.2733625   107.45989   -56.08402         n.a.     n.a.
 2026-Nov-09 12:00 A   09 49 42.11 +13 54 04.3  09 51 09.88 +13 46 31.8  14.00165  -4.52479   99.773987  67.239763   -2.051   5.502   99.14281  36.71860  179.635736  -0.254287  5.36909435203072 -27.1051763   81.8314 /L   10.6240   0.2452436   107.90882   -59.57817         n.a.     n.a.
 2026-Nov-12 00:00 *m  09 50 39.39 +13 49 40.8  09 52 07.14 +13 42 06.6  13.82805  -4.26888  326.304424 -51.363497   -2.065   5.503   99.13565  36.98676  195.929150  -0.274848  5.33016702836010 -26.9241753   84.0972 /L   10.6684   0.2411997   107.15606   -60.00673         n.a.     n.a.
 2026-Nov-14 12:00 A   09 51 32.90 +13 45 38.7  09 53 00.74 +13 38 02.9  12.09667  -3.86198  103.901748  71.330952   -2.081   5.504   99.13110  37.26108  212.240407  -0.295546  5.29092680869492 -27.3048894   86.3903 /L   10.6970   0.2116368   107.70620   -63.63177         n.a.     n.a.
 2026-Nov-17 00:00 *m  09 52 22.28 +13 41 55.9  09 53 50.11 +13 34 18.6  11.91098  -3.57120  332.438885 -53.646393   -2.096   5.504   99.12936  37.53912  228.568901  -0.315031  5.25173854755300 -27.0904924   88.6950 /L   10.7078   0.2072471   106.69002   -64.09649         n.a.     n.a.
 2026-Nov-19 12:00 A   09 53 07.71 +13 38 35.7  09 54 35.60 +13 30 57.1  10.10737  -3.15990  109.939819  75.391227   -2.113   5.504   99.13039  37.82267  244.915482  -0.334554  5.21236653677843 -27.3177976   91.0275 /L   10.7018   0.1764967   107.36097   -67.84994         n.a.     n.a.
 2026-Nov-22 00:00 *m  09 53 48.86 +13 35 35.8  09 55 16.74 +13 27 56.0  9.907752  -2.83514  339.401445 -55.508741   -2.129   5.504   99.13436  38.10919  261.279264  -0.352844  5.17317805997723 -27.0797547   93.3719 /L   10.6774   0.1717569   105.96866   -68.36563         n.a.     n.a.
 2026-Nov-24 12:00 Am  09 54 25.87 +13 32 59.7  09 55 53.83 +13 25 18.4  8.040965  -2.42289  120.013443  79.302362   -2.146   5.504   99.14120  38.40050  277.661347  -0.371068  5.13393414305533 -27.1503184   95.7450 /L   10.6353   0.1399678   106.76849   -72.25900        2.340    2.353
 2026-Nov-27 00:00 *   09 54 58.49 +13 30 44.8  09 56 26.49 +13 23 02.3  7.826802  -2.06544  347.145555 -56.851680   -2.163   5.504   99.15101  38.69393  294.060535  -0.388047  5.09500182724782 -26.8951075   98.1307 /L   10.5743   0.1349124   104.78295   -72.83200         n.a.     n.a.
 2026-Nov-29 12:00 Am  09 55 26.76 +13 28 54.7  09 56 54.87 +13 21 11.1  5.891887  -1.64932  139.850767  82.689026   -2.180   5.503   99.16375  38.99137  310.478306  -0.404859  5.05613565741070 -26.8068654  100.5465 /L   10.4948   0.1019730   105.63859   -76.91167        2.599    2.117
 2026-Dec-02 00:00 *   09 55 50.51 +13 27 27.1  09 57 18.63 +13 19 42.6  5.656811  -1.25820  355.509308 -57.579848   -2.198   5.503   99.17945  39.28989  326.913145  -0.420432  5.01771908917374 -26.5255422  102.9757 /L   10.3957   0.0965841   102.53975   -77.54609         n.a.     n.a.
 2026-Dec-04 12:00 Am  09 56 09.70 +13 26 25.3  09 57 37.92 +13 18 40.0  3.665059  -0.84220  179.129001  84.310487   -2.215   5.502   99.19806  39.59136  343.366718  -0.435737  4.97951139120353 -26.2634002  105.4358 /L   10.2772   0.0626763   102.94142   -81.82567        0.236   23.300
 2026-Dec-07 00:00 *   09 56 24.26 +13 25 46.8  09 57 52.50 +13 18 00.7  3.410203  -0.42063    4.208790 -57.619386   -2.233   5.501   99.21951  39.89264  359.837123  -0.449813  4.94190485360039 -25.9446619  107.9094 /L   10.1386   0.0572674   97.031551   -82.48846         n.a.     n.a.
 2026-Dec-09 12:00 A   09 56 34.11 +13 25 34.9  09 58 02.48 +13 17 48.1  1.381147  -0.01243  219.271831  82.705398   -2.251   5.499   99.24376  40.19551   16.326123  -0.463510  4.90466830394116 -25.4995562  110.4140 /L    9.9798   0.0230201   90.515661   -86.93633         n.a.     n.a.
 2026-Dec-12 00:00 *m  09 56 39.27 +13 25 46.6  09 58 07.70 +13 17 59.2  1.119415  0.431109   12.881248 -56.934664   -2.269   5.498   99.27061  40.49668   32.831357  -0.475989  4.86819297237075 -25.1424023  112.9317 /L    9.8008   0.0199927   68.937323   -87.32091         n.a.     n.a.
 2026-Dec-14 12:00     09 56 39.62 +13 26 25.3  09 58 08.18 +13 18 37.4  -0.92842  0.824561  239.852143  79.135564   -2.287   5.496   99.30000  40.79792   49.354798  -0.487968  4.83224767980529 -24.5125733  115.4801 /L    9.6012   0.0206953   311.60927   -87.17673         n.a.     n.a.
 2026-Dec-17 00:00 *m  09 56 35.31 +13 27 27.5  09 58 03.90 +13 19 39.4  -1.18942  1.283659   21.170652 -55.536170   -2.305   5.494   99.33164  41.09576   65.893600  -0.498744  4.79722523994926 -24.1159019  118.0407 /L    9.3814   0.0291667   317.18228   -85.98826         n.a.     n.a.
 2026-Dec-19 12:00     09 56 26.16 +13 28 56.3  09 57 54.87 +13 21 08.0  -3.22794  1.652204  250.261967  74.869997   -2.323   5.492   99.36545  41.39200   82.449877  -0.508898  4.76289211553159 -23.3092076  120.6316 /L    9.1409   0.0604368   297.10538   -81.50980         n.a.     n.a.
 2026-Dec-22 00:00 *m  09 56 12.40 +13 30 48.4  09 57 41.18 +13 22 59.8  -3.48428  2.122093   28.809681 -53.475260   -2.341   5.490   99.40103  41.68309   99.020454  -0.517874  4.72963061946127 -22.8781078  123.2341 /L    8.8806   0.0679940   301.34342   -80.35688         n.a.     n.a.
 2026-Dec-24 12:00  m  09 55 53.84 +13 33 06.4  09 57 22.78 +13 25 17.7  -5.49223  2.459242  256.495931  70.305297   -2.358   5.488   99.43830  41.97078  115.607567  -0.526112  4.69721115743371 -21.8993648  125.8666 /L    8.5998   0.1002946   294.12129   -75.42401        2.995    1.833
 2026-Dec-27 00:00 *   09 55 30.79 +13 35 46.9  09 56 59.83 +13 27 58.2  -5.74424  2.937409   35.656178 -50.828294   -2.376   5.486   99.47678  42.25155  132.207749  -0.533221  4.66599814270415 -21.4470590  128.5102 /L    8.2996   0.1075286   297.08367   -74.21038         n.a.     n.a.
 2026-Dec-29 12:00  m  09 55 02.97 +13 38 52.7  09 56 32.14 +13 31 04.3  -7.71087  3.241614  260.778349  65.569272   -2.392   5.483   99.51639  42.52701  148.823525  -0.539492  4.63577489579928 -20.2917505  131.1840 /L    7.9792   0.1394091   292.80166   -68.94459        1.989    2.757
$$EOE
**********************************************************************************************************************************************************************************************************************************************************************************************
Column meaning:
 
TIME

  Times PRIOR to 1962 are UT1, a mean-solar time closely related to the
prior but now-deprecated GMT. Times AFTER 1962 are in UTC, the current
civil or "wall-clock" time-scale. UTC is kept within 0.9 seconds of UT1
using integer leap-seconds for 1972 and later years.

  Conversion from the internal Barycentric Dynamical Time (TDB) of solar
system dynamics to the non-uniform civil UT time-scale requested for output
has not been determined for UTC times after the next July or January 1st.
Therefore, the last known leap-second is used as a constant over future
intervals.

  Time tags refer to the UT time-scale conversion from TDB on Earth
regardless of observer location within the solar system, although clock
rates may differ due to the local gravity field and no analog to "UT"
may be defined for that location.

  Any 'b' symbol in the 1st-column denotes a B.C. date. First-column blank
(" ") denotes an A.D. date.
 
CALENDAR SYSTEM

  Mixed calendar mode was active such that calendar dates after AD 1582-Oct-15
(if any) are in the modern Gregorian system. Dates prior to 1582-Oct-5 (if any)
are in the Julian calendar system, which is automatically extended for dates
prior to its adoption on 45-Jan-1 BC.  The Julian calendar is useful for
matching historical dates. The Gregorian calendar more accurately corresponds
to the Earth's orbital motion and seasons. A "Gregorian-only" calendar mode is
available if such physical events are the primary interest.

  NOTE: "n.a." in output means quantity "not available" at the print-time.
 
SOLAR PRESENCE (OBSERVING SITE)
  Time tag is followed by a blank, then a solar-presence symbol:

       '*'  Daylight (refracted solar upper-limb on or above apparent horizon)
       'C'  Civil twilight/dawn
       'N'  Nautical twilight/dawn
       'A'  Astronomical twilight/dawn
       ' '  Night OR geocentric ephemeris

LUNAR PRESENCE (OBSERVING SITE)
  The solar-presence symbol is immediately followed by a lunar-presence symbol:

       'm'  Refracted upper-limb of Moon on or above apparent horizon
       ' '  Refracted upper-limb of Moon below apparent horizon OR geocentric
            ephemeris
 
 'R.A._____(ICRF)_____DEC' =
  Astrometric right ascension and declination of the target center with
respect to the observing site (coordinate origin) in the reference frame of
the planetary ephemeris (ICRF). Compensated for down-leg light-time delay
aberration.

  Units: RA  in hours-minutes-seconds of time,    HH MM SS.ff{ffff}
         DEC in degrees-minutes-seconds of arc,  sDD MN SC.f{ffff}
 
 'R.A.__(a-apparent)__DEC' =
  Airless apparent right ascension and declination of the target center
with respect to an instantaneous reference frame defined by the Earth equator
of-date (z-axis) and meridian containing the Earth equinox of-date (x-axis,
EOP-corrected IAU76/80). Compensated for down-leg light-time delay,
gravitational deflection of light, stellar aberration, precession & nutation.
Note: equinox (RA origin) is offset -53 mas from the of-date frame defined
by the IAU06/00a P & N system.

  Units: RA  in hours-minutes-seconds of time,   HH MM SS.ff{ffff}
         DEC in degrees-minutes-seconds of arc, sDD MN SC.f{ffff}
 
 'dRA*cosD d(DEC)/dt' =
  The angular rate of change in apparent RA and DEC of the target. This is
with respect to the non-inertial IAU76/80 Earth true equator and equinox
of-date reference frame.  d(RA)/dt is multiplied by the cosine of declination
to provide a linear rate in the plane-of-sky. Units: ARCSECONDS PER HOUR
 
 'Azi____(a-app)___Elev' =
  Airless apparent azimuth and elevation of target center. Compensated
for light-time, the gravitational deflection of light, stellar aberration,
precession and nutation. Azimuth is measured clockwise from north:

  North(0) -> East(90) -> South(180) -> West(270) -> North (360)

Elevation angle is with respect to a plane perpendicular to the reference
surface local zenith direction. TOPOCENTRIC ONLY.  Units: DEGREES
 
 'APmag   S-brt' =
  The targets' approximate apparent visual magnitude and surface brightness.
For planets and natural satellites, output is restricted to solar phase angles
covered by observational data. Outside the observed phase angle range, "n.a."
may be output to avoid extrapolation beyond the limit of model validity.

   For Earth-based observers, the estimated dimming due to atmospheric
absorption (extinction) is available as a separate, requestable quantity.

   Surface brightness is the average airless visual magnitude of a
square-arcsecond of the illuminated portion of the apparent disk. It is
computed only if the target radius is known.

   Units: MAGNITUDES & MAGNITUDES PER SQUARE ARCSECOND
 
 'Illu%' =
   Fraction of the target objects' assumed circular disk illuminated by Sun
(phase), as seen by the observer.  Units: PERCENT
 
 'Ang-diam' =
   The equatorial angular width of the target body full disk, if it were fully
illuminated and visible to the observer. If the target body diameter is unknown
"n.a." is output.

   Units: ARCSECONDS
 
 'ObsSub-LON ObsSub-LAT' =
   Apparent planetodetic longitude and latitude of the center of the target
disc seen by the OBSERVER at print-time. This is NOT exactly the same as the
"nearest" sub-point for a non-spherical target shape (since the center of the
disc might not be the point closest to the observer), but is generally very
close if not a very irregular body shape. Down-leg light travel-time from
target to observer is taken into account. Latitude is the angle between the
equatorial plane and the line perpendicular to the reference ellipsoid of the
body, so includes body oblateness. The reference ellipsoid is an oblate
spheroid with a single flatness coefficient in which the y-axis body radius
is taken to be the same value as the x-axis radius.  For Jupiter, Saturn, and
Uranus, IAU2015 longitude is based on the "System III" prime meridian rotation
angle of the magnetic field. By contrast, pole direction (thus latitude) is
relative to the body dynamical equator.  There can be an offset between the
magnetic pole and the dynamical pole of rotation. For Neptune, rotation is
IAU2015 "System II" rotation of optically observed features in the Neptunian
atmosphere. Positive longitude is to the WEST for this target. Cartographic
system is specified in the header.  Units: DEGREES DEGREES
 
 'delta      deldot' =
   Apparent range ("delta", light-time aberrated) and range-rate ("delta-dot")
of the target center relative to the observer. A positive "deldot" means the
target center is moving away from the observer, negative indicates movement
toward the observer.  Units: AU and KM/S
 
 'S-O-T /r' =
   Sun-Observer-Target apparent SOLAR ELONGATION ANGLE seen from the observers'
location at print-time.

   The '/r' column provides a code indicating the targets' apparent position
relative to the Sun in the observers' sky, as described below:

   Case A: For an observing location on the surface of a rotating body, that
body rotational sense is considered:

    /T indicates target TRAILS Sun   (evening sky: rises and sets AFTER Sun)
    /L indicates target LEADS Sun    (morning sky: rises and sets BEFORE Sun)

   Case B: For an observing point that does not have a rotational model (such
as a spacecraft), the "leading" and "trailing" condition is defined by the
observers' heliocentric ORBITAL motion:

    * If continuing in the observers' current direction of heliocentric
       motion would encounter the targets' apparent longitude first, followed
       by the Sun's, the target LEADS the Sun as seen by the observer.

    * If the Sun's apparent longitude would be encountered first, followed
       by the targets', the target TRAILS the Sun.

   Two other codes can be output:
    /* indicates observer is Sun-centered    (undefined)
    /? Target is aligned with Sun center     (no lead or trail)

   The S-O-T solar elongation angle is numerically the minimum separation
angle of the Sun and target in the sky in any direction. It does NOT indicate
the amount of separation in the leading or trailing directions, which would
be defined along the equator of a spherical coordinate system.

   Units: DEGREES
 
 'S-T-O' =
   The Sun-Target-Observer angle; the interior vertex angle at target center
formed by a vector from the target to the apparent center of the Sun (at
reflection time on the target) and the apparent vector from target to the
observer at print-time. Slightly different from true PHASE ANGLE (requestable
separately) at the few arcsecond level in that it includes stellar aberration
on the down-leg from target to observer.  Units: DEGREES
 
 'Sky_motion  Sky_mot_PA  RelVel-ANG' =
  Total apparent angular rate of the target in the plane-of-sky. "Sky_mot_PA"
is the position angle of the target's direction of motion in the plane-of-sky,
measured counter-clockwise from the apparent of-date north pole direction.
"RelVel-ANG" is the flight path angle of the target's relative motion with
respect to the observer's line-of-sight, in the range [-90,+90], where positive
values indicate motion away from the observer, negative values are toward the
observer:

  -90 = target is moving directly toward the observer
    0 = target is moving at right angles to the observer's line-of-sight
  +90 = target is moving directly away from the observer

UNITS:  ARCSECONDS/MINUTE, DEGREES, DEGREES
 
 'Lun_Sky_Brt  sky_SNR' =
  Sky brightness due to moonlight scattered by Earth's atmosphere at the
target's position in the sky. "sky_SNR" is the visual signal-to-noise ratio
(SNR) of the target's surface brightness relative to background sky. Output
only for topocentric Earth observers when both the Moon and target are above
the local horizon and the Sun is in astronomical twilight (or further) below
the horizon, and the target is not the Moon or Sun. If all conditions are
not met, "n.a." is output. Galactic brightness, local sky light-pollution
and weather are NOT considered. Lunar opposition surge is considered. The
value returned is accurate under ideal conditions at the approximately 8-23%
level, so is a useful but not definitive value.

  If the target-body radius is also known, "sky_SNR" is output. This is the
approximate visual signal-to-noise ratio of the target's brightness divided
by lunar sky brightness. When sky_SNR < 1, the target is dimmer than the
ideal moonlight-scattering background sky, so unlikely to be detectable at
visual wavelengths. In practice, visibility requires sky_SNR > 1 and a
detector sensitive enough to reach the target's magnitude, even if it isn't
washed out by moonlight. When relating magnitudes and brightness values,
keep in mind their logarithmic relationship m2-m1 = -2.5*log_10(b2/b1).

  UNITS: VISUAL MAGNITUDES / ARCSECOND^2, and unitless ratio

Computations by ...

    Solar System Dynamics Group, Horizons On-Line Ephemeris System
    4800 Oak Grove Drive, Jet Propulsion Laboratory
    Pasadena, CA  91109   USA

    General site: https://ssd.jpl.nasa.gov/
    Mailing list: https://ssd.jpl.nasa.gov/email_list.html
    System news : https://ssd.jpl.nasa.gov/horizons/news.html
    User Guide  : https://ssd.jpl.nasa.gov/horizons/manual.html
    Connect     : browser        https://ssd.jpl.nasa.gov/horizons/app.html#/x
                  API            https://ssd-api.jpl.nasa.gov/doc/horizons.html
                  command-line   telnet ssd.jpl.nasa.gov 6775
                  e-mail/batch   https://ssd.jpl.nasa.gov/ftp/ssd/horizons_batch.txt
                  scripts        https://ssd.jpl.nasa.gov/ftp/ssd/SCRIPTS
    Author      : Jon.D.Giorgini@jpl.nasa.gov

**********************************************************************************************************************************************************************************************************************************************************************************************
