*******************************************************************************
 Revised: April 12, 2021               Jupiter                              599
 
 PHYSICAL DATA (revised 2025-Jan-30):
  Mass x 10^26 (kg)     = 18.9819           Density (g/cm^3)  = 1.3262 +- .0003
  Equat. radius (1 bar) = 71492+-4 km       Polar radius (km)     = 66854+-10
  Vol. Mean Radius (km) = 69911+-6          Flattening            = 0.06487
  Geometric Albedo      = 0.52              Rocky core mass (Mc/M)= 0.0261
  Sid. rot. period (III)= 9h 55m 29.711 s   Sid. rot. rate (rad/s)= 0.00017585
  Mean solar day, hrs   = ~9.9259         
  GM (km^3/s^2)         = 126686531.900     GM 1-sigma (km^3/s^2) =  +- 1.2732
  Equ. grav, ge (m/s^2) = 24.79             Pol. grav, gp (m/s^2) =  28.34
  Vis. magnitude V(1,0) = -9.40
  Vis. mag. (opposition)= -2.70             Obliquity to orbit    =  3.13 deg
  Sidereal orbit period = 11.861982204 y    Sidereal orbit period = 4332.589 d
  Mean daily motion     = 0.0831294 deg/d   Mean orbit speed, km/s= 13.0697
  Atmos. temp. (1 bar)  = 165+-5 K          Escape speed, km/s    =  59.5           
  A_roche(ice)/Rp       =  2.76             Hill's sphere rad. Rp = 740
                                 Perihelion   Aphelion     Mean
  Solar Constant (W/m^2)         56           46           51
  Maximum Planetary IR (W/m^2)   13.7         13.4         13.6
  Minimum Planetary IR (W/m^2)   13.7         13.4         13.6
*******************************************************************************


*******************************************************************************
Ephemeris / WWW_USER Mon Apr  6 16:02:24 2026 Pasadena, USA      / Horizons    
*******************************************************************************
Target body name: Jupiter (599)                   {source: jup365_merged}
Center body name: Earth (399)                     {source: DE441}
Center-site name: (user defined site below)
*******************************************************************************
Start time      : A.D. 2026-Jan-01 00:00:00.0000 UT      
Stop  time      : A.D. 2026-Dec-31 00:00:00.0000 UT      
Step-size       : 3600 minutes
*******************************************************************************
Target pole/equ : IAU_JUPITER                     {West-longitude positive}
Target radii    : 71492.0, 71492.0, 66854.0 km    {Equator_a, b, pole_c}       
Center geodetic : 269.5, 19.5, .010               {E-lon(deg),Lat(deg),Alt(km)}
Center cylindric: 269.5, 6014.54964, 2115.60564   {E-lon(deg),Dxy(km),Dz(km)}
Center pole/equ : ITRF93                          {East-longitude positive}
Center radii    : 6378.137, 6378.137, 6356.752 km {Equator_a, b, pole_c}       
Target primary  : Sun
Vis. interferer : MOON (R_eq= 1737.400) km        {source: DE441}
Rel. light bend : Sun                             {source: jup365_merged}
Rel. lght bnd GM: 1.3271E+11 km^3/s^2                                          
Atmos refraction: NO (AIRLESS)
RA format       : HMS
Time format     : CAL 
Calendar mode   : Mixed Julian/Gregorian
EOP file        : eop.260406.p260703                                           
EOP coverage    : DATA-BASED 1962-JAN-20 TO 2026-APR-06. PREDICTS-> 2026-JUL-02
Units conversion: 1 au= 149597870.700 km, c= 299792.458 km/s, 1 day= 86400.0 s 
Table cut-offs 1: Elevation (-90.0deg=NO ),Airmass (>38.000=NO), Daylight (NO )
Table cut-offs 2: Solar elongation (  0.0,180.0=NO ),Local Hour Angle( 0.0=NO )
Table cut-offs 3: RA/DEC angular rate (     0.0=NO )                           
**********************************************************************************************************************************************************************************************************************************************************************************************
 Date__(UT)__HR:MN     R.A._____(ICRF)_____DEC  R.A.__(a-apparent)__DEC  dRA*cosD d(DEC)/dt  Azi____(a-app)___Elev    APmag   S-brt      Illu%  Ang-diam  ObsSub-LON ObsSub-LAT             delta      deldot     S-O-T /r     S-T-O  Sky_motion  Sky_mot_PA  RelVel-ANG  Lun_Sky_Brt  sky_SNR
**********************************************************************************************************************************************************************************************************************************************************************************************
$$SOE
 2026-Jan-01 00:00 Nm  07 30 55.18 +22 02 03.7  07 32 29.97 +21 58 44.0  -19.1854  3.611472   64.956581  -4.079778   -2.670   5.403   99.96876  46.46736  336.671188   1.577343  4.24266878012800  -4.9398562  169.2054 /L    2.0310   0.3253730   280.66063   -16.49587         n.a.     n.a.
 2026-Jan-03 12:00 Nm  07 29 30.86 +22 05 26.4  07 31 05.81 +22 02 09.8  -19.6984  3.230819  288.152227  16.211586   -2.674   5.403   99.98313  46.52879  353.369845   1.580476  4.23706734124213  -2.7915817  172.0861 /L    1.4943   0.3326930   279.31440   -9.309678         n.a.     n.a.
 2026-Jan-06 00:00 C   07 28 05.95 +22 08 47.8  07 29 41.02 +22 05 34.0  -19.7547  3.591753   66.794192   0.808603   -2.676   5.402   99.99313  46.56853   10.060611   1.583525  4.23345194262212  -2.2335255  174.9584 /L    0.9558   0.3346428   280.30482   -7.436598         n.a.     n.a.
 2026-Jan-08 12:00 Nm  07 26 39.72 +22 12 07.8  07 28 14.89 +22 08 57.5  -19.9872  3.171000  289.727341  11.213128   -2.676   5.403   99.99873  46.58683   26.746411   1.587048  4.23178877343212  -0.0570112  177.8384 /L    0.4136   0.3372862   279.01493   -0.195107         n.a.     n.a.
 2026-Jan-11 00:00 C   07 25 13.66 +22 15 25.1  07 26 48.91 +22 12 17.6  -19.9647  3.508659   68.457749   5.767670   -2.676   5.403   99.99984  46.58318   43.421240   1.590315  4.23212067782448   0.5118106  179.2221 /T    0.1410   0.3378440   279.96757   1.6904373         n.a.     n.a.
 2026-Jan-13 12:00 Nm  07 23 47.08 +22 18 38.9  07 25 22.43 +22 15 34.6  -19.9040  3.054245  291.432366   6.263053   -2.674   5.403   99.99644  46.55766   60.087787   1.594047  4.23444023045382   2.7014692  176.3678 /T    0.6784   0.3356161   278.72392   8.9313866         n.a.     n.a.
 2026-Jan-16 00:00 C   07 22 21.52 +22 21 48.5  07 23 56.97 +22 18 47.0  -19.7900  3.365136   69.964402  10.775490   -2.671   5.404   99.98860  46.51037   76.740156   1.597358  4.23874557645778   3.2665232  173.4957 /T    1.2178   0.3345675   279.65041   10.782982         n.a.     n.a.
 2026-Jan-18 12:00 N   07 20 56.27 +22 24 52.8  07 22 31.82 +22 21 54.6  -19.4340  2.884712  293.280756   1.381861   -2.667   5.405   99.97636  46.44137   93.380973   1.601130  4.24504377986514   5.4442353  170.6139 /T    1.7561   0.3274482   278.44314   17.947866         n.a.     n.a.
 2026-Jan-21 00:00 Cm  07 19 32.88 +22 27 51.6  07 21 08.53 +22 24 56.4  -19.2250  3.167178   71.327806  15.811174   -2.661   5.407   99.95997  46.35131  110.004546   1.604331  4.25329144975193   5.9948529  167.7489 /T    2.2871   0.3247357   279.35503   19.746460         n.a.     n.a.
 2026-Jan-23 12:00 N   07 18 10.66 +22 30 43.4  07 19 46.35 +22 27 51.5  -18.5807  2.669007  295.288118  -3.408822   -2.654   5.408   99.93950  46.24029  126.613405   1.607999  4.26350368767186   8.1234761  164.8806 /T    2.8132   0.3128577   278.17426   26.735652         n.a.     n.a.
 2026-Jan-26 00:00 Cm  07 16 51.09 +22 33 28.7  07 18 26.84 +22 30 39.5  -18.2875  2.923577   72.558860  20.855045   -2.646   5.410   99.91536  46.10957  143.202372   1.610969  4.27559076344621   8.6432600  162.0334 /T    3.3288   0.3086626   279.08286   28.445077         n.a.     n.a.
 2026-Jan-28 12:00 N   07 15 33.46 +22 36 05.6  07 17 09.27 +22 33 19.4  -17.3793  2.418292  297.472275  -8.086873   -2.636   5.412   99.88763  45.95917  159.773928   1.614420  4.28958246452368  10.6970370  159.1868 /T    3.8367   0.2924460   277.92171   35.196691         n.a.     n.a.
 2026-Jan-31 00:00 Cm  07 14 19.17 +22 38 35.5  07 15 55.09 +22 35 51.8  -17.0251  2.647835   73.665470  25.889538   -2.625   5.415   99.85685  45.79089  176.323462   1.617056  4.30534604029789  11.1742333  156.3644 /T    4.3312   0.2871627   278.84013   36.782369         n.a.     n.a.
 2026-Feb-02 12:00 Nm  07 13 07.49 +22 40 56.0  07 14 43.45 +22 38 15.3  -15.8871  2.146902  299.854277 -12.629896   -2.614   5.417   99.82313  45.60458  192.853479   1.620179  4.32293506077741  13.1370080  153.5451 /T    4.8155   0.2671909   277.69606   43.253395         n.a.     n.a.
 2026-Feb-05 00:00 C   07 11 59.73 +22 43 09.3  07 13 35.73 +22 40 31.0  -15.4841  2.352828   74.652118  30.899814   -2.601   5.420   99.78709  45.40234  209.359822   1.622367  4.34219083559578  13.5810279  150.7519 /T    5.2843   0.2610313   278.64005   44.745585         n.a.     n.a.
 2026-Feb-07 12:00 Nm  07 10 55.16 +22 45 12.6  07 12 31.16 +22 42 37.0  -14.1379  1.863856  302.457958 -17.015339   -2.587   5.423   99.74882  45.18387  225.844797   1.625032  4.36318615774724  15.4392609  147.9639 /T    5.7406   0.2376702   277.51023   50.925012         n.a.     n.a.
 2026-Feb-10 00:00 C   07 09 55.03 +22 47 08.5  07 11 31.07 +22 44 34.9  -13.6956  2.045836   75.520023  35.872789   -2.573   5.426   99.70903  44.95156  242.304761   1.626651  4.38573473839897  15.8485294  145.2039 /T    6.1794   0.2307930   278.49596   52.329572         n.a.     n.a.
 2026-Feb-12 12:00 Nm  07 08 58.64 +22 48 54.0  07 10 34.70 +22 46 22.7  -12.1551  1.573135  305.309364 -21.219411   -2.557   5.429   99.66780  44.70496  258.741752   1.628741  4.40992713152268  17.5875783  142.4513 /T    6.6037   0.2042746   277.37433   58.235430         n.a.     n.a.
 2026-Feb-15 00:00 *   07 08 07.13 +22 50 32.3  07 09 43.24 +22 48 02.8  -11.6867  1.730534   76.265629  40.796780   -2.541   5.432   99.62588  44.44684  275.152745   1.629700  4.43553742942999  17.9514448  139.7286 /T    7.0089   0.1969019   278.42300   59.539377         n.a.     n.a.
 2026-Feb-17 12:00 N   07 07 19.82 +22 51 59.7  07 08 55.92 +22 49 32.3  -9.98384  1.279473  308.436406 -25.216861   -2.524   5.435   99.58334  44.17654  291.539605   1.631131  4.46267679584634  19.5568686  137.0156 /T    7.3978   0.1677582   277.30290   65.167805         n.a.     n.a.
 2026-Feb-20 00:00 *m  07 06 37.75 +22 53 20.0  07 08 13.86 +22 50 54.2  -9.49370  1.410143   76.879713  45.661793   -2.506   5.438   99.54091  43.89709  307.899855   1.631368  4.49108692834001  19.8657818  134.3343 /T    7.7661   0.1599643   278.44864   66.387408         n.a.     n.a.
 2026-Feb-22 12:00 N   07 06 00.25 +22 54 29.2  07 07 36.31 +22 52 05.0  -7.66641  0.985367  311.867508 -28.981304   -2.488   5.442   99.49864  43.60774  324.235296   1.632090  4.52088593766969  21.3186608  131.6650 /T    8.1168   0.1288246   277.32410   71.725049         n.a.     n.a.
 2026-Feb-25 00:00 *m  07 05 28.21 +22 55 31.5  07 07 04.31 +22 53 08.3  -7.17682  1.090169   77.345206  50.459551   -2.470   5.445   99.45724  43.31165  340.544103   1.631576  4.55179238976482  21.5698438  129.0288 /T    8.4462   0.1209858   278.63728   72.848602         n.a.     n.a.
 2026-Feb-27 12:00 N   07 05 00.99 +22 56 22.8  07 06 37.07 +22 54 00.8  -5.26195  0.695616  315.630600 -32.485078   -2.451   5.448   99.41670  43.00792  356.827934   1.631555  4.58393810075331  22.8565217  126.4060 /T    8.7570   0.0884622   277.53069   77.895843         n.a.     n.a.
 2026-Mar-02 00:00 *m  07 04 39.32 +22 57 07.5  07 06 15.42 +22 54 46.3  -4.79656  0.776275   77.631687  55.183811   -2.432   5.451   99.37765  42.69973   13.085683   1.630259  4.61702310920236  23.0578235  123.8168 /T    9.0461   0.0809829   279.19303   78.909738         n.a.     n.a.
 2026-Mar-04 12:00 Cm  07 04 22.58 +22 57 41.2  07 05 58.61 +22 55 21.0  -2.82622  0.414916  319.751085 -35.699255   -2.413   5.454   99.34008  42.38591   29.318722   1.629444  4.65120703602201  24.1867361  121.2412 /T    9.3162   0.0476085   278.35191   83.684848         n.a.     n.a.
 2026-Mar-07 00:00 *   07 04 11.41 +22 58 08.7  07 05 47.43 +22 55 48.8  -2.38898  0.470224   77.687638  59.829885   -2.393   5.457   99.30452  42.06960   45.526401   1.627315  4.68617805993290  24.3459240  118.6988 /T    9.5646   0.0405803   281.13521   84.606182         n.a.     n.a.
 2026-Mar-09 12:00 Cm  07 04 05.24 +22 58 25.4  07 05 41.19 +22 56 05.8  -0.38000  0.141391  324.246952 -38.593582   -2.374   5.459   99.27094  41.74945   61.709802   1.625649  4.72211318536661  25.3184802  116.1700 /T    9.7938   0.0067575   290.40937   89.127182         n.a.     n.a.
 2026-Mar-12 00:00 *   07 04 04.61 +22 58 36.1  07 05 40.57 +22 56 16.5  0.029439  0.169240   77.423025  64.392990   -2.354   5.462   99.23982  41.42856   77.868693   1.622643  4.75868889497029  25.4416111  113.6741 /T   10.0013   0.0028630   9.8677077   89.629121         n.a.     n.a.
 2026-Mar-14 12:00 Cm  07 04 09.04 +22 58 36.1  07 05 44.93 +22 56 16.4  2.060877  -0.12882  329.123703 -41.136508   -2.335   5.464   99.21109  41.10549   94.003826   1.620087  4.79608967649774  26.2487165  111.1919 /T   10.1895   0.0344150   93.576818   85.653266         n.a.     n.a.
 2026-Mar-17 00:00 *   07 04 18.92 +22 58 30.1  07 05 54.81 +22 56 10.2  2.437077  -0.12974   76.671435  68.866903   -2.315   5.466   99.18514  40.78333  110.115536   1.616186  4.83397638784488  26.3305436  108.7425 /T   10.3563   0.0406755   93.047305   84.842109         n.a.     n.a.
 2026-Mar-19 12:00 C   07 04 33.84 +22 58 13.4  07 06 09.62 +22 55 53.1  4.472218  -0.39846  334.368488 -43.297217   -2.296   5.468   99.16189  40.46051  126.204266   1.612725  4.87254502784490  26.9724245  106.3070 /T   10.5038   0.0748322   95.091478   80.719471         n.a.     n.a.
 2026-Mar-22 00:00 *m  07 04 54.09 +22 57 50.8  07 06 29.85 +22 55 29.7  4.807867  -0.42873   75.098592  73.241577   -2.276   5.470   99.14163  40.14010  142.270857   1.607934  4.91143800794150  27.0054127  103.9044 /T   10.6304   0.0804491   95.095779   79.970469         n.a.     n.a.
 2026-Mar-24 12:00 C   07 05 19.28 +22 57 17.4  07 06 54.95 +22 54 55.3  6.816756  -0.66781  339.944953 -45.048044   -2.257   5.471   99.12427  39.82047  158.315604   1.603576  4.95086161279196  27.4789780  101.5160 /T   10.7381   0.1141565   95.595194   76.038457         n.a.     n.a.
 2026-Mar-27 00:00 *m  07 05 49.59 +22 56 38.1  07 07 25.28 +22 54 14.9  7.106542  -0.72678   71.931800  77.495111   -2.238   5.473   99.10999  39.50453  174.339778   1.597905  4.99045651167991  27.4729272   99.1601 /T   10.8257   0.1190602   95.839284   75.349284         n.a.     n.a.
 2026-Mar-29 12:00 *   07 06 24.68 +22 55 48.1  07 08 00.27 +22 53 23.8  9.066173  -0.93597  345.791146 -46.366665   -2.220   5.474   99.09866  39.19056  190.343438   1.592644  5.03043720010913  27.7838656   96.8180 /T   10.8949   0.1519060   95.894204   71.610262         n.a.     n.a.
 2026-Apr-01 00:00 *m  07 07 04.63 +22 54 52.3  07 08 40.18 +22 52 26.6  9.304464  -1.02215   64.972438  81.562749   -2.202   5.475   99.09038  38.88127  206.328229   1.586083  5.07045291737476  27.7540038   94.5073 /T   10.9451   0.1560073   96.269129   70.990183         n.a.     n.a.
 2026-Apr-03 12:00 *m  07 07 49.17 +22 53 45.7  07 09 24.59 +22 51 18.4  11.21394  -1.20435  351.819863 -47.239411   -2.184   5.476   99.08504  38.57483  222.293795   1.579894  5.11073220393522  27.9135474   92.2094 /T   10.9777   0.1879738   96.129920   67.411735         n.a.     n.a.
 2026-Apr-06 00:00 *   07 08 38.30 +22 52 33.3  07 10 13.70 +22 50 04.1  11.40411  -1.31793   45.759809  85.163170   -2.166   5.476   99.08265  38.27386  238.242112   1.572422  5.15092058422515  27.8662132   89.9413 /T   10.9921   0.1913335   96.592201   66.852807         n.a.     n.a.
 2026-Apr-08 12:00 *m  07 09 31.85 +22 51 10.0  07 11 07.14 +22 48 38.8  13.25751  -1.47567  357.923999 -47.663308   -2.149   5.476   99.08313  37.97647  254.172472   1.565284  5.19125793437843  27.8822844   87.6849 /T   10.9896   0.2223231   96.351369   63.418658         n.a.     n.a.
 2026-Apr-11 00:00 *   07 10 29.74 +22 49 40.8  07 12 05.02 +22 47 07.5  13.41044  -1.61796  348.786782  86.649196   -2.132   5.477   99.08642  37.68514  270.087081   1.556892  5.23138881770052  27.8160340   85.4572 /T   10.9699   0.2251282   96.879426   62.896555         n.a.     n.a.
 2026-Apr-13 12:00 *m  07 11 31.86 +22 48 00.5  07 13 07.02 +22 45 25.1  15.20225  -1.75382    3.987658 -47.647463   -2.115   5.477   99.09245  37.39804  285.984996   1.548801  5.27155032562422  27.6896490   83.2402 /T   10.9339   0.2550513   96.580894   59.589235         n.a.     n.a.
 2026-Apr-16 00:00 *   07 12 38.07 +22 46 14.0  07 14 13.18 +22 43 36.3  15.31927  -1.92425  305.041912  84.251878   -2.099   5.476   99.10108  37.11753  301.868696   1.539500  5.31138897676024  27.6039703   81.0509 /T   10.8816   0.2573275   97.159425   59.098844         n.a.     n.a.
 2026-Apr-18 12:00 *   07 13 48.32 +22 44 16.3  07 15 23.29 +22 41 35.9  17.04323  -2.04040    9.900047 -47.213256   -2.084   5.476   99.11228  36.84181  317.736979   1.530471  5.35113834949061  27.3303126   78.8719 /T   10.8138   0.2860821   96.826905   55.898431         n.a.     n.a.
 2026-Apr-21 00:00 *m  07 15 02.37 +22 42 12.1  07 16 37.33 +22 39 28.8  17.11976  -2.23700  291.403007  80.655849   -2.069   5.475   99.12583  36.57319  333.592717   1.520286  5.39044152302730  27.2209652   76.7200 /T   10.7308   0.2877548   97.444520   55.440608         n.a.     n.a.
 2026-Apr-23 12:00 *   07 16 20.23 +22 39 56.5  07 17 55.09 +22 37 10.4  18.75812  -2.33250   15.568096 -46.391647   -2.054   5.475   99.14170  36.30984  349.434533   1.510337  5.42953765085851  26.8116156   74.5779 /T   10.6330   0.3150430   97.088113   52.360558         n.a.     n.a.
 2026-Apr-26 00:00 *m  07 17 41.58 +22 37 34.2  07 19 16.40 +22 34 45.3  18.79318  -2.55251  285.951612  76.859565   -2.039   5.474   99.15961  36.05389    5.265496   1.499280  5.46808184412633  26.6881684   72.4622 /T   10.5213   0.3160954   97.734661   51.943481         n.a.     n.a.
 2026-Apr-28 12:00 *   07 19 06.46 +22 35 00.6  07 20 41.14 +22 32 08.7  20.34162  -2.62792   20.924183 -45.219682   -2.026   5.473   99.17954  35.80353   21.084013   1.488408  5.50631884808096  26.1570504   70.3552 /T   10.3958   0.3418445   97.361234   48.980426         n.a.     n.a.
 2026-May-01 00:00 *m  07 20 34.53 +22 32 20.1  07 22 09.15 +22 29 25.1  20.34465  -2.87031  283.292732  73.032503   -2.012   5.472   99.20119  35.56068   36.893225   1.476471  5.54392212984202  26.0373291   68.2731 /T   10.2573   0.3424355   98.030521   48.607806         n.a.     n.a.
 2026-May-03 12:00 *m  07 22 05.92 +22 29 28.3  07 23 40.40 +22 26 29.7  21.80982  -2.92855   25.927253 -43.737637   -1.999   5.471   99.22459  35.32359   52.691223   1.464664  5.58113176636670  25.3886087   66.1984 /T   10.1060   0.3667594   97.647742   45.736706         n.a.     n.a.
 2026-May-06 00:00 *   07 23 40.21 +22 26 29.3  07 25 14.66 +22 23 27.3  21.78600  -3.19230  281.876843  69.217812   -1.986   5.469   99.24938  35.09410   68.481335   1.451844  5.61762946813991  25.2713289   64.1470 /T    9.9428   0.3669773   98.336211   45.400352         n.a.     n.a.
 2026-May-08 12:00 *m  07 25 17.62 +22 23 18.8  07 26 51.95 +22 20 13.2  23.17370  -3.23613   30.559847 -41.985652   -1.974   5.468   99.27562  34.87049   84.261386   1.439104  5.65365333113174  24.5140374   62.1015 /T    9.7674   0.3899760   97.949766   42.606767         n.a.     n.a.
 2026-May-11 00:00 *   07 26 57.68 +22 20 00.8  07 28 31.95 +22 16 51.9  23.12763  -3.52013  281.116176  65.429457   -1.963   5.466   99.30294  34.65452  100.034845   1.425413  5.68888679667533  24.3927631   60.0781 /T    9.5811   0.3898997   98.654253   42.293531         n.a.     n.a.
 2026-May-13 12:00 *m  07 28 40.65 +22 16 31.3  07 30 14.77 +22 13 18.7  24.43370  -3.55044   34.823756 -40.001862   -1.951   5.465   99.33142  34.44457  115.799406   1.411758  5.72356252377427  23.5290853   58.0596 /T    9.3832   0.4115051   98.267742   39.570108         n.a.     n.a.
 2026-May-16 00:00 *   07 30 26.04 +22 12 54.0  07 32 00.08 +22 09 37.6  24.37339  -3.85389  280.741822  61.671975   -1.940   5.463   99.36067  34.24229  131.558632   1.397221  5.75737377025417  23.4015027   56.0622 /T    9.1753   0.4112699   98.985147   39.267788         n.a.     n.a.
 2026-May-18 12:00 *   07 32 14.12 +22 09 05.1  07 33 48.06 +22 05 44.6  25.59065  -3.87062   38.734596 -37.820960   -1.930   5.461   99.39077  34.04618  147.310148   1.382679  5.79053613206207  22.4296738   54.0690 /T    8.9567   0.4313620   98.600864   36.605443         n.a.     n.a.
 2026-May-21 00:00 *m  07 34 04.35 +22 05 08.2  07 35 38.25 +22 01 43.9  25.50830  -4.18915  280.615085  57.946056   -1.920   5.460   99.42131  33.85778  163.057707   1.367326  5.82275780281141  22.2968224   52.0964 /T    8.7290   0.4308333   99.326252   36.324332         n.a.     n.a.
 2026-May-23 12:00 *   07 35 57.05 +22 00 59.8  07 37 30.82 +21 57 31.5  26.63296  -4.19165   42.316378 -35.472710   -1.910   5.458   99.45237  33.67562  178.798799   1.351914  5.85425341254672  21.2292058   50.1276 /T    8.4914   0.4493466   98.944169   33.725507         n.a.     n.a.
 2026-May-26 00:00 *m  07 37 51.62 +21 56 43.3  07 39 25.30 +21 53 11.2  26.53040  -4.52218  280.658234  54.250179   -1.901   5.456   99.48356  33.50111  194.537250   1.335753  5.88474851382097  21.1030729   48.1783 /T    8.2457   0.4485508   99.673261   33.477684         n.a.     n.a.
 2026-May-28 12:00 *   07 39 48.43 +21 52 15.5  07 41 21.95 +21 48 39.1  27.56354  -4.51093   45.597726 -32.982436   -1.892   5.455   99.51497  33.33283  210.270372   1.319473  5.91445804388187  19.9557466   46.2317 /T    7.9910   0.4655037   99.294394   30.945152         n.a.     n.a.
 2026-May-31 00:00 *   07 41 46.86 +21 47 39.6  07 43 20.32 +21 43 59.1  27.45327  -4.85332  280.824195  50.582129   -1.884   5.453   99.54621  33.17204  226.001921   1.302507  5.94312750487469  19.8411502   44.3033 /T    7.7291   0.4646495   100.02543   30.724266         n.a.     n.a.
 2026-Jun-02 12:00 *m  07 43 47.35 +21 42 52.5  07 45 20.68 +21 39 07.5  28.40276  -4.83081   48.608065 -30.371577   -1.876   5.451   99.57739  33.01743  241.729105   1.285366  5.97095605341750  18.6177242   42.3763 /T    7.4588   0.4801775   99.652632   28.241233         n.a.     n.a.
 2026-Jun-05 00:00 *   07 45 49.24 +21 37 57.1  07 47 22.51 +21 34 08.1  28.28817  -5.18338  281.083713  46.939801   -1.868   5.449   99.60814  32.87017  257.455695   1.267609  5.99770579037914  18.5154504   40.4660 /T    7.1822   0.4793189   100.38341   28.046052         n.a.     n.a.
 2026-Jun-07 12:00 *m  07 47 53.03 +21 32 50.5  07 49 26.16 +21 28 57.2  29.16045  -5.15183   51.375984 -27.658051   -1.861   5.448   99.63857  32.72908  273.178758   1.249628  6.02356164753434  17.2156144   38.5559 /T    6.8977   0.4935341   100.01916   25.594301         n.a.     n.a.
 2026-Jun-10 00:00 *   07 49 58.03 +21 27 35.6  07 51 31.06 +21 23 38.2  29.04398  -5.51288  281.417585  43.321133   -1.854   5.446   99.66832  32.59525  288.902170   1.231110  6.04829287102509  17.1152360   36.6614 /T    6.6076   0.4927092   100.74754   25.410078         n.a.     n.a.
 2026-Jun-12 12:00 *m  07 52 04.76 +21 22 09.7  07 53 37.64 +21 18 07.7  29.83533  -5.47204   53.928735 -24.856845   -1.847   5.444   99.69751  32.46760  304.622969   1.212324  6.07207246606522  15.7460852   34.7660 /T    6.3103   0.5055497   100.39299   22.989945         n.a.     n.a.
 2026-Jun-15 00:00 *m  07 54 12.50 +21 16 35.3  07 55 45.31 +21 12 29.0  29.71750  -5.83916  281.812931  39.723918   -1.841   5.443   99.72578  32.34716  320.345042   1.193082  6.09468149987741  15.6394483   32.8854 /T    6.0081   0.5047623   101.11638   22.806034         n.a.     n.a.
 2026-Jun-17 12:00 *   07 56 21.77 +21 10 50.3  07 57 54.47 +21 06 39.3  30.41850  -5.78697   56.291362 -21.980026   -1.835   5.441   99.75326  32.23295  336.065524   1.173526  6.11627668043902  14.2029052   31.0034 /T    5.6992   0.5160680   100.77151   20.413515         n.a.     n.a.
 2026-Jun-20 00:00 *m  07 58 31.83 +21 04 56.9  08 00 04.45 +21 00 41.9  30.29711  -6.15624  282.261912  36.145706   -1.829   5.440   99.77961  32.12585  351.788293   1.153587  6.13666682754671  14.1034473   29.1357 /T    5.3864   0.5152707   101.48587   20.249021         n.a.     n.a.
 2026-Jun-22 12:00 *   08 00 43.23 +20 58 53.3  08 02 15.69 +20 54 33.7  30.90797  -6.09223   58.486577 -19.036767   -1.824   5.439   99.80494  32.02497    7.510407   1.133278  6.15599831859064  12.6116419   27.2662 /T    5.0676   0.5250444   101.15055   17.885338         n.a.     n.a.
 2026-Jun-25 00:00 *m  08 02 55.21 +20 52 41.6  08 04 27.56 +20 48 17.7  30.78622  -6.46155  282.759393  32.583856   -1.819   5.438   99.82895  31.93105   23.235699   1.112653  6.17410474716955  12.5254668   25.4100 /T    4.7457   0.5242833   101.85344   17.746054         n.a.     n.a.
 2026-Jun-27 12:00 *   08 05 08.36 +20 46 20.0  08 06 40.58 +20 41 51.4  31.31624  -6.38818   60.534919 -16.034599   -1.815   5.436   99.85174  31.84327   38.961132   1.091606  6.19112313743071  10.9909593   23.5510 /T    4.4185   0.5326860   101.52954   15.409047         n.a.     n.a.
 2026-Jun-30 00:00 *   08 07 21.91 +20 39 50.5  08 08 54.04 +20 35 17.6  31.19969  -6.75677  283.302383  29.036203   -1.810   5.435   99.87306  31.76233   54.690457   1.070316  6.20690165123446  10.9159354   21.7043 /T    4.0888   0.5320492   102.21958   15.289094         n.a.     n.a.
 2026-Jul-02 12:00 *m  08 09 36.47 +20 33 11.6  08 11 08.48 +20 28 34.1  31.65064  -6.67495   62.454292 -12.979713   -1.806   5.435   99.89300  31.68748   70.420656   1.048558  6.22156158336870   9.3415922   19.8535 /T    3.7543   0.5391140   101.90886   12.969782         n.a.     n.a.
 2026-Jul-05 00:00 *   08 11 51.27 +20 26 24.8  08 13 23.17 +20 21 43.2  31.54649  -7.04248  283.889566  25.500997   -1.803   5.434   99.91133  31.61933   86.155376   1.026634  6.23497194468627   9.2754134   18.0137 /T    3.4180   0.5387171   102.58444   12.863295         n.a.     n.a.
 2026-Jul-07 12:00 *m  08 14 06.96 +20 19 29.0  08 15 38.71 +20 14 42.8  31.92152  -6.95342   64.260741  -9.877233   -1.799   5.433   99.92815  31.55729  101.891637   1.004206  6.24722894407815   7.6614175   16.1688 /T    3.0774   0.5445011   102.28870   10.549458         n.a.     n.a.
 2026-Jul-10 00:00 *   08 16 22.74 +20 12 25.5  08 17 54.37 +20 07 35.0  31.82653  -7.31698  284.520534  21.976709   -1.796   5.432   99.94325  31.50188  117.633082   0.981692  6.25821738498379   7.5945989   14.3338 /T    2.7355   0.5442798   102.94743   10.445619         n.a.     n.a.
 2026-Jul-12 12:00 *m  08 18 39.25 +20 05 13.4  08 20 10.77 +20 00 18.2  32.12399  -7.22039   65.968770  -6.731348   -1.794   5.432   99.95671  31.45264  133.376794   0.958640  6.26801611376350   5.9423561   12.4929 /T    2.3899   0.5487573   102.66764   8.1283762         n.a.     n.a.
 2026-Jul-15 00:00 *m  08 20 55.69 +19 57 54.1  08 22 27.13 +19 52 54.6  32.03387  -7.57634  285.196199  18.461938   -1.791   5.432   99.96837  31.41001  149.126435   0.935580  6.27652289284485   5.8697299   10.6614 /T    2.0437   0.5486270   103.30653   8.0213946         n.a.     n.a.
 2026-Jul-17 12:00 *   08 23 12.69 +19 50 26.8  08 24 44.00 +19 45 22.9  32.24119  -7.46819   67.591088  -3.544876   -1.789   5.431   99.97828  31.37361  164.879228   0.911942  6.28380551310403   4.1924388    8.8241 /T    1.6945   0.5515806   103.04171   5.7088462         n.a.     n.a.
 2026-Jul-20 00:00 *m  08 25 29.44 +19 42 52.8  08 27 00.61 +19 37 44.8  32.15800  -7.81416  285.918949  14.955001   -1.787   5.431   99.98632  31.34373  180.638657   0.888361  6.28979566781175   4.1258770    6.9966 /T    1.3457   0.5515629   103.65775   5.6135582         n.a.     n.a.
 2026-Jul-22 12:00 *   08 27 46.57 +19 35 11.6  08 29 17.61 +19 29 59.1  32.28031  -7.69558   69.139423  -0.319637   -1.785   5.431   99.99255  31.32008  196.401993   0.864160  6.29454480958291   2.4348306    5.1644 /T    0.9948   0.5530824   103.40895   3.3057952         n.a.     n.a.
 2026-Jul-25 00:00 *m  08 30 03.28 +19 27 24.1  08 31 34.21 +19 22 07.4  32.20744  -8.03054  286.691762  11.454495   -1.784   5.432   99.99688  31.30283  212.172556   0.840083  6.29801241478747   2.3829211    3.3462 /T    0.6459   0.5532251   104.00054   3.2327395         n.a.     n.a.
 2026-Jul-27 12:00 *   08 32 20.24 +19 19 30.1  08 33 51.07 +19 14 09.0  32.25367  -7.90445   70.624258   2.942746   -1.783   5.432   99.99934  31.29181  227.947597   0.815352  6.30023195134866   0.6809847    1.5486 /T    0.3004   0.5534688   103.77016   0.9200653         n.a.     n.a.
 2026-Jul-30 00:00 *   08 34 36.64 +19 11 30.3  08 36 07.33 +19 06 05.7  32.19374  -8.22753  287.518862   7.959675   -1.782   5.432   99.99990  31.28711  243.730368   0.790816  6.30117752591427   0.6349233    0.5942 /L    0.1120   0.5538073   104.33585   0.8566300         n.a.     n.a.
 2026-Aug-01 12:00 *m  08 36 53.17 +19 03 24.8  08 38 23.73 +18 57 55.4  32.16528  -8.09459   72.055166   6.241155   -1.782   5.433   99.99857  31.28866  259.518214   0.765603  6.30086583998463  -1.0691153    2.2482 /L    0.4283   0.5528029   104.12552   -1.460207         n.a.     n.a.
 2026-Aug-04 00:00 *   08 39 09.01 +18 55 13.8  08 40 39.44 +18 49 40.5  32.12044  -8.40487  288.404535   4.470258   -1.782   5.433   99.99536  31.29649  275.314227   0.740659  6.29928820917961  -1.1179500    4.0608 /L    0.7754   0.5533645   104.66366   -1.525443         n.a.     n.a.
 2026-Aug-06 12:00 *m  08 41 24.84 +18 46 57.8  08 42 55.15 +18 41 20.1  32.01496  -8.26456   73.441251   9.574194   -1.782   5.434   99.99025  31.31067  291.115941   0.715020  6.29643703697056  -2.8262356    5.8973 /L    1.1259   0.5510749   104.47472   -3.860526         n.a.     n.a.
 2026-Aug-09 00:00 *   08 43 39.85 +18 38 36.9  08 45 10.06 +18 32 55.1  31.98335  -8.55958  289.355024   0.986177   -1.783   5.434   99.98331  31.33113  306.926351   0.689722  6.29232529917134  -2.8797696    7.7340 /L    1.4750   0.5518154   104.98273   -3.930622         n.a.     n.a.
 2026-Aug-11 12:00 *m  08 45 54.71 +18 30 11.8  08 47 24.82 +18 24 25.8  31.79490  -8.40980   74.791108  12.941397   -1.784   5.435   99.97450  31.35805  322.743148   0.663713  6.28692287458455  -4.5892446    9.5831 /L    1.8246   0.5481384   104.81554   -6.292390         n.a.     n.a.
 2026-Aug-14 00:00 *m  08 48 08.58 +18 21 42.6  08 49 38.58 +18 15 53.0  31.76817  -8.68472  290.377656  -2.492327   -1.785   5.436   99.96392  31.39129  338.569276   0.638105  6.28026566082745  -4.6488200   11.4298 /L    2.1714   0.5488981   105.28982   -6.371282         n.a.     n.a.
 2026-Aug-16 12:00 *   08 50 22.13 +18 13 10.4  08 51 52.00 +18 07 16.6  31.49348  -8.52373   76.112934  16.342944   -1.787   5.437   99.95152  31.43107  354.402556   0.611765  6.27231624248293  -6.3409197   13.2880 /L    2.5178   0.5437762   105.14432   -8.748874         n.a.     n.a.
 2026-Aug-19 00:00 *m  08 52 34.53 +18 04 34.8  08 54 04.27 +17 58 37.4  31.47421  -8.77750  291.481385  -5.964978   -1.789   5.438   99.93746  31.47714   10.245704   0.585881  6.26313733454468  -6.3964753   15.1436 /L    2.8605   0.5445871   105.58267   -8.824057         n.a.     n.a.
 2026-Aug-21 12:00 *   08 54 46.44 +17 55 57.3  08 56 16.08 +17 49 55.6  31.11464  -8.60585   77.415175  19.779185   -1.791   5.440   99.92168  31.52980   26.096662   0.559250  6.25267624972095  -8.0628208   17.0110 /L    3.2021   0.5380472   105.46066   -11.21960         n.a.     n.a.
 2026-Aug-24 00:00 *m  08 56 57.07 +17 47 17.3  08 58 26.60 +17 41 12.0  31.10921  -8.83935  292.676761  -9.430640   -1.793   5.441   99.90434  31.58867   41.957900   0.533133  6.24102418197046  -8.1101935   18.8765 /L    3.5394   0.5390107   105.86194   -11.28463         n.a.     n.a.
 2026-Aug-26 12:00 *   08 59 07.07 +17 38 36.1  09 00 36.51 +17 32 27.0  30.67231  -8.65981   78.706185  23.250389   -1.796   5.443   99.88539  31.65420   57.827477   0.506265  6.22810379763155  -9.7477283   20.7546 /L    3.8750   0.5311892   105.76614   -13.70378         n.a.     n.a.
 2026-Aug-29 00:00 *   09 01 15.65 +17 29 53.4  09 02 44.97 +17 23 40.8  30.67762  -8.87097  293.976278 -12.887192   -1.799   5.444   99.86503  31.72592   73.707728   0.479972  6.21402446243199  -9.7937325   22.6317 /L    4.2057   0.5322412   106.12815   -13.76974         n.a.     n.a.
 2026-Aug-31 12:00 *m  09 03 23.47 +17 21 10.5  09 04 52.68 +17 14 54.2  30.16737  -8.68502   79.995007  26.756750   -1.802   5.446   99.84318  31.80439   89.596832   0.452934  6.19869234503718 -11.3992694   24.5226 /L    4.5340   0.5232112   106.06083   -16.21756         n.a.     n.a.
 2026-Sep-03 00:00 *   09 05 29.76 +17 12 26.7  09 06 58.85 +17 06 06.9  30.18305  -8.87262  295.394466 -16.331721   -1.806   5.448   99.82009  31.88910  105.497011   0.426532  6.18222674218876 -11.4558685   26.4137 /L    4.8569   0.5243355   106.38125   -16.30172         n.a.     n.a.
 2026-Sep-05 12:00 *m  09 07 35.13 +17 03 44.0  09 09 04.15 +16 57 20.3  29.58912  -8.67664   81.291790  30.298459   -1.810   5.450   99.79567  31.98072  121.406718   0.399395  6.16451435012230 -13.0245863   28.3197 /L    5.1768   0.5139174   106.34311   -18.78820         n.a.     n.a.
 2026-Sep-08 00:00 *   09 09 38.83 +16 55 01.3  09 11 07.75 +16 48 34.3  29.61045  -8.83758  296.948988 -19.760316   -1.814   5.452   99.77019  32.07863  137.327990   0.372946  6.14569901179289 -13.0932545   30.2270 /L    5.4905   0.5150193   106.61833   -18.89629         n.a.     n.a.
 2026-Sep-10 12:00 *m  09 11 41.42 +16 46 20.9  09 13 10.26 +16 39 50.5  28.92657  -8.62873   82.607638  33.876234   -1.819   5.454   99.74358  32.18363  153.259548   0.345770  6.12564899441682 -14.6174652   32.1500 /L    5.8005   0.5031020   106.60972   -21.42848         n.a.     n.a.
 2026-Sep-13 00:00 *m  09 13 42.16 +16 37 41.9  09 15 10.87 +16 31 08.3  28.94695  -8.75915  298.661559 -23.168027   -1.824   5.456   99.71613  32.29493  169.203248   0.319324  6.10453840887153 -14.6846468   34.0749 /L    6.1035   0.5040527   106.83546   -21.54855         n.a.     n.a.
 2026-Sep-15 12:00 *   09 15 41.60 +16 29 06.5  09 17 10.24 +16 22 29.5  28.17536  -8.53792   83.955961  37.491181   -1.830   5.458   99.68777  32.41339  185.157904   0.292160  6.08222770415756 -16.1499843   36.0158 /L    6.4019   0.4906761   106.85826   -24.12073         n.a.     n.a.
 2026-Sep-18 00:00 *m  09 17 39.04 +16 20 33.6  09 19 07.57 +16 13 53.4  28.19766  -8.63820  300.557950 -26.548342   -1.835   5.461   99.65883  32.53813  201.125150   0.265768  6.05891166223558 -16.2142941   37.9590 /L    6.6926   0.4915187   107.03216   -24.25130         n.a.     n.a.
 2026-Sep-20 12:00 *   09 19 35.00 +16 12 05.7  09 21 03.49 +16 05 22.1  27.34158  -8.40596   85.353182  41.144081   -1.842   5.463   99.62921  32.67009  217.103974   0.238680  6.03443809553030 -17.6089761   39.9189 /L    6.9779   0.4767431   107.08966   -26.85944         n.a.     n.a.
 2026-Sep-23 00:00 Cm  09 21 28.81 +16 03 41.5  09 22 57.21 +15 56 54.9  27.36758  -8.47638  302.669212 -29.892264   -1.848   5.465   99.59925  32.80827  233.095727   0.212408  6.00902182781552 -17.6709282   41.8818 /L    7.2548   0.4775032   107.20898   -27.00145         n.a.     n.a.
 2026-Sep-25 12:00 *   09 23 20.98 +15 55 23.4  09 24 49.31 +15 48 33.9  26.43002  -8.23438   86.820107  44.835389   -1.855   5.468   99.56888  32.95377  249.099618   0.185474  5.98249112690907 -18.9950067   43.8624 /L    7.5255   0.4613842   107.30463   -29.65611         n.a.     n.a.
 2026-Sep-28 00:00 C   09 25 10.85 +15 47 10.2  09 26 39.07 +15 40 17.9  26.45935  -8.27444  305.032320 -33.188006   -1.862   5.470   99.53845  33.10545  265.116793   0.159400  5.95508019045467 -19.0558022   45.8471 /L    7.7871   0.4620497   107.36564   -29.81269         n.a.     n.a.
 2026-Sep-30 12:00 *m  09 26 58.92 +15 39 04.5  09 28 27.09 +15 32 09.0  25.44235  -8.02336   88.384812  48.565137   -1.870   5.472   99.50786  33.26455  281.146645   0.132706  5.92659775731341 -20.3070480   47.8508 /L    8.0418   0.4446246   107.50291   -32.52125         n.a.     n.a.
 2026-Oct-03 00:00 C   09 28 44.54 +15 31 04.7  09 30 12.64 +15 24 06.4  25.46658  -8.02944  307.691198 -36.420286   -1.878   5.475   99.47750  33.42988  297.190209   0.106914  5.89728733669369 -20.3800909   49.8598 /L    8.2868   0.4450401   107.49970   -32.71929         n.a.     n.a.
 2026-Oct-05 12:00 *m  09 30 28.15 +15 23 13.9  09 31 56.25 +15 16 12.7  24.36210  -7.76574   90.085757  52.332953   -1.886   5.477   99.44728  33.60276  313.247179   0.080544  5.86694842619523 -21.5491423   51.8892 /L    8.5238   0.4261646   107.68037   -35.49122         n.a.     n.a.
 2026-Oct-08 00:00 C   09 32 09.15 +15 15 30.5  09 33 37.15 +15 08 26.8  24.37448  -7.73456  310.698899 -39.569282   -1.895   5.479   99.41760  33.78186  329.318381   0.055102  5.83584290609549 -21.6289484   53.9249 /L    8.7502   0.4262038   107.60539   -35.73314         n.a.     n.a.
 2026-Oct-10 12:00 *m  09 33 47.89 +15 07 57.8  09 35 15.86 +15 00 51.4  23.17298  -7.45402   91.977964  56.138274   -1.905   5.482   99.38840  33.96858  345.403797   0.029126  5.80376360809843 -22.7023419   55.9818 /L    8.9677   0.4057056   107.83136   -38.57874         n.a.     n.a.
 2026-Oct-13 00:00 Cm  09 35 23.82 +15 00 34.1  09 36 51.70 +14 53 25.1  23.17397  -7.38565  314.117806 -42.609673   -1.914   5.484   99.36006  34.16141    1.503930   0.004102  5.77100389989345 -22.7733370   58.0454 /L    9.1737   0.4053739   107.67732   -38.84714         n.a.     n.a.
 2026-Oct-15 12:00 *   09 36 57.28 +14 53 22.5  09 38 25.17 +14 46 10.9  21.88404  -7.09156   94.145129  59.979156   -1.925   5.486   99.33253  34.36182   17.618913  -0.021405  5.73734594139100 -23.7395080   60.1309 /L    9.3697   0.3834063   107.95502   -41.75986         n.a.     n.a.
 2026-Oct-18 00:00 Nm  09 38 27.75 +14 46 21.5  09 39 55.58 +14 39 07.5  21.87118  -6.98564  318.018751 -45.508457   -1.935   5.488   99.30619  34.56816   33.748994  -0.045935  5.70309925074251 -23.7986110   62.2233 /L    9.5534   0.3826616   107.71344   -42.05653         n.a.     n.a.
 2026-Oct-20 12:00 *   09 39 55.54 +14 39 34.1  09 41 23.38 +14 32 17.7  20.50083  -6.68118   96.720276  63.850711   -1.946   5.490   99.28100  34.78197   49.894456  -0.070881  5.66804025180201 -24.6514586   64.3384 /L    9.7261   0.3593675   108.05069   -45.03558         n.a.     n.a.
 2026-Oct-23 00:00 Nm  09 41 20.18 +14 32 58.6  09 42 47.95 +14 25 40.1  20.47579  -6.53902  322.478386 -48.223188   -1.958   5.492   99.25728  35.00153   66.055299  -0.094822  5.63248566169468 -24.7038219   66.4611 /L    9.8856   0.3582430   107.71108   -45.36638         n.a.     n.a.
 2026-Oct-25 12:00 *   09 42 41.93 +14 26 38.2  09 44 09.70 +14 19 17.5  19.02468  -6.22397   99.930425  67.742709   -1.970   5.494   99.23504  35.22848   82.232084  -0.119103  5.59620115635144 -25.4377227   68.6076 /L   10.0333   0.3336150   108.11564   -48.42219         n.a.     n.a.
 2026-Oct-28 00:00 N   09 44 00.38 +14 20 31.0  09 45 28.10 +14 13 08.1  18.98524  -6.04539  327.572322 -50.700796   -1.982   5.496   99.21457  35.46093   98.424516  -0.142354  5.55951655161720 -25.4877621   70.7626 /L   10.1671   0.3320751   107.66283   -48.79641         n.a.     n.a.
 2026-Oct-30 12:00 Cm  09 45 15.73 +14 14 40.4  09 46 43.49 +14 07 15.3  17.45425  -5.71956  104.195049  71.633977   -1.995   5.497   99.19589  35.70067  114.633462  -0.165862  5.52218283215075 -26.1041986   72.9428 /L   10.2880   0.3061245   108.14338   -51.94695         n.a.     n.a.
 2026-Nov-02 00:00 N   09 46 27.58 +14 09 04.5  09 47 55.32 +14 01 37.4  17.38819  -5.50018  333.362828 -52.876353   -2.008   5.499   99.17927  35.94570  130.858480  -0.188326  5.48454001358710 -26.1502356   75.1329 /L   10.3941   0.3039559   107.55305   -52.38301         n.a.     n.a.
 2026-Nov-04 12:00 Cm  09 47 36.08 +14 03 46.9  09 49 03.86 +13 56 18.0  15.77237  -5.16070  110.367905  75.478369   -2.022   5.500   99.16475  36.19781  147.100674  -0.210969  5.44634099249445 -26.6360279   77.3496 /L   10.4863   0.2765866   108.11804   -55.64301         n.a.     n.a.
 2026-Nov-07 00:00 N   09 48 40.90 +13 58 45.6  09 50 08.62 +13 51 14.9  15.67511  -4.89955  339.878787 -54.673935   -2.036   5.501   99.15258  36.45486  163.359343  -0.232562  5.40793888675445 -26.6721427   79.5768 /L   10.5627   0.2737165   107.35762   -56.14473         n.a.     n.a.
 2026-Nov-09 12:00 C   09 49 42.09 +13 54 04.3  09 51 09.86 +13 46 31.8  13.97593  -4.54668  120.408991  79.160141   -2.051   5.502   99.14282  36.71862  179.635840  -0.254248  5.36909179471045 -27.0086029   81.8316 /L   10.6239   0.2449483   108.02086   -59.51900         n.a.     n.a.
 2026-Nov-12 00:00 Nm  09 50 39.41 +13 49 40.8  09 52 07.17 +13 42 06.6  13.85035  -4.24673  347.087202 -56.010920   -2.065   5.503   99.13564  36.98675  195.929044  -0.274880  5.33016907520952 -27.0217543   84.0970 /L   10.6685   0.2414463   107.04634   -60.07107         n.a.     n.a.
 2026-Nov-14 12:00 C   09 51 32.88 +13 45 38.7  09 53 00.71 +13 38 02.9  12.07791  -3.88438  139.169959  82.337365   -2.081   5.504   99.13111  37.26109  212.240510  -0.295505  5.29092494831398 -27.2064447   86.3904 /L   10.6969   0.2114529   107.82834   -63.56919         n.a.     n.a.
 2026-Nov-17 00:00 Nm  09 52 22.31 +13 41 55.9  09 53 50.13 +13 34 18.6  11.92609  -3.54858  354.866444 -56.806126   -2.096   5.504   99.12934  37.53911  228.568797  -0.315066  5.25173988743378 -27.1896509   88.6948 /L   10.7079   0.2073806   106.57026   -64.16418         n.a.     n.a.
 2026-Nov-19 12:00 C   09 53 07.68 +13 38 35.7  09 54 35.57 +13 30 57.1  10.09600  -3.18272  174.293320  83.987022   -2.113   5.504   99.13041  37.82268  244.915583  -0.334509  5.21236539557527 -27.2180744   91.0277 /L   10.7017   0.1764299   107.49725   -67.78427         n.a.     n.a.
 2026-Nov-22 00:00 Nm  09 53 48.89 +13 35 35.8  09 55 16.76 +13 27 55.9  9.915259  -2.81214    2.997770 -56.993064   -2.129   5.504   99.13434  38.10919  261.279162  -0.352883  5.17317867224527 -27.1798816   93.3717 /L   10.6775   0.1717722   105.83425   -68.43625         n.a.     n.a.
 2026-Nov-24 12:00 Cm  09 54 25.84 +13 32 59.6  09 55 53.80 +13 25 18.4  8.037417  -2.44604  212.770543  82.819661   -2.146   5.504   99.14122  38.40050  277.661445  -0.371020  5.13393373940124 -27.0499458   95.7452 /L   10.6352   0.1400230   106.92669   -72.19073         n.a.     n.a.
 2026-Nov-27 00:00 N   09 54 58.52 +13 30 44.7  09 56 26.51 +13 23 02.2  7.826291  -2.04216   11.191473 -56.533155   -2.163   5.504   99.15099  38.69393  294.060436  -0.388089  5.09500169536635 -26.9955562   98.1305 /L   10.5744   0.1348057   104.62442   -72.90489         n.a.     n.a.
 2026-Nov-29 12:00 Cm  09 55 26.74 +13 28 54.7  09 56 54.85 +13 21 11.1  5.896551  -1.67271  234.800381  79.669006   -2.180   5.503   99.16377  38.99136  310.478401  -0.404808  5.05613600531019 -26.7065070  100.5467 /L   10.4947   0.1021536   105.83736   -76.84174         n.a.     n.a.
 2026-Dec-02 00:00 N   09 55 50.53 +13 27 27.1  09 57 18.66 +13 19 42.6  5.647906  -1.23475   19.145391 -55.422636   -2.198   5.503   99.17943  39.28990  326.913049  -0.420477  5.01771820116926 -26.6256327  102.9755 /L   10.3958   0.0963550   102.33201   -77.61999         n.a.     n.a.
 2026-Dec-04 12:00 Cm  09 56 09.68 +13 26 25.3  09 57 37.89 +13 18 40.0  3.678290  -0.86570  246.328061  75.732687   -2.215   5.502   99.19808  39.59135  343.366810  -0.435682  4.97951249986160 -26.1637519  105.4359 /L   10.2771   0.0629798   103.24379   -81.75577         n.a.     n.a.
 2026-Dec-07 00:00 N   09 56 24.28 +13 25 46.8  09 57 52.53 +13 18 00.7  3.392571  -0.39712   26.608955 -53.691618   -2.233   5.501   99.21950  39.89265  359.837031  -0.449860  4.94190320255062 -26.0436836  107.9092 /L   10.1387   0.0569289   96.676375   -82.56043         n.a.     n.a.
 2026-Dec-09 12:00 N   09 56 34.08 +13 25 34.9  09 58 02.45 +13 17 48.1  1.403252  -0.03592  253.237074  71.453051   -2.251   5.499   99.24378  40.19549   16.326209  -0.463453  4.90467017719833 -25.4013424  110.4142 /L    9.9797   0.0233952   91.466442   -86.87449         n.a.     n.a.
 2026-Dec-12 00:00 Nm  09 56 39.30 +13 25 46.6  09 58 07.72 +13 17 59.2  1.092779  0.454539   33.421710 -51.394724   -2.269   5.498   99.27060  40.49670   32.831270  -0.476038  4.86819055703305 -25.2396181  112.9315 /L    9.8009   0.0197257   67.415229   -87.36680         n.a.     n.a.
 2026-Dec-14 12:00 N   09 56 39.60 +13 26 25.2  09 58 08.15 +13 18 37.4  -0.89720  0.801220  257.944461  66.978370   -2.287   5.496   99.30002  40.79789   49.354879  -0.487909  4.83225031549451 -24.4165426  115.4803 /L    9.6011   0.0200481   311.76546   -87.25416         n.a.     n.a.
 2026-Dec-17 00:00 Nm  09 56 35.34 +13 27 27.5  09 58 03.93 +13 19 39.4  -1.22526  1.306861   39.517429 -48.598800   -2.305   5.494   99.33163  41.09579   65.893519  -0.498795  4.79722206538236 -24.2105534  118.0405 /L    9.3815   0.0298568   316.84583   -85.90965         n.a.     n.a.
 2026-Dec-19 12:00 N   09 56 26.13 +13 28 56.3  09 57 54.84 +13 21 08.0  -3.18745  1.629174  261.476332  62.368289   -2.323   5.492   99.36546  41.39197   82.449953  -0.508837  4.76289550488027 -23.2161264  120.6318 /L    9.1408   0.0596612   297.07254   -81.58407         n.a.     n.a.
 2026-Dec-22 00:00 Nm  09 56 12.43 +13 30 48.4  09 57 41.21 +13 22 59.8  -3.52943  2.144898   44.903495 -45.372808   -2.341   5.490   99.40102  41.68313   99.020380  -0.517927  4.72962669761973 -22.9694227  123.2339 /L    8.8807   0.0688345   301.28778   -80.27803         n.a.     n.a.
 2026-Dec-24 12:00 Nm  09 55 53.81 +13 33 06.4  09 57 22.76 +13 25 17.6  -5.44241  2.436702  264.323144  57.652106   -2.358   5.488   99.43831  41.97075  115.607635  -0.526050  4.69721528451995 -21.8100092  125.8668 /L    8.5997   0.0993832   294.11926   -75.49418         n.a.     n.a.
 2026-Dec-27 00:00 N   09 55 30.82 +13 35 47.0  09 56 59.86 +13 27 58.2  -5.79871  2.959628   49.632237 -41.780703   -2.376   5.486   99.47677  42.25159  132.207682  -0.533274  4.66599349293609 -21.5342595  128.5100 /L    8.2997   0.1085056   297.03950   -74.13542         n.a.     n.a.
 2026-Dec-29 12:00 Nm  09 55 02.94 +13 38 52.6  09 56 32.12 +13 31 04.2  -7.65177  3.219762  266.747009  52.847169   -2.392   5.483   99.51640  42.52696  148.823585  -0.539429  4.63577973713690 -20.2068979  131.1842 /L    7.9791   0.1383599   292.82069   -69.00910         n.a.     n.a.
$$EOE
**********************************************************************************************************************************************************************************************************************************************************************************************
Column meaning:
 
TIME

  Times PRIOR to 1962 are UT1, a mean-solar time closely related to the
prior but now-deprecated GMT. Times AFTER 1962 are in UTC, the current
civil or "wall-clock" time-scale. UTC is kept within 0.9 seconds of UT1
using integer leap-seconds for 1972 and later years.

  Conversion from the internal Barycentric Dynamical Time (TDB) of solar
system dynamics to the non-uniform civil UT time-scale requested for output
has not been determined for UTC times after the next July or January 1st.
Therefore, the last known leap-second is used as a constant over future
intervals.

  Time tags refer to the UT time-scale conversion from TDB on Earth
regardless of observer location within the solar system, although clock
rates may differ due to the local gravity field and no analog to "UT"
may be defined for that location.

  Any 'b' symbol in the 1st-column denotes a B.C. date. First-column blank
(" ") denotes an A.D. date.
 
CALENDAR SYSTEM

  Mixed calendar mode was active such that calendar dates after AD 1582-Oct-15
(if any) are in the modern Gregorian system. Dates prior to 1582-Oct-5 (if any)
are in the Julian calendar system, which is automatically extended for dates
prior to its adoption on 45-Jan-1 BC.  The Julian calendar is useful for
matching historical dates. The Gregorian calendar more accurately corresponds
to the Earth's orbital motion and seasons. A "Gregorian-only" calendar mode is
available if such physical events are the primary interest.

  NOTE: "n.a." in output means quantity "not available" at the print-time.
 
SOLAR PRESENCE (OBSERVING SITE)
  Time tag is followed by a blank, then a solar-presence symbol:

       '*'  Daylight (refracted solar upper-limb on or above apparent horizon)
       'C'  Civil twilight/dawn
       'N'  Nautical twilight/dawn
       'A'  Astronomical twilight/dawn
       ' '  Night OR geocentric ephemeris

LUNAR PRESENCE (OBSERVING SITE)
  The solar-presence symbol is immediately followed by a lunar-presence symbol:

       'm'  Refracted upper-limb of Moon on or above apparent horizon
       ' '  Refracted upper-limb of Moon below apparent horizon OR geocentric
            ephemeris
 
 'R.A._____(ICRF)_____DEC' =
  Astrometric right ascension and declination of the target center with
respect to the observing site (coordinate origin) in the reference frame of
the planetary ephemeris (ICRF). Compensated for down-leg light-time delay
aberration.

  Units: RA  in hours-minutes-seconds of time,    HH MM SS.ff{ffff}
         DEC in degrees-minutes-seconds of arc,  sDD MN SC.f{ffff}
 
 'R.A.__(a-apparent)__DEC' =
  Airless apparent right ascension and declination of the target center
with respect to an instantaneous reference frame defined by the Earth equator
of-date (z-axis) and meridian containing the Earth equinox of-date (x-axis,
EOP-corrected IAU76/80). Compensated for down-leg light-time delay,
gravitational deflection of light, stellar aberration, precession & nutation.
Note: equinox (RA origin) is offset -53 mas from the of-date frame defined
by the IAU06/00a P & N system.

  Units: RA  in hours-minutes-seconds of time,   HH MM SS.ff{ffff}
         DEC in degrees-minutes-seconds of arc, sDD MN SC.f{ffff}
 
 'dRA*cosD d(DEC)/dt' =
  The angular rate of change in apparent RA and DEC of the target. This is
with respect to the non-inertial IAU76/80 Earth true equator and equinox
of-date reference frame.  d(RA)/dt is multiplied by the cosine of declination
to provide a linear rate in the plane-of-sky. Units: ARCSECONDS PER HOUR
 
 'Azi____(a-app)___Elev' =
  Airless apparent azimuth and elevation of target center. Compensated
for light-time, the gravitational deflection of light, stellar aberration,
precession and nutation. Azimuth is measured clockwise from north:

  North(0) -> East(90) -> South(180) -> West(270) -> North (360)

Elevation angle is with respect to a plane perpendicular to the reference
surface local zenith direction. TOPOCENTRIC ONLY.  Units: DEGREES
 
 'APmag   S-brt' =
  The targets' approximate apparent visual magnitude and surface brightness.
For planets and natural satellites, output is restricted to solar phase angles
covered by observational data. Outside the observed phase angle range, "n.a."
may be output to avoid extrapolation beyond the limit of model validity.

   For Earth-based observers, the estimated dimming due to atmospheric
absorption (extinction) is available as a separate, requestable quantity.

   Surface brightness is the average airless visual magnitude of a
square-arcsecond of the illuminated portion of the apparent disk. It is
computed only if the target radius is known.

   Units: MAGNITUDES & MAGNITUDES PER SQUARE ARCSECOND
 
 'Illu%' =
   Fraction of the target objects' assumed circular disk illuminated by Sun
(phase), as seen by the observer.  Units: PERCENT
 
 'Ang-diam' =
   The equatorial angular width of the target body full disk, if it were fully
illuminated and visible to the observer. If the target body diameter is unknown
"n.a." is output.

   Units: ARCSECONDS
 
 'ObsSub-LON ObsSub-LAT' =
   Apparent planetodetic longitude and latitude of the center of the target
disc seen by the OBSERVER at print-time. This is NOT exactly the same as the
"nearest" sub-point for a non-spherical target shape (since the center of the
disc might not be the point closest to the observer), but is generally very
close if not a very irregular body shape. Down-leg light travel-time from
target to observer is taken into account. Latitude is the angle between the
equatorial plane and the line perpendicular to the reference ellipsoid of the
body, so includes body oblateness. The reference ellipsoid is an oblate
spheroid with a single flatness coefficient in which the y-axis body radius
is taken to be the same value as the x-axis radius.  For Jupiter, Saturn, and
Uranus, IAU2015 longitude is based on the "System III" prime meridian rotation
angle of the magnetic field. By contrast, pole direction (thus latitude) is
relative to the body dynamical equator.  There can be an offset between the
magnetic pole and the dynamical pole of rotation. For Neptune, rotation is
IAU2015 "System II" rotation of optically observed features in the Neptunian
atmosphere. Positive longitude is to the WEST for this target. Cartographic
system is specified in the header.  Units: DEGREES DEGREES
 
 'delta      deldot' =
   Apparent range ("delta", light-time aberrated) and range-rate ("delta-dot")
of the target center relative to the observer. A positive "deldot" means the
target center is moving away from the observer, negative indicates movement
toward the observer.  Units: AU and KM/S
 
 'S-O-T /r' =
   Sun-Observer-Target apparent SOLAR ELONGATION ANGLE seen from the observers'
location at print-time.

   The '/r' column provides a code indicating the targets' apparent position
relative to the Sun in the observers' sky, as described below:

   Case A: For an observing location on the surface of a rotating body, that
body rotational sense is considered:

    /T indicates target TRAILS Sun   (evening sky: rises and sets AFTER Sun)
    /L indicates target LEADS Sun    (morning sky: rises and sets BEFORE Sun)

   Case B: For an observing point that does not have a rotational model (such
as a spacecraft), the "leading" and "trailing" condition is defined by the
observers' heliocentric ORBITAL motion:

    * If continuing in the observers' current direction of heliocentric
       motion would encounter the targets' apparent longitude first, followed
       by the Sun's, the target LEADS the Sun as seen by the observer.

    * If the Sun's apparent longitude would be encountered first, followed
       by the targets', the target TRAILS the Sun.

   Two other codes can be output:
    /* indicates observer is Sun-centered    (undefined)
    /? Target is aligned with Sun center     (no lead or trail)

   The S-O-T solar elongation angle is numerically the minimum separation
angle of the Sun and target in the sky in any direction. It does NOT indicate
the amount of separation in the leading or trailing directions, which would
be defined along the equator of a spherical coordinate system.

   Units: DEGREES
 
 'S-T-O' =
   The Sun-Target-Observer angle; the interior vertex angle at target center
formed by a vector from the target to the apparent center of the Sun (at
reflection time on the target) and the apparent vector from target to the
observer at print-time. Slightly different from true PHASE ANGLE (requestable
separately) at the few arcsecond level in that it includes stellar aberration
on the down-leg from target to observer.  Units: DEGREES
 
 'Sky_motion  Sky_mot_PA  RelVel-ANG' =
  Total apparent angular rate of the target in the plane-of-sky. "Sky_mot_PA"
is the position angle of the target's direction of motion in the plane-of-sky,
measured counter-clockwise from the apparent of-date north pole direction.
"RelVel-ANG" is the flight path angle of the target's relative motion with
respect to the observer's line-of-sight, in the range [-90,+90], where positive
values indicate motion away from the observer, negative values are toward the
observer:

  -90 = target is moving directly toward the observer
    0 = target is moving at right angles to the observer's line-of-sight
  +90 = target is moving directly away from the observer

UNITS:  ARCSECONDS/MINUTE, DEGREES, DEGREES
 
 'Lun_Sky_Brt  sky_SNR' =
  Sky brightness due to moonlight scattered by Earth's atmosphere at the
target's position in the sky. "sky_SNR" is the visual signal-to-noise ratio
(SNR) of the target's surface brightness relative to background sky. Output
only for topocentric Earth observers when both the Moon and target are above
the local horizon and the Sun is in astronomical twilight (or further) below
the horizon, and the target is not the Moon or Sun. If all conditions are
not met, "n.a." is output. Galactic brightness, local sky light-pollution
and weather are NOT considered. Lunar opposition surge is considered. The
value returned is accurate under ideal conditions at the approximately 8-23%
level, so is a useful but not definitive value.

  If the target-body radius is also known, "sky_SNR" is output. This is the
approximate visual signal-to-noise ratio of the target's brightness divided
by lunar sky brightness. When sky_SNR < 1, the target is dimmer than the
ideal moonlight-scattering background sky, so unlikely to be detectable at
visual wavelengths. In practice, visibility requires sky_SNR > 1 and a
detector sensitive enough to reach the target's magnitude, even if it isn't
washed out by moonlight. When relating magnitudes and brightness values,
keep in mind their logarithmic relationship m2-m1 = -2.5*log_10(b2/b1).

  UNITS: VISUAL MAGNITUDES / ARCSECOND^2, and unitless ratio

Computations by ...

    Solar System Dynamics Group, Horizons On-Line Ephemeris System
    4800 Oak Grove Drive, Jet Propulsion Laboratory
    Pasadena, CA  91109   USA

    General site: https://ssd.jpl.nasa.gov/
    Mailing list: https://ssd.jpl.nasa.gov/email_list.html
    System news : https://ssd.jpl.nasa.gov/horizons/news.html
    User Guide  : https://ssd.jpl.nasa.gov/horizons/manual.html
    Connect     : browser        https://ssd.jpl.nasa.gov/horizons/app.html#/x
                  API            https://ssd-api.jpl.nasa.gov/doc/horizons.html
                  command-line   telnet ssd.jpl.nasa.gov 6775
                  e-mail/batch   https://ssd.jpl.nasa.gov/ftp/ssd/horizons_batch.txt
                  scripts        https://ssd.jpl.nasa.gov/ftp/ssd/SCRIPTS
    Author      : Jon.D.Giorgini@jpl.nasa.gov

**********************************************************************************************************************************************************************************************************************************************************************************************
