*******************************************************************************
 Revised: April 12, 2021               Jupiter                              599
 
 PHYSICAL DATA (revised 2025-Jan-30):
  Mass x 10^26 (kg)     = 18.9819           Density (g/cm^3)  = 1.3262 +- .0003
  Equat. radius (1 bar) = 71492+-4 km       Polar radius (km)     = 66854+-10
  Vol. Mean Radius (km) = 69911+-6          Flattening            = 0.06487
  Geometric Albedo      = 0.52              Rocky core mass (Mc/M)= 0.0261
  Sid. rot. period (III)= 9h 55m 29.711 s   Sid. rot. rate (rad/s)= 0.00017585
  Mean solar day, hrs   = ~9.9259         
  GM (km^3/s^2)         = 126686531.900     GM 1-sigma (km^3/s^2) =  +- 1.2732
  Equ. grav, ge (m/s^2) = 24.79             Pol. grav, gp (m/s^2) =  28.34
  Vis. magnitude V(1,0) = -9.40
  Vis. mag. (opposition)= -2.70             Obliquity to orbit    =  3.13 deg
  Sidereal orbit period = 11.861982204 y    Sidereal orbit period = 4332.589 d
  Mean daily motion     = 0.0831294 deg/d   Mean orbit speed, km/s= 13.0697
  Atmos. temp. (1 bar)  = 165+-5 K          Escape speed, km/s    =  59.5           
  A_roche(ice)/Rp       =  2.76             Hill's sphere rad. Rp = 740
                                 Perihelion   Aphelion     Mean
  Solar Constant (W/m^2)         56           46           51
  Maximum Planetary IR (W/m^2)   13.7         13.4         13.6
  Minimum Planetary IR (W/m^2)   13.7         13.4         13.6
*******************************************************************************


*******************************************************************************
Ephemeris / WWW_USER Mon Apr  6 15:50:53 2026 Pasadena, USA      / Horizons    
*******************************************************************************
Target body name: Jupiter (599)                   {source: jup365_merged}
Center body name: Earth (399)                     {source: DE441}
Center-site name: (user defined site below)
*******************************************************************************
Start time      : A.D. 2026-Jan-01 00:00:00.0000 UT      
Stop  time      : A.D. 2026-Dec-31 00:00:00.0000 UT      
Step-size       : 3600 minutes
*******************************************************************************
Target pole/equ : IAU_JUPITER                     {West-longitude positive}
Target radii    : 71492.0, 71492.0, 66854.0 km    {Equator_a, b, pole_c}       
Center geodetic : 260.5, 27.5, .150               {E-lon(deg),Lat(deg),Alt(km)}
Center cylindric: 260.5, 5661.65151, 2927.53955   {E-lon(deg),Dxy(km),Dz(km)}
Center pole/equ : ITRF93                          {East-longitude positive}
Center radii    : 6378.137, 6378.137, 6356.752 km {Equator_a, b, pole_c}       
Target primary  : Sun
Vis. interferer : MOON (R_eq= 1737.400) km        {source: DE441}
Rel. light bend : Sun                             {source: jup365_merged}
Rel. lght bnd GM: 1.3271E+11 km^3/s^2                                          
Atmos refraction: NO (AIRLESS)
RA format       : HMS
Time format     : CAL 
Calendar mode   : Mixed Julian/Gregorian
EOP file        : eop.260406.p260703                                           
EOP coverage    : DATA-BASED 1962-JAN-20 TO 2026-APR-06. PREDICTS-> 2026-JUL-02
Units conversion: 1 au= 149597870.700 km, c= 299792.458 km/s, 1 day= 86400.0 s 
Table cut-offs 1: Elevation (-90.0deg=NO ),Airmass (>38.000=NO), Daylight (NO )
Table cut-offs 2: Solar elongation (  0.0,180.0=NO ),Local Hour Angle( 0.0=NO )
Table cut-offs 3: RA/DEC angular rate (     0.0=NO )                           
**********************************************************************************************************************************************************************************************************************************************************************************************
 Date__(UT)__HR:MN     R.A._____(ICRF)_____DEC  R.A.__(a-apparent)__DEC  dRA*cosD d(DEC)/dt  Azi____(a-app)___Elev    APmag   S-brt      Illu%  Ang-diam  ObsSub-LON ObsSub-LAT             delta      deldot     S-O-T /r     S-T-O  Sky_motion  Sky_mot_PA  RelVel-ANG  Lun_Sky_Brt  sky_SNR
**********************************************************************************************************************************************************************************************************************************************************************************************
$$SOE
 2026-Jan-01 00:00 Cm  07 30 55.16 +22 02 03.3  07 32 29.95 +21 58 43.7  -19.1199  3.591958   60.221309  -7.747838   -2.670   5.403   99.96876  46.46733  336.671211   1.577460  4.24267151171098  -4.8985683  169.2057 /L    2.0310   0.3242392   280.63987   -16.41955         n.a.     n.a.
 2026-Jan-03 12:00  m  07 29 30.88 +22 05 26.2  07 31 05.83 +22 02 09.6  -19.7665  3.249164  282.392422  26.291005   -2.674   5.403   99.98312  46.52887  353.369822   1.580511  4.23706036381826  -2.8302591  172.0859 /L    1.4944   0.3338632   279.33464   -9.403844        4.403    1.227
 2026-Jan-06 00:00 C   07 28 05.94 +22 08 47.5  07 29 41.01 +22 05 33.7  -19.6842  3.574626   62.957153  -3.291772   -2.676   5.402   99.99313  46.56850   10.060626   1.583643  4.23345500847283  -2.1975671  174.9586 /L    0.9557   0.3334356   280.29268   -7.344442         n.a.     n.a.
 2026-Jan-08 12:00  m  07 26 39.73 +22 12 07.7  07 28 14.90 +22 08 57.3  -20.0599  3.186844  284.596808  21.467587   -2.676   5.403   99.99873  46.58691   26.746398   1.587083  4.23178146588882  -0.0901748  177.8381 /L    0.4137   0.3385245   279.02693   -0.304154        1.569    3.442
 2026-Jan-11 00:00 *   07 25 13.65 +22 15 24.7  07 26 48.90 +22 12 17.2  -19.8900  3.494154   65.507092   1.274644   -2.676   5.403   99.99984  46.58314   43.421247   1.590434  4.23212402894478   0.5420879  179.2221 /T    0.1410   0.3365765   279.96370   1.7974895         n.a.     n.a.
 2026-Jan-13 12:00  m  07 23 47.09 +22 18 38.8  07 25 22.44 +22 15 34.5  -19.9804  3.067370  286.844003  16.689020   -2.674   5.403   99.99644  46.55774   60.087783   1.594082  4.23443264411660   2.6741377  176.3681 /T    0.6783   0.3369087   278.72783   8.8089938        0.333   16.233
 2026-Jan-16 00:00 *   07 22 21.51 +22 21 48.2  07 23 56.96 +22 18 46.7  -19.7120  3.353448   67.895045   5.924703   -2.671   5.404   99.98860  46.51033   76.740153   1.597476  4.23874916047288   3.2908360  173.4955 /T    1.2178   0.3332539   279.65484   10.903193         n.a.     n.a.
 2026-Jan-18 12:00     07 20 56.27 +22 24 52.7  07 22 31.83 +22 21 54.5  -19.5132  2.894951  289.153893  11.975190   -2.667   5.405   99.97636  46.44145   93.380978   1.601165  4.24503596930315   5.4229831  170.6142 /T    1.7561   0.3287803   278.43875   17.814387         n.a.     n.a.
 2026-Jan-21 00:00 *m  07 19 32.87 +22 27 51.3  07 21 08.52 +22 24 56.0  -19.1447  3.158449   70.143156  10.633323   -2.661   5.407   99.95997  46.35127  110.004535   1.604448  4.25329521186709   6.0129915  167.7488 /T    2.2871   0.3233911   279.36815   19.877498         n.a.     n.a.
 2026-Jan-23 12:00     07 18 10.66 +22 30 43.3  07 19 46.36 +22 27 51.4  -18.6619  2.676244  291.544894   7.346578   -2.654   5.408   99.93950  46.24037  126.613420   1.608035  4.26349570961851   8.1084746  164.8809 /T    2.8132   0.3142141   278.16095   26.593778         n.a.     n.a.
 2026-Jan-26 00:00 *m  07 16 51.08 +22 33 28.4  07 18 26.84 +22 30 39.2  -18.2058  2.917892   72.272548  15.377073   -2.646   5.410   99.91536  46.10952  143.202352   1.611085  4.27559464755907   8.6550916  162.0333 /T    3.3288   0.3073022   279.10552   28.584132         n.a.     n.a.
 2026-Jan-28 12:00     07 15 33.46 +22 36 05.5  07 17 09.28 +22 33 19.3  -17.4614  2.422469  294.034562   2.823552   -2.636   5.412   99.88763  45.95925  159.773952   1.614456  4.28957437674193  10.6883805  159.1870 /T    3.8366   0.2938113   277.89837   35.049298         n.a.     n.a.
 2026-Jan-31 00:00 *m  07 14 19.17 +22 38 35.1  07 15 55.08 +22 35 51.4  -16.9429  2.645225   74.303503  20.135076   -2.625   5.415   99.85685  45.79085  176.323434   1.617170  4.30534999007656  11.1797016  156.3643 /T    4.3312   0.2858018   278.87374   36.926456         n.a.     n.a.
 2026-Feb-02 12:00  m  07 13 07.49 +22 40 55.9  07 14 43.45 +22 38 15.2  -15.9692  2.148016  296.640887  -1.573911   -2.614   5.417   99.82313  45.60467  192.853512   1.620215  4.32292692091543  13.1347159  153.5453 /T    4.8155   0.2685503   277.66087   43.103350         n.a.     n.a.
 2026-Feb-05 00:00 *   07 11 59.73 +22 43 08.9  07 13 35.73 +22 40 30.7  -15.4023  2.353266   76.255749  24.889609   -2.601   5.420   99.78709  45.40230  209.359786   1.622479  4.34219479545042  13.5801495  150.7518 /T    5.2843   0.2596845   278.68683   44.891924         n.a.     n.a.
 2026-Feb-07 12:00  m  07 10 55.16 +22 45 12.5  07 12 31.16 +22 42 36.8  -14.2192  1.861959  299.382024  -5.826535   -2.587   5.423   99.74882  45.18395  225.844838   1.625069  4.36317802232968  15.4432816  147.9642 /T    5.7406   0.2390094   277.46027   50.774738         n.a.     n.a.
 2026-Feb-10 00:00 *   07 09 55.03 +22 47 08.2  07 11 31.07 +22 44 34.6  -13.6151  2.049246   78.149415  29.625004   -2.573   5.426   99.70903  44.95152  242.304718   1.626761  4.38573865442463  15.8413898  145.2039 /T    6.1794   0.2294741   278.55950   52.475812         n.a.     n.a.
 2026-Feb-12 12:00 Am  07 08 58.64 +22 48 53.9  07 10 34.70 +22 46 22.6  -12.2347  1.568325  302.275878  -9.914875   -2.557   5.429   99.66780  44.70505  258.741801   1.628780  4.40991905507122  17.5977938  142.4516 /T    6.6037   0.2055802   277.30472   58.086792         n.a.     n.a.
 2026-Feb-15 00:00 *   07 08 07.13 +22 50 31.9  07 09 43.24 +22 48 02.4  -11.6082  1.736796   80.005078  34.327385   -2.541   5.432   99.62588  44.44680  275.152695   1.629807  4.43554125015788  17.9381930  139.7286 /T    7.0089   0.1956238   278.50934   59.683712         n.a.     n.a.
 2026-Feb-17 12:00 A   07 07 19.81 +22 51 59.6  07 08 55.91 +22 49 32.2  -10.0610  1.271892  305.340109 -13.819283   -2.524   5.435   99.58333  44.17662  291.539661   1.631171  4.46266883011441  19.5731003  137.0159 /T    7.3978   0.1690180   277.20500   65.022264         n.a.     n.a.
 2026-Feb-20 00:00 *m  07 06 37.75 +22 53 19.6  07 08 13.86 +22 50 53.8  -9.41801  1.419097   81.845411  38.984813   -2.506   5.438   99.54091  43.89705  307.899799   1.631472  4.49109060540277  19.8466237  134.3343 /T    7.7661   0.1587388   278.56881   66.528503         n.a.     n.a.
 2026-Feb-22 12:00 A   07 06 00.24 +22 54 29.1  07 07 36.31 +22 52 04.9  -7.74048  0.975189  308.591444 -17.520434   -2.488   5.442   99.49864  43.60782  324.235359   1.632132  4.52087813105336  21.3406776  131.6652 /T    8.1169   0.1300278   277.18061   71.583613         n.a.     n.a.
 2026-Feb-25 00:00 *m  07 05 28.22 +22 55 31.2  07 07 04.31 +22 53 07.9  -7.10452  1.101624   83.697097  43.587256   -2.470   5.445   99.45724  43.31162  340.544042   1.631676  4.55179587842323  21.5450340  129.0288 /T    8.4461   0.1198236   278.81407   72.985360         n.a.     n.a.
 2026-Feb-27 12:00 A   07 05 00.98 +22 56 22.7  07 06 37.06 +22 54 00.6  -5.33236  0.683042  312.045696 -20.999308   -2.451   5.448   99.41669  43.00799  356.828001   1.631598  4.58393049786259  22.8840477  126.4063 /T    8.7570   0.0895989   277.29948   77.759299         n.a.     n.a.
 2026-Mar-02 00:00 *m  07 04 39.33 +22 57 07.1  07 06 15.43 +22 54 45.9  -4.72816  0.790020   85.592598  48.127041   -2.432   5.451   99.37766  42.69970   13.085617   1.630355  4.61702636859470  23.0276569  123.8168 /T    9.0460   0.0798952   279.48582   79.041079         n.a.     n.a.
 2026-Mar-04 12:00 Am  07 04 22.57 +22 57 41.1  07 05 58.60 +22 55 20.9  -2.89250  0.400165  315.717343 -24.237263   -2.413   5.454   99.34007  42.38598   29.318794   1.629489  4.65119967744043  24.2194595  121.2414 /T    9.3162   0.0486675   277.87662   83.554204         n.a.     n.a.
 2026-Mar-07 00:00 *   07 04 11.42 +22 58 08.4  07 05 47.44 +22 55 48.5  -2.32491  0.486034   87.574936  52.598300   -2.393   5.457   99.30453  42.06957   45.526331   1.627407  4.68618105324521  24.3107273  118.6988 /T    9.5646   0.0395861   281.80792   84.729997         n.a.     n.a.
 2026-Mar-09 12:00 Am  07 04 05.23 +22 58 25.3  07 05 41.18 +22 56 05.7  -0.44178  0.124692  319.617265 -27.215817   -2.374   5.459   99.27094  41.74951   61.709878   1.625696  4.72210610755594  25.3560608  116.1702 /T    9.7938   0.0076506   285.76176   89.013312         n.a.     n.a.
 2026-Mar-12 00:00 *   07 04 04.63 +22 58 35.8  07 05 40.58 +22 56 16.1  0.088852  0.186881   89.703970  56.995581   -2.354   5.462   99.23983  41.42854   77.868621   1.622732  4.75869158951267  25.4017363  113.6741 /T   10.0012   0.0034488   25.428739   89.552539         n.a.     n.a.
 2026-Mar-14 12:00 Nm  07 04 09.02 +22 58 35.9  07 05 44.92 +22 56 16.3  2.003898  -0.14723  323.751127 -29.916143   -2.335   5.464   99.21108  41.10555   94.003905   1.620136  4.79608291174961  26.2907921  111.1922 /T   10.1895   0.0334883   94.202205   85.776628         n.a.     n.a.
 2026-Mar-17 00:00 *   07 04 18.93 +22 58 29.8  07 05 54.82 +22 56 09.9  2.491577  -0.11050   92.068394  61.313105   -2.315   5.466   99.18514  40.78331  110.115461   1.616270  4.83397875503440  26.2863616  108.7425 /T   10.3562   0.0415671   92.539421   84.720864         n.a.     n.a.
 2026-Mar-19 12:00 N   07 04 33.82 +22 58 13.3  07 06 09.61 +22 55 53.0  4.420252  -0.41836  328.117473 -32.320064   -2.296   5.468   99.16188  40.46056  126.204347   1.612776  4.87253860435254  27.0186170  106.3073 /T   10.5038   0.0740001   95.406672   80.836343         n.a.     n.a.
 2026-Mar-22 00:00 *m  07 04 54.10 +22 57 50.5  07 06 29.86 +22 55 29.4  4.857274  -0.40813   94.810746  65.543885   -2.276   5.470   99.14164  40.14009  142.270781   1.608014  4.91144002323835  26.9573075  103.9044 /T   10.6303   0.0812398   94.802999   79.856216         n.a.     n.a.
 2026-Mar-24 12:00 N   07 05 19.26 +22 57 17.2  07 06 54.94 +22 54 55.2  6.769947  -0.68895  332.706051 -34.410929   -2.257   5.471   99.12426  39.82052  158.315686   1.603628  4.95085555481371  27.5288992  101.5162 /T   10.7381   0.1134152   95.810783   76.149809         n.a.     n.a.
 2026-Mar-27 00:00 *m  07 05 49.61 +22 56 37.9  07 07 25.29 +22 54 14.6  7.150747  -0.70504   98.177276  69.677709   -2.238   5.473   99.11000  39.50452  174.339700   1.597981  4.99045815437412  27.4212901   99.1601 /T   10.8256   0.1197570   95.630983   75.240717         n.a.     n.a.
 2026-Mar-29 12:00 N   07 06 24.67 +22 55 47.9  07 08 00.26 +22 53 23.7  9.024603  -0.95814  337.497252 -36.173959   -2.220   5.474   99.09865  39.19060  190.343521   1.592699  5.03043152818604  27.8371221   96.8183 /T   10.8950   0.1512554   96.060389   71.716483         n.a.     n.a.
 2026-Apr-01 00:00 *m  07 07 04.64 +22 54 52.0  07 08 40.19 +22 52 26.3  9.343411  -0.99949  102.635891  73.695778   -2.202   5.475   99.09039  38.88126  206.328151   1.586155  5.07045417030216  27.6992289   94.5073 /T   10.9450   0.1566120   96.105859   70.886828         n.a.     n.a.
 2026-Apr-03 12:00 Nm  07 07 49.15 +22 53 45.5  07 09 24.58 +22 51 18.3  11.17764  -1.22734  342.460740 -37.597597   -2.184   5.476   99.08503  38.57487  222.293878   1.579951  5.11072693517226  27.9697450   92.2096 /T   10.9777   0.1874137   96.266140   67.513085         n.a.     n.a.
 2026-Apr-06 00:00 *   07 08 38.32 +22 52 33.0  07 10 13.72 +22 50 03.8  11.43779  -1.29455  109.189162  77.554937   -2.166   5.476   99.08266  38.27386  238.242035   1.572490  5.15092143357691  27.8086943   89.9413 /T   10.9920   0.1918469   96.457372   66.754348         n.a.     n.a.
 2026-Apr-08 12:00 Cm  07 09 31.83 +22 51 09.9  07 11 07.13 +22 48 38.7  13.22646  -1.49928  347.555028 -38.674029   -2.149   5.476   99.08312  37.97650  254.172554   1.565342  5.19125308265457  27.9410307   87.6852 /T   10.9896   0.2218527   96.467149   63.515372         n.a.     n.a.
 2026-Apr-11 00:00 *   07 10 29.76 +22 49 40.5  07 12 05.04 +22 47 07.3  13.43889  -1.59406  120.308807  81.138519   -2.132   5.477   99.08643  37.68514  270.087004   1.556956  5.23138925279392  27.7561618   85.4572 /T   10.9698   0.2255517   96.764551   62.802694         n.a.     n.a.
 2026-Apr-13 12:00 Cm  07 11 31.84 +22 48 00.4  07 13 07.00 +22 45 25.0  15.17640  -1.77786  352.729150 -39.400183   -2.115   5.477   99.09244  37.39807  285.985077   1.548862  5.27154590179244  27.7505555   83.2404 /T   10.9339   0.2546697   96.681552   59.681589         n.a.     n.a.
 2026-Apr-16 00:00 *   07 12 38.08 +22 46 13.8  07 14 13.19 +22 43 36.1  15.34256  -1.90001  142.661712  84.063728   -2.099   5.476   99.10110  37.11753  301.868621   1.539560  5.31138898984558  27.5421305   81.0509 /T   10.8815   0.2576627   97.059537   59.009275         n.a.     n.a.
 2026-Apr-18 12:00 C   07 13 48.30 +22 44 16.1  07 15 23.28 +22 41 35.8  17.02250  -2.06470  357.926009 -39.778998   -2.084   5.476   99.11227  36.84184  317.737057   1.530533  5.35113436162857  27.3929970   78.8721 /T   10.8139   0.2857876   96.915754   55.986740         n.a.     n.a.
 2026-Apr-21 00:00 *m  07 15 02.39 +22 42 11.8  07 16 37.35 +22 39 28.6  17.13798  -2.21258  184.669604  85.142467   -2.069   5.475   99.12584  36.57319  333.592644   1.520342  5.39044110908862  27.1575363   76.7200 /T   10.7307   0.2880036   97.356431   55.354983         n.a.     n.a.
 2026-Apr-23 12:00 C   07 16 20.21 +22 39 56.3  07 17 55.07 +22 37 10.3  18.74240  -2.35689    3.087173 -39.819100   -2.054   5.475   99.14169  36.30986  349.434610   1.510402  5.42953410451115  26.8757035   74.5782 /T   10.6331   0.3148335   97.167425   52.445128         n.a.     n.a.
 2026-Apr-26 00:00 *m  07 17 41.60 +22 37 34.0  07 19 16.42 +22 34 45.1  18.80645  -2.52808  221.851951  83.497905   -2.039   5.474   99.15962  36.05390    5.265424   1.499333  5.46808100054946  26.6235206   72.4622 /T   10.5212   0.3162602   97.656170   51.861517         n.a.     n.a.
 2026-Apr-28 12:00 *   07 19 06.45 +22 35 00.5  07 20 41.12 +22 32 08.5  20.33079  -2.65227    8.157638 -39.534220   -2.026   5.473   99.17953  35.80355   21.084087   1.488475  5.50631574651618  26.2221763   70.3555 /T   10.3958   0.3417176   97.432581   49.061508         n.a.     n.a.
 2026-May-01 00:00 *   07 20 34.55 +22 32 19.9  07 22 09.16 +22 29 24.8  20.35311  -2.84600  240.108062  80.507848   -2.012   5.472   99.20121  35.56069   36.893156   1.476520  5.54392085620586  25.9718232   68.2731 /T   10.2573   0.3425188   97.960124   48.529295         n.a.     n.a.
 2026-May-03 12:00 *m  07 22 05.90 +22 29 28.1  07 23 40.38 +22 26 29.5  21.80374  -2.95271   13.088829 -38.942831   -1.999   5.471   99.22458  35.32361   52.691294   1.464733  5.58112911077503  25.4544166   66.1986 /T   10.1061   0.3667127   97.712195   45.814505         n.a.     n.a.
 2026-May-06 00:00 *   07 23 40.23 +22 26 29.1  07 25 14.68 +22 23 27.1  21.78979  -3.16824  249.520722  77.115687   -1.986   5.469   99.24939  35.09411   68.481269   1.451890  5.61762776609148  25.2053159   64.1469 /T    9.9427   0.3669819   98.272854   45.325079         n.a.     n.a.
 2026-May-08 12:00 *m  07 25 17.60 +22 23 18.6  07 26 51.93 +22 20 13.1  23.17220  -3.25998   17.841032 -38.066551   -1.974   5.468   99.27561  34.87050   84.261454   1.439174  5.65365112072923  24.5801812   62.1018 /T    9.7675   0.3900066   98.008092   42.681477         n.a.     n.a.
 2026-May-11 00:00 *   07 26 57.70 +22 20 00.6  07 28 31.97 +22 16 51.7  23.12690  -3.49645  255.241632  73.597651   -1.963   5.466   99.30296  34.65453  100.034782   1.425457  5.68888466978128  24.3265842   60.0781 /T    9.5810   0.3898285   98.597176   42.221277         n.a.     n.a.
 2026-May-13 12:00 *m  07 28 40.63 +22 16 31.1  07 30 14.75 +22 13 18.5  24.43664  -3.57386   22.385238 -36.929291   -1.951   5.465   99.33142  34.44458  115.799471   1.411829  5.72356075594854  23.5952292   58.0598 /T    9.3833   0.4116100   98.320522   39.641948         n.a.     n.a.
 2026-May-16 00:00 *m  07 30 26.05 +22 12 53.8  07 32 00.10 +22 09 37.4  24.36830  -3.83069  259.184483  70.041325   -1.940   5.463   99.36068  34.24230  131.558572   1.397262  5.75737122388828  23.3354883   56.0621 /T    9.1752   0.4111259   98.933770   39.198329         n.a.     n.a.
 2026-May-18 12:00 *   07 32 14.11 +22 09 04.9  07 33 48.04 +22 05 44.4  25.59787  -3.89351   26.703481 -35.555972   -1.930   5.461   99.39076  34.04619  147.310209   1.382752  5.79053480252746  22.4954927   54.0692 /T    8.9567   0.4315381   98.648552   36.674645         n.a.     n.a.
 2026-May-21 00:00 *m  07 34 04.37 +22 05 08.0  07 35 38.27 +22 01 43.7  25.49903  -4.16653  262.155351  66.479906   -1.920   5.460   99.42132  33.85779  163.057651   1.367364  5.82275484399834  22.2312923   52.0963 /T    8.7289   0.4306198   99.280092   36.257438         n.a.     n.a.
 2026-May-23 12:00 *   07 35 57.04 +22 00 59.6  07 37 30.80 +21 57 31.3  26.64429  -4.21391   30.787863 -33.970560   -1.910   5.458   99.45237  33.67563  178.798855   1.351988  5.85425251546342  21.2943851   50.1277 /T    8.4914   0.4495909   98.987144   33.792277         n.a.     n.a.
 2026-May-26 00:00 *m  07 37 51.64 +21 56 43.2  07 39 25.31 +21 53 11.0  26.51711  -4.50023  264.543789  62.926958   -1.901   5.456   99.48357  33.50113  194.537198   1.335789  5.88474515103925  21.0383366   48.1782 /T    8.2457   0.4482711   99.631929   33.413183         n.a.     n.a.
 2026-May-28 12:00 *   07 39 48.41 +21 52 15.3  07 41 21.94 +21 48 38.9  27.57880  -4.53249   34.639003 -32.195847   -1.892   5.455   99.51496  33.33283  210.270423   1.319549  5.91445757201221  20.0199822   46.2319 /T    7.9910   0.4658128   99.332954   31.009630         n.a.     n.a.
 2026-May-31 00:00 *   07 41 46.88 +21 47 39.5  07 43 20.33 +21 43 58.9  27.43613  -4.83212  266.558394  59.388077   -1.884   5.453   99.54621  33.17206  226.001872   1.302540  5.94312374799788  19.7775065   44.3032 /T    7.7291   0.4643067   99.988638   30.662039         n.a.     n.a.
 2026-Jun-02 12:00 *m  07 43 47.33 +21 42 52.3  07 45 20.66 +21 39 07.3  28.42178  -4.85158   38.263202 -30.253017   -1.876   5.451   99.57739  33.01743  241.729152   1.285442  5.97095599815335  18.6807223   42.3764 /T    7.4589   0.4805482   99.686988   28.303533         n.a.     n.a.
 2026-Jun-05 00:00 *   07 45 49.26 +21 37 56.9  07 47 22.53 +21 34 07.9  28.26734  -5.16301  268.321245  55.865678   -1.868   5.449   99.60814  32.87020  257.455650   1.267640  5.99770165062687  18.4531878   40.4660 /T    7.1821   0.4789164   100.35093   27.985994         n.a.     n.a.
 2026-Jun-07 12:00 *m  07 47 53.02 +21 32 50.3  07 49 26.14 +21 28 57.0  29.18307  -5.17175   41.670864 -28.161321   -1.861   5.448   99.63856  32.72908  273.178801   1.249705  6.02356199892554  17.2770918   38.5561 /T    6.8978   0.4939632   100.04948   25.654533         n.a.     n.a.
 2026-Jun-10 00:00 *   07 49 58.05 +21 27 35.4  07 51 31.08 +21 23 38.0  29.01965  -5.49339  269.908339  52.360466   -1.854   5.446   99.66832  32.59528  288.902129   1.231139  6.04828836092638  17.0546324   36.6614 /T    6.6076   0.4922503   100.71919   25.352059         n.a.     n.a.
 2026-Jun-12 12:00 *m  07 52 04.74 +21 22 09.5  07 53 37.62 +21 18 07.5  29.86136  -5.49104   44.875500 -25.938187   -1.847   5.444   99.69750  32.46760  304.623007   1.212402  6.07207321290638  15.8057696   34.7662 /T    6.3103   0.5060338   100.41941   23.048229         n.a.     n.a.
 2026-Jun-15 00:00 *m  07 54 12.51 +21 16 35.2  07 55 45.33 +21 12 28.8  29.68984  -5.82062  271.369722  48.872036   -1.841   5.443   99.72579  32.34719  320.345005   1.193109  6.09467663321010  15.5807708   32.8853 /T    6.0080   0.5042503   101.09201   22.749920         n.a.     n.a.
 2026-Jun-17 12:00 *   07 56 21.76 +21 10 50.1  07 57 54.46 +21 06 39.1  30.44779  -5.80501   47.892297 -23.598725   -1.835   5.441   99.75326  32.23294  336.065557   1.173605  6.11627781031641  14.2605346   31.0036 /T    5.6993   0.5166037   100.79416   20.469991         n.a.     n.a.
 2026-Jun-20 00:00 *m  07 58 31.85 +21 04 56.8  08 00 04.46 +21 00 41.7  30.26628  -6.13868  272.740961  45.399286   -1.829   5.440   99.77962  32.12588  351.788260   1.153613  6.13666161921243  14.0469526   29.1356 /T    5.3863   0.5147090   101.46534   20.194711         n.a.     n.a.
 2026-Jun-22 12:00 *   08 00 43.22 +20 58 53.1  08 02 15.68 +20 54 33.5  30.94033  -6.10925   50.737329 -21.155456   -1.824   5.439   99.80494  32.02496    7.510435   1.133357  6.15599981794288  12.6669647   27.2663 /T    5.0677   0.5256285   101.16953   17.940091         n.a.     n.a.
 2026-Jun-25 00:00 *m  08 02 55.23 +20 52 41.5  08 04 27.58 +20 48 17.6  30.75239  -6.44504  274.047703  41.940541   -1.819   5.438   99.82895  31.93108   23.235671   1.112678  6.17409921314434  12.4714013   25.4099 /T    4.7456   0.5236751   101.83664   17.693488         n.a.     n.a.
 2026-Jun-27 12:00 *   08 05 08.34 +20 46 19.8  08 06 40.56 +20 41 51.2  31.35152  -6.40415   53.426827 -18.619343   -1.815   5.436   99.85174  31.84327   38.961155   1.091686  6.19112499159974  11.0437345   23.5512 /T    4.4185   0.5333153   101.54494   15.462110         n.a.     n.a.
 2026-Jun-30 00:00 *   08 07 21.92 +20 39 50.4  08 08 54.05 +20 35 17.5  31.16305  -6.74133  275.309274  38.494370   -1.810   5.435   99.87306  31.76236   54.690434   1.070340  6.20689580856605  10.8645350   21.7042 /T    4.0887   0.5313978   102.20640   15.238245         n.a.     n.a.
 2026-Jul-02 12:00 *m  08 09 36.45 +20 33 11.3  08 11 08.46 +20 28 33.9  31.68866  -6.68983   55.976159 -15.999837   -1.806   5.435   99.89300  31.68747   70.420674   1.048638  6.22156377655963   9.3915892   19.8536 /T    3.7544   0.5397851   101.92074   13.021183         n.a.     n.a.
 2026-Jul-05 00:00 *   08 11 51.28 +20 26 24.7  08 13 23.19 +20 21 43.0  31.50719  -7.02815  276.540901  35.059612   -1.803   5.434   99.91134  31.61936   86.155356   1.026658  6.23496581147715   9.2269030   18.0136 /T    3.4179   0.5380257   102.57481   12.814146         n.a.     n.a.
 2026-Jul-07 12:00 *m  08 14 06.95 +20 19 28.7  08 15 38.69 +20 14 42.6  31.96210  -6.96718   58.400153 -13.305187   -1.799   5.433   99.92815  31.55728  101.891649   1.004286  6.24723145939153   7.7084169   16.1689 /T    3.0774   0.5452109   102.29711   10.599218         n.a.     n.a.
 2026-Jul-10 00:00 *   08 16 22.75 +20 12 25.4  08 17 54.38 +20 07 34.9  31.78474  -7.30379  277.754624  31.635168   -1.796   5.432   99.94325  31.50192  117.633066   0.981715  6.25821098038776   7.5491919   14.3336 /T    2.7354   0.5435518   102.94129   10.398131         n.a.     n.a.
 2026-Jul-12 12:00 *m  08 18 39.24 +20 05 13.2  08 20 10.76 +20 00 18.0  32.16697  -7.23300   60.713081 -10.542541   -1.794   5.432   99.95671  31.45262  133.376801   0.958720  6.26801893324141   5.9861504   12.4930 /T    2.3899   0.5495024   102.67264   8.1765386         n.a.     n.a.
 2026-Jul-15 00:00 *m  08 20 55.70 +19 57 54.0  08 22 27.14 +19 52 54.5  31.98977  -7.56431  278.960901  28.220027   -1.791   5.432   99.96837  31.41004  149.126424   0.935603  6.27651623701513   5.8276284   10.6613 /T    2.0436   0.5478655   103.30382   7.9755165         n.a.     n.a.
 2026-Jul-17 12:00 *   08 23 12.68 +19 50 26.6  08 24 43.99 +19 45 22.7  32.28640  -7.47964   62.928254  -7.717417   -1.789   5.431   99.97828  31.37359  164.879230   0.912022  6.28380861771949   4.2328315    8.8242 /T    1.6946   0.5523578   103.04335   5.7554566         n.a.     n.a.
 2026-Jul-20 00:00 *m  08 25 29.44 +19 42 52.7  08 27 00.63 +19 37 44.7  32.11175  -7.80330  280.169538  24.812887   -1.787   5.431   99.98632  31.34376  180.638651   0.888383  6.28978878181182   4.0872716    6.9964 /T    1.3456   0.5507712   103.65839   5.5692815         n.a.     n.a.
 2026-Jul-22 12:00 *   08 27 46.56 +19 35 11.4  08 29 17.60 +19 29 58.9  32.32758  -7.70585   65.058584  -4.834181   -1.785   5.431   99.99255  31.32006  196.401990   0.864240  6.29454817929947   2.4716367    5.1645 /T    0.9949   0.5538884   103.40727   3.3508439         n.a.     n.a.
 2026-Jul-25 00:00 *m  08 30 03.28 +19 27 24.0  08 31 34.22 +19 22 07.3  32.15922  -8.02087  281.389169  21.412633   -1.784   5.432   99.99688  31.30287  212.172553   0.840106  6.29800532060119   2.3479907    3.3460 /T    0.6458   0.5524063   104.00449   3.1901041         n.a.     n.a.
 2026-Jul-27 12:00 *   08 32 20.23 +19 19 29.9  08 33 51.06 +19 14 08.7  32.30283  -7.91353   67.116053  -1.896757   -1.783   5.432   99.99934  31.29179  227.947589   0.815431  6.30023556510171   0.7140316    1.5488 /T    0.3005   0.5543006   103.76518   0.9635061         n.a.     n.a.
 2026-Jul-30 00:00 *   08 34 36.65 +19 11 30.2  08 36 07.34 +19 06 05.6  32.14372  -8.21906  282.628264  18.018793   -1.782   5.432   99.99990  31.28715  243.730370   0.790840  6.30117024643822   0.6038342    0.5944 /L    0.1120   0.5529647   104.34306   0.8156736         n.a.     n.a.
 2026-Aug-01 12:00 *m  08 36 53.16 +19 03 24.5  08 38 23.72 +18 57 55.2  32.21614  -8.10247   69.112040   1.091625   -1.782   5.433   99.99857  31.28864  259.518201   0.765682  6.30086967567505  -1.0399875    2.2482 /L    0.4283   0.5536570   104.11728   -1.418424         n.a.     n.a.
 2026-Aug-04 00:00 *   08 39 09.02 +18 55 13.7  08 40 39.45 +18 49 40.4  32.06880  -8.39760  283.894170  14.631216   -1.782   5.433   99.99535  31.29653  275.314233   0.740683  6.29928076820361  -1.1450448    4.0610 /L    0.7754   0.5525013   104.67410   -1.564679         n.a.     n.a.
 2026-Aug-06 12:00 Cm  08 41 24.83 +18 46 57.5  08 42 55.14 +18 41 19.8  32.06736  -8.27123   71.057566   4.127593   -1.782   5.434   99.99025  31.31065  291.115923   0.715098  6.29644107152249  -2.8011729    5.8972 /L    1.1259   0.5519482   104.46324   -3.820425         n.a.     n.a.
 2026-Aug-09 00:00 *   08 43 39.86 +18 38 36.8  08 45 10.06 +18 32 55.0  31.93027  -8.55352  285.195259  11.250010   -1.783   5.434   99.98331  31.33116  306.926361   0.689747  6.29231772135702  -2.9027309    7.7342 /L    1.4750   0.5509348   104.99637   -3.968114         n.a.     n.a.
 2026-Aug-11 12:00 Cm  08 45 54.70 +18 30 11.6  08 47 24.82 +18 24 25.6  31.84864  -8.41528   72.963455   7.208836   -1.784   5.435   99.97450  31.35803  322.743125   0.663790  6.28692708395308  -4.5683792    9.5831 /L    1.8246   0.5490277   104.80084   -6.253985         n.a.     n.a.
 2026-Aug-14 00:00 *m  08 48 08.59 +18 21 42.5  08 49 38.59 +18 15 52.8  31.71384  -8.67986  286.540076   7.875513   -1.785   5.436   99.96391  31.39133  338.569290   0.638131  6.28025797163475  -4.6675231   11.4300 /L    2.1714   0.5480033   105.30661   -6.407025         n.a.     n.a.
 2026-Aug-16 12:00 C   08 50 22.13 +18 13 10.1  08 51 51.99 +18 07 16.4  31.54838  -8.52801   74.840383  10.333813   -1.787   5.437   99.95152  31.43105  354.402528   0.611841  6.27232060165837  -6.3243695   13.2879 /L    2.5178   0.5446781   105.12641   -8.712191         n.a.     n.a.
 2026-Aug-19 00:00 *m  08 52 34.54 +18 04 34.7  08 54 04.28 +17 58 37.2  31.41881  -8.77383  287.937940   4.508046   -1.789   5.438   99.93746  31.47718   10.245722   0.585908  6.26312956019227  -6.4108095   15.1438 /L    2.8605   0.5436813   105.60260   -8.857996         n.a.     n.a.
 2026-Aug-21 12:00 C   08 54 46.44 +17 55 57.0  08 56 16.08 +17 49 55.4  31.17051  -8.60894   76.699442  13.501178   -1.791   5.440   99.92167  31.52978   26.096629   0.559325  6.25268073278344  -8.0506888   17.0110 /L    3.2021   0.5389586   105.43955   -11.18470         n.a.     n.a.
 2026-Aug-24 00:00 *m  08 56 57.07 +17 47 17.1  08 58 26.61 +17 41 11.8  31.05294  -8.83687  289.398815   1.148681   -1.793   5.441   99.90434  31.58871   41.957922   0.533162  6.24101634941452  -8.1200637   18.8767 /L    3.5394   0.5380973   105.88499   -11.31669         n.a.     n.a.
 2026-Aug-26 12:00 C   08 59 07.06 +17 38 35.9  09 00 36.50 +17 32 26.7  30.72896  -8.66173   78.551788  16.709602   -1.796   5.443   99.88539  31.65418   57.827439   0.506339  6.22810837774160  -9.7401016   20.7546 /L    3.8750   0.5321066   105.74182   -13.67076         n.a.     n.a.
 2026-Aug-29 00:00 *   09 01 15.65 +17 29 53.3  09 02 44.97 +17 23 40.7  30.62068  -8.86966  290.933579  -2.200663   -1.799   5.444   99.86503  31.72596   73.707753   0.480003  6.21401659932523  -9.7990601   22.6320 /L    4.2057   0.5313235   106.15431   -13.79983         n.a.     n.a.
 2026-Aug-31 12:00 Cm  09 03 23.47 +17 21 10.3  09 04 52.67 +17 14 53.9  30.22459  -8.68578   80.409425  19.957661   -1.802   5.446   99.84318  31.80437   89.596790   0.453007  6.19869699449687 -11.3962180   24.5225 /L    4.5340   0.5241312   106.03331   -16.18649         n.a.     n.a.
 2026-Sep-03 00:00 *   09 05 29.77 +17 12 26.6  09 06 58.85 +17 06 06.8  30.12564  -8.87246  292.554018  -5.537473   -1.806   5.448   99.82009  31.88914  105.497040   0.426564  6.18221887684458 -11.4565923   26.4139 /L    4.8569   0.5234168   106.41051   -16.32978         n.a.     n.a.
 2026-Sep-05 12:00 Cm  09 07 35.13 +17 03 43.7  09 09 04.15 +16 57 20.1  29.64670  -8.67625   82.285643  23.243864   -1.810   5.450   99.79567  31.98070  121.406672   0.399466  6.16451904044711 -13.0261626   28.3197 /L    5.1768   0.5148366   106.31237   -18.75912         n.a.     n.a.
 2026-Sep-08 00:00 *   09 09 38.83 +16 55 01.2  09 11 07.75 +16 48 34.2  29.55279  -8.83855  294.273715  -8.858466   -1.814   5.452   99.77019  32.07868  137.328023   0.372981  6.14569117311035 -13.0893316   30.2273 /L    5.4906   0.5141031   106.65070   -18.92230         n.a.     n.a.
 2026-Sep-10 12:00 Cm  09 11 41.42 +16 46 20.7  09 13 10.26 +16 39 50.2  28.98429  -8.62722   84.195006  26.567225   -1.819   5.454   99.74357  32.18361  153.259497   0.345839  6.12565369632653 -14.6237029   32.1500 /L    5.8005   0.5040167   106.57571   -21.40142         n.a.     n.a.
 2026-Sep-13 00:00 *m  09 13 42.16 +16 37 41.8  09 15 10.87 +16 31 08.2  28.88926  -8.76124  296.108646 -12.159624   -1.824   5.456   99.71613  32.29497  169.203284   0.319361  6.10453062625773 -14.6760527   34.0751 /L    6.1036   0.5031426   106.87097   -21.57249         n.a.     n.a.
 2026-Sep-15 12:00 N   09 15 41.61 +16 29 06.3  09 17 10.24 +16 22 29.2  28.23299  -8.53530   86.154624  29.926970   -1.830   5.458   99.68777  32.41337  185.157849   0.292228  6.08223238763756 -16.1608985   36.0157 /L    6.4019   0.4915828   106.82094   -24.09572         n.a.     n.a.
 2026-Sep-18 00:00 *m  09 17 39.04 +16 20 33.5  09 19 07.58 +16 13 53.3  28.14017  -8.64138  298.076817 -15.435860   -1.835   5.461   99.65883  32.53817  201.125189   0.265807  6.05890396556283 -16.2010236   37.9592 /L    6.6927   0.4906183   107.07086   -24.27310         n.a.     n.a.
 2026-Sep-20 12:00 N   09 19 35.01 +16 12 05.5  09 21 03.49 +16 05 21.9  27.39888  -8.40227   88.184642  33.321804   -1.842   5.463   99.62920  32.67006  217.103915   0.238746  6.03444272989082 -17.6245620   39.9189 /L    6.9779   0.4776380   107.04893   -26.83656         n.a.     n.a.
 2026-Sep-23 00:00 *m  09 21 28.81 +16 03 41.3  09 22 57.20 +15 56 54.8  27.31055  -8.48064  300.198958 -18.680266   -1.848   5.465   99.59926  32.80832  233.095769   0.212450  6.00901424733333 -17.6529969   41.8821 /L    7.2548   0.4766163   107.25093   -27.02103         n.a.     n.a.
 2026-Sep-25 12:00 N   09 23 20.98 +15 55 23.2  09 24 49.32 +15 48 33.6  26.48675  -8.22963   90.309359  36.749839   -1.855   5.468   99.56888  32.95374  249.099555   0.185538  5.98249568085010 -19.0152378   43.8624 /L    7.5255   0.4622634   107.26041   -29.63543         n.a.     n.a.
 2026-Sep-28 00:00 *   09 25 10.84 +15 47 10.1  09 26 39.07 +15 40 17.7  26.40303  -8.27973  302.498627 -21.884086   -1.862   5.470   99.53845  33.10550  265.116838   0.159445  5.95507275670995 -19.0332475   45.8474 /L    7.7871   0.4611802   107.41092   -29.82999         n.a.     n.a.
 2026-Sep-30 12:00 Nm  09 26 58.92 +15 39 04.2  09 28 27.10 +15 32 08.7  25.49824  -8.01759   92.559443  40.208294   -1.870   5.472   99.50786  33.26453  281.146578   0.132768  5.92660219905296 -20.3318757   47.8507 /L    8.0418   0.4454842   107.45508   -32.50281         n.a.     n.a.
 2026-Oct-03 00:00 *   09 28 44.53 +15 31 04.6  09 30 12.64 +15 24 06.2  25.41123  -8.03575  305.002604 -25.036360   -1.878   5.475   99.47750  33.42993  297.190256   0.106962  5.89728008043790 -20.3529734   49.8601 /L    8.2868   0.4441921   107.54842   -32.73432         n.a.     n.a.
 2026-Oct-05 12:00 Nm  09 30 28.16 +15 23 13.7  09 31 56.25 +15 16 12.4  24.41687  -7.75897   94.973877  43.693463   -1.886   5.477   99.44728  33.60273  313.247109   0.080604  5.86695272354384 -21.5784942   51.8892 /L    8.5238   0.4270003   107.62875   -35.47502         n.a.     n.a.
 2026-Oct-08 00:00 *   09 32 09.14 +15 15 30.4  09 33 37.15 +15 08 26.7  24.32038  -7.74186  307.742308 -28.123338   -1.895   5.479   99.41760  33.78190  329.318431   0.055153  5.83583585815669 -21.5973526   53.9252 /L    8.7502   0.4253814   107.65772   -35.74592         n.a.     n.a.
 2026-Oct-10 12:00 N   09 33 47.90 +15 07 57.6  09 35 15.87 +15 00 51.1  23.22635  -7.44629   97.603669  47.200751   -1.905   5.482   99.38839  33.96856  345.403723   0.029184  5.80376772849808 -22.7361218   55.9817 /L    8.9678   0.4065131   107.77567   -38.56472         n.a.     n.a.
 2026-Oct-13 00:00 *m  09 35 23.81 +15 00 33.9  09 36 51.70 +14 53 25.0  23.12143  -7.39390  310.753622 -31.128203   -1.914   5.484   99.36006  34.16145    1.503983   0.004156  5.77099709109179 -22.7373713   58.0457 /L    9.1737   0.4045815   107.73352   -38.85770         n.a.     n.a.
 2026-Oct-15 12:00 N   09 36 57.29 +14 53 22.3  09 38 25.17 +14 46 10.7  21.93570  -7.08289  100.517908  50.723202   -1.925   5.486   99.33253  34.36179   17.618836  -0.021349  5.73734985204820 -23.7775947   60.1308 /L    9.3698   0.3841811   107.89493   -41.74802         n.a.     n.a.
 2026-Oct-18 00:00 *m  09 38 27.74 +14 46 21.3  09 39 55.57 +14 39 07.3  21.82050  -6.99481  314.076340 -34.029696   -1.935   5.488   99.30619  34.56820   33.749048  -0.045877  5.70309271175301 -23.7584100   62.2236 /L    9.5533   0.3819036   107.77384   -42.06488         n.a.     n.a.
 2026-Oct-20 12:00 N   09 39 55.55 +14 39 33.9  09 41 23.39 +14 32 17.5  20.55047  -6.67160  103.811490  54.249950   -1.946   5.490   99.28099  34.78195   49.894376  -0.070827  5.66804391981932 -24.6937041   64.3383 /L    9.7261   0.3601050   107.98575   -45.02589         n.a.     n.a.
 2026-Oct-23 00:00 *m  09 41 20.17 +14 32 58.5  09 42 47.94 +14 25 40.0  20.42730  -6.54908  317.753463 -36.801255   -1.958   5.492   99.25729  35.00157   66.055356  -0.094761  5.63247942287864 -24.6595475   66.4614 /L    9.8856   0.3575243   107.77609   -45.37255         n.a.     n.a.
 2026-Oct-25 12:00 Nm  09 42 41.95 +14 26 38.0  09 44 09.71 +14 19 17.3  19.07197  -6.21353  107.619009  57.764080   -1.970   5.494   99.23503  35.22845   82.232001  -0.119051  5.59620454892124 -25.4839511   68.6074 /L   10.0333   0.3343102   108.04528   -48.41461         n.a.     n.a.
 2026-Oct-28 00:00 C   09 44 00.37 +14 20 30.9  09 45 28.09 +14 13 08.0  18.93927  -6.05631  321.829203 -39.410571   -1.982   5.496   99.21458  35.46097   98.424574  -0.142289  5.55951064286576 -25.4396048   70.7629 /L   10.1670   0.3314006   107.73299   -48.80047         n.a.     n.a.
 2026-Oct-30 12:00 Nm  09 45 15.74 +14 14 40.2  09 46 43.50 +14 07 15.1  17.49883  -5.70827  112.135966  61.239078   -1.995   5.497   99.19588  35.70065  114.633377  -0.165813  5.52218591676836 -26.1542049   72.9427 /L   10.2880   0.3067723   108.06679   -51.94137         n.a.     n.a.
 2026-Nov-02 00:00 C   09 46 27.57 +14 09 04.4  09 47 55.31 +14 01 37.3  17.34511  -5.51192  326.346065 -41.818536   -2.008   5.499   99.17927  35.94574  130.858540  -0.188258  5.48453446411533 -26.0984153   75.1332 /L   10.3941   0.3033305   107.62919   -52.38514         n.a.     n.a.
 2026-Nov-04 12:00 Nm  09 47 36.10 +14 03 46.7  09 49 03.87 +13 56 17.7  15.81388  -5.14861  117.650707  64.633274   -2.022   5.500   99.16474  36.19780  147.100586  -0.210921  5.44634373707445 -26.6895773   77.3494 /L   10.4863   0.2771818   108.03399   -55.63923         n.a.     n.a.
 2026-Nov-07 00:00 C   09 48 40.88 +13 58 45.4  09 50 08.61 +13 51 14.8  15.63528  -4.91208  331.339858 -43.978921   -2.036   5.501   99.15259  36.45489  163.359404  -0.232490  5.40793372490627 -26.6169097   79.5771 /L   10.5626   0.2731454   107.44096   -56.14517         n.a.     n.a.
 2026-Nov-09 12:00 A   09 49 42.10 +13 54 04.0  09 51 09.87 +13 46 31.6  14.01400  -4.53383  124.592897  67.878318   -2.051   5.502   99.14281  36.71860  179.635750  -0.254203  5.36909416779760 -27.0654296   81.8314 /L   10.6240   0.2454858   107.92749   -59.51673         n.a.     n.a.
 2026-Nov-12 00:00 Cm  09 50 39.40 +13 49 40.6  09 52 07.15 +13 42 06.4  13.81414  -4.26000  336.830593 -45.838931   -2.065   5.503   99.13565  36.98678  195.929105  -0.274805  5.33016432825424 -26.9633902   84.0973 /L   10.6685   0.2409346   107.13870   -60.07008         n.a.     n.a.
 2026-Nov-14 12:00 A   09 51 32.89 +13 45 38.5  09 53 00.73 +13 38 02.6  12.11216  -3.87080  133.581437  70.859306   -2.081   5.504   99.13110  37.26108  212.240419  -0.295461  5.29092691936142 -27.2662512   86.3903 /L   10.6969   0.2119273   107.72284   -63.56815         n.a.     n.a.
 2026-Nov-17 00:00 Cm  09 52 22.29 +13 41 55.7  09 53 50.12 +13 34 18.4  11.89391  -3.56257  342.811343 -47.340360   -2.096   5.504   99.12935  37.53914  228.568858  -0.314987  5.25173558125664 -27.1284697   88.6951 /L   10.7078   0.2069334   106.67446   -64.16209         n.a.     n.a.
 2026-Nov-19 12:00 A   09 53 07.70 +13 38 35.5  09 54 35.59 +13 30 56.8  10.12603  -3.16846  145.395668  73.385409   -2.113   5.504   99.13040  37.82267  244.915491  -0.334468  5.21236693526696 -27.2805301   91.0275 /L   10.7017   0.1768361   107.37502   -67.78411         n.a.     n.a.
 2026-Nov-22 00:00 Cm  09 53 48.87 +13 35 35.6  09 55 16.75 +13 27 55.7  9.887499  -2.82679  349.236834 -48.423622   -2.129   5.504   99.13435  38.10922  261.279223  -0.352800  5.17317483103323 -27.1162306   93.3720 /L   10.6774   0.1713941   105.95497   -68.43351         n.a.     n.a.
 2026-Nov-24 12:00 Am  09 54 25.86 +13 32 59.4  09 55 53.82 +13 25 18.2  8.062823  -2.43114  160.617746  75.164707   -2.146   5.504   99.14120  38.40049  277.661352  -0.370980  5.13393482006698 -27.1146867   95.7450 /L   10.6353   0.1403562   106.77933   -72.19096        2.336    2.356
 2026-Nov-27 00:00 C   09 54 58.50 +13 30 44.6  09 56 26.50 +13 23 02.0  7.803349  -2.05742  356.016269 -49.033330   -2.163   5.504   99.15100  38.69395  294.060497  -0.388002  5.09499834127387 -26.9298162   98.1308 /L   10.5744   0.1345004   104.77040   -72.90215         n.a.     n.a.
 2026-Nov-29 12:00 Am  09 55 26.75 +13 28 54.5  09 56 54.86 +13 21 10.9  5.916939  -1.65721  178.656526  75.849512   -2.180   5.503   99.16376  38.99136  310.478308  -0.404770  5.05613660128689 -26.7731357  100.5464 /L   10.4948   0.1024106   105.64647   -76.84147        2.597    2.119
 2026-Dec-02 00:00 C   09 55 50.52 +13 27 26.9  09 57 18.64 +13 19 42.4  5.630176  -1.25057    3.015472 -49.124225   -2.198   5.503   99.17944  39.28992  326.913109  -0.420386  5.01771535394053 -26.5582180  102.9758 /L   10.3958   0.0961232   102.52321   -77.61847         n.a.     n.a.
 2026-Dec-04 12:00 Am  09 56 09.69 +13 26 25.0  09 57 37.91 +13 18 39.8  3.693271  -0.84967  197.067774  75.225184   -2.215   5.502   99.19806  39.59135  343.366717  -0.435646  4.97951258780837 -26.2318377  105.4357 /L   10.2772   0.0631625   102.95605   -81.75336        0.235   23.373
 2026-Dec-07 00:00 C   09 56 24.27 +13 25 46.6  09 57 52.51 +13 18 00.5  3.380437  -0.41344   10.069899 -48.667968   -2.233   5.501   99.21951  39.89267  359.837091  -0.449766  4.94190087917556 -25.9750410  107.9095 /L   10.1386   0.0567604   96.972869   -82.56282         n.a.     n.a.
 2026-Dec-09 12:00 A   09 56 34.10 +13 25 34.6  09 58 02.47 +13 17 47.8  1.412451  -0.01943  213.111433  73.382736   -2.251   5.499   99.24376  40.19550   16.326117  -0.463418  4.90466973659360 -25.4704224  110.4140 /L    9.9798   0.0235431   90.788174   -86.86328         n.a.     n.a.
 2026-Dec-12 00:00 Cm  09 56 39.28 +13 25 46.4  09 58 07.70 +13 17 59.0  1.086604  0.437789   17.006954 -47.656936   -2.269   5.498   99.27060  40.49671   32.831328  -0.475940  4.86818877128401 -25.1702262  112.9317 /L    9.8008   0.0195247   68.055676   -87.38642         n.a.     n.a.
 2026-Dec-14 12:00 A   09 56 39.62 +13 26 25.0  09 58 08.17 +13 18 37.1  -0.89413  0.818100  225.762546  70.618450   -2.287   5.496   99.30001  40.79790   49.354788  -0.487876  4.83224932917409 -24.4861230  115.4800 /L    9.6012   0.0201988   312.45735   -87.24140         n.a.     n.a.
 2026-Dec-17 00:00 Cm  09 56 35.32 +13 27 27.3  09 58 03.91 +13 19 39.1  -1.22514  1.289767   23.672213 -46.104533   -2.305   5.494   99.33164  41.09580   65.893574  -0.498695  4.79722082732502 -24.1409207  118.0408 /L    9.3814   0.0296483   316.47193   -85.92645         n.a.     n.a.
 2026-Dec-19 12:00 A   09 56 26.15 +13 28 56.1  09 57 54.86 +13 21 07.8  -3.19082  1.646352  235.434935  67.224882   -2.323   5.492   99.36545  41.39198   82.449864  -0.508805  4.76289395962130 -23.2856850  120.6316 /L    9.1409   0.0598420   297.29214   -81.58379         n.a.     n.a.
 2026-Dec-22 00:00 Cm  09 56 12.41 +13 30 48.2  09 57 41.19 +13 22 59.6  -3.52274  2.127557   29.949461 -44.042248   -2.341   5.490   99.40102  41.68313   99.020432  -0.517823  4.72962601314834 -22.9000839  123.2341 /L    8.8806   0.0685894   301.12985   -80.28322         n.a.     n.a.
 2026-Dec-24 12:00  m  09 55 53.83 +13 33 06.1  09 57 22.78 +13 25 17.4  -5.45248  2.454073  242.913764  63.408165   -2.358   5.488   99.43830  41.97077  115.607549  -0.526019  4.69721317162579 -21.8789994  125.8665 /L    8.5998   0.0996550   294.23174   -75.50013        2.992    1.834
 2026-Dec-27 00:00 C   09 55 30.80 +13 35 46.7  09 56 59.84 +13 27 58.0  -5.78521  2.942155   35.768805 -41.513443   -2.376   5.486   99.47678  42.25159  132.207730  -0.533168  4.66599336329470 -21.4657719  128.5103 /L    8.2997   0.1081729   296.95629   -74.13369         n.a.     n.a.
 2026-Dec-29 12:00  m  09 55 02.96 +13 38 52.4  09 56 32.14 +13 31 04.0  -7.66875  3.237206  248.866280  59.298572   -2.392   5.483   99.51639  42.52699  148.823502  -0.539399  4.63577705288707 -20.2747532  131.1839 /L    7.9792   0.1387335   292.88606   -69.02168        1.983    2.766
$$EOE
**********************************************************************************************************************************************************************************************************************************************************************************************
Column meaning:
 
TIME

  Times PRIOR to 1962 are UT1, a mean-solar time closely related to the
prior but now-deprecated GMT. Times AFTER 1962 are in UTC, the current
civil or "wall-clock" time-scale. UTC is kept within 0.9 seconds of UT1
using integer leap-seconds for 1972 and later years.

  Conversion from the internal Barycentric Dynamical Time (TDB) of solar
system dynamics to the non-uniform civil UT time-scale requested for output
has not been determined for UTC times after the next July or January 1st.
Therefore, the last known leap-second is used as a constant over future
intervals.

  Time tags refer to the UT time-scale conversion from TDB on Earth
regardless of observer location within the solar system, although clock
rates may differ due to the local gravity field and no analog to "UT"
may be defined for that location.

  Any 'b' symbol in the 1st-column denotes a B.C. date. First-column blank
(" ") denotes an A.D. date.
 
CALENDAR SYSTEM

  Mixed calendar mode was active such that calendar dates after AD 1582-Oct-15
(if any) are in the modern Gregorian system. Dates prior to 1582-Oct-5 (if any)
are in the Julian calendar system, which is automatically extended for dates
prior to its adoption on 45-Jan-1 BC.  The Julian calendar is useful for
matching historical dates. The Gregorian calendar more accurately corresponds
to the Earth's orbital motion and seasons. A "Gregorian-only" calendar mode is
available if such physical events are the primary interest.

  NOTE: "n.a." in output means quantity "not available" at the print-time.
 
SOLAR PRESENCE (OBSERVING SITE)
  Time tag is followed by a blank, then a solar-presence symbol:

       '*'  Daylight (refracted solar upper-limb on or above apparent horizon)
       'C'  Civil twilight/dawn
       'N'  Nautical twilight/dawn
       'A'  Astronomical twilight/dawn
       ' '  Night OR geocentric ephemeris

LUNAR PRESENCE (OBSERVING SITE)
  The solar-presence symbol is immediately followed by a lunar-presence symbol:

       'm'  Refracted upper-limb of Moon on or above apparent horizon
       ' '  Refracted upper-limb of Moon below apparent horizon OR geocentric
            ephemeris
 
 'R.A._____(ICRF)_____DEC' =
  Astrometric right ascension and declination of the target center with
respect to the observing site (coordinate origin) in the reference frame of
the planetary ephemeris (ICRF). Compensated for down-leg light-time delay
aberration.

  Units: RA  in hours-minutes-seconds of time,    HH MM SS.ff{ffff}
         DEC in degrees-minutes-seconds of arc,  sDD MN SC.f{ffff}
 
 'R.A.__(a-apparent)__DEC' =
  Airless apparent right ascension and declination of the target center
with respect to an instantaneous reference frame defined by the Earth equator
of-date (z-axis) and meridian containing the Earth equinox of-date (x-axis,
EOP-corrected IAU76/80). Compensated for down-leg light-time delay,
gravitational deflection of light, stellar aberration, precession & nutation.
Note: equinox (RA origin) is offset -53 mas from the of-date frame defined
by the IAU06/00a P & N system.

  Units: RA  in hours-minutes-seconds of time,   HH MM SS.ff{ffff}
         DEC in degrees-minutes-seconds of arc, sDD MN SC.f{ffff}
 
 'dRA*cosD d(DEC)/dt' =
  The angular rate of change in apparent RA and DEC of the target. This is
with respect to the non-inertial IAU76/80 Earth true equator and equinox
of-date reference frame.  d(RA)/dt is multiplied by the cosine of declination
to provide a linear rate in the plane-of-sky. Units: ARCSECONDS PER HOUR
 
 'Azi____(a-app)___Elev' =
  Airless apparent azimuth and elevation of target center. Compensated
for light-time, the gravitational deflection of light, stellar aberration,
precession and nutation. Azimuth is measured clockwise from north:

  North(0) -> East(90) -> South(180) -> West(270) -> North (360)

Elevation angle is with respect to a plane perpendicular to the reference
surface local zenith direction. TOPOCENTRIC ONLY.  Units: DEGREES
 
 'APmag   S-brt' =
  The targets' approximate apparent visual magnitude and surface brightness.
For planets and natural satellites, output is restricted to solar phase angles
covered by observational data. Outside the observed phase angle range, "n.a."
may be output to avoid extrapolation beyond the limit of model validity.

   For Earth-based observers, the estimated dimming due to atmospheric
absorption (extinction) is available as a separate, requestable quantity.

   Surface brightness is the average airless visual magnitude of a
square-arcsecond of the illuminated portion of the apparent disk. It is
computed only if the target radius is known.

   Units: MAGNITUDES & MAGNITUDES PER SQUARE ARCSECOND
 
 'Illu%' =
   Fraction of the target objects' assumed circular disk illuminated by Sun
(phase), as seen by the observer.  Units: PERCENT
 
 'Ang-diam' =
   The equatorial angular width of the target body full disk, if it were fully
illuminated and visible to the observer. If the target body diameter is unknown
"n.a." is output.

   Units: ARCSECONDS
 
 'ObsSub-LON ObsSub-LAT' =
   Apparent planetodetic longitude and latitude of the center of the target
disc seen by the OBSERVER at print-time. This is NOT exactly the same as the
"nearest" sub-point for a non-spherical target shape (since the center of the
disc might not be the point closest to the observer), but is generally very
close if not a very irregular body shape. Down-leg light travel-time from
target to observer is taken into account. Latitude is the angle between the
equatorial plane and the line perpendicular to the reference ellipsoid of the
body, so includes body oblateness. The reference ellipsoid is an oblate
spheroid with a single flatness coefficient in which the y-axis body radius
is taken to be the same value as the x-axis radius.  For Jupiter, Saturn, and
Uranus, IAU2015 longitude is based on the "System III" prime meridian rotation
angle of the magnetic field. By contrast, pole direction (thus latitude) is
relative to the body dynamical equator.  There can be an offset between the
magnetic pole and the dynamical pole of rotation. For Neptune, rotation is
IAU2015 "System II" rotation of optically observed features in the Neptunian
atmosphere. Positive longitude is to the WEST for this target. Cartographic
system is specified in the header.  Units: DEGREES DEGREES
 
 'delta      deldot' =
   Apparent range ("delta", light-time aberrated) and range-rate ("delta-dot")
of the target center relative to the observer. A positive "deldot" means the
target center is moving away from the observer, negative indicates movement
toward the observer.  Units: AU and KM/S
 
 'S-O-T /r' =
   Sun-Observer-Target apparent SOLAR ELONGATION ANGLE seen from the observers'
location at print-time.

   The '/r' column provides a code indicating the targets' apparent position
relative to the Sun in the observers' sky, as described below:

   Case A: For an observing location on the surface of a rotating body, that
body rotational sense is considered:

    /T indicates target TRAILS Sun   (evening sky: rises and sets AFTER Sun)
    /L indicates target LEADS Sun    (morning sky: rises and sets BEFORE Sun)

   Case B: For an observing point that does not have a rotational model (such
as a spacecraft), the "leading" and "trailing" condition is defined by the
observers' heliocentric ORBITAL motion:

    * If continuing in the observers' current direction of heliocentric
       motion would encounter the targets' apparent longitude first, followed
       by the Sun's, the target LEADS the Sun as seen by the observer.

    * If the Sun's apparent longitude would be encountered first, followed
       by the targets', the target TRAILS the Sun.

   Two other codes can be output:
    /* indicates observer is Sun-centered    (undefined)
    /? Target is aligned with Sun center     (no lead or trail)

   The S-O-T solar elongation angle is numerically the minimum separation
angle of the Sun and target in the sky in any direction. It does NOT indicate
the amount of separation in the leading or trailing directions, which would
be defined along the equator of a spherical coordinate system.

   Units: DEGREES
 
 'S-T-O' =
   The Sun-Target-Observer angle; the interior vertex angle at target center
formed by a vector from the target to the apparent center of the Sun (at
reflection time on the target) and the apparent vector from target to the
observer at print-time. Slightly different from true PHASE ANGLE (requestable
separately) at the few arcsecond level in that it includes stellar aberration
on the down-leg from target to observer.  Units: DEGREES
 
 'Sky_motion  Sky_mot_PA  RelVel-ANG' =
  Total apparent angular rate of the target in the plane-of-sky. "Sky_mot_PA"
is the position angle of the target's direction of motion in the plane-of-sky,
measured counter-clockwise from the apparent of-date north pole direction.
"RelVel-ANG" is the flight path angle of the target's relative motion with
respect to the observer's line-of-sight, in the range [-90,+90], where positive
values indicate motion away from the observer, negative values are toward the
observer:

  -90 = target is moving directly toward the observer
    0 = target is moving at right angles to the observer's line-of-sight
  +90 = target is moving directly away from the observer

UNITS:  ARCSECONDS/MINUTE, DEGREES, DEGREES
 
 'Lun_Sky_Brt  sky_SNR' =
  Sky brightness due to moonlight scattered by Earth's atmosphere at the
target's position in the sky. "sky_SNR" is the visual signal-to-noise ratio
(SNR) of the target's surface brightness relative to background sky. Output
only for topocentric Earth observers when both the Moon and target are above
the local horizon and the Sun is in astronomical twilight (or further) below
the horizon, and the target is not the Moon or Sun. If all conditions are
not met, "n.a." is output. Galactic brightness, local sky light-pollution
and weather are NOT considered. Lunar opposition surge is considered. The
value returned is accurate under ideal conditions at the approximately 8-23%
level, so is a useful but not definitive value.

  If the target-body radius is also known, "sky_SNR" is output. This is the
approximate visual signal-to-noise ratio of the target's brightness divided
by lunar sky brightness. When sky_SNR < 1, the target is dimmer than the
ideal moonlight-scattering background sky, so unlikely to be detectable at
visual wavelengths. In practice, visibility requires sky_SNR > 1 and a
detector sensitive enough to reach the target's magnitude, even if it isn't
washed out by moonlight. When relating magnitudes and brightness values,
keep in mind their logarithmic relationship m2-m1 = -2.5*log_10(b2/b1).

  UNITS: VISUAL MAGNITUDES / ARCSECOND^2, and unitless ratio

Computations by ...

    Solar System Dynamics Group, Horizons On-Line Ephemeris System
    4800 Oak Grove Drive, Jet Propulsion Laboratory
    Pasadena, CA  91109   USA

    General site: https://ssd.jpl.nasa.gov/
    Mailing list: https://ssd.jpl.nasa.gov/email_list.html
    System news : https://ssd.jpl.nasa.gov/horizons/news.html
    User Guide  : https://ssd.jpl.nasa.gov/horizons/manual.html
    Connect     : browser        https://ssd.jpl.nasa.gov/horizons/app.html#/x
                  API            https://ssd-api.jpl.nasa.gov/doc/horizons.html
                  command-line   telnet ssd.jpl.nasa.gov 6775
                  e-mail/batch   https://ssd.jpl.nasa.gov/ftp/ssd/horizons_batch.txt
                  scripts        https://ssd.jpl.nasa.gov/ftp/ssd/SCRIPTS
    Author      : Jon.D.Giorgini@jpl.nasa.gov

**********************************************************************************************************************************************************************************************************************************************************************************************
