*******************************************************************************
 Revised: April 12, 2021               Jupiter                              599
 
 PHYSICAL DATA (revised 2025-Jan-30):
  Mass x 10^26 (kg)     = 18.9819           Density (g/cm^3)  = 1.3262 +- .0003
  Equat. radius (1 bar) = 71492+-4 km       Polar radius (km)     = 66854+-10
  Vol. Mean Radius (km) = 69911+-6          Flattening            = 0.06487
  Geometric Albedo      = 0.52              Rocky core mass (Mc/M)= 0.0261
  Sid. rot. period (III)= 9h 55m 29.711 s   Sid. rot. rate (rad/s)= 0.00017585
  Mean solar day, hrs   = ~9.9259         
  GM (km^3/s^2)         = 126686531.900     GM 1-sigma (km^3/s^2) =  +- 1.2732
  Equ. grav, ge (m/s^2) = 24.79             Pol. grav, gp (m/s^2) =  28.34
  Vis. magnitude V(1,0) = -9.40
  Vis. mag. (opposition)= -2.70             Obliquity to orbit    =  3.13 deg
  Sidereal orbit period = 11.861982204 y    Sidereal orbit period = 4332.589 d
  Mean daily motion     = 0.0831294 deg/d   Mean orbit speed, km/s= 13.0697
  Atmos. temp. (1 bar)  = 165+-5 K          Escape speed, km/s    =  59.5           
  A_roche(ice)/Rp       =  2.76             Hill's sphere rad. Rp = 740
                                 Perihelion   Aphelion     Mean
  Solar Constant (W/m^2)         56           46           51
  Maximum Planetary IR (W/m^2)   13.7         13.4         13.6
  Minimum Planetary IR (W/m^2)   13.7         13.4         13.6
*******************************************************************************


*******************************************************************************
Ephemeris / WWW_USER Mon Apr  6 15:57:10 2026 Pasadena, USA      / Horizons    
*******************************************************************************
Target body name: Jupiter (599)                   {source: jup365_merged}
Center body name: Earth (399)                     {source: DE441}
Center-site name: (user defined site below)
*******************************************************************************
Start time      : A.D. 2026-Jan-01 00:00:00.0000 UT      
Stop  time      : A.D. 2026-Dec-31 00:00:00.0000 UT      
Step-size       : 3600 minutes
*******************************************************************************
Target pole/equ : IAU_JUPITER                     {West-longitude positive}
Target radii    : 71492.0, 71492.0, 66854.0 km    {Equator_a, b, pole_c}       
Center geodetic : 259.5, 20.5, 1.8                {E-lon(deg),Lat(deg),Alt(km)}
Center cylindric: 259.5, 5978.36359, 2220.25937   {E-lon(deg),Dxy(km),Dz(km)}
Center pole/equ : ITRF93                          {East-longitude positive}
Center radii    : 6378.137, 6378.137, 6356.752 km {Equator_a, b, pole_c}       
Target primary  : Sun
Vis. interferer : MOON (R_eq= 1737.400) km        {source: DE441}
Rel. light bend : Sun                             {source: jup365_merged}
Rel. lght bnd GM: 1.3271E+11 km^3/s^2                                          
Atmos refraction: NO (AIRLESS)
RA format       : HMS
Time format     : CAL 
Calendar mode   : Mixed Julian/Gregorian
EOP file        : eop.260406.p260703                                           
EOP coverage    : DATA-BASED 1962-JAN-20 TO 2026-APR-06. PREDICTS-> 2026-JUL-02
Units conversion: 1 au= 149597870.700 km, c= 299792.458 km/s, 1 day= 86400.0 s 
Table cut-offs 1: Elevation (-90.0deg=NO ),Airmass (>38.000=NO), Daylight (NO )
Table cut-offs 2: Solar elongation (  0.0,180.0=NO ),Local Hour Angle( 0.0=NO )
Table cut-offs 3: RA/DEC angular rate (     0.0=NO )                           
**********************************************************************************************************************************************************************************************************************************************************************************************
 Date__(UT)__HR:MN     R.A._____(ICRF)_____DEC  R.A.__(a-apparent)__DEC  dRA*cosD d(DEC)/dt  Azi____(a-app)___Elev    APmag   S-brt      Illu%  Ang-diam  ObsSub-LON ObsSub-LAT             delta      deldot     S-O-T /r     S-T-O  Sky_motion  Sky_mot_PA  RelVel-ANG  Lun_Sky_Brt  sky_SNR
**********************************************************************************************************************************************************************************************************************************************************************************************
$$SOE
 2026-Jan-01 00:00 *m  07 30 55.17 +22 02 03.5  07 32 29.96 +21 58 43.8  -19.1015  3.600069   60.796843 -11.992990   -2.670   5.403   99.96876  46.46730  336.671183   1.577397  4.24267461301980  -4.9157400  169.2055 /L    2.0310   0.3239637   280.67335   -16.48721         n.a.     n.a.
 2026-Jan-03 12:00  m  07 29 30.87 +22 05 26.5  07 31 05.83 +22 02 09.8  -19.7838  3.240700  285.394912  25.496224   -2.674   5.403   99.98313  46.52887  353.369855   1.580442  4.23706088535281  -2.8123953  172.0860 /L    1.4944   0.3341244   279.30276   -9.338405        4.372    1.236
 2026-Jan-06 00:00 *   07 28 05.95 +22 08 47.6  07 29 41.01 +22 05 33.9  -19.6680  3.583431   63.089328  -7.285208   -2.676   5.402   99.99313  46.56846   10.060596   1.583579  4.23345795666259  -2.2160677  174.9585 /L    0.9557   0.3331967   280.32579   -7.410780         n.a.     n.a.
 2026-Jan-08 12:00  m  07 26 39.72 +22 12 07.9  07 28 14.90 +22 08 57.6  -20.0749  3.177724  286.868563  20.447911   -2.676   5.403   99.99873  46.58691   26.746431   1.587014  4.23178216387341  -0.0710695  177.8383 /L    0.4136   0.3387473   278.99491   -0.240789        1.585    3.408
 2026-Jan-11 00:00 *   07 25 13.65 +22 15 24.9  07 26 48.91 +22 12 17.4  -19.8762  3.503560   65.162543  -2.480593   -2.676   5.403   99.99984  46.58311   43.421216   1.590368  4.23212681244519   0.5224366  179.2221 /T    0.1410   0.3363773   279.99678   1.7331893         n.a.     n.a.
 2026-Jan-13 12:00  m  07 23 47.08 +22 18 39.0  07 25 22.43 +22 15 34.7  -19.9930  3.057695  288.439684  15.437006   -2.674   5.403   99.99644  46.55774   60.087816   1.594015  4.23443352873310   2.6942990  176.3678 /T    0.6784   0.3370906   278.69535   8.8696789        0.348   15.541
 2026-Jan-16 00:00 *   07 22 21.52 +22 21 48.4  07 23 56.97 +22 18 46.9  -19.7008  3.363348   67.042165   2.394737   -2.671   5.404   99.98860  46.51030   76.740122   1.597409  4.23875176963225   3.2702261  173.4956 /T    1.2178   0.3330967   279.68823   10.841486         n.a.     n.a.
 2026-Jan-18 12:00     07 20 56.27 +22 24 52.9  07 22 31.83 +22 21 54.7  -19.5232  2.884832  290.118029  10.481992   -2.667   5.405   99.97636  46.44144   93.381011   1.601099  4.24503704841405   5.4440024  170.6139 /T    1.7561   0.3289193   278.40546   17.871988         n.a.     n.a.
 2026-Jan-21 00:00 *m  07 19 32.88 +22 27 51.5  07 21 08.52 +22 24 56.2  -19.1361  3.168726   68.749871   7.316500   -2.661   5.407   99.95997  46.35124  110.004503   1.604380  4.25329763916630   5.9916253  167.7489 /T    2.2871   0.3232774   279.40225   19.818769         n.a.     n.a.
 2026-Jan-23 12:00     07 18 10.65 +22 30 43.5  07 19 46.35 +22 27 51.6  -18.6692  2.665802  291.914759   5.602074   -2.654   5.408   99.93950  46.24036  126.613452   1.607970  4.26349698863720   8.1301460  164.8806 /T    2.8132   0.3143090   278.12643   26.648114         n.a.     n.a.
 2026-Jan-26 00:00 *m  07 16 51.09 +22 33 28.6  07 18 26.84 +22 30 39.4  -18.1999  2.928426   70.304240  12.262238   -2.646   5.410   99.91536  46.10950  143.202321   1.611016  4.27559688771303   8.6331777  162.0334 /T    3.3288   0.3072329   279.14075   28.528548         n.a.     n.a.
 2026-Jan-28 12:00     07 15 33.45 +22 36 05.7  07 17 09.27 +22 33 19.5  -17.4660  2.411828  293.842478   0.816476   -2.636   5.412   99.88763  45.95924  159.773983   1.614393  4.28957585858375  10.7104939  159.1868 /T    3.8367   0.2938617   277.86210   35.100365         n.a.     n.a.
 2026-Jan-31 00:00 *m  07 14 19.18 +22 38 35.3  07 15 55.09 +22 35 51.6  -16.9397  2.655889   71.720827  17.212129   -2.625   5.415   99.85686  45.79083  176.323403   1.617101  4.30535204006778  11.1574505  156.3643 /T    4.3312   0.2857768   278.91059   36.874026         n.a.     n.a.
 2026-Feb-02 12:00  m  07 13 07.48 +22 40 56.1  07 14 43.44 +22 38 15.4  -15.9710  2.137301  295.916232  -3.855933   -2.614   5.417   99.82313  45.60465  192.853542   1.620154  4.32292860610605  13.1570611  153.5451 /T    4.8155   0.2685566   277.62225   43.151269         n.a.     n.a.
 2026-Feb-05 00:00 *   07 11 59.73 +22 43 09.1  07 13 35.73 +22 40 30.9  -15.4018  2.363939   73.012176  22.149542   -2.601   5.420   99.78709  45.40228  209.359757   1.622409  4.34219665448988  13.5577699  150.7519 /T    5.2843   0.2597033   278.72590   44.842584         n.a.     n.a.
 2026-Feb-07 12:00  m  07 10 55.15 +22 45 12.7  07 12 31.16 +22 42 37.1  -14.2183  1.851290  298.153118  -8.396842   -2.587   5.423   99.74882  45.18393  225.844866   1.625010  4.36317990913451  15.4656520  147.9640 /T    5.7406   0.2389725   277.41843   50.819683         n.a.     n.a.
 2026-Feb-10 00:00 *   07 09 55.04 +22 47 08.4  07 11 31.08 +22 44 34.8  -13.6172  2.059811   74.188421  27.059964   -2.573   5.426   99.70903  44.95151  242.304690   1.626691  4.38574032382532  15.8190852  145.2039 /T    6.1794   0.2295353   278.60165   52.429404         n.a.     n.a.
 2026-Feb-12 12:00 Am  07 08 58.63 +22 48 54.1  07 10 34.69 +22 46 22.8  -12.2313  1.557817  300.571991 -12.787512   -2.557   5.429   99.66780  44.70502  258.741827   1.628722  4.40992113964271  17.6199899  142.4514 /T    6.6038   0.2055017   277.25829   58.128987         n.a.     n.a.
 2026-Feb-15 00:00 *   07 08 07.14 +22 50 32.1  07 09 43.25 +22 48 02.6  -11.6128  1.747142   75.256626  31.930657   -2.541   5.432   99.62589  44.44679  275.152668   1.629736  4.43554273321839  17.9161586  139.7286 /T    7.0089   0.1957257   278.55593   59.640000         n.a.     n.a.
 2026-Feb-17 12:00 A   07 07 19.81 +22 51 59.8  07 08 55.91 +22 49 32.4  -10.0552  1.261650  303.193581 -17.008642   -2.524   5.435   99.58333  44.17660  291.539685   1.631115  4.46267110670024  19.5949321  137.0156 /T    7.3978   0.1689001   277.15169   65.061980         n.a.     n.a.
 2026-Feb-20 00:00 *m  07 06 37.76 +22 53 19.8  07 08 13.87 +22 50 54.0  -9.42501  1.429125   76.221151  36.750895   -2.506   5.438   99.54091  43.89704  307.899774   1.631401  4.49109190720654  19.8250436  134.3344 /T    7.7661   0.1588790   278.62215   66.487212         n.a.     n.a.
 2026-Feb-22 12:00 A   07 06 00.23 +22 54 29.3  07 07 36.30 +22 52 05.1  -7.73236  0.965308  306.039905 -21.040716   -2.488   5.442   99.49863  43.60780  324.235380   1.632078  4.52088059220628  21.3619671  131.6650 /T    8.1169   0.1298730   277.11599   71.621156         n.a.     n.a.
 2026-Feb-25 00:00 *m  07 05 28.22 +22 55 31.4  07 07 04.32 +22 53 08.1  -7.11371  1.111247   77.083556  41.512009   -2.470   5.445   99.45724  43.31161  340.544018   1.631606  4.55179700559055  21.5240796  129.0288 /T    8.4461   0.1199997   278.87853   72.946173         n.a.     n.a.
 2026-Feb-27 12:00 A   07 05 00.97 +22 56 22.9  07 06 37.05 +22 54 00.8  -5.32213  0.673604  309.134439 -24.863857   -2.451   5.448   99.41669  43.00796  356.828020   1.631545  4.58393313471284  22.9046304  126.4060 /T    8.7570   0.0894098   277.21338   77.794995         n.a.     n.a.
 2026-Mar-02 00:00 *m  07 04 39.33 +22 57 07.3  07 06 15.43 +22 54 46.1  -4.73938  0.799162   77.841017  46.207837   -2.432   5.451   99.37766  42.69969   13.085596   1.630285  4.61702732906282  23.0074856  123.8168 /T    9.0460   0.0801047   279.57127   79.003628         n.a.     n.a.
 2026-Mar-04 12:00 Am  07 04 22.56 +22 57 41.3  07 05 58.59 +22 55 21.0  -2.88034  0.391240  312.501802 -28.457703   -2.413   5.454   99.34007  42.38595   29.318811   1.629437  4.65120247999107  24.2391854  121.2412 /T    9.3163   0.0484466   277.73520   83.588404         n.a.     n.a.
 2026-Mar-07 00:00 *   07 04 11.43 +22 58 08.6  07 05 47.44 +22 55 48.7  -2.33796  0.494633   78.485630  50.834397   -2.393   5.457   99.30453  42.06957   45.526312   1.627337  4.68618185600053  24.2914816  118.6988 /T    9.5645   0.0398285   281.94570   84.693743         n.a.     n.a.
 2026-Mar-09 12:00 Am  07 04 05.22 +22 58 25.5  07 05 41.17 +22 56 05.9  -0.42788  0.116337  316.165366 -31.800803   -2.374   5.459   99.27093  41.74949   61.709891   1.625646  4.72210906488744  25.3747950  116.1700 /T    9.7938   0.0073903   285.21033   89.047582         n.a.     n.a.
 2026-Mar-12 00:00 *   07 04 04.63 +22 58 36.0  07 05 40.59 +22 56 16.4  0.074166  0.194885   79.001486  55.388687   -2.354   5.462   99.23983  41.42853   77.868604   1.622662  4.75869224438132  25.3835438  113.6741 /T   10.0012   0.0034753   20.835040   89.548772         n.a.     n.a.
 2026-Mar-14 12:00 Am  07 04 09.02 +22 58 36.1  07 05 44.91 +22 56 16.5  2.019327  -0.15498  320.145209 -34.869824   -2.335   5.464   99.21107  41.10553   94.003916   1.620087  4.79608601223300  26.3084146  111.1919 /T   10.1895   0.0337544   94.388623   85.746030         n.a.     n.a.
 2026-Mar-17 00:00 *   07 04 18.94 +22 58 30.1  07 05 54.82 +22 56 10.1  2.475450  -0.10313   79.359588  59.868350   -2.315   5.466   99.18515  40.78330  110.115446   1.616201  4.83397927249979  26.2693346  108.7425 /T   10.3562   0.0412933   92.385635   84.752063         n.a.     n.a.
 2026-Mar-19 12:00 N   07 04 33.82 +22 58 13.4  07 06 09.60 +22 55 53.2  4.437024  -0.42545  324.454994 -37.640310   -2.296   5.468   99.16188  40.46053  126.204356   1.612729  4.87254183582882  27.0350227  106.3070 /T   10.5038   0.0742896   95.477119   80.806589         n.a.     n.a.
 2026-Mar-22 00:00 *m  07 04 54.11 +22 57 50.7  07 06 29.86 +22 55 29.6  4.839899  -0.40142   79.509182  64.271789   -2.276   5.470   99.14164  40.14008  142.270769   1.607946  4.91144041422093  26.9415438  103.9044 /T   10.6303   0.0809420   94.741269   79.886849         n.a.     n.a.
 2026-Mar-24 12:00 N   07 05 19.26 +22 57 17.4  07 06 54.93 +22 54 55.3  6.787870  -0.69537  329.098376 -40.087491   -2.257   5.471   99.12426  39.82049  158.315693   1.603582  4.95085890475160  27.5439977  101.5160 /T   10.7382   0.1137233   95.849179   76.120953         n.a.     n.a.
 2026-Mar-27 00:00 *m  07 05 49.61 +22 56 38.1  07 07 25.30 +22 54 14.8  7.132310  -0.69901   79.356105  68.597913   -2.238   5.473   99.11000  39.50451  174.339691   1.597913  4.99045843007014  27.4068731   99.1601 /T   10.8256   0.1194414   95.597458   75.270516         n.a.     n.a.
 2026-Mar-29 12:00 N   07 06 24.66 +22 55 48.1  07 08 00.25 +22 53 23.8  9.043496  -0.96388  334.065931 -42.186873   -2.220   5.474   99.09865  39.19057  190.343525   1.592654  5.03043498387305  27.8508367   96.8180 /T   10.8950   0.1515786   96.083743   71.688427         n.a.     n.a.
 2026-Apr-01 00:00 *m  07 07 04.65 +22 54 52.2  07 08 40.20 +22 52 26.5  9.324092  -0.99415   78.711805  72.845159   -2.202   5.475   99.09039  38.88126  206.328144   1.586088  5.07045434205206  27.6862291   94.5073 /T   10.9450   0.1562823   96.085961   70.915836         n.a.     n.a.
 2026-Apr-03 12:00 Nm  07 07 49.15 +22 53 45.7  07 09 24.57 +22 51 18.4  11.19733  -1.23238  339.330641 -43.916049   -2.184   5.476   99.08503  38.57484  222.293879   1.579907  5.11073048382287  27.9820114   92.2094 /T   10.9777   0.1877490   96.280694   67.485737         n.a.     n.a.
 2026-Apr-06 00:00 *   07 08 38.32 +22 52 33.2  07 10 13.72 +22 50 04.0  11.41776  -1.28990   77.151448  77.007973   -2.166   5.476   99.08266  38.27386  238.242031   1.572424  5.15092151272793  27.7971698   89.9413 /T   10.9920   0.1915065   96.445570   66.782629         n.a.     n.a.
 2026-Apr-08 12:00 Nm  07 09 31.83 +22 51 10.0  07 11 07.13 +22 48 38.9  13.24678  -1.50363  344.844593 -45.256112   -2.149   5.476   99.08312  37.97648  254.172553   1.565299  5.19125671149517  27.9517967   87.6849 /T   10.9896   0.2221974   96.475878   63.488653         n.a.     n.a.
 2026-Apr-11 00:00 *   07 10 29.76 +22 49 40.7  07 12 05.04 +22 47 07.5  13.41831  -1.59010   73.495913  81.066332   -2.132   5.477   99.08643  37.68514  270.087002   1.556891  5.23138925063969  27.7461589   85.4572 /T   10.9698   0.2252032   96.758158   62.830307         n.a.     n.a.
 2026-Apr-13 12:00 Nm  07 11 31.84 +22 48 00.5  07 13 07.00 +22 45 25.1  15.19720  -1.78152  350.538986 -46.193929   -2.115   5.477   99.09244  37.39804  285.985074   1.548820  5.27154959814009  27.7597802   83.2402 /T   10.9339   0.2550210   96.686104   59.655437         n.a.     n.a.
 2026-Apr-16 00:00 *   07 12 38.09 +22 46 14.0  07 14 13.20 +22 43 36.3  15.32157  -1.89674   63.060718  84.930317   -2.099   5.476   99.10110  37.11753  301.868621   1.539496  5.31138891753893  27.5336850   81.0509 /T   10.8815   0.2573088   97.057032   59.036280         n.a.     n.a.
 2026-Apr-18 12:00 C   07 13 48.30 +22 44 16.3  07 15 23.27 +22 41 35.9  17.04363  -2.06768  356.328057 -46.724808   -2.084   5.476   99.11227  36.84181  317.737053   1.530492  5.35113811293186  27.4006500   78.8719 /T   10.8139   0.2861432   96.917148   55.961097         n.a.     n.a.
 2026-Apr-21 00:00 *m  07 15 02.39 +22 42 12.0  07 16 37.35 +22 39 28.8  17.11672  -2.20997   13.741867  87.777426   -2.069   5.475   99.12584  36.57319  333.592646   1.520279  5.39044097755885  27.1506738   76.7200 /T   10.7307   0.2876466   97.356867   55.381448         n.a.     n.a.
 2026-Apr-23 12:00 C   07 16 20.21 +22 39 56.5  07 17 55.07 +22 37 10.4  18.76373  -2.35921    2.117219 -46.853300   -2.054   5.475   99.14169  36.30984  349.434603   1.510360  5.42953789841494  26.8817636   74.5780 /T   10.6331   0.3151911   97.166343   52.419914         n.a.     n.a.
 2026-Apr-26 00:00 *m  07 17 41.60 +22 37 34.2  07 19 16.42 +22 34 45.3  18.78505  -2.52612  301.850778  85.984500   -2.039   5.474   99.15962  36.05390    5.265428   1.499270  5.46808082049550  26.6182577   72.4622 /T   10.5212   0.3159023   97.658912   51.887527         n.a.     n.a.
 2026-Apr-28 12:00 C   07 19 06.44 +22 35 00.6  07 20 41.12 +22 32 08.7  20.35220  -2.65394    7.812995 -46.593106   -2.026   5.473   99.17953  35.80352   21.084078   1.488434  5.50631957091639  26.2266310   70.3553 /T   10.3958   0.3420752   97.429497   49.036644         n.a.     n.a.
 2026-May-01 00:00 *   07 20 34.55 +22 32 20.1  07 22 09.16 +22 29 25.0  20.33168  -2.84467  286.573383  82.384368   -2.012   5.472   99.20121  35.56069   36.893163   1.476459  5.54392063804317  25.9681684   68.2731 /T   10.2573   0.3421620   97.964727   48.554924         n.a.     n.a.
 2026-May-03 12:00 Cm  07 22 05.90 +22 29 28.2  07 23 40.38 +22 26 29.7  21.82512  -2.95376   13.331442 -45.966472   -1.999   5.471   99.22458  35.32359   52.691284   1.464692  5.58113295381820  25.4572613   66.1984 /T   10.1061   0.3670682   97.707455   45.789933         n.a.     n.a.
 2026-May-06 00:00 *   07 23 40.23 +22 26 29.3  07 25 14.68 +22 23 27.3  21.76844  -3.16752  281.740579  78.622863   -1.986   5.469   99.24939  35.09411   68.481277   1.451830  5.61762751994040  25.2032702   64.1469 /T    9.9427   0.3666281   98.278993   45.350383         n.a.     n.a.
 2026-May-08 12:00 Cm  07 25 17.60 +22 23 18.7  07 26 51.93 +22 20 13.2  23.19345  -3.26044   18.604878 -45.001783   -1.974   5.468   99.27561  34.87047   84.261442   1.439134  5.65365497084160  24.5814185   62.1016 /T    9.7675   0.3903583   98.001958   42.657152         n.a.     n.a.
 2026-May-11 00:00 *   07 26 57.70 +22 20 00.8  07 28 31.97 +22 16 51.9  23.10574  -3.49631  279.669551  74.852472   -1.963   5.466   99.30295  34.65453  100.034792   1.425397  5.68888440546512  24.3261412   60.0781 /T    9.5810   0.3894795   98.604601   42.246303         n.a.     n.a.
 2026-May-13 12:00 *m  07 28 40.63 +22 16 31.2  07 30 14.75 +22 13 18.6  24.45766  -3.57374   23.585985 -43.731543   -1.951   5.465   99.33142  34.44455  115.799457   1.411789  5.72356460184022  23.5948690   58.0597 /T    9.3833   0.4119563   98.313203   39.617825         n.a.     n.a.
 2026-May-16 00:00 *m  07 30 26.05 +22 12 54.0  07 32 00.10 +22 09 37.6  24.34742  -3.83111  278.696759  71.101978   -1.940   5.463   99.36068  34.24230  131.558584   1.397204  5.75737095089378  23.3366352   56.0622 /T    9.1752   0.4107832   98.942282   39.223119         n.a.     n.a.
 2026-May-18 12:00 *   07 32 14.11 +22 09 05.0  07 33 48.04 +22 05 44.5  25.61857  -3.89284   28.248151 -42.189896   -1.930   5.461   99.39076  34.04617  147.310194   1.382712  5.79053863319044  22.4935509   54.0691 /T    8.9567   0.4318775   98.640213   36.650681         n.a.     n.a.
 2026-May-21 00:00 *m  07 34 04.37 +22 05 08.2  07 35 38.27 +22 01 43.9  25.47851  -4.16749  278.267848  67.378592   -1.920   5.460   99.42132  33.85780  163.057664   1.367307  5.82275457148526  22.2340100   52.0964 /T    8.7289   0.4302848   99.289533   36.282051         n.a.     n.a.
 2026-May-23 12:00 *   07 35 57.04 +22 00 59.7  07 37 30.80 +21 57 31.4  26.66458  -4.21272   32.582802 -40.409680   -1.910   5.458   99.45237  33.67561  178.798839   1.351948  5.85425632020800  21.2908836   50.1276 /T    8.4914   0.4499219   98.977922   33.768412         n.a.     n.a.
 2026-May-26 00:00 *m  07 37 51.63 +21 56 43.4  07 39 25.31 +21 53 11.2  26.49702  -4.50170  278.148412  63.682964   -1.901   5.456   99.48357  33.50114  194.537213   1.335733  5.88474488786667  21.0426004   48.1783 /T    8.2457   0.4479451   99.642169   33.437686         n.a.     n.a.
 2026-May-28 12:00 *   07 39 48.41 +21 52 15.5  07 41 21.94 +21 48 39.1  27.59862  -4.53081   36.595552 -38.421560   -1.892   5.455   99.51496  33.33281  210.270407   1.319508  5.91446134045122  20.0149481   46.2317 /T    7.9911   0.4661342   99.322965   30.985800         n.a.     n.a.
 2026-May-31 00:00 *   07 41 46.87 +21 47 39.6  07 43 20.33 +21 43 59.1  27.41655  -4.83406  278.222534  60.013684   -1.884   5.453   99.54621  33.17206  226.001889   1.302485  5.94312350270161  19.7832868   44.3033 /T    7.7291   0.4639910   99.999562   30.686490         n.a.     n.a.
 2026-Jun-02 12:00 *m  07 43 47.33 +21 42 52.4  07 45 20.66 +21 39 07.4  28.44106  -4.84943   40.301008 -36.253338   -1.876   5.451   99.57739  33.01741  241.729134   1.285402  5.97095972020767  18.6741880   42.3763 /T    7.4589   0.4808589   99.676337   28.279691         n.a.     n.a.
 2026-Jun-05 00:00 *   07 45 49.26 +21 37 57.1  07 47 22.53 +21 34 08.1  28.24835  -5.16540  278.427525  56.368942   -1.868   5.449   99.60814  32.87020  257.455668   1.267587  5.99770143144150  18.4604497   40.4660 /T    7.1821   0.4786121   100.36244   28.010440         n.a.     n.a.
 2026-Jun-07 12:00 *m  07 47 53.02 +21 32 50.4  07 49 26.14 +21 28 57.1  29.20174  -5.16916   43.719361 -33.929566   -1.861   5.448   99.63856  32.72906  273.178782   1.249665  6.02356566483672  17.2690948   38.5560 /T    6.8978   0.4942620   100.03826   25.630643         n.a.     n.a.
 2026-Jun-10 00:00 *   07 49 58.05 +21 27 35.6  07 51 31.08 +21 23 38.2  29.00129  -5.49620  278.726484  52.746760   -1.854   5.446   99.66832  32.59528  288.902149   1.231087  6.04828817576787  17.0633360   36.6614 /T    6.6076   0.4919584   100.73119   25.376538         n.a.     n.a.
 2026-Jun-12 12:00 *m  07 52 04.75 +21 22 09.6  07 53 37.62 +21 18 07.6  29.87937  -5.48805   46.874141 -31.471713   -1.847   5.444   99.69750  32.46758  304.622988   1.212361  6.07207681322334  15.7963518   34.7661 /T    6.3103   0.5063198   100.40771   23.024251         n.a.     n.a.
 2026-Jun-15 00:00 *m  07 54 12.51 +21 16 35.4  07 55 45.33 +21 12 29.0  29.67218  -5.82382  279.096539  49.144923   -1.841   5.443   99.72579  32.34719  320.345026   1.193058  6.09467648966058  15.5908717   32.8854 /T    6.0080   0.5039717   101.10441   22.774474         n.a.     n.a.
 2026-Jun-17 12:00 *   07 56 21.76 +21 10 50.2  07 57 54.46 +21 06 39.3  30.46507  -5.80163   49.789886 -28.897844   -1.835   5.441   99.75326  32.23292  336.065537   1.173563  6.11628133591095  14.2497428   31.0034 /T    5.6993   0.5168761   100.78205   20.445878         n.a.     n.a.
 2026-Jun-20 00:00 *m  07 58 31.84 +21 04 57.0  08 00 04.46 +21 00 41.9  30.24937  -6.14225  279.524017  45.560910   -1.829   5.440   99.77962  32.12588  351.788282   1.153562  6.13666152457184  14.0584020   29.1357 /T    5.3863   0.5144445   101.47808   20.219396         n.a.     n.a.
 2026-Jun-22 12:00 *   08 00 43.22 +20 58 53.2  08 02 15.68 +20 54 33.7  30.95684  -6.10552   52.490890 -26.222530   -1.824   5.439   99.80494  32.02494    7.510415   1.133315  6.15600326002410  12.6548499   27.2662 /T    5.0677   0.5258863   101.15708   17.915786         n.a.     n.a.
 2026-Jun-25 00:00 *m  08 02 55.22 +20 52 41.7  08 04 27.58 +20 48 17.8  30.73628  -6.44894  280.000053  41.991973   -1.819   5.438   99.82895  31.93108   23.235693   1.112629  6.17409917441717  12.4841462   25.4100 /T    4.7456   0.5234256   101.84964   17.718364         n.a.     n.a.
 2026-Jun-27 12:00 *   08 05 08.35 +20 46 20.0  08 06 40.56 +20 41 51.4  31.36720  -6.40010   55.000377 -23.458064   -1.815   5.436   99.85174  31.84325   38.961135   1.091644  6.19112834169894  11.0303516   23.5511 /T    4.4185   0.5335578   101.53222   15.437564         n.a.     n.a.
 2026-Jun-30 00:00 *   08 07 21.91 +20 39 50.6  08 08 54.05 +20 35 17.6  31.14778  -6.74554  280.519153  38.435819   -1.810   5.435   99.87306  31.76236   54.690457   1.070292  6.20689583246010  10.8785183   21.7043 /T    4.0887   0.5311639   102.21960   15.263359         n.a.     n.a.
 2026-Jul-02 12:00 *m  08 09 36.46 +20 33 11.5  08 11 08.46 +20 28 34.0  31.70347  -6.68548   57.339455 -20.614726   -1.806   5.435   99.89300  31.68746   70.420653   1.048595  6.22156702656217   9.3769975   19.8535 /T    3.7544   0.5400117   101.90781   12.996351         n.a.     n.a.
 2026-Jul-05 00:00 *   08 11 51.28 +20 26 24.8  08 13 23.18 +20 21 43.2  31.49282  -7.03264  281.078196  34.890537   -1.803   5.434   99.91134  31.61936   86.155380   1.026610  6.23496590440432   9.2420635   18.0137 /T    3.4179   0.5378082   102.58815   12.839536         n.a.     n.a.
 2026-Jul-07 12:00 Cm  08 14 06.95 +20 19 28.9  08 15 38.70 +20 14 42.7  31.97600  -6.96257   59.527552 -17.701171   -1.799   5.433   99.92815  31.55726  101.891629   1.004243  6.24723460154058   7.6926797   16.1688 /T    3.0774   0.5454208   102.28405   10.574067         n.a.     n.a.
 2026-Jul-10 00:00 *   08 16 22.74 +20 12 25.5  08 17 54.38 +20 07 35.1  31.77130  -7.30852  281.675301  31.354414   -1.796   5.432   99.94325  31.50191  117.633091   0.981669  6.25821114842732   7.5654643   14.3337 /T    2.7354   0.5433512   102.95469   10.423833         n.a.     n.a.
 2026-Jul-12 12:00 Cm  08 18 39.25 +20 05 13.3  08 20 10.76 +20 00 18.1  32.17991  -7.22815   61.582509 -14.724631   -1.794   5.432   99.95671  31.45261  133.376781   0.958676  6.26802196013884   5.9693348   12.4929 /T    2.3899   0.5496951   102.65949   8.1510357         n.a.     n.a.
 2026-Jul-15 00:00 *m  08 20 55.70 +19 57 54.1  08 22 27.14 +19 52 54.7  31.97730  -7.56927  282.310128  27.825830   -1.791   5.432   99.96837  31.41004  149.126449   0.935558  6.27651648592546   5.8449435   10.6614 /T    2.0436   0.5476824   103.31723   8.0015671         n.a.     n.a.
 2026-Jul-17 12:00 C   08 23 12.69 +19 50 26.7  08 24 43.99 +19 45 22.8  32.29835  -7.47458   63.520224 -11.690499   -1.789   5.431   99.97828  31.37358  164.879210   0.911977  6.28381152236445   4.2150088    8.8242 /T    1.6946   0.5525327   103.03017   5.7295518         n.a.     n.a.
 2026-Jul-20 00:00 *m  08 25 29.44 +19 42 52.8  08 27 00.62 +19 37 44.9  32.10030  -7.80845  282.983882  24.302831   -1.787   5.431   99.98632  31.34376  180.638677   0.888339  6.28978911706926   4.1055565    6.9966 /T    1.3456   0.5506061   103.67176   5.5957340         n.a.     n.a.
 2026-Jul-22 12:00 C   08 27 46.56 +19 35 11.5  08 29 17.60 +19 29 59.0  32.33849  -7.70061   65.355363  -8.602817   -1.785   5.431   99.99255  31.32005  196.401971   0.864194  6.29455095507937   2.4528817    5.1644 /T    0.9949   0.5540451   103.39412   3.3244887         n.a.     n.a.
 2026-Jul-25 00:00 *m  08 30 03.28 +19 27 24.1  08 31 34.21 +19 22 07.4  32.14882  -8.02619  283.698287  20.783700   -1.784   5.432   99.99688  31.30287  212.172580   0.840062  6.29800574736244   2.3671687    3.3462 /T    0.6459   0.5522596   104.01776   3.2170070         n.a.     n.a.
 2026-Jul-27 12:00 C   08 32 20.24 +19 19 30.0  08 33 51.06 +19 14 08.9  32.31268  -7.90813   67.100987  -5.465082   -1.783   5.432   99.99934  31.29177  227.947569   0.815385  6.30023820582087   0.6944227    1.5487 /T    0.3004   0.5544386   103.75213   0.9366616         n.a.     n.a.
 2026-Jul-30 00:00 *   08 34 36.65 +19 11 30.4  08 36 07.34 +19 06 05.8  32.13441  -8.22452  284.456225  17.267308   -1.782   5.432   99.99990  31.28714  243.730397   0.790797  6.30117076953486   0.6238250    0.5941 /L    0.1120   0.5528368   104.35618   0.8430606         n.a.     n.a.
 2026-Aug-01 12:00 Cm  08 36 53.17 +19 03 24.7  08 38 23.73 +18 57 55.3  32.22488  -8.09695   68.768920  -2.280009   -1.782   5.433   99.99857  31.28863  259.518182   0.765635  6.30087217558787  -1.0603681    2.2482 /L    0.4283   0.5537759   104.10438   -1.445790         n.a.     n.a.
 2026-Aug-04 00:00 *   08 39 09.01 +18 55 13.8  08 40 39.44 +18 49 40.5  32.06061  -8.40317  285.260425  13.752941   -1.782   5.433   99.99536  31.29653  275.314261   0.740641  6.29928139211428  -1.1243251    4.0608 /L    0.7754   0.5523927   104.68700   -1.536781         n.a.     n.a.
 2026-Aug-06 12:00 Cm  08 41 24.84 +18 46 57.7  08 42 55.14 +18 41 20.0  32.07496  -8.26561   70.370128   0.949633   -1.782   5.434   99.99025  31.31063  291.115905   0.715050  6.29644342533631  -2.8222394    5.8973 /L    1.1259   0.5520475   104.45054   -3.848339         n.a.     n.a.
 2026-Aug-09 00:00 *   08 43 39.85 +18 38 36.9  08 45 10.06 +18 32 55.2  31.92323  -8.55917  286.115370  10.239987   -1.783   5.434   99.98331  31.33116  306.926388   0.689706  6.29231845017518  -2.8813700    7.7340 /L    1.4750   0.5508459   105.00899   -3.939677         n.a.     n.a.
 2026-Aug-11 12:00 Cm  08 45 54.71 +18 30 11.7  08 47 24.82 +18 24 25.7  31.85508  -8.40958   71.914763   4.222207   -1.784   5.435   99.97449  31.35802  322.743107   0.663741  6.28692928686243  -4.5900422    9.5831 /L    1.8246   0.5491071   104.78841   -6.282477         n.a.     n.a.
 2026-Aug-14 00:00 *m  08 48 08.58 +18 21 42.7  08 49 38.58 +18 15 53.0  31.70799  -8.68557  287.026295   6.728030   -1.785   5.436   99.96392  31.39132  338.569317   0.638091  6.28025880910062  -4.6456118   11.4298 /L    2.1714   0.5479344   105.31891   -6.378015         n.a.     n.a.
 2026-Aug-16 12:00 C   08 50 22.13 +18 13 10.3  08 51 51.99 +18 07 16.5  31.55362  -8.52226   73.412247   7.536902   -1.787   5.437   99.95152  31.43104  354.402512   0.611791  6.27232264937484  -6.3465364   13.2879 /L    2.5178   0.5447374   105.11429   -8.741301         n.a.     n.a.
 2026-Aug-19 00:00 *m  08 52 34.53 +18 04 34.9  08 54 04.27 +17 58 37.4  31.41417  -8.77958  287.999642   3.216540   -1.789   5.438   99.93746  31.47717   10.245749   0.585869  6.26313050968285  -6.3884421   15.1436 /L    2.8605   0.5436327   105.61452   -8.828371         n.a.     n.a.
 2026-Aug-21 12:00 N   08 54 46.44 +17 55 57.2  08 56 16.08 +17 49 55.6  31.17452  -8.60317   74.871853  10.893205   -1.791   5.440   99.92167  31.52977   26.096613   0.559274  6.25268262153928  -8.0732638   17.0110 /L    3.2021   0.5389973   105.42781   -11.21446         n.a.     n.a.
 2026-Aug-24 00:00 *m  08 56 57.07 +17 47 17.3  08 58 26.60 +17 41 12.0  31.04955  -8.84263  289.042951  -0.294334   -1.793   5.441   99.90434  31.58870   41.957949   0.533123  6.24101741391469  -8.0973375   18.8766 /L    3.5394   0.5380692   105.89647   -11.28641         n.a.     n.a.
 2026-Aug-26 12:00 N   08 59 07.07 +17 38 36.1  09 00 36.51 +17 32 26.9  30.73170  -8.65596   76.302331  14.290668   -1.796   5.443   99.88539  31.65417   57.827424   0.506288  6.22811010434648  -9.7629855   20.7546 /L    3.8750   0.5321245   105.73052   -13.70121         n.a.     n.a.
 2026-Aug-29 00:00 *   09 01 15.65 +17 29 53.4  09 02 44.96 +17 23 40.8  30.61856  -8.87540  290.165089  -3.803684   -1.799   5.444   99.86503  31.72595   73.707780   0.479965  6.21401778140176  -9.7760757   22.6318 /L    4.2056   0.5313162   106.16529   -13.76888         n.a.     n.a.
 2026-Aug-31 12:00 Nm  09 03 23.48 +17 21 10.4  09 04 52.68 +17 14 54.1  30.22605  -8.68003   77.712603  17.728872   -1.802   5.446   99.84318  31.80436   89.596777   0.452954  6.19869855635911 -11.4193088   24.5225 /L    4.5340   0.5241281   106.02251   -16.21764         n.a.     n.a.
 2026-Sep-03 00:00 *   09 05 29.76 +17 12 26.8  09 06 58.84 +17 06 07.0  30.12482  -8.87817  291.376200  -7.310086   -1.806   5.448   99.82009  31.88913  105.497067   0.426527  6.18222017859434 -11.4334532   26.4137 /L    4.8569   0.5234307   106.42093   -16.29815         n.a.     n.a.
 2026-Sep-05 12:00 Nm  09 07 35.14 +17 03 43.9  09 09 04.15 +16 57 20.2  29.64685  -8.67055   79.112071  21.207486   -1.810   5.450   99.79567  31.98069  121.406659   0.399413  6.16452043559227 -13.0493554   28.3196 /L    5.1768   0.5148122   106.30214   -18.79100         n.a.     n.a.
 2026-Sep-08 00:00 *   09 09 38.82 +16 55 01.4  09 11 07.75 +16 48 34.4  29.55330  -8.84420  292.688619 -10.811500   -1.814   5.452   99.77019  32.07867  137.328049   0.372943  6.14569259616132 -13.0661440   30.2271 /L    5.4905   0.5141382   106.66049   -18.88997         n.a.     n.a.
 2026-Sep-10 12:00 Nm  09 11 41.43 +16 46 20.9  09 13 10.27 +16 39 50.4  28.98310  -8.62159   80.510345  24.726824   -1.819   5.454   99.74357  32.18360  153.259485   0.345785  6.12565492345490 -14.6468901   32.1500 /L    5.8005   0.5039709   106.56613   -21.43403         n.a.     n.a.
 2026-Sep-13 00:00 *m  09 13 42.15 +16 37 41.9  09 15 10.87 +16 31 08.4  28.89112  -8.76681  294.117528 -14.305358   -1.824   5.456   99.71614  32.29496  169.203310   0.319323  6.10453217178872 -14.6529253   34.0749 /L    6.1035   0.5031991   106.88006   -21.53941         n.a.     n.a.
 2026-Sep-15 12:00 N   09 15 41.61 +16 29 06.4  09 17 10.25 +16 22 29.4  28.23045  -8.52976   81.918266  28.287681   -1.830   5.458   99.68777  32.41336  185.157838   0.292173  6.08223344613238 -16.1839701   36.0157 /L    6.4020   0.4915155   106.81206   -24.12912         n.a.     n.a.
 2026-Sep-18 00:00 *m  09 17 39.03 +16 20 33.7  09 19 07.57 +16 13 53.4  28.14339  -8.64685  295.680738 -17.788152   -1.835   5.461   99.65883  32.53816  201.125214   0.265770  6.05890563425504 -16.1780676   37.9591 /L    6.6926   0.4906964   107.07918   -24.23925         n.a.     n.a.
 2026-Sep-20 12:00 N   09 19 35.01 +16 12 05.6  09 21 03.50 +16 05 22.0  27.39496  -8.39684   83.348130  31.890637   -1.842   5.463   99.62920  32.67006  217.103906   0.238690  6.03444361986313 -17.6474057   39.9188 /L    6.9779   0.4775489   107.04085   -26.87077         n.a.     n.a.
 2026-Sep-23 00:00 *m  09 21 28.80 +16 03 41.5  09 22 57.20 +15 56 55.0  27.31515  -8.48598  297.399653 -21.254715   -1.848   5.465   99.59926  32.80831  233.095793   0.212413  6.00901603935063 -17.6303255   41.8819 /L    7.2548   0.4767160   107.25841   -26.98639         n.a.     n.a.
 2026-Sep-25 12:00 N   09 23 20.99 +15 55 23.4  09 24 49.32 +15 48 33.8  26.48143  -8.22434   84.814329  35.536094   -1.855   5.468   99.56888  32.95374  249.099547   0.185481  5.98249640318997 -19.0377394   43.8624 /L    7.5255   0.4621525   107.25322   -29.67047         n.a.     n.a.
 2026-Sep-28 00:00 *   09 25 10.84 +15 47 10.3  09 26 39.06 +15 40 17.9  26.40904  -8.28493  299.299658 -24.698142   -1.862   5.470   99.53845  33.10548  265.116862   0.159408  5.95507467164905 -19.0109756   45.8472 /L    7.7871   0.4613017   107.41745   -29.79454         n.a.     n.a.
 2026-Sep-30 12:00 Nm  09 26 58.93 +15 39 04.4  09 28 27.10 +15 32 08.9  25.49151  -8.01245   86.334913  39.224204   -1.870   5.472   99.50786  33.26453  281.146573   0.132711  5.92660275544320 -20.3539192   47.8507 /L    8.0419   0.4453515   107.44889   -32.53869         n.a.     n.a.
 2026-Oct-03 00:00 *   09 28 44.53 +15 31 04.7  09 30 12.64 +15 24 06.4  25.41866  -8.04078  301.410955 -28.109390   -1.878   5.475   99.47750  33.42991  297.190280   0.106924  5.89728211727690 -20.3312176   49.8599 /L    8.2867   0.4443354   107.55391   -32.69804         n.a.     n.a.
 2026-Oct-05 12:00 Nm  09 30 28.16 +15 23 13.8  09 31 56.26 +15 16 12.6  24.40872  -7.75400   87.932595  42.955012   -1.886   5.477   99.44728  33.60273  313.247105   0.080546  5.86695311651149 -21.5999626   51.8892 /L    8.5238   0.4268458   107.62367   -35.51175         n.a.     n.a.
 2026-Oct-08 00:00 *   09 32 09.13 +15 15 30.6  09 33 37.14 +15 08 26.8  24.32924  -7.74670  303.770671 -31.476712   -1.895   5.479   99.41761  33.78189  329.318454   0.055116  5.83583801528093 -21.5762304   53.9250 /L    8.7502   0.4255464   107.66206   -35.70880         n.a.     n.a.
 2026-Oct-10 12:00 N   09 33 47.90 +15 07 57.7  09 35 15.87 +15 00 51.3  23.21677  -7.44151   89.637058  46.728853   -1.905   5.482   99.38839  33.96856  345.403721   0.029125  5.80376796146124 -22.7568969   55.9817 /L    8.9678   0.4063368   107.77185   -38.60234         n.a.     n.a.
 2026-Oct-13 00:00 *m  09 35 23.81 +15 00 34.1  09 36 51.69 +14 53 25.2  23.13171  -7.39854  306.423537 -34.785160   -1.914   5.484   99.36006  34.16144    1.504004   0.004118  5.77099936626780 -22.7170011   58.0455 /L    9.1737   0.4047682   107.73656   -38.81969         n.a.     n.a.
 2026-Oct-15 12:00 N   09 36 57.30 +14 53 22.5  09 38 25.18 +14 46 10.9  21.92470  -7.07832   91.489427  50.545508   -1.925   5.486   99.33253  34.36179   17.618835  -0.021409  5.73734992933284 -23.7975578   60.1308 /L    9.3698   0.3839832   107.89252   -41.78657         n.a.     n.a.
 2026-Oct-18 00:00 *m  09 38 27.74 +14 46 21.5  09 39 55.57 +14 39 07.5  21.83220  -6.99923  309.422634 -38.014870   -1.935   5.488   99.30620  34.56818   33.749069  -0.045915  5.70309510208015 -23.7389107   62.2235 /L    9.5533   0.3821119   107.77542   -42.02594         n.a.     n.a.
 2026-Oct-20 12:00 N   09 39 55.56 +14 39 34.1  09 41 23.39 +14 32 17.7  20.53804  -6.66727   93.547960  54.403424   -1.946   5.490   99.28099  34.78195   49.894377  -0.070888  5.66804384672604 -24.7127364   64.3383 /L    9.7261   0.3598856   107.98499   -45.06542         n.a.     n.a.
 2026-Oct-23 00:00 *m  09 41 20.17 +14 32 58.6  09 42 47.94 +14 25 40.1  20.44042  -6.55326  312.830163 -41.139708   -1.958   5.492   99.25729  35.00156   66.055376  -0.094800  5.63248192474823 -24.6410374   66.4613 /L    9.8856   0.3577539   107.77601   -45.33264         n.a.     n.a.
 2026-Oct-25 12:00 Nm  09 42 41.95 +14 26 38.2  09 44 09.72 +14 19 17.5  19.05813  -6.20944   95.899879  58.299020   -1.970   5.494   99.23503  35.22846   82.232004  -0.119113  5.59620433175309 -25.5019344   68.6074 /L   10.0333   0.3340697   108.04642   -48.45514         n.a.     n.a.
 2026-Oct-28 00:00 *   09 44 00.37 +14 20 31.0  09 45 28.08 +14 13 08.2  18.95380  -6.06023  316.716923 -44.126064   -1.982   5.496   99.21458  35.46095   98.424592  -0.142328  5.55951325189804 -25.4222014   70.7627 /L   10.1670   0.3316511   107.73099   -48.75957         n.a.     n.a.
 2026-Oct-30 12:00 Nm  09 45 15.74 +14 14 40.4  09 46 43.51 +14 07 15.2  17.48359  -5.70445   98.682376  62.225361   -1.995   5.497   99.19588  35.70065  114.633382  -0.165874  5.52218556285161 -26.1710222   72.9427 /L   10.2880   0.3065112   108.07019   -51.98292         n.a.     n.a.
 2026-Nov-02 00:00 *   09 46 27.56 +14 09 04.5  09 47 55.30 +14 01 37.4  17.36102  -5.51556  321.160554 -46.930750   -2.008   5.499   99.17928  35.94572  130.858557  -0.188298  5.48453717513839 -26.0822347   75.1330 /L   10.3941   0.3036016   107.62494   -52.34319         n.a.     n.a.
 2026-Nov-04 12:00 Nm  09 47 36.10 +14 03 46.9  09 49 03.87 +13 56 17.9  15.79729  -5.14508  102.122700  66.169949   -2.022   5.500   99.16474  36.19780  147.100593  -0.210983  5.44634325482952 -26.7051135   77.3495 /L   10.4863   0.2769006   108.04012   -55.68185         n.a.     n.a.
 2026-Nov-07 00:00 *   09 48 40.88 +13 58 45.6  09 50 08.60 +13 51 14.9  15.65253  -4.91542  326.240105 -49.499317   -2.036   5.501   99.15259  36.45487  163.359420  -0.232531  5.40793653195843 -26.6020656   79.5770 /L   10.5626   0.2734365   107.43402   -56.10212         n.a.     n.a.
 2026-Nov-09 12:00 N   09 49 42.11 +13 54 04.2  09 51 09.88 +13 46 31.8  13.99608  -4.53060  106.627654  70.108320   -2.051   5.502   99.14281  36.71861  179.635760  -0.254266  5.36909356675024 -27.0795724   81.8314 /L   10.6240   0.2451850   107.93702   -59.56050         n.a.     n.a.
 2026-Nov-12 00:00 *m  09 50 39.39 +13 49 40.8  09 52 07.15 +13 42 06.6  13.83270  -4.26302  332.022801 -51.764956   -2.065   5.503   99.13565  36.98676  195.929120  -0.274846  5.33016722452988 -26.9499932   84.0972 /L   10.6684   0.2412451   107.12848   -60.02584         n.a.     n.a.
 2026-Nov-14 12:00 A   09 51 32.90 +13 45 38.7  09 53 00.73 +13 38 02.8  12.09296  -3.86790  112.987474  73.988199   -2.081   5.504   99.13110  37.26108  212.240431  -0.295524  5.29092621017781 -27.2788917   86.3903 /L   10.6969   0.2116079   107.73675   -63.61316         n.a.     n.a.
 2026-Nov-17 00:00 *m  09 52 22.29 +13 41 55.9  09 53 50.12 +13 34 18.6  11.91372  -3.56525  338.542858 -53.648543   -2.096   5.504   99.12935  37.53912  228.568871  -0.315030  5.25173855907030 -27.1166265   88.6949 /L   10.7078   0.2072624   106.66011   -64.11653         n.a.     n.a.
 2026-Nov-19 12:00 A   09 53 07.70 +13 38 35.7  09 54 35.59 +13 30 57.0  10.10563  -3.16591  122.879981  77.687165   -2.113   5.504   99.13040  37.82268  244.915505  -0.334531  5.21236612978396 -27.2915643   91.0275 /L   10.7017   0.1764988   107.39482   -67.83046         n.a.     n.a.
 2026-Nov-22 00:00 *m  09 53 48.87 +13 35 35.8  09 55 16.74 +13 27 55.9  9.908472  -2.82910  345.772707 -55.063148   -2.129   5.504   99.13435  38.10919  261.279235  -0.352844  5.17317788176372 -27.1060422   93.3719 /L   10.6774   0.1717408   105.93530   -68.38652         n.a.     n.a.
 2026-Nov-24 12:00 Am  09 54 25.86 +13 32 59.6  09 55 53.82 +13 25 18.4  8.041294  -2.42896  139.987666  80.883578   -2.146   5.504   99.14120  38.40050  277.661369  -0.371044  5.13393393127053 -27.1240165   95.7451 /L   10.6353   0.1400022   106.80751   -72.23878        2.288    2.406
 2026-Nov-27 00:00 *   09 54 58.50 +13 30 44.7  09 56 26.49 +13 23 02.2  7.825402  -2.05936  353.595494 -55.923072   -2.163   5.504   99.15100  38.69393  294.060507  -0.388047  5.09500145532347 -26.9213771   98.1307 /L   10.5744   0.1348640   104.74383   -72.85357         n.a.     n.a.
 2026-Nov-29 12:00 Am  09 55 26.75 +13 28 54.7  09 56 54.87 +13 21 11.1  5.894383  -1.65543  169.647251  82.739621   -2.180   5.503   99.16376  38.99137  310.478327  -0.404834  5.05613564332119 -26.7806706  100.5465 /L   10.4948   0.1020406   105.68735   -76.89093        2.597    2.119
 2026-Dec-02 00:00 *   09 55 50.51 +13 27 27.0  09 57 18.64 +13 19 42.6  5.653200  -1.25210    1.795489 -56.156428   -2.198   5.503   99.17944  39.28990  326.913117  -0.420433  5.01771852076746 -26.5516143  102.9756 /L   10.3958   0.0965033   102.48854   -77.56803         n.a.     n.a.
 2026-Dec-04 12:00 Am  09 56 09.70 +13 26 25.2  09 57 37.91 +13 18 40.0  3.669806  -0.84831  204.936522  82.106021   -2.215   5.502   99.19807  39.59136  343.366738  -0.435711  4.97951157597995 -26.2374958  105.4358 /L   10.2772   0.0627763   103.01590   -81.80484        0.240   22.963
 2026-Dec-07 00:00 *   09 56 24.26 +13 25 46.8  09 57 52.51 +13 18 00.7  3.404304  -0.41453   10.081304 -55.719759   -2.233   5.501   99.21951  39.89265  359.837097  -0.449814  4.94190408728056 -25.9703497  107.9094 /L   10.1386   0.0571575   96.942572   -82.51005         n.a.     n.a.
 2026-Dec-09 12:00 A   09 56 34.10 +13 25 34.8  09 58 02.47 +13 17 48.0  1.388216  -0.01852  228.844040  79.327872   -2.251   5.499   99.24377  40.19550   16.326141  -0.463483  4.90466868730464 -25.4741322  110.4141 /L    9.9798   0.0231390   90.764207   -86.91747         n.a.     n.a.
 2026-Dec-12 00:00 *m  09 56 39.28 +13 25 46.6  09 58 07.70 +13 17 59.1  1.111164  0.437156   18.142624 -54.606883   -2.269   5.498   99.27061  40.49668   32.831332  -0.475990  4.86819200821037 -25.1675128  112.9316 /L    9.8008   0.0199011   68.524256   -87.33582         n.a.     n.a.
 2026-Dec-14 12:00 A   09 56 39.62 +13 26 25.2  09 58 08.17 +13 18 37.4  -0.91898  0.818541  242.286567  75.526862   -2.287   5.496   99.30001  40.79791   49.354815  -0.487941  4.83224825986786 -24.4878253  115.4801 /L    9.6012   0.0205111   311.69165   -87.19901         n.a.     n.a.
 2026-Dec-17 00:00 *m  09 56 35.32 +13 27 27.5  09 58 03.91 +13 19 39.3  -1.20006  1.289620   25.717607 -52.848318   -2.305   5.494   99.33164  41.09577   65.893577  -0.498746  4.79722407968779 -24.1402375  118.0407 /L    9.3814   0.0293602   317.06013   -85.96579         n.a.     n.a.
 2026-Dec-19 12:00 A   09 56 26.15 +13 28 56.3  09 57 54.86 +13 21 08.0  -3.21609  1.646292  250.444164  71.263277   -2.323   5.492   99.36545  41.39199   82.449893  -0.508870  4.76289288865704 -23.2853349  120.6317 /L    9.1409   0.0602161   297.10754   -81.53180         n.a.     n.a.
 2026-Dec-22 00:00 *m  09 56 12.41 +13 30 48.4  09 57 41.19 +13 22 59.8  -3.49733  2.127922   32.636819 -50.502172   -2.341   5.490   99.40103  41.68311   99.020433  -0.517876  4.72962926666472 -22.9014680  123.2340 /L    8.8806   0.0682304   301.31808   -80.33368         n.a.     n.a.
 2026-Dec-24 12:00 Am  09 55 53.83 +13 33 06.4  09 57 22.78 +13 25 17.6  -5.47797  2.453487  255.968908  66.748462   -2.358   5.488   99.43830  41.97078  115.607580  -0.526083  4.69721211811503 -21.8765683  125.8666 /L    8.5998   0.1000386   294.12676   -75.44513        2.971    1.847
 2026-Dec-27 00:00 *   09 55 30.80 +13 35 46.9  09 56 59.84 +13 27 58.2  -5.75969  2.943058   38.829202 -47.640278   -2.376   5.486   99.47678  42.25156  132.207729  -0.533223  4.66599660288986 -21.4692431  128.5102 /L    8.2997   0.1078008   297.06590   -74.18796         n.a.     n.a.
 2026-Dec-29 12:00 Am  09 55 02.96 +13 38 52.7  09 56 32.14 +13 31 04.2  -7.69423  3.236067  260.067930  62.070971   -2.392   5.483   99.51639  42.52700  148.823536  -0.539463  4.63577603655902 -20.2702304  131.1841 /L    7.9792   0.1391176   292.81081   -68.96439        1.991    2.754
$$EOE
**********************************************************************************************************************************************************************************************************************************************************************************************
Column meaning:
 
TIME

  Times PRIOR to 1962 are UT1, a mean-solar time closely related to the
prior but now-deprecated GMT. Times AFTER 1962 are in UTC, the current
civil or "wall-clock" time-scale. UTC is kept within 0.9 seconds of UT1
using integer leap-seconds for 1972 and later years.

  Conversion from the internal Barycentric Dynamical Time (TDB) of solar
system dynamics to the non-uniform civil UT time-scale requested for output
has not been determined for UTC times after the next July or January 1st.
Therefore, the last known leap-second is used as a constant over future
intervals.

  Time tags refer to the UT time-scale conversion from TDB on Earth
regardless of observer location within the solar system, although clock
rates may differ due to the local gravity field and no analog to "UT"
may be defined for that location.

  Any 'b' symbol in the 1st-column denotes a B.C. date. First-column blank
(" ") denotes an A.D. date.
 
CALENDAR SYSTEM

  Mixed calendar mode was active such that calendar dates after AD 1582-Oct-15
(if any) are in the modern Gregorian system. Dates prior to 1582-Oct-5 (if any)
are in the Julian calendar system, which is automatically extended for dates
prior to its adoption on 45-Jan-1 BC.  The Julian calendar is useful for
matching historical dates. The Gregorian calendar more accurately corresponds
to the Earth's orbital motion and seasons. A "Gregorian-only" calendar mode is
available if such physical events are the primary interest.

  NOTE: "n.a." in output means quantity "not available" at the print-time.
 
SOLAR PRESENCE (OBSERVING SITE)
  Time tag is followed by a blank, then a solar-presence symbol:

       '*'  Daylight (refracted solar upper-limb on or above apparent horizon)
       'C'  Civil twilight/dawn
       'N'  Nautical twilight/dawn
       'A'  Astronomical twilight/dawn
       ' '  Night OR geocentric ephemeris

LUNAR PRESENCE (OBSERVING SITE)
  The solar-presence symbol is immediately followed by a lunar-presence symbol:

       'm'  Refracted upper-limb of Moon on or above apparent horizon
       ' '  Refracted upper-limb of Moon below apparent horizon OR geocentric
            ephemeris
 
 'R.A._____(ICRF)_____DEC' =
  Astrometric right ascension and declination of the target center with
respect to the observing site (coordinate origin) in the reference frame of
the planetary ephemeris (ICRF). Compensated for down-leg light-time delay
aberration.

  Units: RA  in hours-minutes-seconds of time,    HH MM SS.ff{ffff}
         DEC in degrees-minutes-seconds of arc,  sDD MN SC.f{ffff}
 
 'R.A.__(a-apparent)__DEC' =
  Airless apparent right ascension and declination of the target center
with respect to an instantaneous reference frame defined by the Earth equator
of-date (z-axis) and meridian containing the Earth equinox of-date (x-axis,
EOP-corrected IAU76/80). Compensated for down-leg light-time delay,
gravitational deflection of light, stellar aberration, precession & nutation.
Note: equinox (RA origin) is offset -53 mas from the of-date frame defined
by the IAU06/00a P & N system.

  Units: RA  in hours-minutes-seconds of time,   HH MM SS.ff{ffff}
         DEC in degrees-minutes-seconds of arc, sDD MN SC.f{ffff}
 
 'dRA*cosD d(DEC)/dt' =
  The angular rate of change in apparent RA and DEC of the target. This is
with respect to the non-inertial IAU76/80 Earth true equator and equinox
of-date reference frame.  d(RA)/dt is multiplied by the cosine of declination
to provide a linear rate in the plane-of-sky. Units: ARCSECONDS PER HOUR
 
 'Azi____(a-app)___Elev' =
  Airless apparent azimuth and elevation of target center. Compensated
for light-time, the gravitational deflection of light, stellar aberration,
precession and nutation. Azimuth is measured clockwise from north:

  North(0) -> East(90) -> South(180) -> West(270) -> North (360)

Elevation angle is with respect to a plane perpendicular to the reference
surface local zenith direction. TOPOCENTRIC ONLY.  Units: DEGREES
 
 'APmag   S-brt' =
  The targets' approximate apparent visual magnitude and surface brightness.
For planets and natural satellites, output is restricted to solar phase angles
covered by observational data. Outside the observed phase angle range, "n.a."
may be output to avoid extrapolation beyond the limit of model validity.

   For Earth-based observers, the estimated dimming due to atmospheric
absorption (extinction) is available as a separate, requestable quantity.

   Surface brightness is the average airless visual magnitude of a
square-arcsecond of the illuminated portion of the apparent disk. It is
computed only if the target radius is known.

   Units: MAGNITUDES & MAGNITUDES PER SQUARE ARCSECOND
 
 'Illu%' =
   Fraction of the target objects' assumed circular disk illuminated by Sun
(phase), as seen by the observer.  Units: PERCENT
 
 'Ang-diam' =
   The equatorial angular width of the target body full disk, if it were fully
illuminated and visible to the observer. If the target body diameter is unknown
"n.a." is output.

   Units: ARCSECONDS
 
 'ObsSub-LON ObsSub-LAT' =
   Apparent planetodetic longitude and latitude of the center of the target
disc seen by the OBSERVER at print-time. This is NOT exactly the same as the
"nearest" sub-point for a non-spherical target shape (since the center of the
disc might not be the point closest to the observer), but is generally very
close if not a very irregular body shape. Down-leg light travel-time from
target to observer is taken into account. Latitude is the angle between the
equatorial plane and the line perpendicular to the reference ellipsoid of the
body, so includes body oblateness. The reference ellipsoid is an oblate
spheroid with a single flatness coefficient in which the y-axis body radius
is taken to be the same value as the x-axis radius.  For Jupiter, Saturn, and
Uranus, IAU2015 longitude is based on the "System III" prime meridian rotation
angle of the magnetic field. By contrast, pole direction (thus latitude) is
relative to the body dynamical equator.  There can be an offset between the
magnetic pole and the dynamical pole of rotation. For Neptune, rotation is
IAU2015 "System II" rotation of optically observed features in the Neptunian
atmosphere. Positive longitude is to the WEST for this target. Cartographic
system is specified in the header.  Units: DEGREES DEGREES
 
 'delta      deldot' =
   Apparent range ("delta", light-time aberrated) and range-rate ("delta-dot")
of the target center relative to the observer. A positive "deldot" means the
target center is moving away from the observer, negative indicates movement
toward the observer.  Units: AU and KM/S
 
 'S-O-T /r' =
   Sun-Observer-Target apparent SOLAR ELONGATION ANGLE seen from the observers'
location at print-time.

   The '/r' column provides a code indicating the targets' apparent position
relative to the Sun in the observers' sky, as described below:

   Case A: For an observing location on the surface of a rotating body, that
body rotational sense is considered:

    /T indicates target TRAILS Sun   (evening sky: rises and sets AFTER Sun)
    /L indicates target LEADS Sun    (morning sky: rises and sets BEFORE Sun)

   Case B: For an observing point that does not have a rotational model (such
as a spacecraft), the "leading" and "trailing" condition is defined by the
observers' heliocentric ORBITAL motion:

    * If continuing in the observers' current direction of heliocentric
       motion would encounter the targets' apparent longitude first, followed
       by the Sun's, the target LEADS the Sun as seen by the observer.

    * If the Sun's apparent longitude would be encountered first, followed
       by the targets', the target TRAILS the Sun.

   Two other codes can be output:
    /* indicates observer is Sun-centered    (undefined)
    /? Target is aligned with Sun center     (no lead or trail)

   The S-O-T solar elongation angle is numerically the minimum separation
angle of the Sun and target in the sky in any direction. It does NOT indicate
the amount of separation in the leading or trailing directions, which would
be defined along the equator of a spherical coordinate system.

   Units: DEGREES
 
 'S-T-O' =
   The Sun-Target-Observer angle; the interior vertex angle at target center
formed by a vector from the target to the apparent center of the Sun (at
reflection time on the target) and the apparent vector from target to the
observer at print-time. Slightly different from true PHASE ANGLE (requestable
separately) at the few arcsecond level in that it includes stellar aberration
on the down-leg from target to observer.  Units: DEGREES
 
 'Sky_motion  Sky_mot_PA  RelVel-ANG' =
  Total apparent angular rate of the target in the plane-of-sky. "Sky_mot_PA"
is the position angle of the target's direction of motion in the plane-of-sky,
measured counter-clockwise from the apparent of-date north pole direction.
"RelVel-ANG" is the flight path angle of the target's relative motion with
respect to the observer's line-of-sight, in the range [-90,+90], where positive
values indicate motion away from the observer, negative values are toward the
observer:

  -90 = target is moving directly toward the observer
    0 = target is moving at right angles to the observer's line-of-sight
  +90 = target is moving directly away from the observer

UNITS:  ARCSECONDS/MINUTE, DEGREES, DEGREES
 
 'Lun_Sky_Brt  sky_SNR' =
  Sky brightness due to moonlight scattered by Earth's atmosphere at the
target's position in the sky. "sky_SNR" is the visual signal-to-noise ratio
(SNR) of the target's surface brightness relative to background sky. Output
only for topocentric Earth observers when both the Moon and target are above
the local horizon and the Sun is in astronomical twilight (or further) below
the horizon, and the target is not the Moon or Sun. If all conditions are
not met, "n.a." is output. Galactic brightness, local sky light-pollution
and weather are NOT considered. Lunar opposition surge is considered. The
value returned is accurate under ideal conditions at the approximately 8-23%
level, so is a useful but not definitive value.

  If the target-body radius is also known, "sky_SNR" is output. This is the
approximate visual signal-to-noise ratio of the target's brightness divided
by lunar sky brightness. When sky_SNR < 1, the target is dimmer than the
ideal moonlight-scattering background sky, so unlikely to be detectable at
visual wavelengths. In practice, visibility requires sky_SNR > 1 and a
detector sensitive enough to reach the target's magnitude, even if it isn't
washed out by moonlight. When relating magnitudes and brightness values,
keep in mind their logarithmic relationship m2-m1 = -2.5*log_10(b2/b1).

  UNITS: VISUAL MAGNITUDES / ARCSECOND^2, and unitless ratio

Computations by ...

    Solar System Dynamics Group, Horizons On-Line Ephemeris System
    4800 Oak Grove Drive, Jet Propulsion Laboratory
    Pasadena, CA  91109   USA

    General site: https://ssd.jpl.nasa.gov/
    Mailing list: https://ssd.jpl.nasa.gov/email_list.html
    System news : https://ssd.jpl.nasa.gov/horizons/news.html
    User Guide  : https://ssd.jpl.nasa.gov/horizons/manual.html
    Connect     : browser        https://ssd.jpl.nasa.gov/horizons/app.html#/x
                  API            https://ssd-api.jpl.nasa.gov/doc/horizons.html
                  command-line   telnet ssd.jpl.nasa.gov 6775
                  e-mail/batch   https://ssd.jpl.nasa.gov/ftp/ssd/horizons_batch.txt
                  scripts        https://ssd.jpl.nasa.gov/ftp/ssd/SCRIPTS
    Author      : Jon.D.Giorgini@jpl.nasa.gov

**********************************************************************************************************************************************************************************************************************************************************************************************
