*******************************************************************************
 Revised: April 12, 2021               Jupiter                              599
 
 PHYSICAL DATA (revised 2025-Jan-30):
  Mass x 10^26 (kg)     = 18.9819           Density (g/cm^3)  = 1.3262 +- .0003
  Equat. radius (1 bar) = 71492+-4 km       Polar radius (km)     = 66854+-10
  Vol. Mean Radius (km) = 69911+-6          Flattening            = 0.06487
  Geometric Albedo      = 0.52              Rocky core mass (Mc/M)= 0.0261
  Sid. rot. period (III)= 9h 55m 29.711 s   Sid. rot. rate (rad/s)= 0.00017585
  Mean solar day, hrs   = ~9.9259         
  GM (km^3/s^2)         = 126686531.900     GM 1-sigma (km^3/s^2) =  +- 1.2732
  Equ. grav, ge (m/s^2) = 24.79             Pol. grav, gp (m/s^2) =  28.34
  Vis. magnitude V(1,0) = -9.40
  Vis. mag. (opposition)= -2.70             Obliquity to orbit    =  3.13 deg
  Sidereal orbit period = 11.861982204 y    Sidereal orbit period = 4332.589 d
  Mean daily motion     = 0.0831294 deg/d   Mean orbit speed, km/s= 13.0697
  Atmos. temp. (1 bar)  = 165+-5 K          Escape speed, km/s    =  59.5           
  A_roche(ice)/Rp       =  2.76             Hill's sphere rad. Rp = 740
                                 Perihelion   Aphelion     Mean
  Solar Constant (W/m^2)         56           46           51
  Maximum Planetary IR (W/m^2)   13.7         13.4         13.6
  Minimum Planetary IR (W/m^2)   13.7         13.4         13.6
*******************************************************************************


*******************************************************************************
Ephemeris / WWW_USER Mon Apr  6 15:59:09 2026 Pasadena, USA      / Horizons    
*******************************************************************************
Target body name: Jupiter (599)                   {source: jup365_merged}
Center body name: Earth (399)                     {source: DE441}
Center-site name: (user defined site below)
*******************************************************************************
Start time      : A.D. 2026-Jan-01 00:00:00.0000 UT      
Stop  time      : A.D. 2026-Dec-31 00:00:00.0000 UT      
Step-size       : 3600 minutes
*******************************************************************************
Target pole/equ : IAU_JUPITER                     {West-longitude positive}
Target radii    : 71492.0, 71492.0, 66854.0 km    {Equator_a, b, pole_c}       
Center geodetic : 260.5, 19.5, 2.6                {E-lon(deg),Lat(deg),Alt(km)}
Center cylindric: 260.5, 6016.99109, 2116.4702    {E-lon(deg),Dxy(km),Dz(km)}
Center pole/equ : ITRF93                          {East-longitude positive}
Center radii    : 6378.137, 6378.137, 6356.752 km {Equator_a, b, pole_c}       
Target primary  : Sun
Vis. interferer : MOON (R_eq= 1737.400) km        {source: DE441}
Rel. light bend : Sun                             {source: jup365_merged}
Rel. lght bnd GM: 1.3271E+11 km^3/s^2                                          
Atmos refraction: NO (AIRLESS)
RA format       : HMS
Time format     : CAL 
Calendar mode   : Mixed Julian/Gregorian
EOP file        : eop.260406.p260703                                           
EOP coverage    : DATA-BASED 1962-JAN-20 TO 2026-APR-06. PREDICTS-> 2026-JUL-02
Units conversion: 1 au= 149597870.700 km, c= 299792.458 km/s, 1 day= 86400.0 s 
Table cut-offs 1: Elevation (-90.0deg=NO ),Airmass (>38.000=NO), Daylight (NO )
Table cut-offs 2: Solar elongation (  0.0,180.0=NO ),Local Hour Angle( 0.0=NO )
Table cut-offs 3: RA/DEC angular rate (     0.0=NO )                           
**********************************************************************************************************************************************************************************************************************************************************************************************
 Date__(UT)__HR:MN     R.A._____(ICRF)_____DEC  R.A.__(a-apparent)__DEC  dRA*cosD d(DEC)/dt  Azi____(a-app)___Elev    APmag   S-brt      Illu%  Ang-diam  ObsSub-LON ObsSub-LAT             delta      deldot     S-O-T /r     S-T-O  Sky_motion  Sky_mot_PA  RelVel-ANG  Lun_Sky_Brt  sky_SNR
**********************************************************************************************************************************************************************************************************************************************************************************************
$$SOE
 2026-Jan-01 00:00 *m  07 30 55.17 +22 02 03.6  07 32 29.96 +21 58 43.9  -19.1085  3.602488   61.417202 -11.653404   -2.670   5.403   99.96876  46.46730  336.671179   1.577382  4.24267436448213  -4.9208590  169.2055 /L    2.0310   0.3240857   280.67654   -16.49757         n.a.     n.a.
 2026-Jan-03 12:00 Am  07 29 30.87 +22 05 26.5  07 31 05.82 +22 02 09.9  -19.7765  3.238405  286.065635  24.320585   -2.674   5.403   99.98313  46.52886  353.369858   1.580436  4.23706167608253  -2.8075558  172.0861 /L    1.4944   0.3339979   279.29967   -9.326091        4.357    1.240
 2026-Jan-06 00:00 *   07 28 05.95 +22 08 47.7  07 29 41.02 +22 05 33.9  -19.6756  3.585596   63.594950  -6.894027   -2.676   5.402   99.99313  46.56847   10.060594   1.583564  4.23345766625656  -2.2206140  174.9584 /L    0.9557   0.3333280   280.32798   -7.422914         n.a.     n.a.
 2026-Jan-08 12:00 Am  07 26 39.72 +22 12 08.0  07 28 14.89 +22 08 57.6  -20.0670  3.175696  287.455467  19.254959   -2.676   5.403   99.99873  46.58690   26.746433   1.587009  4.23178299643100  -0.0668258  177.8383 /L    0.4136   0.3386121   278.99275   -0.226844        1.594    3.390
 2026-Jan-11 00:00 *   07 25 13.66 +22 15 25.0  07 26 48.91 +22 12 17.4  -19.8844  3.505442   65.555951  -2.043358   -2.676   5.403   99.99984  46.58311   43.421215   1.590353  4.23212648545308   0.5185073  179.2221 /T    0.1410   0.3365164   279.99802   1.7194041         n.a.     n.a.
 2026-Jan-13 12:00 Am  07 23 47.08 +22 18 39.0  07 25 22.43 +22 15 34.7  -19.9846  3.055963  288.952799  14.226328   -2.674   5.403   99.99644  46.55773   60.087818   1.594010  4.23443439754050   2.6979061  176.3678 /T    0.6784   0.3369482   278.69409   8.8850669        0.355   15.241
 2026-Jan-16 00:00 *   07 22 21.52 +22 21 48.4  07 23 56.97 +22 18 46.9  -19.7093  3.364922   67.325024   2.873162   -2.671   5.404   99.98860  46.51031   76.740122   1.597395  4.23875141176912   3.2669508  173.4956 /T    1.2178   0.3332421   279.68854   10.826263         n.a.     n.a.
 2026-Jan-18 12:00 A   07 20 56.27 +22 24 52.9  07 22 31.82 +22 21 54.8  -19.5144  2.883417  290.566353   9.253261   -2.667   5.405   99.97636  46.44143   93.381011   1.601094  4.24503794746810   5.4469400  170.6139 /T    1.7561   0.3287713   278.40512   17.888554         n.a.     n.a.
 2026-Jan-21 00:00 *m  07 19 32.88 +22 27 51.5  07 21 08.52 +22 24 56.3  -19.1450  3.169974   68.922781   7.831822   -2.661   5.407   99.95997  46.35125  110.004504   1.604366  4.25329725647633   5.9890330  167.7489 /T    2.2871   0.3234274   279.40158   19.802385         n.a.     n.a.
 2026-Jan-23 12:00 A   07 18 10.65 +22 30 43.5  07 19 46.35 +22 27 51.6  -18.6601  2.664720  292.306701   4.355077   -2.654   5.408   99.93950  46.24035  126.613451   1.607965  4.26349791162904   8.1323894  164.8806 /T    2.8132   0.3141572   278.12706   26.665550         n.a.     n.a.
 2026-Jan-26 00:00 *m  07 16 51.09 +22 33 28.6  07 18 26.84 +22 30 39.4  -18.2090  2.929334   70.366550  12.810656   -2.646   5.410   99.91536  46.10950  143.202322   1.611002  4.27559648644561   8.6312885  162.0334 /T    3.3288   0.3073858   279.13902   28.511328         n.a.     n.a.
 2026-Jan-28 12:00 A   07 15 33.45 +22 36 05.8  07 17 09.27 +22 33 19.5  -17.4567  2.411089  294.186229  -0.448856   -2.636   5.412   99.88763  45.95923  159.773981   1.614388  4.28957679902647  10.7120272  159.1868 /T    3.8367   0.2937078   277.86382   35.118346         n.a.     n.a.
 2026-Jan-31 00:00 *m  07 14 19.18 +22 38 35.4  07 15 55.09 +22 35 51.6  -16.9489  2.656451   71.670417  17.790256   -2.625   5.415   99.85686  45.79083  176.323406   1.617087  4.30535162655557  11.1562761  156.3643 /T    4.3312   0.2859309   278.90765   36.856312         n.a.     n.a.
 2026-Feb-02 12:00 Am  07 13 07.48 +22 40 56.1  07 14 43.44 +22 38 15.4  -15.9617  2.136908  296.220103  -5.139479   -2.614   5.417   99.82313  45.60464  192.853539   1.620149  4.32292955746693  13.1578769  153.5451 /T    4.8155   0.2684022   277.62525   43.169473         n.a.     n.a.
 2026-Feb-05 00:00 *   07 11 59.73 +22 43 09.2  07 13 35.74 +22 40 30.9  -15.4111  2.364155   72.845170  22.754319   -2.601   5.420   99.78709  45.40229  209.359760   1.622395  4.34219623503697  13.5573136  150.7519 /T    5.2843   0.2598568   278.72151   44.824691         n.a.     n.a.
 2026-Feb-07 12:00 Am  07 10 55.15 +22 45 12.7  07 12 31.16 +22 42 37.1  -14.2091  1.851240  298.425864  -9.698232   -2.587   5.423   99.74882  45.18392  225.844862   1.625005  4.36318086495277  15.4657510  147.9640 /T    5.7406   0.2388193   277.42301   50.837842         n.a.     n.a.
 2026-Feb-10 00:00 *   07 09 55.04 +22 47 08.4  07 11 31.08 +22 44 34.8  -13.6264  2.059686   73.898839  27.688600   -2.573   5.426   99.70903  44.95151  242.304694   1.626677  4.38573990459695  15.8193424  145.2039 /T    6.1794   0.2296867   278.59541   52.411598         n.a.     n.a.
 2026-Feb-12 12:00 Am  07 08 58.63 +22 48 54.1  07 10 34.69 +22 46 22.8  -12.2222  1.558102  300.823146 -14.106036   -2.557   5.429   99.66780  44.70502  258.741822   1.628717  4.40992209363299  17.6193804  142.4513 /T    6.6038   0.2053514   277.26497   58.146896         n.a.     n.a.
 2026-Feb-15 00:00 *   07 08 07.14 +22 50 32.2  07 09 43.25 +22 48 02.7  -11.6219  1.746688   74.835883  32.580546   -2.541   5.432   99.62589  44.44679  275.152673   1.629723  4.43554232015240  17.9171171  139.7286 /T    7.0089   0.1958734   278.54718   59.622482         n.a.     n.a.
 2026-Feb-17 12:00 A   07 07 19.81 +22 51 59.8  07 08 55.91 +22 49 32.5  -10.0462  1.262257  303.433789 -18.343140   -2.524   5.435   99.58333  44.17659  291.539679   1.631110  4.46267205284447  19.5936299  137.0156 /T    7.3978   0.1687539   277.16138   65.079480         n.a.     n.a.
 2026-Feb-20 00:00 *m  07 06 37.76 +22 53 19.9  07 08 13.87 +22 50 54.1  -9.43378  1.428357   75.657333  37.419548   -2.506   5.438   99.54091  43.89704  307.899779   1.631388  4.49109150593272  19.8266846  134.3344 /T    7.7661   0.1590217   278.60969   66.470128         n.a.     n.a.
 2026-Feb-22 12:00 A   07 06 00.23 +22 54 29.3  07 07 36.30 +22 52 05.1  -7.72374  0.966220  306.281237 -22.389436   -2.488   5.442   99.49863  43.60779  324.235374   1.632072  4.52088152482598  21.3599939  131.6649 /T    8.1169   0.1297323   277.13051   71.638142         n.a.     n.a.
 2026-Feb-25 00:00 *m  07 05 28.22 +22 55 31.5  07 07 04.32 +22 53 08.2  -7.12216  1.110184   76.360328  42.196978   -2.470   5.445   99.45724  43.31161  340.544025   1.631593  4.55179662136467  21.5263785  129.0288 /T    8.4461   0.1201361   278.85983   72.929640         n.a.     n.a.
 2026-Feb-27 12:00 A   07 05 00.97 +22 56 22.9  07 06 37.05 +22 54 00.9  -5.31387  0.674799  309.390684 -26.224282   -2.451   5.448   99.41669  43.00796  356.828013   1.631539  4.58393404852445  22.9020136  126.4060 /T    8.7570   0.0892758   277.23715   77.811388         n.a.     n.a.
 2026-Mar-02 00:00 *m  07 04 39.33 +22 57 07.4  07 06 15.43 +22 54 46.2  -4.74743  0.797827   76.935929  46.906605   -2.432   5.451   99.37766  42.69969   13.085603   1.630272  4.61702696673253  23.0104127  123.8168 /T    9.0460   0.0802334   279.53967   78.987766         n.a.     n.a.
 2026-Mar-04 12:00 Am  07 04 22.57 +22 57 41.3  07 05 58.59 +22 55 21.0  -2.87251  0.392695  312.788682 -29.826349   -2.413   5.454   99.34007  42.38594   29.318803   1.629432  4.65120337014038  24.2359567  121.2412 /T    9.3163   0.0483204   277.78453   83.604110         n.a.     n.a.
 2026-Mar-07 00:00 *   07 04 11.43 +22 58 08.6  07 05 47.44 +22 55 48.7  -2.34556  0.493050   77.367433  51.544241   -2.393   5.457   99.30453  42.06957   45.526320   1.627326  4.68618151997938  24.2950034  118.6988 /T    9.5646   0.0399471   281.87104   84.678800         n.a.     n.a.
 2026-Mar-09 12:00 Am  07 04 05.23 +22 58 25.5  07 05 41.17 +22 56 05.9  -0.42052  0.118027  316.500596 -33.172977   -2.374   5.459   99.27093  41.74948   61.709883   1.625640  4.72210992696571  25.3709895  116.1700 /T    9.7938   0.0072795   285.67784   89.061723         n.a.     n.a.
 2026-Mar-12 00:00 *   07 04 04.63 +22 58 36.1  07 05 40.59 +22 56 16.4  0.067049  0.193080   77.625750  56.106473   -2.354   5.462   99.23983  41.42853   77.868612   1.622651  4.75869193863494  25.3876234  113.6741 /T   10.0012   0.0034065   19.150179   89.557781         n.a.     n.a.
 2026-Mar-14 12:00 Nm  07 04 09.02 +22 58 36.1  07 05 44.91 +22 56 16.5  2.026186  -0.15308  320.548273 -36.239381   -2.335   5.464   99.21108  41.10552   94.003908   1.620081  4.79608684228757  26.3040707  111.1919 /T   10.1895   0.0338660   94.320395   85.731316         n.a.     n.a.
 2026-Mar-17 00:00 *   07 04 18.94 +22 58 30.1  07 05 54.82 +22 56 10.2  2.468855  -0.10513   77.661088  60.590182   -2.315   5.466   99.18515  40.78330  110.115454   1.616190  4.83397900054321  26.2739327  108.7425 /T   10.3562   0.0411849   92.438400   84.766675         n.a.     n.a.
 2026-Mar-19 12:00 N   07 04 33.82 +22 58 13.4  07 06 09.60 +22 55 53.2  4.443346  -0.42336  324.946493 -38.999434   -2.296   5.468   99.16188  40.46053  126.204347   1.612722  4.87254263035960  27.0301807  106.3070 /T   10.5038   0.0743912   95.442735   80.792609         n.a.     n.a.
 2026-Mar-22 00:00 *m  07 04 54.11 +22 57 50.8  07 06 29.86 +22 55 29.6  4.833852  -0.40360   77.387752  64.992412   -2.276   5.470   99.14164  40.14009  142.270777   1.607935  4.91144017912062  26.9466191  103.9044 /T   10.6303   0.0808445   94.772767   79.900635         n.a.     n.a.
 2026-Mar-24 12:00 N   07 05 19.26 +22 57 17.4  07 06 54.94 +22 54 55.4  6.793636  -0.69313  329.698800 -41.426565   -2.257   5.471   99.12426  39.82049  158.315683   1.603576  4.95085966069654  27.5386995  101.5159 /T   10.7381   0.1138150   95.825525   76.107614         n.a.     n.a.
 2026-Mar-27 00:00 *m  07 05 49.61 +22 56 38.1  07 07 25.29 +22 54 14.9  7.126829  -0.70133   76.647980  69.309500   -2.238   5.473   99.11000  39.50452  174.339699   1.597903  4.99045823446416  27.4123833   99.1601 /T   10.8256   0.1193542   95.620213   75.283627         n.a.     n.a.
 2026-Mar-29 12:00 N   07 06 24.66 +22 55 48.1  07 08 00.25 +22 53 23.8  9.048690  -0.96150  334.793816 -43.494504   -2.220   5.474   99.09865  39.19057  190.343516   1.592647  5.03043569858790  27.8451250   96.8180 /T   10.8950   0.1516605   96.065392   71.675685         n.a.     n.a.
 2026-Apr-01 00:00 *m  07 07 04.65 +22 54 52.3  07 08 40.20 +22 52 26.6  9.319185  -0.99659   75.124773  73.534576   -2.202   5.475   99.09039  38.88126  206.328153   1.586078  5.07045418817898  27.6921311   94.5073 /T   10.9450   0.1562054   96.103987   70.928330         n.a.     n.a.
 2026-Apr-03 12:00 Nm  07 07 49.15 +22 53 45.7  07 09 24.58 +22 51 18.4  11.20194  -1.22989  340.200165 -45.179335   -2.184   5.476   99.08503  38.57484  222.293870   1.579900  5.11073115505211  27.9759295   92.2094 /T   10.9777   0.1878209   96.265555   67.473563         n.a.     n.a.
 2026-Apr-06 00:00 *   07 08 38.32 +22 52 33.3  07 10 13.72 +22 50 04.1  11.41343  -1.29244   72.094452  77.649616   -2.166   5.476   99.08266  38.27386  238.242039   1.572415  5.15092140244525  27.8034203   89.9413 /T   10.9920   0.1914396   96.460586   66.794545         n.a.     n.a.
 2026-Apr-08 12:00 Nm  07 09 31.83 +22 51 10.0  07 11 07.13 +22 48 38.9  13.25081  -1.50106  345.862963 -46.461223   -2.149   5.476   99.08312  37.97647  254.172543   1.565292  5.19125733735029  27.9453879   87.6849 /T   10.9896   0.2222594   96.462930   63.477019         n.a.     n.a.
 2026-Apr-11 00:00 *   07 10 29.76 +22 49 40.8  07 12 05.04 +22 47 07.5  13.41456  -1.59272   65.528116  81.598017   -2.132   5.477   99.08643  37.68514  270.087010   1.556882  5.23138918544830  27.7527147   85.4572 /T   10.9698   0.2251464   96.771051   62.841681         n.a.     n.a.
 2026-Apr-13 12:00 Cm  07 11 31.84 +22 48 00.5  07 13 07.00 +22 45 25.1  15.20065  -1.77888  351.704272 -47.326992   -2.115   5.477   99.09244  37.39804  285.985065   1.548812  5.27155017707871  27.7530875   83.2402 /T   10.9339   0.2550731   96.674777   59.644310         n.a.     n.a.
 2026-Apr-16 00:00 *   07 12 38.08 +22 46 14.0  07 14 13.19 +22 43 36.3  15.31840  -1.89941   47.738651  85.137934   -2.099   5.476   99.10110  37.11753  301.868629   1.539488  5.31138889860302  27.5405031   81.0509 /T   10.8815   0.2572618   97.068324   59.047149         n.a.     n.a.
 2026-Apr-18 12:00 C   07 13 48.30 +22 44 16.3  07 15 23.28 +22 41 35.9  17.04651  -2.06499  357.628235 -47.772981   -2.084   5.476   99.11227  36.84181  317.737043   1.530484  5.35113864373053  27.3937162   78.8719 /T   10.8139   0.2861855   96.907088   55.950441         n.a.     n.a.
 2026-Apr-21 00:00 *m  07 15 02.39 +22 42 12.1  07 16 37.35 +22 39 28.8  17.11412  -2.21268  352.868398  86.816847   -2.069   5.475   99.12584  36.57319  333.592654   1.520271  5.39044100572662  27.1577118   76.7200 /T   10.7307   0.2876094   97.366894   55.391854         n.a.     n.a.
 2026-Apr-23 12:00 C   07 16 20.21 +22 39 56.5  07 17 55.07 +22 37 10.4  18.76605  -2.35650    3.530928 -47.805820   -2.054   5.475   99.14169  36.30983  349.434594   1.510353  5.42953838014308  26.8746307   74.5779 /T   10.6331   0.3152238   97.157307   52.409692         n.a.     n.a.
 2026-Apr-26 00:00 *m  07 17 41.60 +22 37 34.2  07 19 16.42 +22 34 45.3  18.78301  -2.52885  305.929189  84.646132   -2.039   5.474   99.15962  36.05390    5.265437   1.499263  5.46808089633649  26.6254740   72.4622 /T   10.5212   0.3158746   97.667907   51.897503         n.a.     n.a.
 2026-Apr-28 12:00 C   07 19 06.45 +22 35 00.6  07 20 41.12 +22 32 08.7  20.35397  -2.65122    9.311949 -47.442087   -2.026   5.473   99.17953  35.80352   21.084070   1.488426  5.50632000290844  26.2193403   70.3552 /T   10.3958   0.3420985   97.421318   49.026825         n.a.     n.a.
 2026-May-01 00:00 *   07 20 34.55 +22 32 20.2  07 22 09.16 +22 29 25.1  20.33019  -2.84740  291.348197  81.169808   -2.012   5.472   99.20120  35.56069   36.893171   1.476452  5.54392076187075  25.9755222   68.2731 /T   10.2573   0.3421437   97.972848   48.564497         n.a.     n.a.
 2026-May-03 12:00 Cm  07 22 05.90 +22 29 28.2  07 23 40.38 +22 26 29.7  21.82634  -2.95104   14.883855 -46.707301   -1.999   5.471   99.22458  35.32358   52.691276   1.464684  5.58113333565111  25.4498530   66.1984 /T   10.1061   0.3670823   97.700018   45.780493         n.a.     n.a.
 2026-May-06 00:00 *   07 23 40.23 +22 26 29.3  07 25 14.68 +22 23 27.3  21.76748  -3.17024  285.623213  77.472724   -1.986   5.469   99.24939  35.09411   68.481285   1.451824  5.61762769182572  25.2107216   64.1470 /T    9.9427   0.3666188   98.286353   45.359579         n.a.     n.a.
 2026-May-08 12:00 *m  07 25 17.60 +22 23 18.7  07 26 51.93 +22 20 13.2  23.19415  -3.25774   20.178980 -45.633076   -1.974   5.468   99.27561  34.87047   84.261434   1.439126  5.65365530232374  24.5739322   62.1015 /T    9.7675   0.3903636   97.995184   42.648069         n.a.     n.a.
 2026-May-11 00:00 *   07 26 57.70 +22 20 00.8  07 28 31.97 +22 16 51.9  23.10530  -3.49900  282.847246  73.735253   -1.963   5.466   99.30295  34.65453  100.034799   1.425391  5.68888462525382  24.3336513   60.0781 /T    9.5810   0.3894789   98.611278   42.255148         n.a.     n.a.
 2026-May-13 12:00 *m  07 28 40.64 +22 16 31.3  07 30 14.75 +22 13 18.6  24.45785  -3.57108   25.152864 -44.254732   -1.951   5.465   99.33142  34.44455  115.799450   1.411781  5.72356488299492  23.5873429   58.0596 /T    9.3833   0.4119530   98.307029   39.609072         n.a.     n.a.
 2026-May-16 00:00 *m  07 30 26.05 +22 12 54.0  07 32 00.10 +22 09 37.6  24.34748  -3.83376  281.364290  70.002215   -1.940   5.463   99.36068  34.24230  131.558591   1.397198  5.75737121821803  23.3441661   56.0622 /T    9.1753   0.4107910   98.948339   39.231639         n.a.     n.a.
 2026-May-18 12:00 *   07 32 14.11 +22 09 05.0  07 33 48.04 +22 05 44.6  25.61826  -3.89022   29.783496 -42.608593   -1.930   5.461   99.39076  34.04616  147.310187   1.382703  5.79053886423846  22.4860225   54.0691 /T    8.9567   0.4318659   98.634592   36.642231         n.a.     n.a.
 2026-May-21 00:00 *m  07 34 04.37 +22 05 08.2  07 35 38.27 +22 01 43.9  25.47905  -4.17008  280.556362  66.287824   -1.920   5.460   99.42131  33.85779  163.057671   1.367302  5.82275488578157  22.2415249   52.0964 /T    8.7289   0.4303008   99.295020   36.290275         n.a.     n.a.
 2026-May-23 12:00 *   07 35 57.04 +22 00 59.7  07 37 30.80 +21 57 31.5  26.66380  -4.21016   34.067523 -40.728989   -1.910   5.458   99.45237  33.67561  178.798833   1.351939  5.85425650155459  21.2833891   50.1276 /T    8.4914   0.4499023   98.972814   33.760240         n.a.     n.a.
 2026-May-26 00:00 *m  07 37 51.63 +21 56 43.4  07 39 25.31 +21 53 11.2  26.49803  -4.50423  280.144985  62.596109   -1.901   5.456   99.48357  33.50113  194.537219   1.335728  5.88474524839880  21.0500636   48.1783 /T    8.2457   0.4479688   99.647126   33.445635         n.a.     n.a.
 2026-May-28 12:00 *   07 39 48.41 +21 52 15.5  07 41 21.94 +21 48 39.1  27.59738  -4.52831   38.015607 -38.647450   -1.892   5.455   99.51496  33.33281  210.270400   1.319499  5.91446147266807  20.0075228   46.2317 /T    7.9910   0.4661070   99.318340   30.977888         n.a.     n.a.
 2026-May-31 00:00 *   07 41 46.87 +21 47 39.7  07 43 20.33 +21 43 59.1  27.41802  -4.83652  279.986813  58.927474   -1.884   5.453   99.54621  33.17206  226.001895   1.302481  5.94312390856684  19.7906634   44.3033 /T    7.7291   0.4640221   100.00402   30.694178         n.a.     n.a.
 2026-Jun-02 12:00 *m  07 43 47.33 +21 42 52.4  07 45 20.66 +21 39 07.5  28.43938  -4.84702   41.646759 -36.392159   -1.876   5.451   99.57739  33.01741  241.729129   1.285393  5.97095980402987  18.6668661   42.3763 /T    7.4589   0.4808245   99.672172   28.272027         n.a.     n.a.
 2026-Jun-05 00:00 *   07 45 49.25 +21 37 57.1  07 47 22.53 +21 34 08.1  28.25024  -5.16777  280.001824  55.281145   -1.868   5.449   99.60814  32.87020  257.455674   1.267582  5.99770188157658  18.4677062   40.4660 /T    7.1822   0.4786503   100.36642   28.017881         n.a.     n.a.
 2026-Jun-07 12:00 *m  07 47 53.02 +21 32 50.4  07 49 26.15 +21 28 57.1  29.19963  -5.16683   44.984750 -33.987694   -1.861   5.448   99.63856  32.72906  273.178777   1.249655  6.02356570115981  17.2619093   38.5560 /T    6.8978   0.4942207   100.03454   25.623212         n.a.     n.a.
 2026-Jun-10 00:00 *   07 49 58.05 +21 27 35.6  07 51 31.07 +21 23 38.2  29.00360  -5.49849  280.141798  51.655781   -1.854   5.446   99.66832  32.59528  288.902154   1.231083  6.04828866895284  17.0704398   36.6614 /T    6.6076   0.4920033   100.73471   25.383747         n.a.     n.a.
 2026-Jun-12 12:00 *m  07 52 04.75 +21 22 09.6  07 53 37.62 +21 18 07.6  29.87685  -5.48581   48.055856 -31.455300   -1.847   5.444   99.69750  32.46758  304.622983   1.212351  6.07207680309323  15.7893348   34.7660 /T    6.3103   0.5062719   100.40442   23.017039         n.a.     n.a.
 2026-Jun-15 00:00 *m  07 54 12.51 +21 16 35.4  07 55 45.32 +21 12 29.0  29.67488  -5.82601  280.376207  48.049581   -1.841   5.443   99.72579  32.34718  320.345030   1.193054  6.09467702452536  15.5977914   32.8854 /T    6.0080   0.5040230   101.10749   22.781468         n.a.     n.a.
 2026-Jun-17 12:00 *   07 56 21.76 +21 10 50.2  07 57 54.46 +21 06 39.3  30.46217  -5.79949   50.886610 -28.812667   -1.835   5.441   99.75326  32.23292  336.065533   1.173554  6.11628128051888  14.2429253   31.0034 /T    5.6993   0.5168219   100.77917   20.438867         n.a.     n.a.
 2026-Jun-20 00:00 *m  07 58 31.84 +21 04 57.0  08 00 04.46 +21 00 41.9  30.25245  -6.14434  280.686004  44.460280   -1.829   5.440   99.77962  32.12587  351.788286   1.153559  6.13666209961138  14.0651071   29.1357 /T    5.3863   0.5145018   101.48073   20.226188         n.a.     n.a.
 2026-Jun-22 12:00 *   08 00 43.22 +20 58 53.3  08 02 15.68 +20 54 33.7  30.95357  -6.10350   53.502672 -26.073916   -1.824   5.439   99.80494  32.02494    7.510411   1.133306  6.15600316069983  12.6482616   27.2662 /T    5.0677   0.5258264   101.15462   17.908966         n.a.     n.a.
 2026-Jun-25 00:00 *m  08 02 55.22 +20 52 41.7  08 04 27.58 +20 48 17.8  30.73972  -6.45092  281.058474  40.885313   -1.819   5.438   99.82895  31.93107   23.235697   1.112625  6.17409978799686  12.4906074   25.4100 /T    4.7457   0.5234885   101.85188   17.724962         n.a.     n.a.
 2026-Jun-27 12:00 *   08 05 08.35 +20 46 20.0  08 06 40.56 +20 41 51.4  31.36358  -6.39818   55.928164 -23.250855   -1.815   5.436   99.85174  31.84325   38.961132   1.091634  6.19112819990481  11.0240213   23.5511 /T    4.4185   0.5334923   101.53015   15.430929         n.a.     n.a.
 2026-Jun-30 00:00 *   08 07 21.91 +20 39 50.6  08 08 54.05 +20 35 17.7  31.15156  -6.74740  281.485304  37.322504   -1.810   5.435   99.87306  31.76235   54.690460   1.070288  6.20689648281597  10.8847074   21.7043 /T    4.0887   0.5312322   102.22143   15.269767         n.a.     n.a.
 2026-Jul-02 12:00 *m  08 09 36.46 +20 33 11.5  08 11 08.47 +20 28 34.0  31.69951  -6.68368   58.184740 -20.353294   -1.806   5.435   99.89300  31.68746   70.420651   1.048585  6.22156684389825   9.3709529   19.8535 /T    3.7544   0.5399410   101.90614   12.989898         n.a.     n.a.
 2026-Jul-05 00:00 *   08 11 51.28 +20 26 24.8  08 13 23.18 +20 21 43.2  31.49693  -7.03438  281.961265  33.770026   -1.803   5.434   99.91134  31.61936   86.155383   1.026607  6.23496658964491   9.2479534   18.0137 /T    3.4179   0.5378813   102.58958   12.845757         n.a.     n.a.
 2026-Jul-07 12:00 *m  08 14 06.95 +20 19 28.9  08 15 38.70 +20 14 42.7  31.97173  -6.96089   60.292115 -17.389437   -1.799   5.433   99.92815  31.55727  101.891627   1.004233  6.24723437974117   7.6869473   16.1688 /T    3.0774   0.5453454   102.28276   10.567792         n.a.     n.a.
 2026-Jul-10 00:00 *   08 16 22.74 +20 12 25.5  08 17 54.38 +20 07 35.1  31.77571  -7.31014  282.482877  30.226226   -1.796   5.432   99.94325  31.50191  117.633094   0.981666  6.25821186653334   7.5710292   14.3338 /T    2.7354   0.5434290   102.95572   10.429873         n.a.     n.a.
 2026-Jul-12 12:00 *m  08 18 39.25 +20 05 13.4  08 20 10.76 +20 00 18.1  32.17535  -7.22660   62.268231 -14.366089   -1.794   5.432   99.95671  31.45261  133.376779   0.958666  6.26802170106735   5.9639399   12.4929 /T    2.3899   0.5496152   102.65860   8.1449331         n.a.     n.a.
 2026-Jul-15 00:00 *m  08 20 55.70 +19 57 54.1  08 22 27.14 +19 52 54.7  31.98201  -7.57076  283.048556  26.689523   -1.791   5.432   99.96837  31.41004  149.126451   0.935554  6.27651723475581   5.8501586   10.6614 /T    2.0437   0.5477644   103.31787   8.0074325         n.a.     n.a.
 2026-Jul-17 12:00 C   08 23 12.69 +19 50 26.8  08 24 43.99 +19 45 22.9  32.29351  -7.47315   64.128935 -11.288255   -1.789   5.431   99.97828  31.37358  164.879209   0.911967  6.28381122801520   4.2099754    8.8242 /T    1.6946   0.5524487   103.02966   5.7236151         n.a.     n.a.
 2026-Jul-20 00:00 *m  08 25 29.44 +19 42 52.8  08 27 00.62 +19 37 44.9  32.10528  -7.80981  283.658527  23.157981   -1.787   5.431   99.98632  31.34376  180.638678   0.888336  6.28978989437188   4.1103983    6.9966 /T    1.3457   0.5506920   103.67202   5.6014270         n.a.     n.a.
 2026-Jul-22 12:00 C   08 27 46.56 +19 35 11.5  08 29 17.60 +19 29 59.0  32.33339  -7.69931   65.888743  -8.159618   -1.785   5.431   99.99255  31.32005  196.401970   0.864184  6.29455062757070   2.4482327    5.1644 /T    0.9949   0.5539574   103.39399   3.3187179         n.a.     n.a.
 2026-Jul-25 00:00 *m  08 30 03.28 +19 27 24.1  08 31 34.21 +19 22 07.5  32.15404  -8.02742  284.313750  19.629891   -1.784   5.432   99.99688  31.30286  212.172581   0.840059  6.29800655077242   2.3716151    3.3462 /T    0.6459   0.5523490   104.01764   3.2225241         n.a.     n.a.
 2026-Jul-27 12:00 C   08 32 20.24 +19 19 30.1  08 33 51.07 +19 14 08.9  32.30733  -7.90697   67.560507  -4.983356   -1.783   5.432   99.99934  31.29178  227.947570   0.815375  6.30023784739791   0.6901797    1.5486 /T    0.3004   0.5543475   103.75237   0.9310609         n.a.     n.a.
 2026-Jul-30 00:00 *   08 34 36.64 +19 11 30.4  08 36 07.33 +19 06 05.8  32.13986  -8.22562  285.016510  16.104127   -1.782   5.432   99.99990  31.28714  243.730397   0.790794  6.30117159657499   0.6278550    0.5941 /L    0.1120   0.5529294   104.35568   0.8483985         n.a.     n.a.
 2026-Aug-01 12:00 Cm  08 36 53.17 +19 03 24.7  08 38 23.73 +18 57 55.3  32.21932  -8.09592   69.155793  -1.761892   -1.782   5.433   99.99857  31.28863  259.518183   0.765625  6.30087178862401  -1.0641848    2.2482 /L    0.4283   0.5536817   104.10499   -1.451216         n.a.     n.a.
 2026-Aug-04 00:00 *   08 39 09.01 +18 55 13.8  08 40 39.44 +18 49 40.5  32.06627  -8.40413  285.769080  12.579979   -1.782   5.433   99.99536  31.29652  275.314260   0.740638  6.29928224019665  -1.1207309    4.0608 /L    0.7754   0.5524881   104.68613   -1.531626         n.a.     n.a.
 2026-Aug-06 12:00 Cm  08 41 24.84 +18 46 57.7  08 42 55.14 +18 41 20.0  32.06919  -8.26472   70.685280   1.502268   -1.782   5.434   99.99025  31.31064  291.115906   0.715041  6.29644301232687  -2.8256111    5.8973 /L    1.1259   0.5519507   104.45152   -3.853588         n.a.     n.a.
 2026-Aug-09 00:00 *   08 43 39.85 +18 38 36.9  08 45 10.06 +18 32 55.2  31.92909  -8.56000  286.575593   9.056824   -1.783   5.434   99.98331  31.33116  306.926387   0.689703  6.29231931660288  -2.8782296    7.7340 /L    1.4750   0.5509437   105.00775   -3.934708         n.a.     n.a.
 2026-Aug-11 12:00 Cm  08 45 54.71 +18 30 11.7  08 47 24.82 +18 24 25.7  31.84913  -8.40882   72.158793   4.807730   -1.784   5.435   99.97449  31.35802  322.743109   0.663731  6.28692885042448  -4.5929518    9.5831 /L    1.8246   0.5490080   104.78977   -6.287547         n.a.     n.a.
 2026-Aug-14 00:00 *m  08 48 08.58 +18 21 42.7  08 49 38.58 +18 15 53.0  31.71402  -8.68627  287.441033   5.534236   -1.785   5.436   99.96392  31.39132  338.569316   0.638087  6.28025969107657  -4.6429417   11.4298 /L    2.1714   0.5480344   105.31730   -6.373231         n.a.     n.a.
 2026-Aug-16 12:00 C   08 50 22.13 +18 13 10.3  08 51 52.00 +18 07 16.6  31.54751  -8.52164   73.585383   8.153900   -1.787   5.437   99.95152  31.43104  354.402514   0.611782  6.27232219224721  -6.3489681   13.2879 /L    2.5178   0.5446363   105.11602   -8.746192         n.a.     n.a.
 2026-Aug-19 00:00 *m  08 52 34.53 +18 04 34.9  08 54 04.27 +17 58 37.4  31.42036  -8.78014  288.371675   2.011669   -1.789   5.438   99.93746  31.47717   10.245748   0.585865  6.26313140431406  -6.3862571   15.1436 /L    2.8605   0.5437344   105.61254   -8.823777         n.a.     n.a.
 2026-Aug-21 12:00 C   08 54 46.45 +17 55 57.2  08 56 16.08 +17 49 55.6  31.16826  -8.60268   74.973921  11.540475   -1.791   5.440   99.92167  31.52977   26.096616   0.559265  6.25268214657660  -8.0752035   17.0110 /L    3.2021   0.5388946   105.42991   -11.21917         n.a.     n.a.
 2026-Aug-24 00:00 *m  08 56 57.07 +17 47 17.3  08 58 26.60 +17 41 12.0  31.05586  -8.84305  289.374991  -1.510740   -1.793   5.441   99.90434  31.58870   41.957947   0.533119  6.24101831821396  -8.0956510   18.8765 /L    3.5394   0.5381723   105.89413   -11.28202         n.a.     n.a.
 2026-Aug-26 12:00 C   08 59 07.07 +17 38 36.1  09 00 36.51 +17 32 26.9  30.72533  -8.65560   76.332724  14.967198   -1.796   5.443   99.88539  31.65417   57.827428   0.506278  6.22810961452148  -9.7644209   20.7546 /L    3.8750   0.5320207   105.73300   -13.70572         n.a.     n.a.
 2026-Aug-29 00:00 *   09 01 15.65 +17 29 53.4  09 02 44.96 +17 23 40.9  30.62498  -8.87569  290.459883  -5.032095   -1.799   5.444   99.86503  31.72595   73.707778   0.479961  6.21401869229159  -9.7748990   22.6318 /L    4.2056   0.5314203   106.16258   -13.76470         n.a.     n.a.
 2026-Aug-31 12:00 Nm  09 03 23.48 +17 21 10.4  09 04 52.68 +17 14 54.1  30.21958  -8.67980   77.670236  18.433834   -1.802   5.446   99.84318  31.80436   89.596781   0.452945  6.19869805475627 -11.4202293   24.5225 /L    4.5340   0.5240234   106.02536   -16.22195         n.a.     n.a.
 2026-Sep-03 00:00 *   09 05 29.76 +17 12 26.8  09 06 58.84 +17 06 07.0  30.13132  -8.87833  291.636631  -8.550972   -1.806   5.448   99.82009  31.88913  105.497064   0.426522  6.18222109290988 -11.4327959   26.4137 /L    4.8569   0.5235354   106.41785   -16.29418         n.a.     n.a.
 2026-Sep-05 12:00 Nm  09 07 35.14 +17 03 43.9  09 09 04.15 +16 57 20.3  29.64031  -8.67045   78.995329  21.940241   -1.810   5.450   99.79567  31.98070  121.406664   0.399404  6.16451992540026 -13.0497525   28.3196 /L    5.1768   0.5147072   106.30537   -18.79509         n.a.     n.a.
 2026-Sep-08 00:00 *   09 09 38.82 +16 55 01.4  09 11 07.75 +16 48 34.4  29.55986  -8.84423  292.917836 -12.065326   -1.814   5.452   99.77019  32.07866  137.328046   0.372938  6.14569351065876 -13.0660136   30.2270 /L    5.4905   0.5142432   106.65704   -18.88621         n.a.     n.a.
 2026-Sep-10 12:00 Nm  09 11 41.43 +16 46 20.9  09 13 10.27 +16 39 50.4  28.97652  -8.62162   80.316996  25.486912   -1.819   5.454   99.74357  32.18360  153.259491   0.345776  6.12565440796859 -14.6467573   32.1500 /L    5.8005   0.5038658   106.56975   -21.43792         n.a.     n.a.
 2026-Sep-13 00:00 *m  09 13 42.15 +16 37 42.0  09 15 10.87 +16 31 08.4  28.89772  -8.76671  294.319098 -15.572571   -1.824   5.456   99.71614  32.29496  169.203306   0.319319  6.10453308315435 -14.6533273   34.0749 /L    6.1035   0.5033039   106.87625   -21.53587         n.a.     n.a.
 2026-Sep-15 12:00 N   09 15 41.61 +16 29 06.4  09 17 10.25 +16 22 29.4  28.22383  -8.52992   81.645356  29.074835   -1.830   5.458   99.68777  32.41336  185.157845   0.292164  6.08223292874617 -16.1833030   36.0157 /L    6.4020   0.4914107   106.81608   -24.13279         n.a.     n.a.
 2026-Sep-18 00:00 *m  09 17 39.03 +16 20 33.7  09 19 07.57 +16 13 53.5  28.15001  -8.64662  295.858842 -19.069155   -1.835   5.461   99.65883  32.53815  201.125210   0.265765  6.05890653910905 -16.1790053   37.9590 /L    6.6926   0.4908006   107.07498   -24.23594         n.a.     n.a.
 2026-Sep-20 12:00 N   09 19 35.01 +16 12 05.7  09 21 03.50 +16 05 22.1  27.38835  -8.39713   82.991868  32.704795   -1.842   5.463   99.62920  32.67006  217.103912   0.238682  6.03444310406532 -17.6462020   39.9188 /L    6.9779   0.4774450   107.04527   -26.87422         n.a.     n.a.
 2026-Sep-23 00:00 *m  09 21 28.80 +16 03 41.5  09 22 57.20 +15 56 55.0  27.32175  -8.48563  297.559346 -22.549824   -1.848   5.465   99.59926  32.80830  233.095789   0.212408  6.00901693425646 -17.6317999   41.8819 /L    7.2548   0.4768193   107.25382   -26.98331         n.a.     n.a.
 2026-Sep-25 12:00 N   09 23 20.99 +15 55 23.4  09 24 49.32 +15 48 33.8  26.47485  -8.22474   84.369933  36.377421   -1.855   5.468   99.56888  32.95374  249.099554   0.185473  5.98249589255652 -19.0359992   43.8624 /L    7.5255   0.4620498   107.25806   -29.67369         n.a.     n.a.
 2026-Sep-28 00:00 *   09 25 10.84 +15 47 10.3  09 26 39.06 +15 40 17.9  26.41559  -8.28445  299.447191 -26.007532   -1.862   5.470   99.53845  33.10548  265.116858   0.159402  5.95507555312130 -19.0129854   45.8472 /L    7.7871   0.4614035   107.41246   -29.79170         n.a.     n.a.
 2026-Sep-30 12:00 Nm  09 26 58.93 +15 39 04.4  09 28 27.10 +15 32 08.9  25.48499  -8.01298   85.796421  40.093136   -1.870   5.472   99.50786  33.26453  281.146580   0.132703  5.92660225362372 -20.3516453   47.8507 /L    8.0418   0.4452505   107.45416   -32.54168         n.a.     n.a.
 2026-Oct-03 00:00 *   09 28 44.53 +15 31 04.8  09 30 12.64 +15 24 06.4  25.42513  -8.04018  301.554203 -29.432998   -1.878   5.475   99.47750  33.42991  297.190275   0.106919  5.89728298179074 -20.3337588   49.8599 /L    8.2867   0.4444353   107.54850   -32.69544         n.a.     n.a.
 2026-Oct-05 12:00 Nm  09 30 28.16 +15 23 13.9  09 31 56.26 +15 16 12.6  24.40230  -7.75465   87.292617  43.852307   -1.886   5.477   99.44728  33.60273  313.247112   0.080538  5.86695262722187 -21.5971603   51.8892 /L    8.5238   0.4267469   107.62940   -35.51451         n.a.     n.a.
 2026-Oct-08 00:00 *   09 32 09.13 +15 15 30.6  09 33 37.14 +15 08 26.8  24.33560  -7.74599  303.919690 -32.814117   -1.895   5.479   99.41761  33.78188  329.318448   0.055110  5.83583885928687 -21.5792963   53.9250 /L    8.7502   0.4256440   107.65621   -35.70643         n.a.     n.a.
 2026-Oct-10 12:00 N   09 33 47.90 +15 07 57.8  09 35 15.87 +15 00 51.3  23.21047  -7.44227   88.886458  47.655666   -1.905   5.482   99.38839  33.96856  345.403729   0.029118  5.80376748848015 -22.7535741   55.9817 /L    8.9678   0.4062406   107.77807   -38.60488         n.a.     n.a.
 2026-Oct-13 00:00 *m  09 35 23.81 +15 00 34.1  09 36 51.69 +14 53 25.2  23.13794  -7.39772  306.591284 -36.135386   -1.914   5.484   99.36006  34.16143    1.503999   0.004112  5.77100018620070 -22.7205823   58.0455 /L    9.1737   0.4048629   107.73024   -38.81755         n.a.     n.a.
 2026-Oct-15 12:00 N   09 36 57.29 +14 53 22.5  09 38 25.18 +14 46 10.9  21.91855  -7.07920   90.616988  51.503517   -1.925   5.486   99.33253  34.36180   17.618844  -0.021417  5.73734947648712 -23.7937253   60.1308 /L    9.3698   0.3838902   107.89928   -41.78888         n.a.     n.a.
 2026-Oct-18 00:00 *m  09 38 27.74 +14 46 21.5  09 39 55.57 +14 39 07.5  21.83825  -6.99829  309.625853 -39.376101   -1.935   5.488   99.30620  34.56818   33.749063  -0.045922  5.70309589437360 -23.7429948   62.2234 /L    9.5533   0.3822032   107.76859   -42.02403         n.a.     n.a.
 2026-Oct-20 12:00 N   09 39 55.56 +14 39 34.1  09 41 23.39 +14 32 17.7  20.53209  -6.66825   92.540125  55.395002   -1.946   5.490   99.28099  34.78196   49.894386  -0.070895  5.66804341787735 -24.7084081   64.3383 /L    9.7261   0.3597964   107.99234   -45.06751         n.a.     n.a.
 2026-Oct-23 00:00 *m  09 41 20.17 +14 32 58.6  09 42 47.94 +14 25 40.1  20.44626  -6.55222  313.090407 -42.508877   -1.958   5.492   99.25729  35.00155   66.055369  -0.094807  5.63248268585267 -24.6456091   66.4612 /L    9.8856   0.3578412   107.76861   -45.33096         n.a.     n.a.
 2026-Oct-25 12:00 Nm  09 42 41.95 +14 26 38.2  09 44 09.71 +14 19 17.5  19.05241  -6.21052   94.740844  59.327514   -1.970   5.494   99.23503  35.22846   82.232014  -0.119120  5.59620393077664 -25.4971274   68.6075 /L   10.0333   0.3339847   108.05443   -48.45701         n.a.     n.a.
 2026-Oct-28 00:00 *   09 44 00.37 +14 20 31.0  09 45 28.08 +14 13 08.2  18.95939  -6.05909  317.061573 -45.498277   -1.982   5.496   99.21458  35.46095   98.424586  -0.142336  5.55951397829715 -25.4272419   70.7627 /L   10.1670   0.3317340   107.72296   -48.75810         n.a.     n.a.
 2026-Oct-30 12:00 Nm  09 45 15.74 +14 14 40.4  09 46 43.51 +14 07 15.3  17.47815  -5.70564   97.355458  63.295514   -1.995   5.497   99.19588  35.70066  114.633392  -0.165881  5.52218519361264 -26.1657569   72.9427 /L   10.2880   0.3064311   108.07897   -51.98460         n.a.     n.a.
 2026-Nov-02 00:00 *   09 46 27.56 +14 09 04.6  09 47 55.31 +14 01 37.5  17.36631  -5.51431  321.623508 -48.298522   -2.008   5.499   99.17928  35.94571  130.858551  -0.188306  5.48453786337189 -26.0877219   75.1330 /L   10.3941   0.3036794   107.61617   -52.34192         n.a.     n.a.
 2026-Nov-04 12:00 Nm  09 47 36.10 +14 03 46.9  09 49 03.87 +13 56 17.9  15.79216  -5.14637  100.615745  67.288510   -2.022   5.500   99.16474  36.19780  147.100603  -0.210990  5.44634292117148 -26.6994138   77.3495 /L   10.4863   0.2768259   108.04981   -55.68335         n.a.     n.a.
 2026-Nov-07 00:00 *   09 48 40.88 +13 58 45.6  09 50 08.60 +13 51 15.0  15.65749  -4.91408  326.861430 -50.851631   -2.036   5.501   99.15259  36.45487  163.359413  -0.232540  5.40793717864405 -26.6079738   79.5770 /L   10.5626   0.2735087   107.42437   -56.10101         n.a.     n.a.
 2026-Nov-09 12:00 N   09 49 42.11 +13 54 04.3  09 51 09.87 +13 46 31.8  13.99131  -4.53198  104.952314  71.284876   -2.051   5.502   99.14281  36.71861  179.635770  -0.254272  5.36909327247115 -27.0734656   81.8314 /L   10.6240   0.2451165   107.94786   -59.56186         n.a.     n.a.
 2026-Nov-12 00:00 *m  09 50 39.40 +13 49 40.8  09 52 07.15 +13 42 06.6  13.83728  -4.26159  332.846129 -53.086284   -2.065   5.503   99.13565  36.98676  195.929113  -0.274855  5.33016782638532 -26.9562933   84.0971 /L   10.6684   0.2413109   107.11772   -60.02486         n.a.     n.a.
 2026-Nov-14 12:00 N   09 51 32.90 +13 45 38.7  09 53 00.73 +13 38 02.9  12.08859  -3.86938  111.248908  75.235484   -2.081   5.504   99.13110  37.26108  212.240442  -0.295530  5.29092595899966 -27.2724089   86.3903 /L   10.6969   0.2115460   107.74908   -63.61441         n.a.     n.a.
 2026-Nov-17 00:00 *m  09 52 22.29 +13 41 55.9  09 53 50.12 +13 34 18.6  11.91787  -3.56372  339.609002 -54.918196   -2.096   5.504   99.12935  37.53911  228.568865  -0.315039  5.25173911294751 -27.1232853   88.6949 /L   10.7078   0.2073213   106.64791   -64.11565         n.a.     n.a.
 2026-Nov-19 12:00 N   09 53 07.70 +13 38 35.7  09 54 35.59 +13 30 57.1  10.10171  -3.16747  121.547890  79.015438   -2.113   5.504   99.13040  37.82268  244.915516  -0.334537  5.21236592531676 -27.2847404   91.0276 /L   10.7017   0.1764443   107.40921   -67.83165         n.a.     n.a.
 2026-Nov-22 00:00 *m  09 53 48.87 +13 35 35.8  09 55 16.74 +13 27 55.9  9.912148  -2.82750  347.108764 -56.255616   -2.129   5.504   99.13435  38.10919  261.279228  -0.352854  5.17317838468343 -27.1130228   93.3719 /L   10.6774   0.1717924   105.92111   -68.38568         n.a.     n.a.
 2026-Nov-24 12:00 Am  09 54 25.86 +13 32 59.6  09 55 53.82 +13 25 18.4  8.037871  -2.43060  140.923223  82.253006   -2.146   5.504   99.14121  38.40050  277.661380  -0.371050  5.13393377696505 -27.1168906   95.7451 /L   10.6353   0.1399555   106.82497   -72.23996        2.257    2.438
 2026-Nov-27 00:00 *   09 54 58.50 +13 30 44.7  09 56 26.49 +13 23 02.2  7.828557  -2.05767  355.201500 -57.010072   -2.163   5.504   99.15100  38.69393  294.060500  -0.388058  5.09500190451240 -26.9286386   98.1307 /L   10.5744   0.1349077   104.72660   -72.85269         n.a.     n.a.
 2026-Nov-29 12:00 Am  09 55 26.75 +13 28 54.7  09 56 54.86 +13 21 11.1  5.891505  -1.65715  176.935841  83.844579   -2.180   5.503   99.16376  38.99137  310.478338  -0.404840  5.05613554242803 -26.7732856  100.5465 /L   10.4948   0.1020021   105.71011   -76.89221        2.597    2.119
 2026-Dec-02 00:00 *   09 55 50.52 +13 27 27.0  09 57 18.64 +13 19 42.6  5.655787  -1.25034    3.634921 -57.110862   -2.198   5.503   99.17944  39.28989  326.913111  -0.420444  5.01771891370182 -26.5591117  102.9756 /L   10.3958   0.0965391   102.46601   -77.56696         n.a.     n.a.
 2026-Dec-04 12:00 Am  09 56 09.69 +13 26 25.3  09 57 37.91 +13 18 40.0  3.667520  -0.85010  215.013098  82.504205   -2.215   5.502   99.19807  39.59136  343.366749  -0.435716  4.97951153151372 -26.2298986  105.4358 /L   10.2772   0.0627459   103.05024   -81.80641        0.241   22.784
 2026-Dec-07 00:00 *   09 56 24.27 +13 25 46.8  09 57 52.51 +13 18 00.7  3.406276  -0.41270   12.083121 -56.520562   -2.233   5.501   99.21951  39.89264  359.837090  -0.449825  4.94190442172506 -25.9780342  107.9093 /L   10.1386   0.0571864   96.908294   -82.50849         n.a.     n.a.
 2026-Dec-09 12:00 A   09 56 34.10 +13 25 34.9  09 58 02.47 +13 17 48.1  1.386568  -0.02037  236.386929  79.188063   -2.251   5.499   99.24377  40.19550   16.326152  -0.463488  4.90466870198623 -25.4663736  110.4141 /L    9.9798   0.0231120   90.841618   -86.92012         n.a.     n.a.
 2026-Dec-12 00:00 *m  09 56 39.28 +13 25 46.6  09 58 07.70 +13 17 59.2  1.112476  0.439044   20.216678 -55.242721   -2.269   5.498   99.27061  40.49668   32.831326  -0.476002  4.86819228227111 -25.1753316  112.9316 /L    9.8008   0.0199330   68.463112   -87.33239         n.a.     n.a.
 2026-Dec-14 12:00 A   09 56 39.62 +13 26 25.2  09 58 08.17 +13 18 37.4  -0.91995  0.816633  247.604851  75.098617   -2.287   5.496   99.30001  40.79791   49.354826  -0.487946  4.83224833606204 -24.4799600  115.4801 /L    9.6012   0.0205020   311.59537   -87.19935         n.a.     n.a.
 2026-Dec-17 00:00 *m  09 56 35.32 +13 27 27.5  09 58 03.91 +13 19 39.4  -1.19945  1.291559   27.775787 -53.318457   -2.305   5.494   99.33164  41.09577   65.893570  -0.498758  4.79722429186878 -24.1481342  118.0406 /L    9.3814   0.0293769   317.11759   -85.96481         n.a.     n.a.
 2026-Dec-19 12:00 A   09 56 26.15 +13 28 56.3  09 57 54.86 +13 21 08.0  -3.21634  1.644338  254.373281  70.669413   -2.323   5.492   99.36545  41.39199   82.449904  -0.508875  4.76289302830343 -23.2774210  120.6317 /L    9.1409   0.0602049   297.07818   -81.53052         n.a.     n.a.
 2026-Dec-22 00:00 *m  09 56 12.41 +13 30 48.4  09 57 41.19 +13 22 59.8  -3.49746  2.129902   34.609076 -50.814555   -2.341   5.490   99.40102  41.68310   99.020427  -0.517889  4.72962941592203 -22.9093826  123.2340 /L    8.8806   0.0682494   301.34080   -80.33432         n.a.     n.a.
 2026-Dec-24 12:00 Am  09 55 53.83 +13 33 06.4  09 57 22.77 +13 25 17.6  -5.47746  2.451498  259.011501  66.047442   -2.358   5.488   99.43830  41.97077  115.607591  -0.526088  4.69721232265798 -21.8686673  125.8667 /L    8.5998   0.1000173   294.11143   -75.44307        2.956    1.857
 2026-Dec-27 00:00 *   09 55 30.80 +13 35 46.9  09 56 59.84 +13 27 58.2  -5.76059  2.945066   40.669326 -47.808255   -2.376   5.486   99.47678  42.25156  132.207724  -0.533236  4.66599668868882 -21.4771129  128.5101 /L    8.2997   0.1078293   297.07811   -74.18948         n.a.     n.a.
 2026-Dec-29 12:00 Am  09 55 02.96 +13 38 52.7  09 56 32.13 +13 31 04.3  -7.69294  3.234057  262.508710  61.293403   -2.392   5.483   99.51640  42.52699  148.823546  -0.539468  4.63577630689312 -20.2624064  131.1841 /L    7.9792   0.1390847   292.80154   -68.96152        1.994    2.751
$$EOE
**********************************************************************************************************************************************************************************************************************************************************************************************
Column meaning:
 
TIME

  Times PRIOR to 1962 are UT1, a mean-solar time closely related to the
prior but now-deprecated GMT. Times AFTER 1962 are in UTC, the current
civil or "wall-clock" time-scale. UTC is kept within 0.9 seconds of UT1
using integer leap-seconds for 1972 and later years.

  Conversion from the internal Barycentric Dynamical Time (TDB) of solar
system dynamics to the non-uniform civil UT time-scale requested for output
has not been determined for UTC times after the next July or January 1st.
Therefore, the last known leap-second is used as a constant over future
intervals.

  Time tags refer to the UT time-scale conversion from TDB on Earth
regardless of observer location within the solar system, although clock
rates may differ due to the local gravity field and no analog to "UT"
may be defined for that location.

  Any 'b' symbol in the 1st-column denotes a B.C. date. First-column blank
(" ") denotes an A.D. date.
 
CALENDAR SYSTEM

  Mixed calendar mode was active such that calendar dates after AD 1582-Oct-15
(if any) are in the modern Gregorian system. Dates prior to 1582-Oct-5 (if any)
are in the Julian calendar system, which is automatically extended for dates
prior to its adoption on 45-Jan-1 BC.  The Julian calendar is useful for
matching historical dates. The Gregorian calendar more accurately corresponds
to the Earth's orbital motion and seasons. A "Gregorian-only" calendar mode is
available if such physical events are the primary interest.

  NOTE: "n.a." in output means quantity "not available" at the print-time.
 
SOLAR PRESENCE (OBSERVING SITE)
  Time tag is followed by a blank, then a solar-presence symbol:

       '*'  Daylight (refracted solar upper-limb on or above apparent horizon)
       'C'  Civil twilight/dawn
       'N'  Nautical twilight/dawn
       'A'  Astronomical twilight/dawn
       ' '  Night OR geocentric ephemeris

LUNAR PRESENCE (OBSERVING SITE)
  The solar-presence symbol is immediately followed by a lunar-presence symbol:

       'm'  Refracted upper-limb of Moon on or above apparent horizon
       ' '  Refracted upper-limb of Moon below apparent horizon OR geocentric
            ephemeris
 
 'R.A._____(ICRF)_____DEC' =
  Astrometric right ascension and declination of the target center with
respect to the observing site (coordinate origin) in the reference frame of
the planetary ephemeris (ICRF). Compensated for down-leg light-time delay
aberration.

  Units: RA  in hours-minutes-seconds of time,    HH MM SS.ff{ffff}
         DEC in degrees-minutes-seconds of arc,  sDD MN SC.f{ffff}
 
 'R.A.__(a-apparent)__DEC' =
  Airless apparent right ascension and declination of the target center
with respect to an instantaneous reference frame defined by the Earth equator
of-date (z-axis) and meridian containing the Earth equinox of-date (x-axis,
EOP-corrected IAU76/80). Compensated for down-leg light-time delay,
gravitational deflection of light, stellar aberration, precession & nutation.
Note: equinox (RA origin) is offset -53 mas from the of-date frame defined
by the IAU06/00a P & N system.

  Units: RA  in hours-minutes-seconds of time,   HH MM SS.ff{ffff}
         DEC in degrees-minutes-seconds of arc, sDD MN SC.f{ffff}
 
 'dRA*cosD d(DEC)/dt' =
  The angular rate of change in apparent RA and DEC of the target. This is
with respect to the non-inertial IAU76/80 Earth true equator and equinox
of-date reference frame.  d(RA)/dt is multiplied by the cosine of declination
to provide a linear rate in the plane-of-sky. Units: ARCSECONDS PER HOUR
 
 'Azi____(a-app)___Elev' =
  Airless apparent azimuth and elevation of target center. Compensated
for light-time, the gravitational deflection of light, stellar aberration,
precession and nutation. Azimuth is measured clockwise from north:

  North(0) -> East(90) -> South(180) -> West(270) -> North (360)

Elevation angle is with respect to a plane perpendicular to the reference
surface local zenith direction. TOPOCENTRIC ONLY.  Units: DEGREES
 
 'APmag   S-brt' =
  The targets' approximate apparent visual magnitude and surface brightness.
For planets and natural satellites, output is restricted to solar phase angles
covered by observational data. Outside the observed phase angle range, "n.a."
may be output to avoid extrapolation beyond the limit of model validity.

   For Earth-based observers, the estimated dimming due to atmospheric
absorption (extinction) is available as a separate, requestable quantity.

   Surface brightness is the average airless visual magnitude of a
square-arcsecond of the illuminated portion of the apparent disk. It is
computed only if the target radius is known.

   Units: MAGNITUDES & MAGNITUDES PER SQUARE ARCSECOND
 
 'Illu%' =
   Fraction of the target objects' assumed circular disk illuminated by Sun
(phase), as seen by the observer.  Units: PERCENT
 
 'Ang-diam' =
   The equatorial angular width of the target body full disk, if it were fully
illuminated and visible to the observer. If the target body diameter is unknown
"n.a." is output.

   Units: ARCSECONDS
 
 'ObsSub-LON ObsSub-LAT' =
   Apparent planetodetic longitude and latitude of the center of the target
disc seen by the OBSERVER at print-time. This is NOT exactly the same as the
"nearest" sub-point for a non-spherical target shape (since the center of the
disc might not be the point closest to the observer), but is generally very
close if not a very irregular body shape. Down-leg light travel-time from
target to observer is taken into account. Latitude is the angle between the
equatorial plane and the line perpendicular to the reference ellipsoid of the
body, so includes body oblateness. The reference ellipsoid is an oblate
spheroid with a single flatness coefficient in which the y-axis body radius
is taken to be the same value as the x-axis radius.  For Jupiter, Saturn, and
Uranus, IAU2015 longitude is based on the "System III" prime meridian rotation
angle of the magnetic field. By contrast, pole direction (thus latitude) is
relative to the body dynamical equator.  There can be an offset between the
magnetic pole and the dynamical pole of rotation. For Neptune, rotation is
IAU2015 "System II" rotation of optically observed features in the Neptunian
atmosphere. Positive longitude is to the WEST for this target. Cartographic
system is specified in the header.  Units: DEGREES DEGREES
 
 'delta      deldot' =
   Apparent range ("delta", light-time aberrated) and range-rate ("delta-dot")
of the target center relative to the observer. A positive "deldot" means the
target center is moving away from the observer, negative indicates movement
toward the observer.  Units: AU and KM/S
 
 'S-O-T /r' =
   Sun-Observer-Target apparent SOLAR ELONGATION ANGLE seen from the observers'
location at print-time.

   The '/r' column provides a code indicating the targets' apparent position
relative to the Sun in the observers' sky, as described below:

   Case A: For an observing location on the surface of a rotating body, that
body rotational sense is considered:

    /T indicates target TRAILS Sun   (evening sky: rises and sets AFTER Sun)
    /L indicates target LEADS Sun    (morning sky: rises and sets BEFORE Sun)

   Case B: For an observing point that does not have a rotational model (such
as a spacecraft), the "leading" and "trailing" condition is defined by the
observers' heliocentric ORBITAL motion:

    * If continuing in the observers' current direction of heliocentric
       motion would encounter the targets' apparent longitude first, followed
       by the Sun's, the target LEADS the Sun as seen by the observer.

    * If the Sun's apparent longitude would be encountered first, followed
       by the targets', the target TRAILS the Sun.

   Two other codes can be output:
    /* indicates observer is Sun-centered    (undefined)
    /? Target is aligned with Sun center     (no lead or trail)

   The S-O-T solar elongation angle is numerically the minimum separation
angle of the Sun and target in the sky in any direction. It does NOT indicate
the amount of separation in the leading or trailing directions, which would
be defined along the equator of a spherical coordinate system.

   Units: DEGREES
 
 'S-T-O' =
   The Sun-Target-Observer angle; the interior vertex angle at target center
formed by a vector from the target to the apparent center of the Sun (at
reflection time on the target) and the apparent vector from target to the
observer at print-time. Slightly different from true PHASE ANGLE (requestable
separately) at the few arcsecond level in that it includes stellar aberration
on the down-leg from target to observer.  Units: DEGREES
 
 'Sky_motion  Sky_mot_PA  RelVel-ANG' =
  Total apparent angular rate of the target in the plane-of-sky. "Sky_mot_PA"
is the position angle of the target's direction of motion in the plane-of-sky,
measured counter-clockwise from the apparent of-date north pole direction.
"RelVel-ANG" is the flight path angle of the target's relative motion with
respect to the observer's line-of-sight, in the range [-90,+90], where positive
values indicate motion away from the observer, negative values are toward the
observer:

  -90 = target is moving directly toward the observer
    0 = target is moving at right angles to the observer's line-of-sight
  +90 = target is moving directly away from the observer

UNITS:  ARCSECONDS/MINUTE, DEGREES, DEGREES
 
 'Lun_Sky_Brt  sky_SNR' =
  Sky brightness due to moonlight scattered by Earth's atmosphere at the
target's position in the sky. "sky_SNR" is the visual signal-to-noise ratio
(SNR) of the target's surface brightness relative to background sky. Output
only for topocentric Earth observers when both the Moon and target are above
the local horizon and the Sun is in astronomical twilight (or further) below
the horizon, and the target is not the Moon or Sun. If all conditions are
not met, "n.a." is output. Galactic brightness, local sky light-pollution
and weather are NOT considered. Lunar opposition surge is considered. The
value returned is accurate under ideal conditions at the approximately 8-23%
level, so is a useful but not definitive value.

  If the target-body radius is also known, "sky_SNR" is output. This is the
approximate visual signal-to-noise ratio of the target's brightness divided
by lunar sky brightness. When sky_SNR < 1, the target is dimmer than the
ideal moonlight-scattering background sky, so unlikely to be detectable at
visual wavelengths. In practice, visibility requires sky_SNR > 1 and a
detector sensitive enough to reach the target's magnitude, even if it isn't
washed out by moonlight. When relating magnitudes and brightness values,
keep in mind their logarithmic relationship m2-m1 = -2.5*log_10(b2/b1).

  UNITS: VISUAL MAGNITUDES / ARCSECOND^2, and unitless ratio

Computations by ...

    Solar System Dynamics Group, Horizons On-Line Ephemeris System
    4800 Oak Grove Drive, Jet Propulsion Laboratory
    Pasadena, CA  91109   USA

    General site: https://ssd.jpl.nasa.gov/
    Mailing list: https://ssd.jpl.nasa.gov/email_list.html
    System news : https://ssd.jpl.nasa.gov/horizons/news.html
    User Guide  : https://ssd.jpl.nasa.gov/horizons/manual.html
    Connect     : browser        https://ssd.jpl.nasa.gov/horizons/app.html#/x
                  API            https://ssd-api.jpl.nasa.gov/doc/horizons.html
                  command-line   telnet ssd.jpl.nasa.gov 6775
                  e-mail/batch   https://ssd.jpl.nasa.gov/ftp/ssd/horizons_batch.txt
                  scripts        https://ssd.jpl.nasa.gov/ftp/ssd/SCRIPTS
    Author      : Jon.D.Giorgini@jpl.nasa.gov

**********************************************************************************************************************************************************************************************************************************************************************************************
