*******************************************************************************
 Revised: April 12, 2021               Jupiter                              599
 
 PHYSICAL DATA (revised 2025-Jan-30):
  Mass x 10^26 (kg)     = 18.9819           Density (g/cm^3)  = 1.3262 +- .0003
  Equat. radius (1 bar) = 71492+-4 km       Polar radius (km)     = 66854+-10
  Vol. Mean Radius (km) = 69911+-6          Flattening            = 0.06487
  Geometric Albedo      = 0.52              Rocky core mass (Mc/M)= 0.0261
  Sid. rot. period (III)= 9h 55m 29.711 s   Sid. rot. rate (rad/s)= 0.00017585
  Mean solar day, hrs   = ~9.9259         
  GM (km^3/s^2)         = 126686531.900     GM 1-sigma (km^3/s^2) =  +- 1.2732
  Equ. grav, ge (m/s^2) = 24.79             Pol. grav, gp (m/s^2) =  28.34
  Vis. magnitude V(1,0) = -9.40
  Vis. mag. (opposition)= -2.70             Obliquity to orbit    =  3.13 deg
  Sidereal orbit period = 11.861982204 y    Sidereal orbit period = 4332.589 d
  Mean daily motion     = 0.0831294 deg/d   Mean orbit speed, km/s= 13.0697
  Atmos. temp. (1 bar)  = 165+-5 K          Escape speed, km/s    =  59.5           
  A_roche(ice)/Rp       =  2.76             Hill's sphere rad. Rp = 740
                                 Perihelion   Aphelion     Mean
  Solar Constant (W/m^2)         56           46           51
  Maximum Planetary IR (W/m^2)   13.7         13.4         13.6
  Minimum Planetary IR (W/m^2)   13.7         13.4         13.6
*******************************************************************************


*******************************************************************************
Ephemeris / WWW_USER Mon Apr  6 16:01:26 2026 Pasadena, USA      / Horizons    
*******************************************************************************
Target body name: Jupiter (599)                   {source: jup365_merged}
Center body name: Earth (399)                     {source: DE441}
Center-site name: (user defined site below)
*******************************************************************************
Start time      : A.D. 2026-Jan-01 00:00:00.0000 UT      
Stop  time      : A.D. 2026-Dec-31 00:00:00.0000 UT      
Step-size       : 3600 minutes
*******************************************************************************
Target pole/equ : IAU_JUPITER                     {West-longitude positive}
Target radii    : 71492.0, 71492.0, 66854.0 km    {Equator_a, b, pole_c}       
Center geodetic : 267.0, 16.5, .500               {E-lon(deg),Lat(deg),Alt(km)}
Center cylindric: 267.0, 6117.61489, 1799.99002   {E-lon(deg),Dxy(km),Dz(km)}
Center pole/equ : ITRF93                          {East-longitude positive}
Center radii    : 6378.137, 6378.137, 6356.752 km {Equator_a, b, pole_c}       
Target primary  : Sun
Vis. interferer : MOON (R_eq= 1737.400) km        {source: DE441}
Rel. light bend : Sun                             {source: jup365_merged}
Rel. lght bnd GM: 1.3271E+11 km^3/s^2                                          
Atmos refraction: NO (AIRLESS)
RA format       : HMS
Time format     : CAL 
Calendar mode   : Mixed Julian/Gregorian
EOP file        : eop.260406.p260703                                           
EOP coverage    : DATA-BASED 1962-JAN-20 TO 2026-APR-06. PREDICTS-> 2026-JUL-02
Units conversion: 1 au= 149597870.700 km, c= 299792.458 km/s, 1 day= 86400.0 s 
Table cut-offs 1: Elevation (-90.0deg=NO ),Airmass (>38.000=NO), Daylight (NO )
Table cut-offs 2: Solar elongation (  0.0,180.0=NO ),Local Hour Angle( 0.0=NO )
Table cut-offs 3: RA/DEC angular rate (     0.0=NO )                           
**********************************************************************************************************************************************************************************************************************************************************************************************
 Date__(UT)__HR:MN     R.A._____(ICRF)_____DEC  R.A.__(a-apparent)__DEC  dRA*cosD d(DEC)/dt  Azi____(a-app)___Elev    APmag   S-brt      Illu%  Ang-diam  ObsSub-LON ObsSub-LAT             delta      deldot     S-O-T /r     S-T-O  Sky_motion  Sky_mot_PA  RelVel-ANG  Lun_Sky_Brt  sky_SNR
**********************************************************************************************************************************************************************************************************************************************************************************************
$$SOE
 2026-Jan-01 00:00 Cm  07 30 55.18 +22 02 03.7  07 32 29.97 +21 58 44.0  -19.1614  3.612586   64.355568  -7.512997   -2.670   5.403   99.96876  46.46734  336.671175   1.577323  4.24267131690439  -4.9422187  169.2054 /L    2.0310   0.3249824   280.67692   -16.52206         n.a.     n.a.
 2026-Jan-03 12:00 Nm  07 29 30.86 +22 05 26.5  07 31 05.81 +22 02 09.9  -19.7223  3.229260  288.469823  17.527206   -2.674   5.403   99.98313  46.52880  353.369860   1.580436  4.23706639913358  -2.7882843  172.0862 /L    1.4943   0.3330820   279.29890   -9.288222         n.a.     n.a.
 2026-Jan-06 00:00 C   07 28 05.95 +22 08 47.9  07 29 41.02 +22 05 34.1  -19.7310  3.593759   66.048920  -2.570855   -2.676   5.402   99.99313  46.56850   10.060596   1.583505  4.23345445221517  -2.2377446  174.9583 /L    0.9558   0.3342601   280.32257   -7.458896         n.a.     n.a.
 2026-Jan-08 12:00 Nm  07 26 39.71 +22 12 08.0  07 28 14.89 +22 08 57.6  -20.0106  3.168550  289.714001  12.439863   -2.676   5.403   99.99873  46.58684   26.746429   1.587009  4.23178787462210  -0.0518742  177.8384 /L    0.4136   0.3376652   278.99772   -0.177858         n.a.     n.a.
 2026-Jan-11 00:00 C   07 25 13.66 +22 15 25.2  07 26 48.91 +22 12 17.6  -19.9416  3.511545   67.549137   2.439102   -2.676   5.403   99.99984  46.58315   43.421223   1.590294  4.23212314355037   0.5057744  179.2220 /T    0.1410   0.3374737   279.98691   1.6722850         n.a.     n.a.
 2026-Jan-13 12:00 Nm  07 23 47.08 +22 18 39.1  07 25 22.43 +22 15 34.8  -19.9266  3.050923  291.097570   7.391577   -2.674   5.403   99.99644  46.55767   60.087807   1.594009  4.23443939121318   2.7083950  176.3677 /T    0.6784   0.3359808   278.70483   8.9443595         n.a.     n.a.
 2026-Jan-16 00:00 *   07 22 21.52 +22 21 48.6  07 23 56.97 +22 18 47.1  -19.7678  3.368876   68.874219   7.494615   -2.671   5.404   99.98860  46.51035   76.740137   1.597336  4.23874798212956   3.2587315  173.4957 /T    1.2178   0.3342137   279.67156   10.768974         n.a.     n.a.
 2026-Jan-18 12:00 N   07 20 56.26 +22 24 52.9  07 22 31.82 +22 21 54.8  -19.4556  2.880553  292.629788   2.401963   -2.667   5.405   99.97636  46.44137   93.380994   1.601092  4.24504301567884   5.4528779  170.6138 /T    1.7561   0.3277945   278.42191   17.956763         n.a.     n.a.
 2026-Jan-21 00:00 *m  07 19 32.88 +22 27 51.7  07 21 08.53 +22 24 56.5  -19.2040  3.171730   70.037727  12.574540   -2.661   5.407   99.95997  46.35129  110.004525   1.604308  4.25329377999988   5.9853878  167.7489 /T    2.2870   0.3244024   279.37831   19.736376         n.a.     n.a.
 2026-Jan-23 12:00 N   07 18 10.65 +22 30 43.5  07 19 46.35 +22 27 51.6  -18.6011  2.664061  294.322882  -2.508406   -2.654   5.408   99.93950  46.24029  126.613428   1.607963  4.26350301294882   8.1337436  164.8805 /T    2.8133   0.3131818   278.15051   26.740896         n.a.     n.a.
 2026-Jan-26 00:00 *m  07 16 51.09 +22 33 28.8  07 18 26.85 +22 30 39.6  -18.2679  2.928883   71.049564  17.658984   -2.646   5.410   99.91536  46.10954  143.202349   1.610946  4.27559300399787   8.6322226  162.0334 /T    3.3288   0.3083532   279.10869   28.438472         n.a.     n.a.
 2026-Jan-28 12:00 N   07 15 33.45 +22 36 05.8  07 17 09.27 +22 33 19.5  -17.3982  2.412624  296.192017  -7.318625   -2.636   5.412   99.88763  45.95917  159.773952   1.614384  4.28958189234435  10.7088197  159.1867 /T    3.8367   0.2927447   277.89491   35.198849         n.a.     n.a.
 2026-Jan-31 00:00 *m  07 14 19.18 +22 38 35.6  07 15 55.09 +22 35 51.8  -17.0070  2.653824   71.915674  22.730155   -2.625   5.415   99.85685  45.79087  176.323438   1.617032  4.30534817821226  11.1617409  156.3644 /T    4.3312   0.2868802   278.86908   36.778665         n.a.     n.a.
 2026-Feb-02 12:00 Nm  07 13 07.48 +22 40 56.2  07 14 43.44 +22 38 15.4  -15.9043  2.140587  298.256296 -12.007731   -2.614   5.417   99.82313  45.60458  192.853504   1.620145  4.32293460273895  13.1501816  153.5450 /T    4.8155   0.2674616   277.66548   43.253108         n.a.     n.a.
 2026-Feb-05 00:00 *   07 11 59.73 +22 43 09.4  07 13 35.73 +22 40 31.1  -15.4678  2.359420   72.637477  27.772926   -2.601   5.420   99.78709  45.40232  209.359797   1.622342  4.34219285943360  13.5672110  150.7519 /T    5.2843   0.2607782   278.67292   44.744203         n.a.     n.a.
 2026-Feb-07 12:00 Nm  07 10 55.16 +22 45 12.7  07 12 31.16 +22 42 37.1  -14.1533  1.856978  300.538448 -16.554773   -2.587   5.423   99.74882  45.18387  225.844822   1.624999  4.36318582384523  15.4536894  147.9639 /T    5.7406   0.2379106   277.47475   50.922866         n.a.     n.a.
 2026-Feb-10 00:00 *   07 09 55.03 +22 47 08.6  07 11 31.08 +22 44 35.0  -13.6811  2.052945   73.211844  32.773837   -2.573   5.426   99.70903  44.95154  242.304735   1.626626  4.38573663833028  15.8335289  145.2039 /T    6.1794   0.2305712   278.53396   52.329959         n.a.     n.a.
 2026-Feb-12 12:00 Nm  07 08 58.63 +22 48 54.2  07 10 34.69 +22 46 22.8  -12.1687  1.565782  303.064550 -20.937672   -2.557   5.429   99.66780  44.70497  258.741777   1.628710  4.40992693006914  17.6031168  142.4512 /T    6.6038   0.2044830   277.33215   58.231933         n.a.     n.a.
 2026-Feb-15 00:00 *   07 08 07.13 +22 50 32.3  07 09 43.25 +22 48 02.8  -11.6741  1.738070   73.629284  37.720663   -2.541   5.432   99.62588  44.44682  275.152718   1.629674  4.43553919731296  17.9354089  139.7286 /T    7.0089   0.1967128   278.46814   59.541038         n.a.     n.a.
 2026-Feb-17 12:00 N   07 07 19.81 +22 51 59.8  07 08 55.91 +22 49 32.5  -9.99543  1.271739  305.864080 -25.132925   -2.524   5.435   99.58333  44.17654  291.539630   1.631101  4.46267673344822  19.5733662  137.0155 /T    7.3978   0.1679335   277.25090   65.163412         n.a.     n.a.
 2026-Feb-20 00:00 *m  07 06 37.75 +22 53 20.0  07 08 13.86 +22 50 54.2  -9.48310  1.418014   73.872513  42.602629   -2.506   5.438   99.54091  43.89707  307.899829   1.631342  4.49108855772950  19.8488632  134.3344 /T    7.7661   0.1598089   278.50446   66.389917         n.a.     n.a.
 2026-Feb-22 12:00 N   07 06 00.24 +22 54 29.3  07 07 36.30 +22 52 05.1  -7.67600  0.977343  308.969052 -29.115773   -2.488   5.442   99.49864  43.60774  324.235322   1.632061  4.52088601924031  21.3359636  131.6649 /T    8.1169   0.1289662   277.25612   71.720149         n.a.     n.a.
 2026-Feb-25 00:00 *m  07 05 28.22 +22 55 31.6  07 07 04.31 +22 53 08.3  -7.16823  1.098284   73.913487  47.410347   -2.470   5.445   99.45724  43.31163  340.544077   1.631549  4.55179387586402  21.5521970  129.0288 /T    8.4462   0.1208646   278.71086   72.851556         n.a.     n.a.
 2026-Feb-27 12:00 N   07 05 00.98 +22 56 22.9  07 06 37.06 +22 54 00.9  -5.26954  0.687392  312.413660 -32.859883   -2.451   5.448   99.41669  43.00792  356.827958   1.631527  4.58393832959548  22.8744753  126.4059 /T    8.7570   0.0885697   277.43206   77.890799         n.a.     n.a.
 2026-Mar-02 00:00 *m  07 04 39.32 +22 57 07.5  07 06 15.42 +22 54 46.3  -4.78997  0.784546   73.706778  52.135886   -2.432   5.451   99.37766  42.69972   13.085657   1.630231  4.61702444878026  23.0396024  123.8168 /T    9.0461   0.0808966   279.30184   78.912713         n.a.     n.a.
 2026-Mar-04 12:00 Nm  07 04 22.58 +22 57 41.3  07 05 58.60 +22 55 21.1  -2.83182  0.406577  316.232932 -36.337079   -2.413   5.454   99.34007  42.38590   29.318746   1.629418  4.65120741396254  24.2051878  121.2411 /T    9.3162   0.0476810   278.17037   83.680103         n.a.     n.a.
 2026-Mar-07 00:00 *   07 04 11.42 +22 58 08.8  07 05 47.43 +22 55 48.9  -2.38436  0.478569   73.180283  56.772000   -2.393   5.457   99.30453  42.06959   45.526375   1.627287  4.68617925119381  24.3272796  118.6988 /T    9.5646   0.0405318   281.34916   84.608483         n.a.     n.a.
 2026-Mar-09 12:00 Nm  07 04 05.24 +22 58 25.5  07 05 41.18 +22 56 05.9  -0.38366  0.133016  320.458433 -39.516764   -2.374   5.459   99.27094  41.74945   61.709825   1.625624  4.72211371286089  25.3372808  116.1699 /T    9.7938   0.0067677   289.12172   89.126513         n.a.     n.a.
 2026-Mar-12 00:00 *   07 04 04.62 +22 58 36.2  07 05 40.58 +22 56 16.5  0.032150  0.177582   72.216368  61.309892   -2.354   5.462   99.23982  41.42855   77.868668   1.622614  4.75868993744101  25.4226902  113.6741 /T   10.0013   0.0030078   10.261970   89.610074         n.a.     n.a.
 2026-Mar-14 12:00 Cm  07 04 09.03 +22 58 36.2  07 05 44.92 +22 56 16.5  2.059097  -0.13716  325.113308 -42.365399   -2.335   5.464   99.21108  41.10549   94.003848   1.620063  4.79609035275119  26.2677219  111.1918 /T   10.1895   0.0343943   93.810897   85.658996         n.a.     n.a.
 2026-Mar-17 00:00 *   07 04 18.92 +22 58 30.2  07 05 54.81 +22 56 10.3  2.437946  -0.12147   70.614718  65.736794   -2.315   5.466   99.18514  40.78332  110.115512   1.616157  4.83397728226059  26.3114876  108.7425 /T   10.3562   0.0406828   92.852375   84.837464         n.a.     n.a.
 2026-Mar-19 12:00 C   07 04 33.83 +22 58 13.5  07 06 09.61 +22 55 53.2  4.472240  -0.40670  330.205347 -44.847962   -2.296   5.468   99.16188  40.46050  126.204287   1.612703  4.87254585093562  26.9914964  106.3069 /T   10.5038   0.0748449   95.196059   80.724371         n.a.     n.a.
 2026-Mar-22 00:00 *m  07 04 54.10 +22 57 50.9  07 06 29.85 +22 55 29.8  4.806974  -0.42060   68.014421  70.031623   -2.276   5.470   99.14164  40.14010  142.270835   1.607904  4.91143875609717  26.9863566  103.9044 /T   10.6304   0.0804223   95.000510   79.966798         n.a.     n.a.
 2026-Mar-24 12:00 C   07 05 19.27 +22 57 17.4  07 06 54.95 +22 54 55.4  6.818493  -0.67588  335.719238 -46.929968   -2.257   5.471   99.12427  39.82046  158.315624   1.603554  4.95086257979760  27.4979851  101.5159 /T   10.7381   0.1141985   95.660912   76.042796         n.a.     n.a.
 2026-Mar-27 00:00 *m  07 05 49.60 +22 56 38.2  07 07 25.28 +22 54 15.0  7.103981  -0.71884   63.708435  74.153431   -2.238   5.473   99.10999  39.50452  174.339756   1.597875  4.99045711629068  27.4539987   99.1601 /T   10.8256   0.1190043   95.777961   75.346199         n.a.     n.a.
 2026-Mar-29 12:00 C   07 06 24.68 +22 55 48.1  07 08 00.26 +22 53 23.9  9.069530  -0.94382  341.610288 -48.579757   -2.220   5.474   99.09865  39.19055  190.343457   1.592624  5.03043830726813  27.8026837   96.8179 /T   10.8950   0.1519751   95.941105   71.614067         n.a.     n.a.
 2026-Apr-01 00:00 *m  07 07 04.63 +22 54 52.4  07 08 40.18 +22 52 26.7  9.300332  -1.01444   56.174458  78.009036   -2.202   5.475   99.09038  38.88126  206.328209   1.586053  5.07045338194078  27.7353232   94.5073 /T   10.9451   0.1559249   96.224991   70.987626         n.a.     n.a.
 2026-Apr-03 12:00 Cm  07 07 49.16 +22 53 45.7  07 09 24.59 +22 51 18.5  11.21882  -1.21194  347.799532 -49.772434   -2.184   5.476   99.08504  38.57482  222.293812   1.579875  5.11073344676656  27.9320600   92.2093 /T   10.9777   0.1880681   96.165586   67.415006         n.a.     n.a.
 2026-Apr-06 00:00 *   07 08 38.31 +22 52 33.4  07 10 13.71 +22 50 04.2  11.39851  -1.31050   41.919677  81.351249   -2.166   5.476   99.08265  38.27386  238.242094   1.572391  5.15092091290861  27.8478933   89.9413 /T   10.9921   0.1912266   96.558590   66.850760         n.a.     n.a.
 2026-Apr-08 12:00 *m  07 09 31.84 +22 51 10.1  07 11 07.14 +22 48 38.9  13.26380  -1.48296  354.174791 -50.493266   -2.149   5.476   99.08313  37.97646  254.172487   1.565266  5.19125930777450  27.9003827   87.6848 /T   10.9896   0.2224408   96.379473   63.421396         n.a.     n.a.
 2026-Apr-11 00:00 *   07 10 29.74 +22 49 40.9  07 12 05.03 +22 47 07.6  13.40348  -1.61085   14.749751  83.491811   -2.132   5.477   99.08642  37.68514  270.087064   1.556861  5.23138901524487  27.7981797   85.4572 /T   10.9698   0.2249988   96.853029   62.894996         n.a.     n.a.
 2026-Apr-13 12:00 *m  07 11 31.85 +22 48 00.6  07 13 07.01 +22 45 25.2  15.20985  -1.76078    0.600598 -50.740930   -2.115   5.477   99.09244  37.39803  285.985010   1.548784  5.27155182393853  27.7072317   83.2401 /T   10.9339   0.2551905   96.603480   59.591457         n.a.     n.a.
 2026-Apr-16 00:00 *   07 12 38.07 +22 46 14.1  07 14 13.18 +22 43 36.4  15.31105  -1.91750  338.949596  83.309336   -2.099   5.476   99.10109  37.11753  301.868681   1.539469  5.31138904839813  27.5866792   81.0509 /T   10.8816   0.2571775   97.138337   59.097752         n.a.     n.a.
 2026-Apr-18 12:00 *   07 13 48.31 +22 44 16.4  07 15 23.29 +22 41 36.0  17.05204  -2.04699    6.935292 -50.529433   -2.084   5.476   99.11228  36.84180  317.736991   1.530455  5.35113996661012  27.3472861   78.8718 /T   10.8138   0.2862411   96.845243   55.900164         n.a.     n.a.
 2026-Apr-21 00:00 *m  07 15 02.38 +22 42 12.1  07 16 37.34 +22 39 28.9  17.11037  -2.23061  314.446859  81.029650   -2.069   5.475   99.12584  36.57319  333.592704   1.520255  5.39044147438971  27.2043272   76.7200 /T   10.7307   0.2875859   97.427536   55.439957         n.a.     n.a.
 2026-Apr-23 12:00 *   07 16 20.23 +22 39 56.6  07 17 55.08 +22 37 10.5  18.76804  -2.33870   13.050347 -49.886399   -2.054   5.475   99.14170  36.30983  349.434544   1.510321  5.42953938029149  26.8278935   74.5779 /T   10.6331   0.3152199   97.103065   52.361815         n.a.     n.a.
 2026-Apr-26 00:00 *m  07 17 41.58 +22 37 34.3  07 19 16.40 +22 34 45.4  18.78273  -2.54652  301.743758  77.832214   -2.039   5.474   99.15961  36.05389    5.265484   1.499249  5.46808168117557  26.6722663   72.4622 /T   10.5213   0.3159095   97.720962   51.943268         n.a.     n.a.
 2026-Apr-28 12:00 *   07 19 06.46 +22 35 00.7  07 20 41.13 +22 32 08.8  20.35255  -2.63373   18.845292 -48.849489   -2.026   5.473   99.17954  35.80351   21.084022   1.488393  5.50632068304167  26.1725533   70.3552 /T   10.3958   0.3420375   97.373398   48.981207         n.a.     n.a.
 2026-May-01 00:00 *m  07 20 34.54 +22 32 20.2  07 22 09.15 +22 29 25.1  20.33325  -2.86472  294.876698  74.306797   -2.012   5.472   99.20120  35.56068   36.893215   1.476440  5.54392185879708  26.0222390   68.2731 /T   10.2573   0.3422343   98.019541   48.608035         n.a.     n.a.
 2026-May-03 12:00 *m  07 22 05.92 +22 29 28.3  07 23 40.40 +22 26 29.8  21.82167  -2.93394   24.253762 -47.462613   -1.999   5.471   99.22459  35.32358   52.691231   1.464650  5.58113369981281  25.4032639   66.1983 /T   10.1060   0.3669670   97.657538   45.737018         n.a.     n.a.
 2026-May-06 00:00 *   07 23 40.22 +22 26 29.3  07 25 14.67 +22 23 27.4  21.77373  -3.18713  290.834500  70.660490   -1.986   5.469   99.24938  35.09410   68.481327   1.451813  5.61762909544495  25.2571202   64.1470 /T    9.9428   0.3667625   98.327545   45.401016         n.a.     n.a.
 2026-May-08 12:00 *m  07 25 17.62 +22 23 18.8  07 26 51.94 +22 20 13.3  23.18636  -3.24110   29.242372 -45.771323   -1.974   5.468   99.27562  34.87047   84.261392   1.439091  5.65365535580348  24.5277785   62.1015 /T    9.7674   0.3901965   97.957506   42.606621         n.a.     n.a.
 2026-May-11 00:00 *   07 26 57.69 +22 20 00.9  07 28 31.96 +22 16 52.0  23.11458  -3.51540  288.299732  66.972092   -1.963   5.466   99.30295  34.65452  100.034839   1.425382  5.68888632896998  24.3794990   60.0781 /T    9.5810   0.3896729   98.647600   42.294616         n.a.     n.a.
 2026-May-13 12:00 *m  07 28 40.65 +22 16 31.3  07 30 14.77 +22 13 18.7  24.44709  -3.55497   33.805622 -43.819814   -1.951   5.465   99.33142  34.44455  115.799411   1.411745  5.72356463222492  23.5418525   58.0596 /T    9.3832   0.4117368   98.273666   39.569520         n.a.     n.a.
 2026-May-16 00:00 *   07 30 26.04 +22 12 54.1  07 32 00.09 +22 09 37.7  24.35966  -3.84959  286.647349  63.275375   -1.940   5.463   99.36067  34.24229  131.558627   1.397191  5.75737321432592  23.3892403   56.0622 /T    9.1753   0.4110326   98.980272   39.269275         n.a.     n.a.
 2026-May-18 12:00 *   07 32 14.12 +22 09 05.1  07 33 48.05 +22 05 44.6  25.60469  -3.87471   37.958370 -41.648650   -1.930   5.461   99.39077  34.04617  147.310151   1.382666  5.79053831668631  22.4414129   54.0690 /T    8.9567   0.4316034   98.605163   36.604432         n.a.     n.a.
 2026-May-21 00:00 *m  07 34 04.36 +22 05 08.3  07 35 38.25 +22 01 44.0  25.49397  -4.18529  285.552052  59.585764   -1.920   5.460   99.42131  33.85778  163.057704   1.367296  5.82275716557164  22.2856127   52.0964 /T    8.7289   0.4305872   99.322964   36.326214         n.a.     n.a.
 2026-May-23 12:00 *   07 35 57.05 +22 00 59.8  07 37 30.81 +21 57 31.5  26.64756  -4.19529   41.727993 -39.292793   -1.910   5.458   99.45237  33.67561  178.798800   1.351901  5.85425566562866  21.2398683   50.1275 /T    8.4914   0.4495964   98.947001   33.724076         n.a.     n.a.
 2026-May-26 00:00 *m  07 37 51.62 +21 56 43.4  07 39 25.30 +21 53 11.3  26.51555  -4.51877  284.830770  55.909847   -1.901   5.456   99.48356  33.50112  194.537249   1.335723  5.88474780228374  21.0929617   48.1783 /T    8.2457   0.4482972   99.671405   33.479967         n.a.     n.a.
 2026-May-28 12:00 *   07 39 48.42 +21 52 15.6  07 41 21.95 +21 48 39.2  27.57862  -4.51414   45.148612 -36.781902   -1.892   5.455   99.51497  33.33282  210.270371   1.319461  5.91446035761513  19.9652895   46.2316 /T    7.9910   0.4657603   99.295889   30.943291         n.a.     n.a.
 2026-May-31 00:00 *   07 41 46.86 +21 47 39.7  07 43 20.32 +21 43 59.2  27.43797  -4.85034  284.373109  52.250216   -1.884   5.453   99.54621  33.17204  226.001922   1.302477  5.94312672613010  19.8321780   44.3033 /T    7.7291   0.4643897   100.02488   30.726962         n.a.     n.a.
 2026-Jun-02 12:00 *m  07 43 47.34 +21 42 52.5  07 45 20.68 +21 39 07.6  28.41825  -4.83358   48.255856 -34.140888   -1.876   5.451   99.57739  33.01742  241.729103   1.285353  5.97095841991430  18.6261094   42.3762 /T    7.4589   0.4804397   99.652895   28.238936         n.a.     n.a.
 2026-Jun-05 00:00 *   07 45 49.24 +21 37 57.1  07 47 22.51 +21 34 08.1  28.27250  -5.18084  284.109731  48.607734   -1.868   5.449   99.60814  32.87018  257.455697   1.267580  5.99770495159844  18.5076527   40.4661 /T    7.1822   0.4790544   100.38406   28.049169         n.a.     n.a.
 2026-Jun-07 12:00 *m  07 47 53.03 +21 32 50.6  07 49 26.16 +21 28 57.2  29.17628  -5.15416   51.084394 -31.390370   -1.861   5.448   99.63857  32.72907  273.178755   1.249615  6.02356405883945  17.2228091   38.5559 /T    6.8977   0.4938006   100.01828   25.591567         n.a.     n.a.
 2026-Jun-10 00:00 *   07 49 58.04 +21 27 35.7  07 51 31.06 +21 23 38.3  29.02801  -5.51077  283.994843  44.982269   -1.854   5.446   99.66832  32.59526  288.902174   1.231081  6.04829197944227  17.1086430   36.6615 /T    6.6076   0.4924411   100.74929   25.413615         n.a.     n.a.
 2026-Jun-12 12:00 *m  07 52 04.76 +21 22 09.7  07 53 37.63 +21 18 07.7  29.85141  -5.47394   53.667018 -28.547389   -1.847   5.444   99.69751  32.46759  304.622965   1.212311  6.07207491416355  15.7520617   34.7660 /T    6.3103   0.5058192   100.39105   22.986774         n.a.     n.a.
 2026-Jun-15 00:00 *m  07 54 12.50 +21 16 35.4  07 55 45.31 +21 12 29.0  29.70130  -5.83748  283.997209  41.372911   -1.841   5.443   99.72578  32.34716  320.345048   1.193053  6.09468056276731  15.6340854   32.8855 /T    6.0080   0.5044919   101.11916   22.809989         n.a.     n.a.
 2026-Jun-17 12:00 *   07 56 21.77 +21 10 50.3  07 57 54.47 +21 06 39.4  30.43478  -5.78845   56.033556 -25.625542   -1.835   5.441   99.75326  32.23294  336.065518   1.173513  6.11627915727541  14.2076405   31.0034 /T    5.6992   0.5163392   100.76858   20.409905         n.a.     n.a.
 2026-Jun-20 00:00 *m  07 58 31.83 +21 04 57.0  08 00 04.45 +21 00 42.0  30.28074  -6.15497  284.095897  37.778039   -1.829   5.440   99.77961  32.12585  351.788300   1.153558  6.13666585223455  14.0993351   29.1358 /T    5.3864   0.5149992   101.48961   20.253409         n.a.     n.a.
 2026-Jun-22 12:00 *   08 00 43.23 +20 58 53.4  08 02 15.69 +20 54 33.8  30.92438  -6.09330   58.210707 -22.635128   -1.824   5.439   99.80494  32.02495    7.510401   1.133265  6.15600081609209  12.6151176   27.2661 /T    5.0676   0.5253163   101.14669   17.881272         n.a.     n.a.
 2026-Jun-25 00:00 *m  08 02 55.21 +20 52 41.7  08 04 27.57 +20 48 17.8  30.76975  -6.46069  284.276128  34.195576   -1.819   5.438   99.82895  31.93105   23.235707   1.112625  6.17410374101222  12.5226214   25.4101 /T    4.7457   0.5240118   101.85807   17.750900         n.a.     n.a.
 2026-Jun-27 12:00 *   08 05 08.36 +20 46 20.1  08 06 40.57 +20 41 51.5  31.33273  -6.38885   60.222252 -19.584482   -1.815   5.436   99.85174  31.84326   38.961125   1.091593  6.19112564750594  10.9931617   23.5510 /T    4.4185   0.5329575   101.52481   15.404501         n.a.     n.a.
 2026-Jun-30 00:00 *   08 07 21.91 +20 39 50.6  08 08 54.04 +20 35 17.7  31.18319  -6.75631  284.527671  30.623724   -1.810   5.435   99.87306  31.76233   54.690467   1.070288  6.20690062161967  10.9143683   21.7043 /T    4.0888   0.5317787   102.22504   15.294421         n.a.     n.a.
 2026-Jul-02 12:00 *m  08 09 36.47 +20 33 11.6  08 11 08.47 +20 28 34.1  31.66713  -6.67522   62.088667 -16.480375   -1.806   5.435   99.89300  31.68747   70.420647   1.048545  6.22156409792102   9.3425121   19.8535 /T    3.7543   0.5393839   101.90330   12.964734         n.a.     n.a.
 2026-Jul-05 00:00 *   08 11 51.27 +20 26 24.9  08 13 23.17 +20 21 43.2  31.53001  -7.04240  284.843628  27.060946   -1.803   5.434   99.91133  31.61934   86.155387   1.026607  6.23497089903042   9.2751315   18.0137 /T    3.4180   0.5384487   102.59067   12.869123         n.a.     n.a.
 2026-Jul-07 12:00 *m  08 14 06.96 +20 19 29.0  08 15 38.71 +20 14 42.8  31.93796  -6.95331   63.827995 -13.328329   -1.799   5.433   99.92815  31.55728  101.891627   1.004192  6.24723145501354   7.6610504   16.1688 /T    3.0774   0.5447685   102.28238   10.543893         n.a.     n.a.
 2026-Jul-10 00:00 *   08 16 22.74 +20 12 25.6  08 17 54.37 +20 07 35.1  31.81013  -7.31728  285.219163  23.505836   -1.796   5.432   99.94325  31.50189  117.633094   0.981666  6.25821633070754   7.5956042   14.3338 /T    2.7355   0.5440146   102.95439   10.451962         n.a.     n.a.
 2026-Jul-12 12:00 *m  08 18 39.25 +20 05 13.5  08 20 10.77 +20 00 18.3  32.14032  -7.21991   65.456241 -10.132790   -1.794   5.432   99.95671  31.45262  133.376783   0.958626  6.26801861299946   5.9407022   12.4929 /T    2.3899   0.5490211   102.66060   8.1222811         n.a.     n.a.
 2026-Jul-15 00:00 *m  08 20 55.69 +19 57 54.1  08 22 27.13 +19 52 54.7  32.01761  -7.57700  285.651590  19.957012   -1.791   5.432   99.96837  31.41001  149.126448   0.935554  6.27652183737121   5.8720199   10.6615 /T    2.0437   0.5483659   103.31417   8.0282649         n.a.     n.a.
 2026-Jul-17 12:00 *   08 23 12.69 +19 50 26.9  08 24 44.00 +19 45 23.0  32.25735  -7.46735   66.987160  -6.896738   -1.789   5.431   99.97828  31.37359  164.879216   0.911927  6.28380799259361   4.1895030    8.8241 /T    1.6945   0.5518398   103.03399   5.7022001         n.a.     n.a.
 2026-Jul-20 00:00 *m  08 25 29.44 +19 42 52.8  08 27 00.61 +19 37 44.9  32.14194  -7.81517  286.140269  16.412700   -1.787   5.431   99.98632  31.34373  180.638672   0.888336  6.28979461857411   4.1294447    6.9966 /T    1.3457   0.5513068   103.66602   5.6209868         n.a.     n.a.
 2026-Jul-22 12:00 *   08 27 46.57 +19 35 11.6  08 29 17.61 +19 29 59.1  32.29624  -7.69441   68.433133  -3.622070   -1.785   5.431   99.99255  31.32007  196.401981   0.864145  6.29454726132038   2.4306221    5.1644 /T    0.9948   0.5533361   103.40060   3.2985666         n.a.     n.a.
 2026-Jul-25 00:00 *m  08 30 03.27 +19 27 24.2  08 31 34.21 +19 22 07.5  32.19163  -8.03188  286.685590  12.871351   -1.784   5.432   99.99688  31.30284  212.172572   0.840058  6.29801137920731   2.3877549    3.3462 /T    0.6459   0.5529749   104.00940   3.2407637         n.a.     n.a.
 2026-Jul-27 12:00 *   08 32 20.24 +19 19 30.2  08 33 51.07 +19 14 09.0  32.26933  -7.90295   69.804958  -0.310432   -1.783   5.432   99.99934  31.29179  227.947584   0.815337  6.30023436738352   0.6755175    1.5486 /T    0.3004   0.5537163   103.76121   0.9122214         n.a.     n.a.
 2026-Jul-30 00:00 *   08 34 36.64 +19 11 30.4  08 36 07.33 +19 06 05.8  32.17824  -8.22920  287.289528   9.331987   -1.782   5.432   99.99990  31.28711  243.730385   0.790792  6.30117651139764   0.6410068    0.5941 /L    0.1119   0.5535639   104.34525   0.8652777         n.a.     n.a.
 2026-Aug-01 12:00 *m  08 36 53.17 +19 03 24.8  08 38 23.73 +18 57 55.4  32.18059  -8.09277   71.112200   3.037085   -1.782   5.433   99.99857  31.28865  259.518200   0.765587  6.30086821244127  -1.0758225    2.2482 /L    0.4283   0.5530430   104.11602   -1.468696         n.a.     n.a.
 2026-Aug-04 00:00 *   08 39 09.01 +18 55 13.9  08 40 39.44 +18 49 40.6  32.10530  -8.40683  287.954341   5.794073   -1.782   5.433   99.99536  31.29650  275.314245   0.740635  6.29928722309579  -1.1106379    4.0607 /L    0.7754   0.5531288   104.67356   -1.516147         n.a.     n.a.
 2026-Aug-06 12:00 *m  08 41 24.84 +18 46 57.8  08 42 55.15 +18 41 20.1  32.02988  -8.26244   72.363665   6.419153   -1.782   5.434   99.99025  31.31065  291.115927   0.715004  6.29643935806010  -2.8341591    5.8973 /L    1.1259   0.5513069   104.46471   -3.869681         n.a.     n.a.
 2026-Aug-09 00:00 *   08 43 39.85 +18 38 37.0  08 45 10.05 +18 32 55.2  31.96863  -8.56184  288.684390   2.257160   -1.783   5.434   99.98331  31.33113  306.926370   0.689699  6.29232434882838  -2.8712549    7.7339 /L    1.4750   0.5515883   104.99309   -3.920656         n.a.     n.a.
 2026-Aug-11 12:00 *m  08 45 54.71 +18 30 11.9  08 47 24.83 +18 24 25.9  31.80937  -8.40740   73.567301   9.835409   -1.784   5.435   99.97450  31.35804  322.743133   0.663695  6.28692513662840  -4.5983559    9.5831 /L    1.8246   0.5483614   104.80506   -6.302231         n.a.     n.a.
 2026-Aug-14 00:00 *m  08 48 08.58 +18 21 42.7  08 49 38.58 +18 15 53.0  31.75393  -8.68725  289.485194  -1.278973   -1.785   5.436   99.96392  31.39129  338.569295   0.638083  6.28026475347967  -4.6391337   11.4297 /L    2.1714   0.5486804   105.30060   -6.360625         n.a.     n.a.
 2026-Aug-16 12:00 *   08 50 22.13 +18 13 10.4  08 51 52.00 +18 07 16.7  31.50745  -8.52107   74.730296  13.286165   -1.787   5.437   99.95152  31.43106  354.402541   0.611747  6.27231843793365  -6.3511855   13.2880 /L    2.5178   0.5439893   105.13340   -8.759432         n.a.     n.a.
 2026-Aug-19 00:00 *m  08 52 34.53 +18 04 34.9  08 54 04.27 +17 58 37.4  31.46051  -8.78028  290.363908  -4.814622   -1.789   5.438   99.93746  31.47714   10.245724   0.585860  6.26313647737853  -6.3856531   15.1435 /L    2.8605   0.5443796   105.59383   -8.812673         n.a.     n.a.
 2026-Aug-21 12:00 *   08 54 46.44 +17 55 57.3  08 56 16.08 +17 49 55.7  31.12805  -8.60294   75.859681  16.771945   -1.791   5.440   99.92168  31.52979   26.096646   0.559231  6.25267837117400  -8.0742029   17.0110 /L    3.2021   0.5382497   105.44934   -11.23091         n.a.     n.a.
 2026-Aug-24 00:00 *m  08 56 57.07 +17 47 17.3  08 58 26.60 +17 41 12.0  31.09610  -8.84238  291.329302  -8.349338   -1.793   5.441   99.90434  31.58867   41.957921   0.533112  6.24102338208296  -8.0982761   18.8765 /L    3.5394   0.5388142   105.87345   -11.27249         n.a.     n.a.
 2026-Aug-26 12:00 *   08 59 07.07 +17 38 36.2  09 00 36.51 +17 32 27.0  30.68510  -8.65667   76.961931  20.293220   -1.796   5.443   99.88539  31.65419   57.827460   0.506246  6.22810583785939  -9.7601833   20.7546 /L    3.8750   0.5313802   105.75446   -13.71588         n.a.     n.a.
 2026-Aug-29 00:00 *   09 01 15.65 +17 29 53.5  09 02 44.96 +17 23 40.9  30.66515  -8.87422  292.392073 -11.881822   -1.799   5.444   99.86503  31.72592   73.707749   0.479952  6.21402372680745  -9.7807658   22.6317 /L    4.2056   0.5320566   106.13996   -13.75680         n.a.     n.a.
 2026-Aug-31 12:00 *m  09 03 23.48 +17 21 10.5  09 04 52.68 +17 14 54.2  30.17949  -8.68167   78.043625  23.850436   -1.802   5.446   99.84318  31.80438   89.596816   0.452914  6.19869429701356 -11.4127489   24.5225 /L    4.5340   0.5233899   106.04882   -16.23047         n.a.     n.a.
 2026-Sep-03 00:00 *   09 05 29.76 +17 12 26.8  09 06 58.84 +17 06 07.0  30.17128  -8.87607  293.564902 -15.410123   -1.806   5.448   99.82009  31.88910  105.497033   0.426512  6.18222607765884 -11.4419035   26.4136 /L    4.8569   0.5241635   106.39333   -16.28796         n.a.     n.a.
 2026-Sep-05 12:00 *m  09 07 35.14 +17 03 44.0  09 09 04.15 +16 57 20.4  29.60052  -8.67308   79.111692  27.444106   -1.810   5.450   99.79567  31.98071  121.406702   0.399374  6.16451620704702 -13.0390367   28.3197 /L    5.1768   0.5140830   106.33082   -18.80194         n.a.     n.a.
 2026-Sep-08 00:00 *   09 09 38.83 +16 55 01.4  09 11 07.75 +16 48 34.4  29.59944  -8.84121  294.863545 -18.931512   -1.814   5.452   99.77019  32.07864  137.328013   0.372927  6.14569842502385 -13.0783476   30.2269 /L    5.4905   0.5148608   106.63064   -18.88170         n.a.     n.a.
 2026-Sep-10 12:00 *m  09 11 41.42 +16 46 21.0  09 13 10.27 +16 39 50.5  28.93718  -8.62500   80.172998  31.075318   -1.819   5.454   99.74358  32.18362  153.259531   0.345748  6.12565074975177 -14.6328274   32.1500 /L    5.8005   0.5032536   106.59718   -21.44308         n.a.     n.a.
 2026-Sep-13 00:00 *m  09 13 42.15 +16 37 42.0  09 15 10.87 +16 31 08.4  28.93675  -8.76296  296.307746 -22.442489   -1.824   5.456   99.71613  32.29493  169.203271   0.319305  6.10453790636280 -14.6688595   34.0748 /L    6.1035   0.5039084   106.84796   -21.53311         n.a.     n.a.
 2026-Sep-15 12:00 *   09 15 41.61 +16 29 06.6  09 17 10.24 +16 22 29.5  28.18512  -8.53402   81.235316  34.745666   -1.830   5.458   99.68777  32.41338  185.157887   0.292137  6.08222935164339 -16.1661941   36.0158 /L    6.4019   0.4908130   106.84551   -24.13620         n.a.     n.a.
 2026-Sep-18 00:00 *m  09 17 39.04 +16 20 33.7  09 19 07.57 +16 13 53.5  28.18833  -8.64215  297.921322 -25.938275   -1.835   5.461   99.65883  32.53813  201.125173   0.265750  6.05891125028070 -16.1976931   37.9589 /L    6.6926   0.4913895   107.04482   -24.23497         n.a.     n.a.
 2026-Sep-20 12:00 *   09 19 35.01 +16 12 05.8  09 21 03.50 +16 05 22.2  27.35044  -8.40193   82.307529  38.456551   -1.842   5.463   99.62920  32.67008  217.103957   0.238656  6.03443962922562 -17.6259643   39.9189 /L    6.9779   0.4768644   107.07672   -26.87583         n.a.     n.a.
 2026-Sep-23 00:00 *m  09 21 28.81 +16 03 41.5  09 22 57.20 +15 56 55.0  27.35919  -8.48047  299.733547 -29.411952   -1.848   5.465   99.59926  32.80828  233.095750   0.212391  6.00902151247420 -17.6535856   41.8817 /L    7.2548   0.4773898   107.22176   -26.98420         n.a.     n.a.
 2026-Sep-25 12:00 *   09 23 20.98 +15 55 23.5  09 24 49.32 +15 48 33.9  26.43792  -8.23022   83.400169  42.209243   -1.855   5.468   99.56888  32.95376  249.099601   0.185449  5.98249254123505 -19.0126983   43.8624 /L    7.5255   0.4614891   107.29155   -29.67344         n.a.     n.a.
 2026-Sep-28 00:00 *   09 25 10.85 +15 47 10.3  09 26 39.06 +15 40 17.9  26.45196  -8.27864  301.780035 -32.854205   -1.862   5.470   99.53845  33.10546  265.116817   0.159383  5.95507997750603 -19.0377953   45.8471 /L    7.7871   0.4619530   107.37850   -29.79450         n.a.     n.a.
 2026-Sep-30 12:00 *m  09 26 58.92 +15 39 04.5  09 28 27.10 +15 32 09.1  25.44922  -8.01909   84.526949  46.004906   -1.870   5.472   99.50786  33.26455  281.146629   0.132681  5.92659904708598 -20.3253629   47.8508 /L    8.0418   0.4447124   107.48973   -32.53953         n.a.     n.a.
 2026-Oct-03 00:00 *   09 28 44.54 +15 31 04.8  09 30 12.64 +15 24 06.4  25.46024  -8.03374  304.104196 -36.252652   -1.878   5.475   99.47750  33.42989  297.190233   0.106898  5.89728723158579 -20.3615028   49.8598 /L    8.2867   0.4449610   107.51260   -32.70015         n.a.     n.a.
 2026-Oct-05 12:00 *m  09 30 28.16 +15 23 14.0  09 31 56.25 +15 16 12.7  24.36789  -7.76138   85.705697  49.844748   -1.886   5.477   99.44728  33.60275  313.247163   0.080517  5.86694958667225 -21.5679948   51.8892 /L    8.5238   0.4262344   107.66712   -35.51046         n.a.     n.a.
 2026-Oct-08 00:00 C   09 32 09.14 +15 15 30.6  09 33 37.15 +15 08 26.9  24.36925  -7.73895  306.760168 -39.590906   -1.895   5.479   99.41760  33.78186  329.318405   0.055087  5.83584291393885 -21.6098674   53.9248 /L    8.7502   0.4261429   107.61830   -35.71305         n.a.     n.a.
 2026-Oct-10 12:00 Cm  09 33 47.89 +15 07 57.9  09 35 15.86 +15 00 51.5  23.17762  -7.44959   86.960714  53.730497   -1.905   5.482   99.38840  33.96858  345.403782   0.029099  5.80376463501781 -22.7216411   55.9818 /L    8.9678   0.4057566   107.81808   -38.59896         n.a.     n.a.
 2026-Oct-13 00:00 Cm  09 35 23.82 +15 00 34.1  09 36 51.70 +14 53 25.2  23.16992  -7.39010  309.814226 -42.847546   -1.914   5.484   99.36006  34.16141    1.503954   0.004086  5.77100402542825 -22.7538564   58.0454 /L    9.1737   0.4053322   107.69020   -38.82608         n.a.     n.a.
 2026-Oct-15 12:00 C   09 36 57.29 +14 53 22.6  09 38 25.17 +14 46 11.0  21.88747  -7.08708   88.328061  57.663747   -1.925   5.486   99.33253  34.36181   17.618898  -0.021434  5.73734683100600 -23.7591577   60.1308 /L    9.3697   0.3834377   107.94175   -41.78108         n.a.     n.a.
 2026-Oct-18 00:00 Cm  09 38 27.75 +14 46 21.6  09 39 55.57 +14 39 07.6  21.86836  -6.99013  313.345910 -45.993705   -1.935   5.488   99.30619  34.56816   33.749018  -0.045950  5.70309949828217 -23.7788297   62.2233 /L    9.5533   0.3826397   107.72626   -42.03447         n.a.     n.a.
 2026-Oct-20 12:00 C   09 39 55.55 +14 39 34.2  09 41 23.39 +14 32 17.8  20.50300  -6.67665   89.863316  61.645307   -1.946   5.490   99.28099  34.78197   49.894441  -0.070910  5.66804100094878 -24.6713573   64.3384 /L    9.7261   0.3593786   108.03747   -45.05781         n.a.     n.a.
 2026-Oct-23 00:00 Cm  09 41 20.18 +14 32 58.7  09 42 47.95 +14 25 40.2  20.47427  -6.54355  317.448239 -48.990857   -1.958   5.492   99.25729  35.00153   66.055323  -0.094837  5.63248603506819 -24.6838439   66.4611 /L    9.8856   0.3582418   107.72380   -45.34330         n.a.     n.a.
 2026-Oct-25 12:00 C   09 42 41.94 +14 26 38.3  09 44 09.71 +14 19 17.6  19.02553  -6.21943   91.659494  65.674841   -1.970   5.494   99.23504  35.22847   82.232070  -0.119133  5.59620176250304 -25.4577639   68.6075 /L   10.0333   0.3336049   108.10252   -48.44545         n.a.     n.a.
 2026-Oct-28 00:00 C   09 44 00.38 +14 20 31.1  09 45 28.09 +14 13 08.2  18.98507  -6.04992  322.224380 -51.788662   -1.982   5.496   99.21458  35.46093   98.424539  -0.142368  5.55951705409846 -25.4676965   70.7625 /L   10.1670   0.3320954   107.67539   -48.77231         n.a.     n.a.
 2026-Oct-30 12:00 Cm  09 45 15.73 +14 14 40.5  09 46 43.50 +14 07 15.4  17.45371  -5.71501   93.886017  69.749882   -1.995   5.497   99.19589  35.70067  114.633449  -0.165893  5.52218329347069 -26.1242706   72.9428 /L   10.2880   0.3060925   108.13042   -51.97123         n.a.     n.a.
 2026-Nov-02 00:00 C   09 46 27.58 +14 09 04.6  09 47 55.31 +14 01 37.5  17.38943  -5.50470  327.778761 -54.322162   -2.008   5.499   99.17927  35.94570  130.858503  -0.188340  5.48454064784254 -26.1301962   75.1328 /L   10.3941   0.3039984   107.56541   -52.35790         n.a.     n.a.
 2026-Nov-04 12:00 Cm  09 47 36.09 +14 03 47.0  09 49 03.86 +13 56 18.0  15.77040  -5.15617   96.885801  73.863663   -2.022   5.500   99.16475  36.19781  147.100662  -0.211001  5.44634130790538 -26.6560146   77.3496 /L   10.4863   0.2765319   108.10529   -55.66830         n.a.     n.a.
 2026-Nov-07 00:00 C   09 48 40.89 +13 58 45.7  09 50 08.61 +13 51 15.0  15.67781  -4.90405  334.197406 -56.510306   -2.036   5.501   99.15259  36.45485  163.359366  -0.232576  5.40793965480778 -26.6522481   79.5768 /L   10.5626   0.2737819   107.36977   -56.11862         n.a.     n.a.
 2026-Nov-09 12:00 C   09 49 42.09 +13 54 04.4  09 51 09.86 +13 46 31.9  13.97247  -4.54219  101.479996  77.996602   -2.051   5.502   99.14282  36.71862  179.635829  -0.254281  5.36909196394154 -27.0283834   81.8315 /L   10.6239   0.2448704   108.00836   -59.54529         n.a.     n.a.
 2026-Nov-12 00:00 Cm  09 50 39.41 +13 49 40.9  09 52 07.16 +13 42 06.7  13.85455  -4.25117  341.511647 -58.257529   -2.065   5.503   99.13564  36.98674  195.929066  -0.274894  5.33016997836730 -27.0021272   84.0970 /L   10.6685   0.2415351   107.05827   -60.04395         n.a.     n.a.
 2026-Nov-14 12:00 C   09 51 32.88 +13 45 38.8  09 53 00.72 +13 38 03.0  12.07293  -3.87995  110.185847  82.080640   -2.081   5.504   99.13111  37.26109  212.240500  -0.295538  5.29092497197665 -27.2258943   86.3904 /L   10.6969   0.2113512   107.81615   -63.59648         n.a.     n.a.
 2026-Nov-17 00:00 Nm  09 52 22.30 +13 41 56.0  09 53 50.13 +13 34 18.7  11.93185  -3.55296  349.650504 -59.460465   -2.096   5.504   99.12935  37.53910  228.568818  -0.315080  5.25174092620320 -27.1704179   88.6948 /L   10.7078   0.2074934   106.58202   -64.13604         n.a.     n.a.
 2026-Nov-19 12:00 C   09 53 07.69 +13 38 35.8  09 54 35.58 +13 30 57.2  10.08946  -3.17837  134.361532  85.763476   -2.113   5.504   99.13041  37.82268  244.915574  -0.334543  5.21236527524463 -27.2370647   91.0277 /L   10.7017   0.1763040   107.48540   -67.81255         n.a.     n.a.
 2026-Nov-22 00:00 Nm  09 53 48.88 +13 35 35.9  09 55 16.76 +13 27 56.0  9.922596  -2.81643  358.401201 -60.023457   -2.129   5.504   99.13434  38.10918  261.279182  -0.352897  5.17317984623658 -27.1611726   93.3717 /L   10.6774   0.1719093   105.84605   -68.40712         n.a.     n.a.
 2026-Nov-24 12:00 Cm  09 54 25.85 +13 32 59.7  09 55 53.81 +13 25 18.5  8.029279  -2.44179  205.235678  86.602591   -2.146   5.504   99.14122  38.40050  277.661438  -0.371054  5.13393347768189 -27.0683456   95.7452 /L   10.6352   0.1398726   106.91507   -72.21999         n.a.     n.a.
 2026-Nov-27 00:00 C   09 54 58.51 +13 30 44.8  09 56 26.51 +13 23 02.3  7.835232  -2.04633    7.413712 -59.879010   -2.163   5.504   99.15100  38.69392  294.060455  -0.388103  5.09500300320056 -26.9775035   98.1305 /L   10.5744   0.1349674   104.63703   -72.87479         n.a.     n.a.
 2026-Nov-29 12:00 Nm  09 55 26.74 +13 28 54.8  09 56 54.85 +13 21 11.2  5.886801  -1.66858  242.964910  83.265987   -2.180   5.503   99.16377  38.99137  310.478395  -0.404843  5.05613560591290 -26.7241831  100.5466 /L   10.4947   0.1019785   105.82507   -76.87190         n.a.     n.a.
 2026-Dec-02 00:00 C   09 55 50.53 +13 27 27.1  09 57 18.65 +13 19 42.7  5.658462  -1.23878   16.271301 -59.004041   -2.198   5.503   99.17943  39.28989  326.913066  -0.420491  5.01771964042569 -26.6083701  102.9755 /L   10.3958   0.0965413   102.34871   -77.58900         n.a.     n.a.
 2026-Dec-04 12:00 Nm  09 56 09.68 +13 26 25.4  09 57 37.90 +13 18 40.1  3.666925  -0.86172  254.631214  78.986729   -2.215   5.502   99.19808  39.59136  343.366806  -0.435718  4.97951196766860 -26.1805698  105.4360 /L   10.2771   0.0627803   103.22450   -81.78675         n.a.     n.a.
 2026-Dec-07 00:00 C   09 56 24.28 +13 25 46.9  09 57 52.52 +13 18 00.8  3.404740  -0.40099   24.598798 -57.424434   -2.233   5.501   99.21950  39.89264  359.837048  -0.449874  4.94190476968927 -26.0273458  107.9092 /L   10.1386   0.0571378   96.716958   -82.52880         n.a.     n.a.
 2026-Dec-09 12:00 N   09 56 34.08 +13 25 35.0  09 58 02.45 +13 17 48.2  1.390282  -0.03213  260.215889  74.463442   -2.251   5.499   99.24378  40.19550   16.326207  -0.463489  4.90466951831747 -25.4171677  110.4142 /L    9.9797   0.0231776   91.323733   -86.90543         n.a.     n.a.
 2026-Dec-12 00:00 Cm  09 56 39.29 +13 25 46.7  09 58 07.72 +13 17 59.3  1.106541  0.450866   32.145506 -55.204044   -2.269   5.498   99.27060  40.49668   32.831286  -0.476053  4.86819224730202 -25.2243390  112.9315 /L    9.8008   0.0199145   67.831290   -87.34003         n.a.     n.a.
 2026-Dec-14 12:00 N   09 56 39.60 +13 26 25.3  09 58 08.16 +13 18 37.5  -0.91175  0.804804  263.696252  69.809410   -2.287   5.496   99.30002  40.79790   49.354879  -0.487946  4.83224953733059 -24.4312421  115.4803 /L    9.6011   0.0202690   311.43499   -87.22561         n.a.     n.a.
 2026-Dec-17 00:00 Cm  09 56 35.33 +13 27 27.6  09 58 03.93 +13 19 39.4  -1.20994  1.303417   38.805794 -52.426151   -2.305   5.494   99.33163  41.09578   65.893533  -0.498810  4.79722387273791 -24.1964648  118.0405 /L    9.3814   0.0296407   317.12987   -85.93680         n.a.     n.a.
 2026-Dec-19 12:00 N   09 56 26.13 +13 28 56.4  09 57 54.85 +13 21 08.1  -3.20352  1.632512  266.229718  65.057350   -2.323   5.492   99.36546  41.39198   82.449954  -0.508874  4.76289461617039 -23.2295702  120.6319 /L    9.1408   0.0599250   297.00336   -81.55221         n.a.     n.a.
 2026-Dec-22 00:00 Cm  09 56 12.43 +13 30 48.5  09 57 41.20 +13 22 59.9  -3.51263  2.141717   44.588399 -49.177132   -2.341   5.490   99.40102  41.68311   99.020392  -0.517942  4.72962861464963 -22.9566521  123.2339 /L    8.8807   0.0685677   301.37148   -80.30971         n.a.     n.a.
 2026-Dec-24 12:00 Nm  09 55 53.81 +13 33 06.5  09 57 22.76 +13 25 17.7  -5.45993  2.439756  268.267448  60.221565   -2.358   5.488   99.43831  41.97076  115.607638  -0.526087  4.69721429534528 -21.8220726  125.8668 /L    8.5997   0.0996706   294.07738   -75.46172         n.a.     n.a.
 2026-Dec-27 00:00 C   09 55 30.82 +13 35 47.1  09 56 59.85 +13 27 58.3  -5.78050  2.956749   49.568672 -45.535688   -2.376   5.486   99.47677  42.25157  132.207692  -0.533291  4.66599551082882 -21.5229286  128.5100 /L    8.2997   0.1082134   297.08993   -74.16807         n.a.     n.a.
 2026-Dec-29 12:00 Nm  09 55 02.95 +13 38 52.8  09 56 32.12 +13 31 04.4  -7.67065  3.222494  270.022770  55.310754   -2.392   5.483   99.51640  42.52697  148.823590  -0.539466  4.63577865892937 -20.2174631  131.1842 /L    7.9791   0.1386675   292.78763   -68.97654         n.a.     n.a.
$$EOE
**********************************************************************************************************************************************************************************************************************************************************************************************
Column meaning:
 
TIME

  Times PRIOR to 1962 are UT1, a mean-solar time closely related to the
prior but now-deprecated GMT. Times AFTER 1962 are in UTC, the current
civil or "wall-clock" time-scale. UTC is kept within 0.9 seconds of UT1
using integer leap-seconds for 1972 and later years.

  Conversion from the internal Barycentric Dynamical Time (TDB) of solar
system dynamics to the non-uniform civil UT time-scale requested for output
has not been determined for UTC times after the next July or January 1st.
Therefore, the last known leap-second is used as a constant over future
intervals.

  Time tags refer to the UT time-scale conversion from TDB on Earth
regardless of observer location within the solar system, although clock
rates may differ due to the local gravity field and no analog to "UT"
may be defined for that location.

  Any 'b' symbol in the 1st-column denotes a B.C. date. First-column blank
(" ") denotes an A.D. date.
 
CALENDAR SYSTEM

  Mixed calendar mode was active such that calendar dates after AD 1582-Oct-15
(if any) are in the modern Gregorian system. Dates prior to 1582-Oct-5 (if any)
are in the Julian calendar system, which is automatically extended for dates
prior to its adoption on 45-Jan-1 BC.  The Julian calendar is useful for
matching historical dates. The Gregorian calendar more accurately corresponds
to the Earth's orbital motion and seasons. A "Gregorian-only" calendar mode is
available if such physical events are the primary interest.

  NOTE: "n.a." in output means quantity "not available" at the print-time.
 
SOLAR PRESENCE (OBSERVING SITE)
  Time tag is followed by a blank, then a solar-presence symbol:

       '*'  Daylight (refracted solar upper-limb on or above apparent horizon)
       'C'  Civil twilight/dawn
       'N'  Nautical twilight/dawn
       'A'  Astronomical twilight/dawn
       ' '  Night OR geocentric ephemeris

LUNAR PRESENCE (OBSERVING SITE)
  The solar-presence symbol is immediately followed by a lunar-presence symbol:

       'm'  Refracted upper-limb of Moon on or above apparent horizon
       ' '  Refracted upper-limb of Moon below apparent horizon OR geocentric
            ephemeris
 
 'R.A._____(ICRF)_____DEC' =
  Astrometric right ascension and declination of the target center with
respect to the observing site (coordinate origin) in the reference frame of
the planetary ephemeris (ICRF). Compensated for down-leg light-time delay
aberration.

  Units: RA  in hours-minutes-seconds of time,    HH MM SS.ff{ffff}
         DEC in degrees-minutes-seconds of arc,  sDD MN SC.f{ffff}
 
 'R.A.__(a-apparent)__DEC' =
  Airless apparent right ascension and declination of the target center
with respect to an instantaneous reference frame defined by the Earth equator
of-date (z-axis) and meridian containing the Earth equinox of-date (x-axis,
EOP-corrected IAU76/80). Compensated for down-leg light-time delay,
gravitational deflection of light, stellar aberration, precession & nutation.
Note: equinox (RA origin) is offset -53 mas from the of-date frame defined
by the IAU06/00a P & N system.

  Units: RA  in hours-minutes-seconds of time,   HH MM SS.ff{ffff}
         DEC in degrees-minutes-seconds of arc, sDD MN SC.f{ffff}
 
 'dRA*cosD d(DEC)/dt' =
  The angular rate of change in apparent RA and DEC of the target. This is
with respect to the non-inertial IAU76/80 Earth true equator and equinox
of-date reference frame.  d(RA)/dt is multiplied by the cosine of declination
to provide a linear rate in the plane-of-sky. Units: ARCSECONDS PER HOUR
 
 'Azi____(a-app)___Elev' =
  Airless apparent azimuth and elevation of target center. Compensated
for light-time, the gravitational deflection of light, stellar aberration,
precession and nutation. Azimuth is measured clockwise from north:

  North(0) -> East(90) -> South(180) -> West(270) -> North (360)

Elevation angle is with respect to a plane perpendicular to the reference
surface local zenith direction. TOPOCENTRIC ONLY.  Units: DEGREES
 
 'APmag   S-brt' =
  The targets' approximate apparent visual magnitude and surface brightness.
For planets and natural satellites, output is restricted to solar phase angles
covered by observational data. Outside the observed phase angle range, "n.a."
may be output to avoid extrapolation beyond the limit of model validity.

   For Earth-based observers, the estimated dimming due to atmospheric
absorption (extinction) is available as a separate, requestable quantity.

   Surface brightness is the average airless visual magnitude of a
square-arcsecond of the illuminated portion of the apparent disk. It is
computed only if the target radius is known.

   Units: MAGNITUDES & MAGNITUDES PER SQUARE ARCSECOND
 
 'Illu%' =
   Fraction of the target objects' assumed circular disk illuminated by Sun
(phase), as seen by the observer.  Units: PERCENT
 
 'Ang-diam' =
   The equatorial angular width of the target body full disk, if it were fully
illuminated and visible to the observer. If the target body diameter is unknown
"n.a." is output.

   Units: ARCSECONDS
 
 'ObsSub-LON ObsSub-LAT' =
   Apparent planetodetic longitude and latitude of the center of the target
disc seen by the OBSERVER at print-time. This is NOT exactly the same as the
"nearest" sub-point for a non-spherical target shape (since the center of the
disc might not be the point closest to the observer), but is generally very
close if not a very irregular body shape. Down-leg light travel-time from
target to observer is taken into account. Latitude is the angle between the
equatorial plane and the line perpendicular to the reference ellipsoid of the
body, so includes body oblateness. The reference ellipsoid is an oblate
spheroid with a single flatness coefficient in which the y-axis body radius
is taken to be the same value as the x-axis radius.  For Jupiter, Saturn, and
Uranus, IAU2015 longitude is based on the "System III" prime meridian rotation
angle of the magnetic field. By contrast, pole direction (thus latitude) is
relative to the body dynamical equator.  There can be an offset between the
magnetic pole and the dynamical pole of rotation. For Neptune, rotation is
IAU2015 "System II" rotation of optically observed features in the Neptunian
atmosphere. Positive longitude is to the WEST for this target. Cartographic
system is specified in the header.  Units: DEGREES DEGREES
 
 'delta      deldot' =
   Apparent range ("delta", light-time aberrated) and range-rate ("delta-dot")
of the target center relative to the observer. A positive "deldot" means the
target center is moving away from the observer, negative indicates movement
toward the observer.  Units: AU and KM/S
 
 'S-O-T /r' =
   Sun-Observer-Target apparent SOLAR ELONGATION ANGLE seen from the observers'
location at print-time.

   The '/r' column provides a code indicating the targets' apparent position
relative to the Sun in the observers' sky, as described below:

   Case A: For an observing location on the surface of a rotating body, that
body rotational sense is considered:

    /T indicates target TRAILS Sun   (evening sky: rises and sets AFTER Sun)
    /L indicates target LEADS Sun    (morning sky: rises and sets BEFORE Sun)

   Case B: For an observing point that does not have a rotational model (such
as a spacecraft), the "leading" and "trailing" condition is defined by the
observers' heliocentric ORBITAL motion:

    * If continuing in the observers' current direction of heliocentric
       motion would encounter the targets' apparent longitude first, followed
       by the Sun's, the target LEADS the Sun as seen by the observer.

    * If the Sun's apparent longitude would be encountered first, followed
       by the targets', the target TRAILS the Sun.

   Two other codes can be output:
    /* indicates observer is Sun-centered    (undefined)
    /? Target is aligned with Sun center     (no lead or trail)

   The S-O-T solar elongation angle is numerically the minimum separation
angle of the Sun and target in the sky in any direction. It does NOT indicate
the amount of separation in the leading or trailing directions, which would
be defined along the equator of a spherical coordinate system.

   Units: DEGREES
 
 'S-T-O' =
   The Sun-Target-Observer angle; the interior vertex angle at target center
formed by a vector from the target to the apparent center of the Sun (at
reflection time on the target) and the apparent vector from target to the
observer at print-time. Slightly different from true PHASE ANGLE (requestable
separately) at the few arcsecond level in that it includes stellar aberration
on the down-leg from target to observer.  Units: DEGREES
 
 'Sky_motion  Sky_mot_PA  RelVel-ANG' =
  Total apparent angular rate of the target in the plane-of-sky. "Sky_mot_PA"
is the position angle of the target's direction of motion in the plane-of-sky,
measured counter-clockwise from the apparent of-date north pole direction.
"RelVel-ANG" is the flight path angle of the target's relative motion with
respect to the observer's line-of-sight, in the range [-90,+90], where positive
values indicate motion away from the observer, negative values are toward the
observer:

  -90 = target is moving directly toward the observer
    0 = target is moving at right angles to the observer's line-of-sight
  +90 = target is moving directly away from the observer

UNITS:  ARCSECONDS/MINUTE, DEGREES, DEGREES
 
 'Lun_Sky_Brt  sky_SNR' =
  Sky brightness due to moonlight scattered by Earth's atmosphere at the
target's position in the sky. "sky_SNR" is the visual signal-to-noise ratio
(SNR) of the target's surface brightness relative to background sky. Output
only for topocentric Earth observers when both the Moon and target are above
the local horizon and the Sun is in astronomical twilight (or further) below
the horizon, and the target is not the Moon or Sun. If all conditions are
not met, "n.a." is output. Galactic brightness, local sky light-pollution
and weather are NOT considered. Lunar opposition surge is considered. The
value returned is accurate under ideal conditions at the approximately 8-23%
level, so is a useful but not definitive value.

  If the target-body radius is also known, "sky_SNR" is output. This is the
approximate visual signal-to-noise ratio of the target's brightness divided
by lunar sky brightness. When sky_SNR < 1, the target is dimmer than the
ideal moonlight-scattering background sky, so unlikely to be detectable at
visual wavelengths. In practice, visibility requires sky_SNR > 1 and a
detector sensitive enough to reach the target's magnitude, even if it isn't
washed out by moonlight. When relating magnitudes and brightness values,
keep in mind their logarithmic relationship m2-m1 = -2.5*log_10(b2/b1).

  UNITS: VISUAL MAGNITUDES / ARCSECOND^2, and unitless ratio

Computations by ...

    Solar System Dynamics Group, Horizons On-Line Ephemeris System
    4800 Oak Grove Drive, Jet Propulsion Laboratory
    Pasadena, CA  91109   USA

    General site: https://ssd.jpl.nasa.gov/
    Mailing list: https://ssd.jpl.nasa.gov/email_list.html
    System news : https://ssd.jpl.nasa.gov/horizons/news.html
    User Guide  : https://ssd.jpl.nasa.gov/horizons/manual.html
    Connect     : browser        https://ssd.jpl.nasa.gov/horizons/app.html#/x
                  API            https://ssd-api.jpl.nasa.gov/doc/horizons.html
                  command-line   telnet ssd.jpl.nasa.gov 6775
                  e-mail/batch   https://ssd.jpl.nasa.gov/ftp/ssd/horizons_batch.txt
                  scripts        https://ssd.jpl.nasa.gov/ftp/ssd/SCRIPTS
    Author      : Jon.D.Giorgini@jpl.nasa.gov

**********************************************************************************************************************************************************************************************************************************************************************************************
