*******************************************************************************
 Revised: April 12, 2021               Jupiter                              599
 
 PHYSICAL DATA (revised 2025-Jan-30):
  Mass x 10^26 (kg)     = 18.9819           Density (g/cm^3)  = 1.3262 +- .0003
  Equat. radius (1 bar) = 71492+-4 km       Polar radius (km)     = 66854+-10
  Vol. Mean Radius (km) = 69911+-6          Flattening            = 0.06487
  Geometric Albedo      = 0.52              Rocky core mass (Mc/M)= 0.0261
  Sid. rot. period (III)= 9h 55m 29.711 s   Sid. rot. rate (rad/s)= 0.00017585
  Mean solar day, hrs   = ~9.9259         
  GM (km^3/s^2)         = 126686531.900     GM 1-sigma (km^3/s^2) =  +- 1.2732
  Equ. grav, ge (m/s^2) = 24.79             Pol. grav, gp (m/s^2) =  28.34
  Vis. magnitude V(1,0) = -9.40
  Vis. mag. (opposition)= -2.70             Obliquity to orbit    =  3.13 deg
  Sidereal orbit period = 11.861982204 y    Sidereal orbit period = 4332.589 d
  Mean daily motion     = 0.0831294 deg/d   Mean orbit speed, km/s= 13.0697
  Atmos. temp. (1 bar)  = 165+-5 K          Escape speed, km/s    =  59.5           
  A_roche(ice)/Rp       =  2.76             Hill's sphere rad. Rp = 740
                                 Perihelion   Aphelion     Mean
  Solar Constant (W/m^2)         56           46           51
  Maximum Planetary IR (W/m^2)   13.7         13.4         13.6
  Minimum Planetary IR (W/m^2)   13.7         13.4         13.6
*******************************************************************************


*******************************************************************************
Ephemeris / WWW_USER Mon Apr  6 15:51:42 2026 Pasadena, USA      / Horizons    
*******************************************************************************
Target body name: Jupiter (599)                   {source: jup365_merged}
Center body name: Earth (399)                     {source: DE441}
Center-site name: (user defined site below)
*******************************************************************************
Start time      : A.D. 2026-Jan-01 00:00:00.0000 UT      
Stop  time      : A.D. 2026-Dec-31 00:00:00.0000 UT      
Step-size       : 3600 minutes
*******************************************************************************
Target pole/equ : IAU_JUPITER                     {West-longitude positive}
Target radii    : 71492.0, 71492.0, 66854.0 km    {Equator_a, b, pole_c}       
Center geodetic : 255.5, 24.0, 1.9                {E-lon(deg),Lat(deg),Alt(km)}
Center cylindric: 255.5, 5831.683, 2579.05622     {E-lon(deg),Dxy(km),Dz(km)}
Center pole/equ : ITRF93                          {East-longitude positive}
Center radii    : 6378.137, 6378.137, 6356.752 km {Equator_a, b, pole_c}       
Target primary  : Sun
Vis. interferer : MOON (R_eq= 1737.400) km        {source: DE441}
Rel. light bend : Sun                             {source: jup365_merged}
Rel. lght bnd GM: 1.3271E+11 km^3/s^2                                          
Atmos refraction: NO (AIRLESS)
RA format       : HMS
Time format     : CAL 
Calendar mode   : Mixed Julian/Gregorian
EOP file        : eop.260406.p260703                                           
EOP coverage    : DATA-BASED 1962-JAN-20 TO 2026-APR-06. PREDICTS-> 2026-JUL-02
Units conversion: 1 au= 149597870.700 km, c= 299792.458 km/s, 1 day= 86400.0 s 
Table cut-offs 1: Elevation (-90.0deg=NO ),Airmass (>38.000=NO), Daylight (NO )
Table cut-offs 2: Solar elongation (  0.0,180.0=NO ),Local Hour Angle( 0.0=NO )
Table cut-offs 3: RA/DEC angular rate (     0.0=NO )                           
**********************************************************************************************************************************************************************************************************************************************************************************************
 Date__(UT)__HR:MN     R.A._____(ICRF)_____DEC  R.A.__(a-apparent)__DEC  dRA*cosD d(DEC)/dt  Azi____(a-app)___Elev    APmag   S-brt      Illu%  Ang-diam  ObsSub-LON ObsSub-LAT             delta      deldot     S-O-T /r     S-T-O  Sky_motion  Sky_mot_PA  RelVel-ANG  Lun_Sky_Brt  sky_SNR
**********************************************************************************************************************************************************************************************************************************************************************************************
$$SOE
 2026-Jan-01 00:00 *m  07 30 55.16 +22 02 03.4  07 32 29.95 +21 58 43.7  -19.0749  3.590263   58.177402 -13.407496   -2.670   5.403   99.96876  46.46729  336.671197   1.577448  4.24267564829382  -4.8949877  169.2057 /L    2.0310   0.3234977   280.65944   -16.44374         n.a.     n.a.
 2026-Jan-03 12:00  m  07 29 30.88 +22 05 26.4  07 31 05.83 +22 02 09.8  -19.8117  3.250037  282.564548  29.935370   -2.674   5.403   99.98312  46.52890  353.369840   1.580458  4.23705796227220  -2.8320821  172.0859 /L    1.4944   0.3346085   279.31619   -9.389230        4.417    1.223
 2026-Jan-06 00:00 *   07 28 05.94 +22 08 47.5  07 29 41.01 +22 05 33.7  -19.6389  3.574589   60.886143  -8.911957   -2.676   5.402   99.99313  46.56845   10.060607   1.583630  4.23345916314669  -2.1975006  174.9586 /L    0.9557   0.3326931   280.31579   -7.360408         n.a.     n.a.
 2026-Jan-08 12:00  m  07 26 39.73 +22 12 07.9  07 28 14.90 +22 08 57.5  -20.1051  3.186039  284.359373  24.956374   -2.676   5.403   99.99873  46.58694   26.746420   1.587030  4.23177907065439  -0.0884769  177.8382 /L    0.4137   0.3392670   279.00472   -0.297903        1.557    3.470
 2026-Jan-11 00:00 *   07 25 13.65 +22 15 24.8  07 26 48.90 +22 12 17.2  -19.8449  3.495800   63.364724  -4.297830   -2.676   5.403   99.99984  46.58310   43.421223   1.590420  4.23212816993728   0.5386371  179.2221 /T    0.1410   0.3358413   279.99049   1.7899435         n.a.     n.a.
 2026-Jan-13 12:00  m  07 23 47.09 +22 18 39.0  07 25 22.44 +22 15 34.7  -20.0252  3.064878  286.208262  20.014121   -2.674   5.403   99.99644  46.55777   60.087810   1.594030  4.23443028675239   2.6793384  176.3680 /T    0.6783   0.3376401   278.70164   8.8070345        0.323   16.714
 2026-Jan-16 00:00 *   07 22 21.51 +22 21 48.2  07 23 56.96 +22 18 46.7  -19.6677  3.356771   65.641118   0.406062   -2.671   5.404   99.98860  46.51029   76.740125   1.597461  4.23875325613885   3.2839073  173.4955 /T    1.2178   0.3325344   279.68561   10.903763         n.a.     n.a.
 2026-Jan-18 12:00     07 20 56.27 +22 24 52.9  07 22 31.83 +22 21 54.7  -19.5570  2.890793  288.126280  15.126937   -2.667   5.405   99.97636  46.44148   93.381009   1.601114  4.24503368079375   5.4316261  170.6141 /T    1.7561   0.3294924   278.40820   17.804863         n.a.     n.a.
 2026-Jan-21 00:00 *m  07 19 32.88 +22 27 51.3  07 21 08.52 +22 24 56.1  -19.1015  3.163412   67.740150   5.173067   -2.661   5.407   99.95997  46.35123  110.004503   1.604432  4.25329923130289   6.0026659  167.7488 /T    2.2871   0.3226952   279.40343   19.885467         n.a.     n.a.
 2026-Jan-23 12:00     07 18 10.66 +22 30 43.4  07 19 46.36 +22 27 51.6  -18.7043  2.670472  290.127889  10.313718   -2.654   5.408   99.93950  46.24040  126.613454   1.607986  4.26349351978490   8.1204588  164.8808 /T    2.8132   0.3148990   278.12540   26.577719         n.a.     n.a.
 2026-Jan-26 00:00 *m  07 16 51.09 +22 33 28.4  07 18 26.84 +22 30 39.2  -18.1643  2.924430   69.684221   9.978636   -2.646   5.410   99.91536  46.10948  143.202316   1.611068  4.27559856118412   8.6414895  162.0333 /T    3.3288   0.3066375   279.14604   28.598381         n.a.     n.a.
 2026-Jan-28 12:00     07 15 33.45 +22 36 05.7  07 17 09.27 +22 33 19.4  -17.5019  2.415164  292.227414   5.593204   -2.636   5.412   99.88763  45.95928  159.773989   1.614408  4.28957231369504  10.7035671  159.1870 /T    3.8367   0.2944620   277.85689   35.027968         n.a.     n.a.
 2026-Jan-31 00:00 *m  07 14 19.18 +22 38 35.2  07 15 55.08 +22 35 51.4  -16.9035  2.653242   71.493411  14.801135   -2.625   5.415   99.85686  45.79081  176.323395   1.617152  4.30535377014653  11.1629792  156.3643 /T    4.3312   0.2851751   278.92057   36.945654         n.a.     n.a.
 2026-Feb-02 12:00  m  07 13 07.48 +22 40 56.1  07 14 43.44 +22 38 15.4  -16.0073  2.139285  294.440294   0.983602   -2.614   5.417   99.82313  45.60469  192.853552   1.620170  4.32292501064921  13.1529325  153.5452 /T    4.8155   0.2691603   277.61215   43.078118        3.693    1.467
 2026-Feb-05 00:00 *   07 11 59.73 +22 43 09.0  07 13 35.73 +22 40 30.7  -15.3655  2.362646   73.185611  19.622378   -2.601   5.420   99.78709  45.40226  209.359745   1.622459  4.34219841646323  13.5604938  150.7518 /T    5.2843   0.2591017   278.74150   44.914769         n.a.     n.a.
 2026-Feb-07 12:00  m  07 10 55.15 +22 45 12.6  07 12 31.16 +22 42 37.0  -14.2546  1.851928  296.782818  -3.497681   -2.587   5.423   99.74882  45.18397  225.844880   1.625026  4.36317628838591  15.4643274  147.9641 /T    5.7406   0.2395733   277.40229   50.746825         n.a.     n.a.
 2026-Feb-10 00:00 *   07 09 55.04 +22 47 08.2  07 11 31.08 +22 44 34.6  -13.5811  2.059855   74.777253  24.426505   -2.573   5.426   99.70903  44.95149  242.304674   1.626740  4.38574209342996  15.8190141  145.2039 /T    6.1794   0.2289404   278.62436   52.501116         n.a.     n.a.
 2026-Feb-12 12:00  m  07 08 58.63 +22 48 54.1  07 10 34.69 +22 46 22.8  -12.2672  1.557137  299.271896  -7.833125   -2.557   5.429   99.66780  44.70506  258.741845   1.628738  4.40991751827730  17.6214445  142.4515 /T    6.6038   0.2060934   277.23417   58.057214         n.a.     n.a.
 2026-Feb-15 00:00 *   07 08 07.14 +22 50 32.0  07 09 43.25 +22 48 02.5  -11.5773  1.748484   76.282983  29.199662   -2.541   5.432   99.62589  44.44677  275.152649   1.629785  4.43554448699632  17.9133315  139.7286 /T    7.0089   0.1951433   278.58829   59.710462         n.a.     n.a.
 2026-Feb-17 12:00     07 07 19.80 +22 51 59.7  07 08 55.91 +22 49 32.4  -10.0903  1.259700  301.925254 -12.005026   -2.524   5.435   99.58333  44.17664  291.539706   1.631132  4.46266750842629  19.5991131  137.0158 /T    7.3978   0.1694770   277.11615   64.991899         n.a.     n.a.
 2026-Feb-20 00:00 *m  07 06 37.76 +22 53 19.7  07 08 13.87 +22 50 53.9  -9.39037  1.431708   77.716602  33.930176   -2.506   5.438   99.54092  43.89702  307.899752   1.631448  4.49109362282966  19.8195265  134.3343 /T    7.7661   0.1583148   278.66887   66.555863         n.a.     n.a.
 2026-Feb-22 12:00     07 06 00.23 +22 54 29.3  07 07 36.30 +22 52 05.0  -7.76643  0.962153  304.760963 -15.995923   -2.488   5.442   99.49863  43.60783  324.235404   1.632095  4.52087703947233  21.3687964  131.6651 /T    8.1169   0.1304300   277.06217   71.553166         n.a.     n.a.
 2026-Feb-25 00:00 *m  07 05 28.23 +22 55 31.3  07 07 04.32 +22 53 08.0  -7.08028  1.114999   79.091826  38.608571   -2.470   5.445   99.45725  43.31159  340.543994   1.631651  4.55179866212803  21.5159619  129.0288 /T    8.4461   0.1194589   278.94942   73.012560         n.a.     n.a.
 2026-Feb-27 12:00     07 05 00.97 +22 56 22.8  07 06 37.05 +22 54 00.8  -5.35487  0.669322  307.797766 -19.788531   -2.451   5.448   99.41669  43.00800  356.828047   1.631563  4.58392964848183  22.9140081  126.4062 /T    8.7570   0.0899423   277.12463   77.729386         n.a.     n.a.
 2026-Mar-02 00:00 *m  07 04 39.34 +22 57 07.2  07 06 15.43 +22 54 46.0  -4.70740  0.803999   80.422182  43.228058   -2.432   5.451   99.37767  42.69968   13.085569   1.630329  4.61702890712865  22.9968764  123.8168 /T    9.0460   0.0795927   279.69230   79.067295         n.a.     n.a.
 2026-Mar-04 12:00  m  07 04 22.56 +22 57 41.2  07 05 58.59 +22 55 21.0  -2.91151  0.385918  311.055010 -23.365694   -2.413   5.454   99.34007  42.38598   29.318840   1.629456  4.65119907959630  24.2509939  121.2413 /T    9.3163   0.0489497   277.55047   83.525514         n.a.     n.a.
 2026-Mar-07 00:00 *   07 04 11.43 +22 58 08.5  07 05 47.44 +22 55 48.5  -2.30764  0.500464   81.722547  47.784167   -2.393   5.457   99.30454  42.06955   45.526284   1.627380  4.68618333786490  24.2785066  118.6988 /T    9.5645   0.0393548   282.23637   84.753704         n.a.     n.a.
 2026-Mar-09 12:00 Am  07 04 05.22 +22 58 25.4  07 05 41.17 +22 56 05.8  -0.45729  0.110069  314.550781 -26.709862   -2.374   5.459   99.27093  41.74952   61.709923   1.625665  4.72210576795814  25.3889016  116.1701 /T    9.7939   0.0078392   283.53348   88.990301         n.a.     n.a.
 2026-Mar-12 00:00 *   07 04 04.64 +22 58 35.9  07 05 40.59 +22 56 16.2  0.102634  0.201614   83.009977  52.273595   -2.354   5.462   99.23983  41.42852   77.868574   1.622703  4.75869361403355  25.3683415  113.6741 /T   10.0012   0.0037706   26.978870   89.510150         n.a.     n.a.
 2026-Mar-14 12:00 Am  07 04 09.01 +22 58 36.0  07 05 44.91 +22 56 16.4  1.991839  -0.16209  318.300653 -29.802288   -2.335   5.464   99.21107  41.10555   94.003949   1.620107  4.79608283464570  26.3246750  111.1921 /T   10.1895   0.0333071   94.652323   85.804794         n.a.     n.a.
 2026-Mar-17 00:00 *   07 04 18.94 +22 58 29.9  07 05 54.83 +22 56 10.0  2.501932  -0.09560   84.305516  56.693944   -2.315   5.466   99.18515  40.78329  110.115415   1.616240  4.83398051566713  26.2520547  108.7425 /T   10.3562   0.0417293   92.188329   84.693493         n.a.     n.a.
 2026-Mar-19 12:00 A   07 04 33.81 +22 58 13.4  07 06 09.60 +22 55 53.1  4.411578  -0.43331  322.315759 -32.623689   -2.296   5.468   99.16187  40.46056  126.204390   1.612749  4.87253879171227  27.0532833  106.3072 /T   10.5039   0.0738801   95.609682   80.862473         n.a.     n.a.
 2026-Mar-22 00:00 *m  07 04 54.11 +22 57 50.6  07 06 29.87 +22 55 29.5  4.864290  -0.39320   85.638839  61.043899   -2.276   5.470   99.14165  40.14008  142.270736   1.607983  4.91144151836678  26.9223431  103.9044 /T   10.6303   0.0813359   94.621366   79.831550         n.a.     n.a.
 2026-Mar-24 12:00 A   07 05 19.25 +22 57 17.3  07 06 54.93 +22 54 55.3  6.764558  -0.70389  326.600686 -35.154794   -2.257   5.471   99.12426  39.82051  158.315728   1.603604  4.95085600653432  27.5640985  101.5161 /T   10.7382   0.1133514   95.940535   76.174305         n.a.     n.a.
 2026-Mar-27 00:00 *m  07 05 49.62 +22 56 37.9  07 07 25.30 +22 54 14.7  7.154535  -0.69018   87.054778  65.323320   -2.238   5.473   99.11000  39.50451  174.339657   1.597948  4.99045938432293  27.3859143   99.1601 /T   10.8256   0.1197958   95.510165   75.217903         n.a.     n.a.
 2026-Mar-29 12:00 A   07 06 24.66 +22 55 48.0  07 08 00.25 +22 53 23.8  9.022378  -0.97294  331.152000 -37.376503   -2.220   5.474   99.09864  39.19060  190.343561   1.592677  5.03043224235813  27.8726133   96.8182 /T   10.8950   0.1512448   96.154791   71.739413         n.a.     n.a.
 2026-Apr-01 00:00 *   07 07 04.65 +22 54 52.1  07 08 40.20 +22 52 26.4  9.344101  -0.98482   88.628641  69.533058   -2.202   5.475   99.09039  38.88125  206.328110   1.586121  5.07045513709914  27.6636775   94.5073 /T   10.9450   0.1565976   96.016446   70.865677         n.a.     n.a.
 2026-Apr-03 12:00 Nm  07 07 49.14 +22 53 45.6  07 09 24.57 +22 51 18.4  11.17844  -1.24190  335.955186 -39.271044   -2.184   5.476   99.08502  38.57486  222.293916   1.579930  5.11072790829479  28.0052976   92.2095 /T   10.9777   0.1874536   96.339456   67.534478         n.a.     n.a.
 2026-Apr-06 00:00 *   07 08 38.33 +22 52 33.1  07 10 13.73 +22 50 03.9  11.43552  -1.28016   90.505575  73.673595   -2.166   5.476   99.08267  38.27385  238.241996   1.572455  5.15092214074596  27.7731925   89.9413 /T   10.9920   0.1917826   96.387420   66.734767         n.a.     n.a.
 2026-Apr-08 12:00 Nm  07 09 31.82 +22 51 10.0  07 11 07.12 +22 48 38.8  13.23014  -1.51353  340.982035 -40.822535   -2.149   5.476   99.08312  37.97649  254.172589   1.565324  5.19125430980101  27.9764252   87.6851 /T   10.9897   0.2219406   96.526266   63.535260         n.a.     n.a.
 2026-Apr-11 00:00 *   07 10 29.77 +22 49 40.6  07 12 05.05 +22 47 07.4  13.43383  -1.58002   93.010450  77.743280   -2.132   5.477   99.08644  37.68514  270.086968   1.556921  5.23138970520336  27.7209233   85.4572 /T   10.9697   0.2254404   96.708048   62.784599         n.a.     n.a.
 2026-Apr-13 12:00 Nm  07 11 31.83 +22 48 00.4  07 13 06.99 +22 45 25.1  15.18281  -1.79171  346.189819 -42.018416   -2.115   5.477   99.09243  37.39806  285.985110   1.548845  5.27154737676848  27.7855838   83.2403 /T   10.9340   0.2548027   96.730296   59.700038         n.a.     n.a.
 2026-Apr-16 00:00 *   07 12 38.09 +22 46 13.9  07 14 13.20 +22 43 36.1  15.33485  -1.88641   97.072932  81.732988   -2.099   5.476   99.10110  37.11753  301.868587   1.539524  5.31138919354506  27.5073575   81.0509 /T   10.8815   0.2575074   97.013000   58.992577         n.a.     n.a.
 2026-Apr-18 12:00 N   07 13 48.29 +22 44 16.2  07 15 23.27 +22 41 35.8  17.03147  -2.07808  351.522425 -42.851489   -2.084   5.476   99.11227  36.84183  317.737088   1.530518  5.35113607711463  27.4274630   78.8720 /T   10.8139   0.2859629   96.956496   56.003839         n.a.     n.a.
 2026-Apr-21 00:00 *m  07 15 02.40 +22 42 11.9  07 16 37.36 +22 39 28.7  17.12778  -2.19948  106.812281  85.592780   -2.069   5.475   99.12585  36.57319  333.592612   1.520306  5.39044107114628  27.1234192   76.7200 /T   10.7307   0.2878071   97.317646   55.339585         n.a.     n.a.
 2026-Apr-23 12:00 N   07 16 20.20 +22 39 56.4  07 17 55.06 +22 37 10.3  18.75377  -2.36974  356.914258 -43.320636   -2.054   5.475   99.14168  36.30985  349.434638   1.510387  5.42953605222778  26.9094224   74.5781 /T   10.6331   0.3150484   97.201774   52.460941         n.a.     n.a.
 2026-Apr-26 00:00 *m  07 17 41.61 +22 37 34.1  07 19 16.42 +22 34 45.2  18.79393  -2.51553  168.731642  88.551605   -2.039   5.474   99.15962  36.05390    5.265396   1.499295  5.46808072890375  26.5902384   72.4622 /T   10.5212   0.3160255   97.623623   51.847362         n.a.     n.a.
 2026-Apr-28 12:00 N   07 19 06.44 +22 35 00.5  07 20 41.11 +22 32 08.6  20.34440  -2.66454    2.295603 -43.431242   -2.026   5.473   99.17953  35.80353   21.084112   1.488462  5.50631791738737  26.2549748   70.3554 /T   10.3959   0.3419692   97.461652   49.076078         n.a.     n.a.
 2026-May-01 00:00 *   07 20 34.56 +22 32 20.0  07 22 09.17 +22 29 24.9  20.33842  -2.83405  247.942064  86.110225   -2.012   5.472   99.20121  35.56069   36.893131   1.476482  5.54392035952405  25.9395436   68.2731 /T   10.2572   0.3422488   97.932767   48.516356         n.a.     n.a.
 2026-May-03 12:00 Cm  07 22 05.89 +22 29 28.1  07 23 40.38 +22 26 29.6  21.81944  -2.96436    7.597549 -43.195531   -1.999   5.471   99.22457  35.32360   52.691317   1.464721  5.58113149501315  25.4861323   66.1985 /T   10.1061   0.3669981   97.736766   45.827872         n.a.     n.a.
 2026-May-06 00:00 *   07 23 40.24 +22 26 29.2  07 25 14.69 +22 23 27.2  21.77310  -3.15693  259.350626  82.422634   -1.986   5.469   99.24939  35.09411   68.481246   1.451852  5.61762705370435  25.1741960   64.1469 /T    9.9427   0.3666795   98.249945   45.313307         n.a.     n.a.
 2026-May-08 12:00 Cm  07 25 17.59 +22 23 18.6  07 26 51.92 +22 20 13.1  23.18983  -3.27098   12.757376 -42.631372   -1.974   5.468   99.27561  34.87048   84.261473   1.439164  5.65365370790864  24.6106626   62.1017 /T    9.7675   0.3903231   98.028734   42.693689         n.a.     n.a.
 2026-May-11 00:00 *   07 26 57.71 +22 20 00.7  07 28 31.98 +22 16 51.8  23.10836  -3.48580  263.693363  78.687779   -1.963   5.466   99.30296  34.65454  100.034762   1.425418  5.68888375161689  24.2967701   60.0781 /T    9.5809   0.3894964   98.578162   42.210614         n.a.     n.a.
 2026-May-13 12:00 Cm  07 28 40.63 +22 16 31.2  07 30 14.74 +22 13 18.6  24.45605  -3.58418   17.723411 -41.761476   -1.951   5.465   99.33141  34.44456  115.799487   1.411820  5.72356353507247  23.6243354   58.0598 /T    9.3833   0.4119548   98.337675   39.653062         n.a.     n.a.
 2026-May-16 00:00 *m  07 30 26.06 +22 12 53.9  07 32 00.11 +22 09 37.5  24.34806  -3.82074  266.219263  74.970034   -1.940   5.463   99.36069  34.24231  131.558555   1.397223  5.75737011038460  23.3071159   56.0621 /T    9.1752   0.4107669   98.918226   39.188710         n.a.     n.a.
 2026-May-18 12:00 C   07 32 14.10 +22 09 04.9  07 33 48.03 +22 05 44.5  25.61890  -3.90311   22.457828 -40.611784   -1.930   5.461   99.39076  34.04617  147.310223   1.382743  5.79053776209318  22.5230928   54.0692 /T    8.9568   0.4319087   98.662561   36.684727         n.a.     n.a.
 2026-May-21 00:00 *m  07 34 04.38 +22 05 08.1  07 35 38.28 +22 01 43.8  25.47724  -4.15730  268.016900  71.279855   -1.920   5.460   99.42132  33.85780  163.057637   1.367325  5.82275354604408  22.2044875   52.0964 /T    8.7289   0.4302366   99.267667   36.248812         n.a.     n.a.
 2026-May-23 12:00 C   07 35 57.03 +22 00 59.6  07 37 30.79 +21 57 31.4  26.66679  -4.22279   26.937157 -39.208956   -1.910   5.458   99.45236  33.67561  178.798867   1.351980  5.85425564355224  21.3203580   50.1277 /T    8.4914   0.4499845   98.998296   33.801366         n.a.     n.a.
 2026-May-26 00:00 *m  07 37 51.64 +21 56 43.3  07 39 25.32 +21 53 11.1  26.49390  -4.49173  269.451868  67.618120   -1.901   5.456   99.48357  33.50114  194.537187   1.335750  5.88474367991206  21.0132157   48.1782 /T    8.2456   0.4478661   99.622339   33.405530         n.a.     n.a.
 2026-May-28 12:00 C   07 39 48.40 +21 52 15.4  07 41 21.93 +21 48 39.0  27.60264  -4.54063   31.151073 -37.579536   -1.892   5.455   99.51496  33.33282  210.270432   1.319541  5.91446085634309  20.0442161   46.2318 /T    7.9911   0.4662270   99.341483   31.017733         n.a.     n.a.
 2026-May-31 00:00 *   07 41 46.88 +21 47 39.6  07 43 20.34 +21 43 59.0  27.41165  -4.82437  270.680984  63.983241   -1.884   5.453   99.54622  33.17207  226.001865   1.302501  5.94312211531577  19.7541770   44.3032 /T    7.7290   0.4638825   99.981656   30.655356         n.a.     n.a.
 2026-Jun-02 12:00 Cm  07 43 47.33 +21 42 52.3  07 45 20.66 +21 39 07.4  28.44684  -4.85897   35.099139 -35.748940   -1.876   5.451   99.57738  33.01741  241.729158   1.285435  5.97095942610062  18.7031144   42.3764 /T    7.4589   0.4809805   99.693079   28.310661         n.a.     n.a.
 2026-Jun-05 00:00 *   07 45 49.26 +21 37 57.0  07 47 22.53 +21 34 08.0  28.24173  -5.15601  271.783829  60.373269   -1.868   5.449   99.60814  32.87021  257.455646   1.267601  5.99769986834843  18.4317479   40.4660 /T    7.1821   0.4784755   100.34637   27.980274         n.a.     n.a.
 2026-Jun-07 12:00 Cm  07 47 53.01 +21 32 50.3  07 49 26.14 +21 28 57.0  29.20920  -5.17838   38.788495 -33.740729   -1.861   5.448   99.63856  32.72906  273.178804   1.249698  6.02356555754395  17.2975484   38.5561 /T    6.8978   0.4944112   100.05328   25.660702         n.a.     n.a.
 2026-Jun-10 00:00 *   07 49 58.05 +21 27 35.6  07 51 31.08 +21 23 38.1  28.99302  -5.48714  272.805091  56.786127   -1.854   5.446   99.66832  32.59529  288.902128   1.231101  6.04828644131800  17.0351714   36.6614 /T    6.6076   0.4917949   100.71690   25.347277         n.a.     n.a.
 2026-Jun-12 12:00 Cm  07 52 04.74 +21 22 09.5  07 53 37.61 +21 18 07.5  29.88844  -5.49692   42.232009 -31.576458   -1.847   5.444   99.69750  32.46758  304.623007   1.212395  6.07207688895526  15.8242056   34.7662 /T    6.3104   0.5064953   100.42107   23.053458         n.a.     n.a.
 2026-Jun-15 00:00 *m  07 54 12.52 +21 16 35.3  07 55 45.33 +21 12 28.9  29.66233  -5.81513  273.772133  53.219534   -1.841   5.443   99.72579  32.34720  320.345007   1.193071  6.09467458880435  15.5633692   32.8853 /T    6.0080   0.5037828   101.09184   22.746053         n.a.     n.a.
 2026-Jun-17 12:00 C   07 56 21.75 +21 10 50.1  07 57 54.45 +21 06 39.2  30.47568  -5.81012   45.446003 -29.274994   -1.835   5.441   99.75326  32.23292  336.065555   1.173598  6.11628159029629  14.2768739   31.0035 /T    5.6993   0.5170764   100.79379   20.474302         n.a.     n.a.
 2026-Jun-20 00:00 *m  07 58 31.85 +21 04 56.9  08 00 04.47 +21 00 41.8  30.23801  -6.13395  274.704023  49.670986   -1.829   5.440   99.77962  32.12589  351.788265   1.153575  6.13665946280282  14.0316826   29.1356 /T    5.3863   0.5142315   101.46717   20.191761         n.a.     n.a.
 2026-Jun-22 12:00 C   08 00 43.22 +20 58 53.1  08 02 15.67 +20 54 33.6  30.96893  -6.11362   48.448779 -26.852166   -1.824   5.439   99.80494  32.02494    7.510430   1.133350  6.15600368813862  12.6811392   27.2663 /T    5.0677   0.5261102   101.16724   17.943472         n.a.     n.a.
 2026-Jun-25 00:00 *m  08 02 55.23 +20 52 41.6  08 04 27.58 +20 48 17.7  30.72348  -6.44105  275.614085  46.137762   -1.819   5.438   99.82895  31.93109   23.235678   1.112641  6.17409695774986  12.4583269   25.4099 /T    4.7456   0.5231898   101.84035   17.691479         n.a.     n.a.
 2026-Jun-27 12:00 C   08 05 08.34 +20 46 19.9  08 06 40.56 +20 41 51.3  31.38070  -6.40777   51.259314 -24.321775   -1.815   5.436   99.85174  31.84324   38.961148   1.091679  6.19112893808712  11.0556843   23.5511 /T    4.4186   0.5338039   101.54083   15.464534         n.a.     n.a.
 2026-Jun-30 00:00 *   08 07 21.92 +20 39 50.5  08 08 54.06 +20 35 17.6  31.13360  -6.73809  276.512353  42.617603   -1.810   5.435   99.87306  31.76237   54.690444   1.070303  6.20689346742987  10.8537118   21.7042 /T    4.0887   0.5309068   102.21190   15.237207         n.a.     n.a.
 2026-Jul-02 12:00 Cm  08 09 36.45 +20 33 11.4  08 11 08.46 +20 28 33.9  31.71831  -6.69270   53.895870 -21.695659   -1.806   5.435   99.89300  31.68745   70.420664   1.048630  6.22156778521814   9.4012628   19.8536 /T    3.7544   0.5402786   101.91488   13.022624         n.a.     n.a.
 2026-Jul-05 00:00 *   08 11 51.29 +20 26 24.8  08 13 23.19 +20 21 43.1  31.47734  -7.02564  277.406892  39.108650   -1.803   5.434   99.91134  31.61937   86.155369   1.026621  6.23496339806135   9.2183784   18.0136 /T    3.4179   0.5375310   102.58201   12.814104         n.a.     n.a.
 2026-Jul-07 12:00 Cm  08 14 06.95 +20 19 28.8  08 15 38.69 +20 14 42.6  31.99211  -6.96933   56.376095 -18.984046   -1.799   5.433   99.92815  31.55726  101.891638   1.004278  6.24723551592060   7.7157712   16.1689 /T    3.0774   0.5457072   102.28961   10.599657         n.a.     n.a.
 2026-Jul-10 00:00 *   08 16 22.75 +20 12 25.5  08 17 54.38 +20 07 35.0  31.75458  -7.30200  278.304064  35.609224   -1.796   5.432   99.94325  31.50193  117.633082   0.981679  6.25820850833717   7.5430047   14.3337 /T    2.7354   0.5430553   102.95010   10.399098         n.a.     n.a.
 2026-Jul-12 12:00 Cm  08 18 39.24 +20 05 13.2  08 20 10.76 +20 00 18.0  32.19723  -7.23444   58.716858 -16.195701   -1.794   5.432   99.95671  31.45260  133.376787   0.958712  6.26802302318002   5.9911509   12.4930 /T    2.3899   0.5499996   102.66355   8.1759657         n.a.     n.a.
 2026-Jul-15 00:00 *m  08 20 55.71 +19 57 54.1  08 22 27.15 +19 52 54.6  31.95942  -7.56323  279.209746  32.117763   -1.791   5.432   99.96837  31.41005  149.126441   0.935568  6.27651372014691   5.8238088   10.6613 /T    2.0436   0.5473692   103.31416   7.9775019         n.a.     n.a.
 2026-Jul-17 12:00 C   08 23 12.68 +19 50 26.6  08 24 43.99 +19 45 22.8  32.31679  -7.48037   60.933733 -13.337446   -1.789   5.431   99.97828  31.37357  164.879214   0.912012  6.28381272648066   4.2354522    8.8242 /T    1.6946   0.5528540   103.03274   5.7538493         n.a.     n.a.
 2026-Jul-20 00:00 *m  08 25 29.45 +19 42 52.8  08 27 00.63 +19 37 44.8  32.08133  -7.80291  280.129940  28.632396   -1.787   5.431   99.98632  31.34377  180.638671   0.888349  6.28978623411338   4.0858416    6.9965 /T    1.3456   0.5502769   103.67020   5.5723271         n.a.     n.a.
 2026-Jul-22 12:00 C   08 27 46.56 +19 35 11.4  08 29 17.59 +19 29 58.9  32.35800  -7.70590   63.041518 -10.414675   -1.785   5.431   99.99255  31.32004  196.401972   0.864230  6.29455229218763   2.4718597    5.1645 /T    0.9949   0.5543818   103.39521   3.3481562         n.a.     n.a.
 2026-Jul-25 00:00 *m  08 30 03.28 +19 27 24.1  08 31 34.22 +19 22 07.4  32.12882  -8.02115  281.070043  25.151469   -1.784   5.432   99.99688  31.30288  212.172576   0.840072  6.29800275619941   2.3489640    3.3461 /T    0.6458   0.5519159   104.01768   3.1942694         n.a.     n.a.
 2026-Jul-27 12:00 N   08 32 20.23 +19 19 29.9  08 33 51.06 +19 14 08.8  32.33317  -7.91292   65.053681  -7.432113   -1.783   5.432   99.99934  31.29177  227.947569   0.815420  6.30023966732970   0.7118476    1.5488 /T    0.3005   0.5547892   103.75175   0.9596841         n.a.     n.a.
 2026-Jul-30 00:00 *   08 34 36.65 +19 11 30.3  08 36 07.34 +19 06 05.7  32.11346  -8.21999  282.035759  21.673934   -1.782   5.432   99.99990  31.28716  243.730395   0.790807  6.30116767959417   0.6072155    0.5942 /L    0.1120   0.5524799   104.35758   0.8210045         n.a.     n.a.
 2026-Aug-01 12:00 Nm  08 36 53.16 +19 03 24.6  08 38 23.72 +18 57 55.2  32.24629  -8.10122   66.982683  -4.393592   -1.782   5.433   99.99857  31.28862  259.518180   0.765670  6.30087375239133  -1.0445787    2.2482 /L    0.4283   0.5541392   104.10252   -1.423430         n.a.     n.a.
 2026-Aug-04 00:00 *   08 39 09.01 +18 55 13.8  08 40 39.45 +18 49 40.5  32.03878  -8.39916  283.031954  18.199111   -1.782   5.433   99.99536  31.29654  275.314260   0.740651  6.29927821327884  -1.1392596    4.0609 /L    0.7754   0.5520239   104.68987   -1.558141         n.a.     n.a.
 2026-Aug-06 12:00 Nm  08 41 24.84 +18 46 57.6  08 42 55.14 +18 41 19.9  32.09720  -8.26936   68.840232  -1.302913   -1.782   5.434   99.99025  31.31063  291.115900   0.715085  6.29644510783645  -2.8081625    5.8972 /L    1.1259   0.5524221   104.44722   -3.826649         n.a.     n.a.
 2026-Aug-09 00:00 *   08 43 39.85 +18 38 36.9  08 45 10.06 +18 32 55.1  31.90061  -8.55569  284.064756  14.726456   -1.783   5.434   99.98331  31.33118  306.926389   0.689716  6.29231519277474  -2.8945554    7.7341 /L    1.4750   0.5504666   105.01332   -3.960334         n.a.     n.a.
 2026-Aug-11 12:00 Nm  08 45 54.71 +18 30 11.6  08 47 24.82 +18 24 25.6  31.87808  -8.41281   70.637401   1.837339   -1.784   5.435   99.97449  31.35801  322.743100   0.663776  6.28693106497065  -4.5777491    9.5830 /L    1.8246   0.5494916   104.78362   -6.261458         n.a.     n.a.
 2026-Aug-14 00:00 *m  08 48 08.59 +18 21 42.6  08 49 38.59 +18 15 53.0  31.68464  -8.68261  285.140591  11.255611   -1.785   5.436   99.96391  31.39134  338.569320   0.638102  6.28025548388047  -4.6569800   11.4299 /L    2.1714   0.5475460   105.32469   -6.397971         n.a.     n.a.
 2026-Aug-16 12:00 N   08 50 22.13 +18 13 10.2  08 51 51.99 +18 07 16.4  31.57730  -8.52497   72.384662   5.025488   -1.787   5.437   99.95152  31.43103  354.402502   0.611826  6.27232451251374  -6.3360923   13.2879 /L    2.5178   0.5451303   105.10804   -8.720960         n.a.     n.a.
 2026-Aug-19 00:00 *m  08 52 34.53 +18 04 34.8  08 54 04.27 +17 58 37.4  31.39018  -8.77714  286.266711   7.786097   -1.789   5.438   99.93746  31.47719   10.245754   0.585880  6.26312712778677  -6.3979308   15.1437 /L    2.8605   0.5432366   105.62175   -8.847608         n.a.     n.a.
 2026-Aug-21 12:00 N   08 54 46.44 +17 55 57.1  08 56 16.08 +17 49 55.4  31.19881  -8.60535   74.092419   8.260194   -1.791   5.440   99.92167  31.52976   26.096601   0.559308  6.25268455866385  -8.0647278   17.0110 /L    3.2021   0.5393972   105.42008   -11.19482         n.a.     n.a.
 2026-Aug-24 00:00 *m  08 56 57.07 +17 47 17.3  08 58 26.61 +17 41 12.0  31.02499  -8.84072  287.451061   4.318096   -1.793   5.441   99.90434  31.58872   41.957956   0.533135  6.24101398688020  -8.1048908   18.8767 /L    3.5394   0.5376669   105.90516   -11.30490         n.a.     n.a.
 2026-Aug-26 12:00 N   08 59 07.07 +17 38 35.9  09 00 36.51 +17 32 26.8  30.75652  -8.65761   75.770620  11.540258   -1.796   5.443   99.88539  31.65416   57.827411   0.506321  6.22811210393501  -9.7564103   20.7545 /L    3.8750   0.5325300   105.72131   -13.68230         n.a.     n.a.
 2026-Aug-29 00:00 *   09 01 15.65 +17 29 53.4  09 02 44.97 +17 23 40.8  30.59353  -8.87402  288.702526   0.852516   -1.799   5.444   99.86503  31.72597   73.707789   0.479977  6.21401432114682  -9.7816447   22.6319 /L    4.2057   0.5309091   106.17543   -13.78659         n.a.     n.a.
 2026-Aug-31 12:00 Nm  09 03 23.48 +17 21 10.3  09 04 52.68 +17 14 54.0  30.25129  -8.68117   77.429460  14.864529   -1.802   5.446   99.84318  31.80435   89.596760   0.452987  6.19870060643594 -11.4147396   24.5225 /L    4.5340   0.5245377   106.01181   -16.19950         n.a.     n.a.
 2026-Sep-03 00:00 *   09 05 29.76 +17 12 26.7  09 06 58.85 +17 06 06.9  30.09940  -8.87731  290.030861  -2.609264   -1.806   5.448   99.82009  31.88915  105.497077   0.426540  6.18221669740560 -11.4369963   26.4139 /L    4.8569   0.5230202   106.43253   -16.31505         n.a.     n.a.
 2026-Sep-05 12:00 Nm  09 07 35.14 +17 03 43.8  09 09 04.15 +16 57 20.1  29.67243  -8.67117   79.079699  18.231949   -1.810   5.450   99.79566  31.98068  121.406641   0.399445  6.16452252375566 -13.0468300   28.3196 /L    5.1768   0.5152245   106.28993   -18.77364         n.a.     n.a.
 2026-Sep-08 00:00 *   09 09 38.82 +16 55 01.3  09 11 07.75 +16 48 34.3  29.52758  -8.84385  291.447562  -6.065292   -1.814   5.452   99.77019  32.07869  137.328060   0.372957  6.14568910666377 -13.0676272   30.2272 /L    5.4905   0.5137259   106.67356   -18.90605         n.a.     n.a.
 2026-Sep-10 12:00 N   09 11 41.43 +16 46 20.7  09 13 10.27 +16 39 50.3  29.00894  -8.62170   80.732469  21.642138   -1.819   5.454   99.74357  32.18359  153.259466   0.345817  6.12565703687123 -14.6464387   32.1499 /L    5.8005   0.5043842   106.55238   -21.41747         n.a.     n.a.
 2026-Sep-13 00:00 *m  09 13 42.15 +16 37 41.9  09 15 10.87 +16 31 08.3  28.86520  -8.76697  292.966441  -9.513149   -1.824   5.456   99.71614  32.29498  169.203324   0.319338  6.10452868691252 -14.6523227   34.0751 /L    6.1035   0.5027865   106.89464   -21.55466         n.a.     n.a.
 2026-Sep-15 12:00 N   09 15 41.61 +16 29 06.3  09 17 10.24 +16 22 29.3  28.25643  -8.52937   82.400285  25.095154   -1.830   5.458   99.68777  32.41335  185.157817   0.292204  6.08223557156155 -16.1856146   36.0157 /L    6.4020   0.4919282   106.79674   -24.11336         n.a.     n.a.
 2026-Sep-18 00:00 *m  09 17 39.03 +16 20 33.6  09 19 07.57 +16 13 53.4  28.11738  -8.64750  294.603285 -12.949594   -1.835   5.461   99.65883  32.53818  201.125229   0.265786  6.05890216722066 -16.1753613   37.9592 /L    6.6926   0.4902852   107.09528   -24.25366         n.a.     n.a.
 2026-Sep-20 12:00 N   09 19 35.01 +16 12 05.5  09 21 03.50 +16 05 21.9  27.42099  -8.39595   84.097249  28.590813   -1.842   5.463   99.62920  32.67005  217.103882   0.238721  6.03444574367906 -17.6511595   39.9188 /L    6.9779   0.4779594   107.02391   -26.85584         n.a.     n.a.
 2026-Sep-23 00:00 *m  09 21 28.80 +16 03 41.4  09 22 57.20 +15 56 54.9  27.28915  -8.48712  296.376651 -16.369881   -1.848   5.465   99.59926  32.80832  233.095810   0.212430  6.00901260363552 -17.6255067   41.8820 /L    7.2548   0.4763078   107.27607   -26.99992         n.a.     n.a.
 2026-Sep-25 12:00 N   09 23 20.99 +15 55 23.3  09 24 49.32 +15 48 33.7  26.50740  -8.22296   85.839694  32.128694   -1.855   5.468   99.56888  32.95373  249.099522   0.185511  5.98249851140383 -19.0436067   43.8623 /L    7.5255   0.4625591   107.23461   -29.65639         n.a.     n.a.
 2026-Sep-28 00:00 *   09 25 10.84 +15 47 10.2  09 26 39.06 +15 40 17.8  26.38315  -8.28656  298.308051 -19.767758   -1.862   5.470   99.53845  33.10550  265.116880   0.159426  5.95507128095750 -19.0040451   45.8473 /L    7.7871   0.4608982   107.43673   -29.80716         n.a.     n.a.
 2026-Sep-30 12:00 Am  09 26 58.93 +15 39 04.3  09 28 27.10 +15 32 08.8  25.51730  -8.01060   87.647702  35.708003   -1.870   5.472   99.50785  33.26451  281.146545   0.132740  5.92660483375545 -20.3618946   47.8507 /L    8.0419   0.4457523   107.42853   -32.52549        1.682    3.253
 2026-Oct-03 00:00 *   09 28 44.53 +15 31 04.7  09 30 12.64 +15 24 06.3  25.39301  -8.04288  300.422543 -23.135159   -1.878   5.475   99.47750  33.42993  297.190299   0.106944  5.89727878550392 -20.3221860   49.8601 /L    8.2867   0.4439384   107.57487   -32.70976         n.a.     n.a.
 2026-Oct-05 12:00 Am  09 30 28.17 +15 23 13.7  09 31 56.26 +15 16 12.5  24.43422  -7.75168   89.546043  39.327699   -1.886   5.477   99.44727  33.60272  313.247075   0.080574  5.86695515034048 -21.6100301   51.8891 /L    8.5239   0.4272390   107.60147   -35.49942        1.088    5.034
 2026-Oct-08 00:00 *   09 32 09.13 +15 15 30.5  09 33 37.14 +15 08 26.8  24.30395  -7.74927  302.750453 -26.461756   -1.895   5.479   99.41761  33.78191  329.318474   0.055137  5.83583475645834 -21.5651188   53.9251 /L    8.7502   0.4251578   107.68479   -35.71964         n.a.     n.a.
 2026-Oct-10 12:00 A   09 33 47.91 +15 07 57.6  09 35 15.87 +15 00 51.2  23.24184  -7.43873   91.566331  42.986841   -1.905   5.482   99.38839  33.96855  345.403690   0.029152  5.80376993595838 -22.7690301   55.9817 /L    8.9678   0.4067206   107.74767   -38.59086         n.a.     n.a.
 2026-Oct-13 00:00 *m  09 35 23.80 +15 00 34.0  09 36 51.69 +14 53 25.1  23.10691  -7.40156  305.327679 -29.734667   -1.914   5.484   99.36006  34.16146    1.504026   0.004141  5.77099619452953 -22.7038414   58.0457 /L    9.1737   0.4043899   107.76120   -38.82965         n.a.     n.a.
 2026-Oct-15 12:00 A   09 36 57.30 +14 53 22.4  09 38 25.18 +14 46 10.8  21.94921  -7.07510   93.750844  46.683616   -1.925   5.486   99.33252  34.36178   17.618803  -0.021383  5.73735182943711 -23.8117193   60.1307 /L    9.3698   0.3843554   107.86619   -41.77591         n.a.     n.a.
 2026-Oct-18 00:00 *m  09 38 27.73 +14 46 21.4  09 39 55.56 +14 39 07.4  21.80803  -7.00269  308.196027 -32.937019   -1.935   5.488   99.30620  34.56820   33.749092  -0.045891  5.70309203160794 -23.7237461   62.2236 /L    9.5533   0.3817460   107.80213   -42.03505         n.a.     n.a.
 2026-Oct-20 12:00 A   09 39 55.56 +14 39 34.0  09 41 23.40 +14 32 17.6  20.56185  -6.66361   96.156985  50.414500   -1.946   5.490   99.28098  34.78194   49.894343  -0.070862  5.66804565721536 -24.7288769   64.3383 /L    9.7261   0.3602442   107.95628   -45.05558         n.a.     n.a.
 2026-Oct-23 00:00 *m  09 41 20.16 +14 32 58.5  09 42 47.93 +14 25 40.1  20.41703  -6.55715  311.403719 -36.046953   -1.958   5.492   99.25729  35.00157   66.055399  -0.094774  5.63247896970322 -24.6239235   66.4614 /L    9.8856   0.3574024   107.80499   -45.34090         n.a.     n.a.
 2026-Oct-25 12:00 Am  09 42 41.95 +14 26 38.1  09 44 09.72 +14 19 17.3  19.08108  -6.20536   98.866205  54.173407   -1.970   5.494   99.23503  35.22844   82.231968  -0.119088  5.59620603732446 -25.5199922   68.6074 /L   10.0334   0.3344125   108.01503   -48.44610        2.145    2.561
 2026-Oct-28 00:00 *   09 44 00.36 +14 20 31.0  09 45 28.08 +14 13 08.1  18.93134  -6.06454  315.005000 -39.036860   -1.982   5.496   99.21458  35.46097   98.424617  -0.142301  5.55951042635638 -25.4032066   70.7628 /L   10.1670   0.3313164   107.76254   -48.76703         n.a.     n.a.
 2026-Oct-30 12:00 Am  09 45 15.75 +14 14 40.3  09 46 43.51 +14 07 15.1  17.50554  -5.69996  101.998272  57.950244   -1.995   5.497   99.19587  35.70064  114.633345  -0.165851  5.52218714821073 -26.1909224   72.9426 /L   10.2881   0.3068358   108.03572   -51.97462        1.890    2.909
 2026-Nov-02 00:00 *   09 46 27.56 +14 09 04.5  09 47 55.30 +14 01 37.4  17.33964  -5.52027  319.059374 -41.871802   -2.008   5.499   99.17928  35.94574  130.858583  -0.188269  5.48453449300473 -26.0614406   75.1332 /L   10.3941   0.3032859   107.65945   -52.34993         n.a.     n.a.
 2026-Nov-04 12:00 Am  09 47 36.10 +14 03 46.8  09 49 03.88 +13 56 17.8  15.81806  -5.14019  105.735124  61.728865   -2.022   5.500   99.16474  36.19779  147.100555  -0.210961  5.44634470473869 -26.7267677   77.3494 /L   10.4864   0.2772046   108.00195   -55.67419        0.632    8.703
 2026-Nov-07 00:00 *   09 48 40.87 +13 58 45.5  09 50 08.60 +13 51 14.9  15.63242  -4.92052  323.628859 -44.508283   -2.036   5.501   99.15260  36.45489  163.359446  -0.232501  5.40793400688247 -26.5795677   79.5771 /L   10.5626   0.2731422   107.47211   -56.10826         n.a.     n.a.
 2026-Nov-09 12:00 A   09 49 42.11 +13 54 04.1  09 51 09.88 +13 46 31.6  14.01551  -4.52533  110.367196  65.481606   -2.051   5.502   99.14280  36.71860  179.635721  -0.254244  5.36909486611861 -27.1028780   81.8313 /L   10.6240   0.2454661   107.89424   -59.55335         n.a.     n.a.
 2026-Nov-12 00:00 *m  09 50 39.39 +13 49 40.7  09 52 07.14 +13 42 06.5  13.81402  -4.26850  328.770435 -46.893267   -2.065   5.503   99.13565  36.98678  195.929147  -0.274814  5.33016486982015 -26.9259013   84.0973 /L   10.6684   0.2409744   107.17104   -60.03150         n.a.     n.a.
 2026-Nov-14 12:00 A   09 51 32.90 +13 45 38.6  09 53 00.74 +13 38 02.7  12.11086  -3.86226  116.376802  69.158154   -2.081   5.504   99.13110  37.26107  212.240391  -0.295504  5.29092734417953 -27.3037314   86.3902 /L   10.6970   0.2118635   107.68795   -63.60638         n.a.     n.a.
 2026-Nov-17 00:00 *m  09 52 22.28 +13 41 55.8  09 53 50.11 +13 34 18.5  11.89665  -3.57109  334.524179 -48.963412   -2.096   5.504   99.12936  37.53913  228.568899  -0.314996  5.25173638756242 -27.0910653   88.6951 /L   10.7078   0.2070178   106.70850   -64.12188         n.a.     n.a.
 2026-Nov-19 12:00 A   09 53 07.71 +13 38 35.6  09 54 35.60 +13 30 56.9  10.12182  -3.15991  124.589982  72.662990   -2.113   5.504   99.13039  37.82267  244.915464  -0.334512  5.21236708399674 -27.3178056   91.0274 /L   10.7018   0.1767266   107.33775   -67.82388         n.a.     n.a.
 2026-Nov-22 00:00 *m  09 53 48.86 +13 35 35.7  09 55 16.74 +13 27 55.8  9.893207  -2.83529  340.896172 -50.647170   -2.129   5.504   99.13435  38.10921  261.279263  -0.352808  5.17317590568434 -27.0791523   93.3720 /L   10.6774   0.1715246   105.99177   -68.39177         n.a.     n.a.
 2026-Nov-24 12:00 Am  09 54 25.87 +13 32 59.5  09 55 53.83 +13 25 18.3  8.055589  -2.42263  136.396871  75.806667   -2.146   5.504   99.14120  38.40050  277.661327  -0.371025  5.13393469185734 -27.1515113   95.7450 /L   10.6353   0.1401999   106.73808   -72.23215        2.389    2.304
 2026-Nov-27 00:00 *   09 54 58.49 +13 30 44.6  09 56 26.49 +13 23 02.1  7.812130  -2.06587  347.839307 -51.869430   -2.163   5.504   99.15101  38.69394  294.060535  -0.388010  5.09499968614316 -26.8933146   98.1308 /L   10.5744   0.1346778   104.81246   -72.85904         n.a.     n.a.
 2026-Nov-29 12:00  m  09 55 26.76 +13 28 54.6  09 56 54.87 +13 21 11.0  5.906589  -1.64878  153.688852  78.217598   -2.180   5.503   99.16375  38.99136  310.478285  -0.404816  5.05613619719006 -26.8092546  100.5464 /L   10.4948   0.1022066   105.59672   -76.88385        2.600    2.117
 2026-Dec-02 00:00 *   09 55 50.51 +13 27 26.9  09 57 18.63 +13 19 42.5  5.642111  -1.25892  355.239035 -52.558670   -2.198   5.503   99.17945  39.28991  326.913145  -0.420394  5.01771696903264 -26.5225515  102.9758 /L   10.3957   0.0963476   102.57832   -77.57429         n.a.     n.a.
 2026-Dec-04 12:00  m  09 56 09.70 +13 26 25.1  09 57 37.92 +13 18 39.9  3.679733  -0.84137  176.913773  79.296594   -2.215   5.502   99.19806  39.59136  343.366696  -0.435694  4.97951191092572 -26.2669889  105.4357 /L   10.2772   0.0629116   102.87930   -81.79650        0.232   23.765
 2026-Dec-07 00:00 *   09 56 24.26 +13 25 46.7  09 57 52.50 +13 18 00.6  3.395586  -0.42164    2.912144 -52.657697   -2.233   5.501   99.21951  39.89266  359.837124  -0.449773  4.94190276245795 -25.9404745  107.9095 /L   10.1386   0.0570277   97.078304   -82.51835         n.a.     n.a.
 2026-Dec-09 12:00     09 56 34.11 +13 25 34.7  09 58 02.48 +13 17 47.9  1.395680  -0.01131  201.277631  78.571234   -2.251   5.499   99.24376  40.19550   16.326099  -0.463467  4.90466879223281 -25.5043385  110.4140 /L    9.9799   0.0232621   90.464138   -86.90476         n.a.     n.a.
 2026-Dec-12 00:00 *m  09 56 39.27 +13 25 46.5  09 58 07.69 +13 17 59.1  1.105000  0.429798   10.627099 -52.133332   -2.269   5.498   99.27061  40.49669   32.831359  -0.475948  4.86819091847715 -25.1370291  112.9318 /L    9.8008   0.0197607   68.746093   -87.35138         n.a.     n.a.
 2026-Dec-14 12:00     09 56 39.63 +13 26 25.1  09 58 08.18 +13 18 37.2  -0.91416  0.825990  220.588459  76.252922   -2.287   5.496   99.30000  40.79791   49.354773  -0.487925  4.83224812503918 -24.5185334  115.4800 /L    9.6012   0.0205341   312.09950   -87.19937         n.a.     n.a.
 2026-Dec-17 00:00 *m  09 56 35.31 +13 27 27.4  09 58 03.90 +13 19 39.2  -1.20350  1.282041   18.144845 -50.982270   -2.305   5.494   99.33164  41.09578   65.893603  -0.498702  4.79722323170621 -24.1093641  118.0408 /L    9.3814   0.0293070   316.80986   -85.96793         n.a.     n.a.
 2026-Dec-19 12:00     09 56 26.16 +13 28 56.2  09 57 54.87 +13 21 07.9  -3.21408  1.653944  233.954485  72.921983   -2.323   5.492   99.36545  41.39200   82.449851  -0.508855  4.76289250595761 -23.3163188  120.6316 /L    9.1410   0.0602445   297.23007   -81.53897         n.a.     n.a.
 2026-Dec-22 00:00 *m  09 56 12.40 +13 30 48.3  09 57 41.18 +13 22 59.7  -3.49789  2.120163   25.263025 -49.230660   -2.341   5.490   99.40103  41.68311   99.020458  -0.517831  4.72962866536205 -22.8704375  123.2342 /L    8.8806   0.0681712   301.22114   -80.32905         n.a.     n.a.
 2026-Dec-24 12:00  m  09 55 53.84 +13 33 06.3  09 57 22.79 +13 25 17.5  -5.47891  2.461297  243.183067  69.009627   -2.358   5.488   99.43829  41.97078  115.607540  -0.526069  4.69721148133175 -21.9075889  125.8665 /L    8.5998   0.1001060   294.19112   -75.45549        3.017    1.819
 2026-Dec-27 00:00 *   09 55 30.79 +13 35 46.8  09 56 59.83 +13 27 58.1  -5.75724  2.935164   31.844857 -46.926628   -2.376   5.486   99.47678  42.25156  132.207753  -0.533176  4.66599625122773 -21.4383006  128.5103 /L    8.2996   0.1077046   297.01347   -74.17970         n.a.     n.a.
 2026-Dec-29 12:00  m  09 55 02.97 +13 38 52.6  09 56 32.15 +13 31 04.1  -7.69824  3.243987  249.869428  64.748578   -2.392   5.483   99.51639  42.52701  148.823497  -0.539449  4.63577514159928 -20.3010372  131.1839 /L    7.9793   0.1392303   292.85024   -68.97800        1.982    2.767
$$EOE
**********************************************************************************************************************************************************************************************************************************************************************************************
Column meaning:
 
TIME

  Times PRIOR to 1962 are UT1, a mean-solar time closely related to the
prior but now-deprecated GMT. Times AFTER 1962 are in UTC, the current
civil or "wall-clock" time-scale. UTC is kept within 0.9 seconds of UT1
using integer leap-seconds for 1972 and later years.

  Conversion from the internal Barycentric Dynamical Time (TDB) of solar
system dynamics to the non-uniform civil UT time-scale requested for output
has not been determined for UTC times after the next July or January 1st.
Therefore, the last known leap-second is used as a constant over future
intervals.

  Time tags refer to the UT time-scale conversion from TDB on Earth
regardless of observer location within the solar system, although clock
rates may differ due to the local gravity field and no analog to "UT"
may be defined for that location.

  Any 'b' symbol in the 1st-column denotes a B.C. date. First-column blank
(" ") denotes an A.D. date.
 
CALENDAR SYSTEM

  Mixed calendar mode was active such that calendar dates after AD 1582-Oct-15
(if any) are in the modern Gregorian system. Dates prior to 1582-Oct-5 (if any)
are in the Julian calendar system, which is automatically extended for dates
prior to its adoption on 45-Jan-1 BC.  The Julian calendar is useful for
matching historical dates. The Gregorian calendar more accurately corresponds
to the Earth's orbital motion and seasons. A "Gregorian-only" calendar mode is
available if such physical events are the primary interest.

  NOTE: "n.a." in output means quantity "not available" at the print-time.
 
SOLAR PRESENCE (OBSERVING SITE)
  Time tag is followed by a blank, then a solar-presence symbol:

       '*'  Daylight (refracted solar upper-limb on or above apparent horizon)
       'C'  Civil twilight/dawn
       'N'  Nautical twilight/dawn
       'A'  Astronomical twilight/dawn
       ' '  Night OR geocentric ephemeris

LUNAR PRESENCE (OBSERVING SITE)
  The solar-presence symbol is immediately followed by a lunar-presence symbol:

       'm'  Refracted upper-limb of Moon on or above apparent horizon
       ' '  Refracted upper-limb of Moon below apparent horizon OR geocentric
            ephemeris
 
 'R.A._____(ICRF)_____DEC' =
  Astrometric right ascension and declination of the target center with
respect to the observing site (coordinate origin) in the reference frame of
the planetary ephemeris (ICRF). Compensated for down-leg light-time delay
aberration.

  Units: RA  in hours-minutes-seconds of time,    HH MM SS.ff{ffff}
         DEC in degrees-minutes-seconds of arc,  sDD MN SC.f{ffff}
 
 'R.A.__(a-apparent)__DEC' =
  Airless apparent right ascension and declination of the target center
with respect to an instantaneous reference frame defined by the Earth equator
of-date (z-axis) and meridian containing the Earth equinox of-date (x-axis,
EOP-corrected IAU76/80). Compensated for down-leg light-time delay,
gravitational deflection of light, stellar aberration, precession & nutation.
Note: equinox (RA origin) is offset -53 mas from the of-date frame defined
by the IAU06/00a P & N system.

  Units: RA  in hours-minutes-seconds of time,   HH MM SS.ff{ffff}
         DEC in degrees-minutes-seconds of arc, sDD MN SC.f{ffff}
 
 'dRA*cosD d(DEC)/dt' =
  The angular rate of change in apparent RA and DEC of the target. This is
with respect to the non-inertial IAU76/80 Earth true equator and equinox
of-date reference frame.  d(RA)/dt is multiplied by the cosine of declination
to provide a linear rate in the plane-of-sky. Units: ARCSECONDS PER HOUR
 
 'Azi____(a-app)___Elev' =
  Airless apparent azimuth and elevation of target center. Compensated
for light-time, the gravitational deflection of light, stellar aberration,
precession and nutation. Azimuth is measured clockwise from north:

  North(0) -> East(90) -> South(180) -> West(270) -> North (360)

Elevation angle is with respect to a plane perpendicular to the reference
surface local zenith direction. TOPOCENTRIC ONLY.  Units: DEGREES
 
 'APmag   S-brt' =
  The targets' approximate apparent visual magnitude and surface brightness.
For planets and natural satellites, output is restricted to solar phase angles
covered by observational data. Outside the observed phase angle range, "n.a."
may be output to avoid extrapolation beyond the limit of model validity.

   For Earth-based observers, the estimated dimming due to atmospheric
absorption (extinction) is available as a separate, requestable quantity.

   Surface brightness is the average airless visual magnitude of a
square-arcsecond of the illuminated portion of the apparent disk. It is
computed only if the target radius is known.

   Units: MAGNITUDES & MAGNITUDES PER SQUARE ARCSECOND
 
 'Illu%' =
   Fraction of the target objects' assumed circular disk illuminated by Sun
(phase), as seen by the observer.  Units: PERCENT
 
 'Ang-diam' =
   The equatorial angular width of the target body full disk, if it were fully
illuminated and visible to the observer. If the target body diameter is unknown
"n.a." is output.

   Units: ARCSECONDS
 
 'ObsSub-LON ObsSub-LAT' =
   Apparent planetodetic longitude and latitude of the center of the target
disc seen by the OBSERVER at print-time. This is NOT exactly the same as the
"nearest" sub-point for a non-spherical target shape (since the center of the
disc might not be the point closest to the observer), but is generally very
close if not a very irregular body shape. Down-leg light travel-time from
target to observer is taken into account. Latitude is the angle between the
equatorial plane and the line perpendicular to the reference ellipsoid of the
body, so includes body oblateness. The reference ellipsoid is an oblate
spheroid with a single flatness coefficient in which the y-axis body radius
is taken to be the same value as the x-axis radius.  For Jupiter, Saturn, and
Uranus, IAU2015 longitude is based on the "System III" prime meridian rotation
angle of the magnetic field. By contrast, pole direction (thus latitude) is
relative to the body dynamical equator.  There can be an offset between the
magnetic pole and the dynamical pole of rotation. For Neptune, rotation is
IAU2015 "System II" rotation of optically observed features in the Neptunian
atmosphere. Positive longitude is to the WEST for this target. Cartographic
system is specified in the header.  Units: DEGREES DEGREES
 
 'delta      deldot' =
   Apparent range ("delta", light-time aberrated) and range-rate ("delta-dot")
of the target center relative to the observer. A positive "deldot" means the
target center is moving away from the observer, negative indicates movement
toward the observer.  Units: AU and KM/S
 
 'S-O-T /r' =
   Sun-Observer-Target apparent SOLAR ELONGATION ANGLE seen from the observers'
location at print-time.

   The '/r' column provides a code indicating the targets' apparent position
relative to the Sun in the observers' sky, as described below:

   Case A: For an observing location on the surface of a rotating body, that
body rotational sense is considered:

    /T indicates target TRAILS Sun   (evening sky: rises and sets AFTER Sun)
    /L indicates target LEADS Sun    (morning sky: rises and sets BEFORE Sun)

   Case B: For an observing point that does not have a rotational model (such
as a spacecraft), the "leading" and "trailing" condition is defined by the
observers' heliocentric ORBITAL motion:

    * If continuing in the observers' current direction of heliocentric
       motion would encounter the targets' apparent longitude first, followed
       by the Sun's, the target LEADS the Sun as seen by the observer.

    * If the Sun's apparent longitude would be encountered first, followed
       by the targets', the target TRAILS the Sun.

   Two other codes can be output:
    /* indicates observer is Sun-centered    (undefined)
    /? Target is aligned with Sun center     (no lead or trail)

   The S-O-T solar elongation angle is numerically the minimum separation
angle of the Sun and target in the sky in any direction. It does NOT indicate
the amount of separation in the leading or trailing directions, which would
be defined along the equator of a spherical coordinate system.

   Units: DEGREES
 
 'S-T-O' =
   The Sun-Target-Observer angle; the interior vertex angle at target center
formed by a vector from the target to the apparent center of the Sun (at
reflection time on the target) and the apparent vector from target to the
observer at print-time. Slightly different from true PHASE ANGLE (requestable
separately) at the few arcsecond level in that it includes stellar aberration
on the down-leg from target to observer.  Units: DEGREES
 
 'Sky_motion  Sky_mot_PA  RelVel-ANG' =
  Total apparent angular rate of the target in the plane-of-sky. "Sky_mot_PA"
is the position angle of the target's direction of motion in the plane-of-sky,
measured counter-clockwise from the apparent of-date north pole direction.
"RelVel-ANG" is the flight path angle of the target's relative motion with
respect to the observer's line-of-sight, in the range [-90,+90], where positive
values indicate motion away from the observer, negative values are toward the
observer:

  -90 = target is moving directly toward the observer
    0 = target is moving at right angles to the observer's line-of-sight
  +90 = target is moving directly away from the observer

UNITS:  ARCSECONDS/MINUTE, DEGREES, DEGREES
 
 'Lun_Sky_Brt  sky_SNR' =
  Sky brightness due to moonlight scattered by Earth's atmosphere at the
target's position in the sky. "sky_SNR" is the visual signal-to-noise ratio
(SNR) of the target's surface brightness relative to background sky. Output
only for topocentric Earth observers when both the Moon and target are above
the local horizon and the Sun is in astronomical twilight (or further) below
the horizon, and the target is not the Moon or Sun. If all conditions are
not met, "n.a." is output. Galactic brightness, local sky light-pollution
and weather are NOT considered. Lunar opposition surge is considered. The
value returned is accurate under ideal conditions at the approximately 8-23%
level, so is a useful but not definitive value.

  If the target-body radius is also known, "sky_SNR" is output. This is the
approximate visual signal-to-noise ratio of the target's brightness divided
by lunar sky brightness. When sky_SNR < 1, the target is dimmer than the
ideal moonlight-scattering background sky, so unlikely to be detectable at
visual wavelengths. In practice, visibility requires sky_SNR > 1 and a
detector sensitive enough to reach the target's magnitude, even if it isn't
washed out by moonlight. When relating magnitudes and brightness values,
keep in mind their logarithmic relationship m2-m1 = -2.5*log_10(b2/b1).

  UNITS: VISUAL MAGNITUDES / ARCSECOND^2, and unitless ratio

Computations by ...

    Solar System Dynamics Group, Horizons On-Line Ephemeris System
    4800 Oak Grove Drive, Jet Propulsion Laboratory
    Pasadena, CA  91109   USA

    General site: https://ssd.jpl.nasa.gov/
    Mailing list: https://ssd.jpl.nasa.gov/email_list.html
    System news : https://ssd.jpl.nasa.gov/horizons/news.html
    User Guide  : https://ssd.jpl.nasa.gov/horizons/manual.html
    Connect     : browser        https://ssd.jpl.nasa.gov/horizons/app.html#/x
                  API            https://ssd-api.jpl.nasa.gov/doc/horizons.html
                  command-line   telnet ssd.jpl.nasa.gov 6775
                  e-mail/batch   https://ssd.jpl.nasa.gov/ftp/ssd/horizons_batch.txt
                  scripts        https://ssd.jpl.nasa.gov/ftp/ssd/SCRIPTS
    Author      : Jon.D.Giorgini@jpl.nasa.gov

**********************************************************************************************************************************************************************************************************************************************************************************************
