*******************************************************************************
 Revised: April 12, 2021               Jupiter                              599
 
 PHYSICAL DATA (revised 2025-Jan-30):
  Mass x 10^26 (kg)     = 18.9819           Density (g/cm^3)  = 1.3262 +- .0003
  Equat. radius (1 bar) = 71492+-4 km       Polar radius (km)     = 66854+-10
  Vol. Mean Radius (km) = 69911+-6          Flattening            = 0.06487
  Geometric Albedo      = 0.52              Rocky core mass (Mc/M)= 0.0261
  Sid. rot. period (III)= 9h 55m 29.711 s   Sid. rot. rate (rad/s)= 0.00017585
  Mean solar day, hrs   = ~9.9259         
  GM (km^3/s^2)         = 126686531.900     GM 1-sigma (km^3/s^2) =  +- 1.2732
  Equ. grav, ge (m/s^2) = 24.79             Pol. grav, gp (m/s^2) =  28.34
  Vis. magnitude V(1,0) = -9.40
  Vis. mag. (opposition)= -2.70             Obliquity to orbit    =  3.13 deg
  Sidereal orbit period = 11.861982204 y    Sidereal orbit period = 4332.589 d
  Mean daily motion     = 0.0831294 deg/d   Mean orbit speed, km/s= 13.0697
  Atmos. temp. (1 bar)  = 165+-5 K          Escape speed, km/s    =  59.5           
  A_roche(ice)/Rp       =  2.76             Hill's sphere rad. Rp = 740
                                 Perihelion   Aphelion     Mean
  Solar Constant (W/m^2)         56           46           51
  Maximum Planetary IR (W/m^2)   13.7         13.4         13.6
  Minimum Planetary IR (W/m^2)   13.7         13.4         13.6
*******************************************************************************


*******************************************************************************
Ephemeris / WWW_USER Mon Apr  6 15:52:23 2026 Pasadena, USA      / Horizons    
*******************************************************************************
Target body name: Jupiter (599)                   {source: jup365_merged}
Center body name: Earth (399)                     {source: DE441}
Center-site name: (user defined site below)
*******************************************************************************
Start time      : A.D. 2026-Jan-01 00:00:00.0000 UT      
Stop  time      : A.D. 2026-Dec-31 00:00:00.0000 UT      
Step-size       : 3600 minutes
*******************************************************************************
Target pole/equ : IAU_JUPITER                     {West-longitude positive}
Target radii    : 71492.0, 71492.0, 66854.0 km    {Equator_a, b, pole_c}       
Center geodetic : 259.0, 22.0, 1.85               {E-lon(deg),Lat(deg),Alt(km)}
Center cylindric: 259.0, 5918.20063, 2375.10592   {E-lon(deg),Dxy(km),Dz(km)}
Center pole/equ : ITRF93                          {East-longitude positive}
Center radii    : 6378.137, 6378.137, 6356.752 km {Equator_a, b, pole_c}       
Target primary  : Sun
Vis. interferer : MOON (R_eq= 1737.400) km        {source: DE441}
Rel. light bend : Sun                             {source: jup365_merged}
Rel. lght bnd GM: 1.3271E+11 km^3/s^2                                          
Atmos refraction: NO (AIRLESS)
RA format       : HMS
Time format     : CAL 
Calendar mode   : Mixed Julian/Gregorian
EOP file        : eop.260406.p260703                                           
EOP coverage    : DATA-BASED 1962-JAN-20 TO 2026-APR-06. PREDICTS-> 2026-JUL-02
Units conversion: 1 au= 149597870.700 km, c= 299792.458 km/s, 1 day= 86400.0 s 
Table cut-offs 1: Elevation (-90.0deg=NO ),Airmass (>38.000=NO), Daylight (NO )
Table cut-offs 2: Solar elongation (  0.0,180.0=NO ),Local Hour Angle( 0.0=NO )
Table cut-offs 3: RA/DEC angular rate (     0.0=NO )                           
**********************************************************************************************************************************************************************************************************************************************************************************************
 Date__(UT)__HR:MN     R.A._____(ICRF)_____DEC  R.A.__(a-apparent)__DEC  dRA*cosD d(DEC)/dt  Azi____(a-app)___Elev    APmag   S-brt      Illu%  Ang-diam  ObsSub-LON ObsSub-LAT             delta      deldot     S-O-T /r     S-T-O  Sky_motion  Sky_mot_PA  RelVel-ANG  Lun_Sky_Brt  sky_SNR
**********************************************************************************************************************************************************************************************************************************************************************************************
$$SOE
 2026-Jan-01 00:00 *m  07 30 55.17 +22 02 03.5  07 32 29.96 +21 58 43.8  -19.0995  3.597648   60.294111 -11.661159   -2.670   5.403   99.96876  46.46730  336.671188   1.577413  4.24267437439250  -4.9106166  169.2056 /L    2.0310   0.3239227   280.66745   -16.47293         n.a.     n.a.
 2026-Jan-03 12:00  m  07 29 30.87 +22 05 26.4  07 31 05.83 +22 02 09.8  -19.7862  3.243088  284.568078  26.334215   -2.674   5.403   99.98313  46.52887  353.369849   1.580454  4.23706032539391  -2.8174321  172.0860 /L    1.4944   0.3341697   279.30840   -9.353579        4.384    1.232
 2026-Jan-06 00:00 *   07 28 05.94 +22 08 47.6  07 29 41.01 +22 05 33.8  -19.6654  3.581081   62.713932  -7.016778   -2.676   5.402   99.99313  46.56847   10.060601   1.583596  4.23345776133828  -2.2111322  174.9585 /L    0.9557   0.3331459   280.32053   -7.395586         n.a.     n.a.
 2026-Jan-08 12:00  m  07 26 39.72 +22 12 07.9  07 28 14.90 +22 08 57.5  -20.0779  3.180028  286.189187  21.321467   -2.676   5.403   99.99873  46.58691   26.746425   1.587026  4.23178155766444  -0.0758940  177.8382 /L    0.4136   0.3388025   279.00001   -0.256701        1.578    3.423
 2026-Jan-11 00:00 *   07 25 13.65 +22 15 24.9  07 26 48.90 +22 12 17.3  -19.8729  3.501310   64.916751  -2.270090   -2.676   5.403   99.99984  46.58311   43.421220   1.590385  4.23212665860991   0.5271361  179.2221 /T    0.1410   0.3363170   279.99210   1.7491373         n.a.     n.a.
 2026-Jan-13 12:00  m  07 23 47.08 +22 18 39.0  07 25 22.43 +22 15 34.7  -19.9965  3.059886  287.894002  16.347515   -2.674   5.403   99.99644  46.55774   60.087812   1.594026  4.23443287843552   2.6897333  176.3679 /T    0.6784   0.3371549   278.69996   8.8532141        0.342   15.809
 2026-Jan-16 00:00 *   07 22 21.52 +22 21 48.3  07 23 56.97 +22 18 46.8  -19.6969  3.361225   66.928458   2.552269   -2.671   5.404   99.98860  46.51031   76.740126   1.597427  4.23875165498545   3.2746446  173.4956 /T    1.2178   0.3330276   279.68408   10.857994         n.a.     n.a.
 2026-Jan-18 12:00     07 20 56.27 +22 24 52.9  07 22 31.83 +22 21 54.7  -19.5273  2.886885  289.694446  11.430928   -2.667   5.405   99.97636  46.44145   93.381007   1.601111  4.24503635672228   5.4397391  170.6140 /T    1.7561   0.3289921   278.40961   17.855178         n.a.     n.a.
 2026-Jan-21 00:00 *m  07 19 32.88 +22 27 51.4  07 21 08.52 +22 24 56.2  -19.1317  3.166756   68.771366   7.425538   -2.661   5.407   99.95997  46.35124  110.004507   1.604398  4.25329756095765   5.9957215  167.7489 /T    2.2871   0.3232004   279.39861   19.835626         n.a.     n.a.
 2026-Jan-23 12:00     07 18 10.66 +22 30 43.5  07 19 46.36 +22 27 51.6  -18.6738  2.667692  291.603158   6.590980   -2.654   5.408   99.93950  46.24037  126.613448   1.607982  4.26349625872190   8.1262242  164.8807 /T    2.8132   0.3143893   278.13014   26.631166         n.a.     n.a.
 2026-Jan-26 00:00 *m  07 16 51.09 +22 33 28.5  07 18 26.84 +22 30 39.3  -18.1951  2.926630   70.465066  12.326821   -2.646   5.410   99.91536  46.10950  143.202324   1.611034  4.27559684280515   8.6369145  162.0334 /T    3.3288   0.3071489   279.13761   28.545536         n.a.     n.a.
 2026-Jan-28 12:00     07 15 33.45 +22 36 05.7  07 17 09.27 +22 33 19.5  -17.4710  2.413535  293.633670   1.846935   -2.636   5.412   99.88763  45.95925  159.773980   1.614404  4.28957509402047  10.7069482  159.1869 /T    3.8367   0.2939486   277.86536   35.083475         n.a.     n.a.
 2026-Jan-31 00:00 *m  07 14 19.18 +22 38 35.3  07 15 55.09 +22 35 51.6  -16.9345  2.654286   72.026522  17.235907   -2.625   5.415   99.85686  45.79083  176.323406   1.617119  4.30535202500547  11.1607960  156.3643 /T    4.3312   0.2856868   278.90800   36.890938         n.a.     n.a.
 2026-Feb-02 12:00  m  07 13 07.48 +22 40 56.1  07 14 43.44 +22 38 15.4  -15.9764  2.138808  295.801482  -2.782311   -2.614   5.417   99.82313  45.60466  192.853540   1.620165  4.32292781078193  13.1539208  153.5452 /T    4.8155   0.2686490   277.62502   43.134616         n.a.     n.a.
 2026-Feb-05 00:00 *   07 11 59.73 +22 43 09.1  07 13 35.73 +22 40 30.8  -15.3963  2.362544   73.470140  22.135830   -2.601   5.420   99.78709  45.40228  209.359758   1.622426  4.34219666557160  13.5606974  150.7519 /T    5.2843   0.2596084   278.72393   44.859236         n.a.     n.a.
 2026-Feb-07 12:00  m  07 10 55.15 +22 45 12.6  07 12 31.16 +22 42 37.0  -14.2240  1.852584  298.123702  -7.278467   -2.587   5.423   99.74882  45.18394  225.844865   1.625021  4.36317908716171  15.4629412  147.9640 /T    5.7406   0.2390692   277.42063   50.803409         n.a.     n.a.
 2026-Feb-10 00:00 *   07 09 55.04 +22 47 08.3  07 11 31.08 +22 44 34.7  -13.6114  2.058635   74.808440  27.011789   -2.573   5.426   99.70903  44.95151  242.304690   1.626708  4.38574035718477  15.8215734  145.2039 /T    6.1794   0.2294367   278.60042   52.445655         n.a.     n.a.
 2026-Feb-12 12:00  m  07 08 58.63 +22 48 54.1  07 10 34.69 +22 46 22.8  -12.2372  1.558890  300.618736 -11.622885   -2.557   5.429   99.66780  44.70503  258.741827   1.628733  4.40992029527838  17.6177270  142.4514 /T    6.6038   0.2056017   277.25977   58.113190         n.a.     n.a.
 2026-Feb-15 00:00 *   07 08 07.14 +22 50 32.1  07 09 43.25 +22 48 02.6  -11.6069  1.746190   76.051549  31.850824   -2.541   5.432   99.62589  44.44679  275.152668   1.629754  4.43554278489130  17.9181916  139.7286 /T    7.0089   0.1956245   278.55569   59.655758         n.a.     n.a.
 2026-Feb-17 12:00 A   07 07 19.81 +22 51 59.8  07 08 55.91 +22 49 32.4  -10.0612  1.262498  303.306395 -15.796450   -2.524   5.435   99.58333  44.17661  291.539686   1.631126  4.46267024426604  19.5931304  137.0157 /T    7.3978   0.1690022   277.15217   65.046722         n.a.     n.a.
 2026-Feb-20 00:00 *m  07 06 37.76 +22 53 19.8  07 08 13.87 +22 50 54.0  -9.41888  1.428400   77.207836  36.642039   -2.506   5.438   99.54091  43.89704  307.899773   1.631418  4.49109197320306  19.8266110  134.3343 /T    7.7661   0.1587763   278.62336   66.502420         n.a.     n.a.
 2026-Feb-22 12:00 A   07 06 00.23 +22 54 29.3  07 07 36.30 +22 52 05.1  -7.73852  0.965930  306.207296 -19.779972   -2.488   5.442   99.49863  43.60780  324.235381   1.632088  4.52087971602004  21.3606345  131.6650 /T    8.1169   0.1299762   277.11492   71.606465         n.a.     n.a.
 2026-Feb-25 00:00 *m  07 05 28.22 +22 55 31.4  07 07 04.32 +22 53 08.1  -7.10753  1.110748   78.284233  41.376653   -2.470   5.445   99.45724  43.31160  340.544017   1.631623  4.55179708196452  21.5251760  129.0288 /T    8.4461   0.1198966   278.88221   72.960798         n.a.     n.a.
 2026-Feb-27 12:00 A   07 05 00.97 +22 56 22.8  07 06 37.05 +22 54 00.8  -5.32832  0.674002  309.343021 -23.554066   -2.451   5.448   99.41669  43.00797  356.828022   1.631556  4.58393224902269  22.9037699  126.4061 /T    8.7570   0.0895130   277.20930   77.780880         n.a.     n.a.
 2026-Mar-02 00:00 *m  07 04 39.33 +22 57 07.3  07 06 15.43 +22 54 46.1  -4.73319  0.798884   79.285350  46.048474   -2.432   5.451   99.37766  42.69969   13.085594   1.630301  4.61702741195799  23.0081101  123.8168 /T    9.0460   0.0800023   279.58028   79.017641         n.a.     n.a.
 2026-Mar-04 12:00 Am  07 04 22.56 +22 57 41.2  07 05 58.59 +22 55 21.0  -2.88651  0.391420  312.735804 -27.099077   -2.413   5.454   99.34007  42.38596   29.318814   1.629448  4.65120158891937  24.2387957  121.2412 /T    9.3163   0.0485488   277.72238   83.574880         n.a.     n.a.
 2026-Mar-07 00:00 *   07 04 11.43 +22 58 08.6  07 05 47.44 +22 55 48.6  -2.33182  0.494569   80.213899  50.653587   -2.393   5.457   99.30453  42.06956   45.526310   1.627353  4.68618194169801  24.2916377  118.6988 /T    9.5645   0.0397282   281.97472   84.707058         n.a.     n.a.
 2026-Mar-09 12:00 Am  07 04 05.22 +22 58 25.4  07 05 41.17 +22 56 05.9  -0.43398  0.116307  316.406226 -30.394548   -2.374   5.459   99.27093  41.74950   61.709895   1.625656  4.72210817239705  25.3748707  116.1700 /T    9.7938   0.0074882   285.00294   89.034974         n.a.     n.a.
 2026-Mar-12 00:00 *   07 04 04.63 +22 58 36.0  07 05 40.59 +22 56 16.3  0.080201  0.195026   81.069672  55.189200   -2.354   5.462   99.23983  41.42853   77.868601   1.622678  4.75869232933279  25.3832385  113.6741 /T   10.0012   0.0035146   22.353962   89.543676         n.a.     n.a.
 2026-Mar-14 12:00 Am  07 04 09.02 +22 58 36.1  07 05 44.91 +22 56 16.5  2.013361  -0.15520  320.371336 -33.418476   -2.335   5.464   99.21108  41.10553   94.003920   1.620097  4.79608512209541  26.3089469  111.1920 /T   10.1895   0.0336556   94.408053   85.758530         n.a.     n.a.
 2026-Mar-17 00:00 *   07 04 18.94 +22 58 30.0  07 05 54.82 +22 56 10.1  2.481340  -0.10280   81.847978  59.653401   -2.315   5.466   99.18515  40.78330  110.115443   1.616217  4.83397935335065  26.2685784  108.7425 /T   10.3562   0.0413911   92.372257   84.739547         n.a.     n.a.
 2026-Mar-19 12:00 A   07 04 33.82 +22 58 13.4  07 06 09.60 +22 55 53.2  4.431221  -0.42587  324.641896 -36.148101   -2.296   5.468   99.16188  40.46054  126.204360   1.612739  4.87254095160522  27.0359997  106.3071 /T   10.5038   0.0741940   95.489588   80.818545         n.a.     n.a.
 2026-Mar-22 00:00 *m  07 04 54.11 +22 57 50.7  07 06 29.86 +22 55 29.6  4.845607  -0.40091   82.537966  64.045415   -2.276   5.470   99.14165  40.14008  142.270765   1.607961  4.91144048783551  26.9403499  103.9044 /T   10.6303   0.0810360   94.729641   79.874897         n.a.     n.a.
 2026-Mar-24 12:00 N   07 05 19.26 +22 57 17.3  07 06 54.93 +22 54 55.3  6.782268  -0.69597  329.219325 -38.560700   -2.257   5.471   99.12426  39.82050  158.315697   1.603593  4.95085802978317  27.5454049  101.5160 /T   10.7382   0.1136314   95.858929   76.132416         n.a.     n.a.
 2026-Mar-27 00:00 *m  07 05 49.61 +22 56 38.0  07 07 25.30 +22 54 14.8  7.137803  -0.69832   83.116003  68.365727   -2.238   5.473   99.11000  39.50451  174.339687   1.597928  4.99045849353854  27.4052573   99.1601 /T   10.8256   0.1195314   95.587728   75.259070         n.a.     n.a.
 2026-Mar-29 12:00 N   07 06 24.66 +22 55 48.0  07 08 00.25 +22 53 23.8  9.038123  -0.96463  334.093318 -40.634075   -2.220   5.474   99.09865  39.19058  190.343530   1.592664  5.03043412127015  27.8526573   96.8181 /T   10.8950   0.1514909   96.092062   71.699435         n.a.     n.a.
 2026-Apr-01 00:00 *m  07 07 04.65 +22 54 52.2  07 08 40.20 +22 52 26.5  9.329341  -0.99331   83.531042  72.616001   -2.202   5.475   99.09039  38.88126  206.328140   1.586102  5.07045439268816  27.6842089   94.5073 /T   10.9450   0.1563679   96.077457   70.904856         n.a.     n.a.
 2026-Apr-03 12:00 Nm  07 07 49.15 +22 53 45.6  07 09 24.57 +22 51 18.4  11.19221  -1.23328  339.238128 -42.348200   -2.184   5.476   99.08503  38.57485  222.293885   1.579917  5.11072963647005  27.9842271   92.2094 /T   10.9777   0.1876659   96.288111   67.496319         n.a.     n.a.
 2026-Apr-06 00:00 *   07 08 38.32 +22 52 33.2  07 10 13.72 +22 50 04.0  11.42274  -1.28892   83.665478  76.798030   -2.166   5.476   99.08266  38.27386  238.242026   1.572438  5.15092154807486  27.7947645   89.9413 /T   10.9920   0.1915872   96.437917   66.772084         n.a.     n.a.
 2026-Apr-08 12:00 Nm  07 09 31.83 +22 51 10.0  07 11 07.12 +22 48 38.8  13.24194  -1.50467  344.609906 -43.686349   -2.149   5.476   99.08312  37.97648  254.172558   1.565310  5.19125588205425  27.9543875   87.6850 /T   10.9896   0.2221192   96.482660   63.498835         n.a.     n.a.
 2026-Apr-11 00:00 *   07 10 29.76 +22 49 40.7  07 12 05.04 +22 47 07.4  13.42301  -1.58899   83.185556  80.912483   -2.132   5.477   99.08643  37.68514  270.086997   1.556904  5.23138926846206  27.7433892   85.4572 /T   10.9698   0.2252788   96.751141   62.820169         n.a.     n.a.
 2026-Apr-13 12:00 Nm  07 11 31.84 +22 48 00.5  07 13 07.00 +22 45 25.1  15.19265  -1.78268  350.146910 -44.637024   -2.115   5.477   99.09244  37.39805  285.985080   1.548830  5.27154878905329  27.7627248   83.2402 /T   10.9339   0.2549480   96.692402   59.665246         n.a.     n.a.
 2026-Apr-16 00:00 *   07 12 38.09 +22 46 14.0  07 14 13.20 +22 43 36.2  15.32597  -1.89551   80.697830  84.954230   -2.099   5.476   99.10110  37.11753  301.868616   1.539509  5.31138891582136  27.5305724   81.0509 /T   10.8815   0.2573790   97.050519   59.026519         n.a.     n.a.
 2026-Apr-18 12:00 C   07 13 48.30 +22 44 16.2  07 15 23.27 +22 41 35.9  17.03939  -2.06895  355.772872 -45.196278   -2.084   5.476   99.11227  36.84182  317.737058   1.530502  5.35113732643375  27.4039263   78.8719 /T   10.8139   0.2860756   96.923054   55.970563         n.a.     n.a.
 2026-Apr-21 00:00 *m  07 15 02.40 +22 42 12.0  07 16 37.35 +22 39 28.8  17.12081  -2.20865   56.230911  88.809947   -2.069   5.475   99.12585  36.57319  333.592641   1.520292  5.39044095450346  27.1472409   76.7200 /T   10.7307   0.2877113   97.350767   55.372031         n.a.     n.a.
 2026-Apr-23 12:00 C   07 16 20.21 +22 39 56.4  07 17 55.07 +22 37 10.4  18.75981  -2.36058    1.403827 -45.368318   -2.054   5.475   99.14169  36.30984  349.434610   1.510371  5.42953713654034  26.8853488   74.5780 /T   10.6331   0.3151290   97.171923   52.429067         n.a.     n.a.
 2026-Apr-26 00:00 *m  07 17 41.60 +22 37 34.2  07 19 16.42 +22 34 45.3  18.78881  -2.52471  281.693770  86.988916   -2.039   5.474   99.15962  36.05390    5.265423   1.499283  5.46808077449984  26.6145276   72.4622 /T   10.5212   0.3159614   97.653161   51.878422         n.a.     n.a.
 2026-Apr-28 12:00 C   07 19 06.44 +22 35 00.6  07 20 41.12 +22 32 08.7  20.34860  -2.65539    6.956354 -45.165423   -2.026   5.473   99.17953  35.80353   21.084084   1.488444  5.50631883551048  26.2305018   70.3553 /T   10.3958   0.3420188   97.434797   49.045511         n.a.     n.a.
 2026-May-01 00:00 *   07 20 34.55 +22 32 20.1  07 22 09.17 +22 29 25.0  20.33512  -2.84318  275.490321  83.132229   -2.012   5.472   99.20121  35.56069   36.893157   1.476471  5.54392056769311  25.9641648   68.2731 /T   10.2573   0.3422154   97.959281   48.546108         n.a.     n.a.
 2026-May-03 12:00 Cm  07 22 05.90 +22 29 28.2  07 23 40.38 +22 26 29.6  21.82185  -2.95528   12.354447 -44.607547   -1.999   5.471   99.22458  35.32359   52.691290   1.464703  5.58113224655042  25.4613937   66.1985 /T   10.1061   0.3670175   97.712503   45.798537         n.a.     n.a.
 2026-May-06 00:00 *   07 23 40.23 +22 26 29.2  07 25 14.68 +22 23 27.2  21.77155  -3.16597  274.274322  79.294686   -1.986   5.469   99.24939  35.09411   68.481272   1.451842  5.61762742400313  25.1990171   64.1469 /T    9.9427   0.3666757   98.273825   45.341834         n.a.     n.a.
 2026-May-08 12:00 Cm  07 25 17.60 +22 23 18.7  07 26 51.93 +22 20 13.2  23.19051  -3.26201   17.535321 -43.720267   -1.974   5.468   99.27561  34.87048   84.261448   1.439144  5.65365429320871  24.5857886   62.1016 /T    9.7675   0.3903135   98.006772   42.665513         n.a.     n.a.
 2026-May-11 00:00 *   07 26 57.70 +22 20 00.8  07 28 31.97 +22 16 51.9  23.10851  -3.49471  274.070414  75.495325   -1.963   5.466   99.30296  34.65453  100.034786   1.425408  5.68888428287914  24.3216627   60.0781 /T    9.5810   0.3895212   98.599691   42.237999         n.a.     n.a.
 2026-May-13 12:00 *m  07 28 40.63 +22 16 31.2  07 30 14.75 +22 13 18.6  24.45506  -3.57536   22.453345 -42.533165   -1.951   5.465   99.33142  34.44456  115.799463   1.411800  5.72356395517582  23.5994523   58.0597 /T    9.3833   0.4119173   98.317795   39.625962         n.a.     n.a.
 2026-May-16 00:00 *m  07 30 26.05 +22 12 54.0  07 32 00.10 +22 09 37.6  24.34986  -3.82947  274.236920  71.734451   -1.940   5.463   99.36068  34.24230  131.558578   1.397215  5.75737080076662  23.3319557   56.0622 /T    9.1752   0.4108191   98.937618   39.215038         n.a.     n.a.
 2026-May-18 12:00 *   07 32 14.11 +22 09 05.0  07 33 48.04 +22 05 44.5  25.61630  -3.89450   27.080903 -41.077683   -1.930   5.461   99.39076  34.04617  147.310200   1.382723  5.79053801867596  22.4983231   54.0691 /T    8.9567   0.4318442   98.644592   36.658617         n.a.     n.a.
 2026-May-21 00:00 *m  07 34 04.37 +22 05 08.2  07 35 38.27 +22 01 43.9  25.48061  -4.16581  274.579560  68.009837   -1.920   5.460   99.42132  33.85780  163.057658   1.367317  5.82275439308140  22.2291540   52.0964 /T    8.7289   0.4303149   99.285103   36.274170         n.a.     n.a.
 2026-May-23 12:00 *   07 35 57.04 +22 00 59.7  07 37 30.80 +21 57 31.4  26.66265  -4.21441   31.406624 -39.384389   -1.910   5.458   99.45237  33.67561  178.798845   1.351959  5.85425573887577  21.2958202   50.1276 /T    8.4914   0.4498944   98.982096   33.776168         n.a.     n.a.
 2026-May-26 00:00 *m  07 37 51.64 +21 56 43.3  07 39 25.32 +21 53 11.2  26.49879  -4.50000  275.020988  64.318163   -1.901   5.456   99.48357  33.50114  194.537207   1.335743  5.88474468059035  21.0375925   48.1783 /T    8.2457   0.4479695   99.637964   33.429985         n.a.     n.a.
 2026-May-28 12:00 *   07 39 48.41 +21 52 15.4  07 41 21.93 +21 48 39.0  27.59702  -4.53251   35.432380 -37.482200   -1.892   5.455   99.51496  33.33282  210.270412   1.319519  5.91446079319740  20.0200246   46.2317 /T    7.9911   0.4661125   99.326939   30.993395         n.a.     n.a.
 2026-May-31 00:00 *   07 41 46.88 +21 47 39.6  07 43 20.33 +21 43 59.1  27.41799  -4.83235  275.524274  60.656059   -1.884   5.453   99.54621  33.17206  226.001883   1.302495  5.94312326609597  19.7781513   44.3033 /T    7.7291   0.4640096   99.995576   30.678952         n.a.     n.a.
 2026-Jun-02 12:00 *m  07 43 47.33 +21 42 52.4  07 45 20.66 +21 39 07.4  28.43979  -4.85114   39.168810 -35.397663   -1.876   5.451   99.57738  33.01741  241.729140   1.285413  5.97095920779331  18.6793800   42.3763 /T    7.4589   0.4808428   99.680111   28.287139         n.a.     n.a.
 2026-Jun-05 00:00 *   07 45 49.26 +21 37 57.1  07 47 22.53 +21 34 08.0  28.24945  -5.16368  276.070689  57.020665   -1.868   5.449   99.60814  32.87020  257.455663   1.267596  5.99770116518213  18.4552111   40.4660 /T    7.1821   0.4786251   100.35867   28.003052         n.a.     n.a.
 2026-Jun-07 12:00 *m  07 47 53.02 +21 32 50.4  07 49 26.14 +21 28 57.1  29.20080  -5.17087   42.632359 -33.154499   -1.861   5.448   99.63856  32.72906  273.178787   1.249676  6.02356518788801  17.2743777   38.5560 /T    6.8978   0.4942515   100.04183   25.637955         n.a.     n.a.
 2026-Jun-10 00:00 *   07 49 58.05 +21 27 35.6  07 51 31.08 +21 23 38.2  29.00207  -5.49449  276.649730  53.409388   -1.854   5.446   99.66832  32.59528  288.902143   1.231096  6.04828787966270  17.0580187   36.6614 /T    6.6076   0.4919659   100.72764   25.369285         n.a.     n.a.
 2026-Jun-12 12:00 *m  07 52 04.74 +21 22 09.6  07 53 37.62 +21 18 07.6  29.87875  -5.48975   45.843262 -30.773703   -1.847   5.444   99.69750  32.46758  304.622993   1.212372  6.07207637223943  15.8017015   34.7661 /T    6.3103   0.5063148   100.41108   23.031442         n.a.     n.a.
 2026-Jun-15 00:00 *m  07 54 12.51 +21 16 35.3  07 55 45.33 +21 12 29.0  29.67264  -5.82212  277.255350  49.819634   -1.841   5.443   99.72579  32.34719  320.345021   1.193067  6.09467616364782  15.5854999   32.8854 /T    6.0080   0.5039738   101.10109   22.767343         n.a.     n.a.
 2026-Jun-17 12:00 *   07 56 21.76 +21 10 50.2  07 57 54.46 +21 06 39.2  30.46477  -5.80332   48.823335 -28.273129   -1.835   5.441   99.75326  32.23293  336.065542   1.173575  6.11628093126503  14.2551351   31.0035 /T    5.6993   0.5168764   100.78521   20.452963         n.a.     n.a.
 2026-Jun-20 00:00 *m  07 58 31.84 +21 04 57.0  08 00 04.46 +21 00 41.9  30.24951  -6.14057  277.885129  46.248663   -1.829   5.440   99.77962  32.12588  351.788277   1.153571  6.13666116870422  14.0529999   29.1357 /T    5.3863   0.5144413   101.47497   20.212371         n.a.     n.a.
 2026-Jun-22 12:00 *   08 00 43.22 +20 58 53.2  08 02 15.68 +20 54 33.6  30.95685  -6.10719   51.594720 -25.667331   -1.824   5.439   99.80494  32.02494    7.510420   1.133327  6.15600289196542  12.6602606   27.2662 /T    5.0677   0.5258920   101.16004   17.922779         n.a.     n.a.
 2026-Jun-25 00:00 *m  08 02 55.22 +20 52 41.6  08 04 27.58 +20 48 17.7  30.73611  -6.44729  278.538013  42.693594   -1.819   5.438   99.82895  31.93108   23.235688   1.112638  6.17409878886046  12.4787377   25.4100 /T    4.7456   0.5234172   101.84675   17.711433         n.a.     n.a.
 2026-Jun-27 12:00 *   08 05 08.35 +20 46 19.9  08 06 40.56 +20 41 51.3  31.36752  -6.40173   54.178986 -22.968711   -1.815   5.436   99.85174  31.84325   38.961139   1.091655  6.19112801035847  11.0357569   23.5511 /T    4.4185   0.5335686   101.53497   15.444474         n.a.     n.a.
 2026-Jun-30 00:00 *   08 07 21.92 +20 39 50.5  08 08 54.05 +20 35 17.6  31.14730  -6.74392  279.214079  39.152050   -1.810   5.435   99.87306  31.76236   54.690452   1.070300  6.20689541749302  10.8731272   21.7042 /T    4.0887   0.5311505   102.21694   15.256514         n.a.     n.a.
 2026-Jul-02 12:00 *m  08 09 36.46 +20 33 11.4  08 11 08.46 +20 28 33.9  31.70410  -6.68708   56.596007 -20.187729   -1.806   5.435   99.89300  31.68746   70.420657   1.048607  6.22156673194546   9.3823737   19.8536 /T    3.7544   0.5400275   101.91035   13.003185         n.a.     n.a.
 2026-Jul-05 00:00 *   08 11 51.28 +20 26 24.8  08 13 23.19 +20 21 43.2  31.49204  -7.03106  279.914293  35.622079   -1.803   5.434   99.91134  31.61936   86.155376   1.026619  6.23496546041718   9.2367133   18.0137 /T    3.4179   0.5377898   102.58571   12.832771         n.a.     n.a.
 2026-Jul-07 12:00 *m  08 14 06.95 +20 19 28.8  08 15 38.69 +20 14 42.7  31.97693  -6.96413   58.864320 -17.333271   -1.799   5.433   99.92815  31.55727  101.891633   1.004254  6.24723434352952   7.6980033   16.1688 /T    3.0774   0.5454414   102.28637   10.580832         n.a.     n.a.
 2026-Jul-10 00:00 *   08 16 22.74 +20 12 25.5  08 17 54.38 +20 07 35.0  31.77023  -7.30699  280.639846  32.101945   -1.796   5.432   99.94325  31.50192  117.633087   0.981677  6.25821067592687   7.5601786   14.3337 /T    2.7354   0.5433281   102.95248   10.417141         n.a.     n.a.
 2026-Jul-12 12:00 Cm  08 18 39.25 +20 05 13.3  08 20 10.76 +20 00 18.1  32.18113  -7.22967   61.001155 -14.412828   -1.794   5.432   99.95671  31.45261  133.376784   0.958688  6.26802173849480   5.9745826   12.4929 /T    2.3899   0.5497205   102.66159   8.1577382         n.a.     n.a.
 2026-Jul-15 00:00 *m  08 20 55.70 +19 57 54.1  08 22 27.14 +19 52 54.6  31.97594  -7.56778  281.392760  28.590031   -1.791   5.432   99.96837  31.41004  149.126445   0.935566  6.27651598552962   5.8397451   10.6614 /T    2.0436   0.5476547   103.31525   7.9949393         n.a.     n.a.
 2026-Jul-17 12:00 C   08 23 12.69 +19 50 26.7  08 24 43.99 +19 45 22.8  32.29985  -7.47604   63.022041 -11.432056   -1.789   5.431   99.97828  31.37358  164.879213   0.911989  6.28381133672208   4.2201578    8.8242 /T    1.6946   0.5525626   103.03204   5.7362018         n.a.     n.a.
 2026-Jul-20 00:00 *m  08 25 29.44 +19 42 52.8  08 27 00.62 +19 37 44.8  32.09866  -7.80702  282.176105  25.084416   -1.787   5.431   99.98632  31.34376  180.638673   0.888347  6.28978858949563   4.1004684    6.9965 /T    1.3456   0.5505738   103.67002   5.5891627         n.a.     n.a.
 2026-Jul-22 12:00 C   08 27 46.56 +19 35 11.5  08 29 17.60 +19 29 58.9  32.34028  -7.70201   64.941462  -8.395269   -1.785   5.431   99.99255  31.32005  196.401973   0.864206  6.29455080495202   2.4579093    5.1644 /T    0.9949   0.5540795   103.39576   3.3310920         n.a.     n.a.
 2026-Jul-25 00:00 *m  08 30 03.28 +19 27 24.1  08 31 34.22 +19 22 07.4  32.14690  -8.02482  282.993079  21.583418   -1.784   5.432   99.99688  31.30287  212.172576   0.840070  6.29800519343415   2.3622134    3.3461 /T    0.6459   0.5522231   104.01626   3.2104884         n.a.     n.a.
 2026-Jul-27 12:00 C   08 32 20.24 +19 19 30.0  08 33 51.06 +19 14 08.8  32.31473  -7.90948   66.772431  -5.306226   -1.783   5.432   99.99934  31.29178  227.947571   0.815397  6.30023809059538   0.6993065    1.5487 /T    0.3004   0.5544772   103.75353   0.9432203         n.a.     n.a.
 2026-Jul-30 00:00 *   08 34 36.65 +19 11 30.3  08 36 07.34 +19 06 05.8  32.13222  -8.22321  283.847736  18.085969   -1.782   5.432   99.99990  31.28715  243.730393   0.790805  6.30117019018064   0.6190245    0.5942 /L    0.1120   0.5527961   104.35492   0.8365928         n.a.     n.a.
 2026-Aug-01 12:00 Cm  08 36 53.16 +19 03 24.6  08 38 23.72 +18 57 55.3  32.22721  -8.09822   68.526848  -2.167889   -1.782   5.433   99.99857  31.28863  259.518184   0.765647  6.30087209451969  -1.0556499    2.2482 /L    0.4283   0.5538186   104.10554   -1.439275         n.a.     n.a.
 2026-Aug-04 00:00 *   08 39 09.01 +18 55 13.8  08 40 39.44 +18 49 40.5  32.05816  -8.40193  284.743749  14.591399   -1.782   5.433   99.99536  31.29653  275.314257   0.740649  6.29928078837090  -1.1289490    4.0608 /L    0.7754   0.5523480   104.68599   -1.543198         n.a.     n.a.
 2026-Aug-06 12:00 Cm  08 41 24.84 +18 46 57.6  08 42 55.14 +18 41 19.9  32.07754  -8.26682   70.215835   1.016726   -1.782   5.434   99.99025  31.31063  291.115906   0.715062  6.29644337755318  -2.8177084    5.8972 /L    1.1259   0.5520942   104.45145   -3.841866         n.a.     n.a.
 2026-Aug-09 00:00 *   08 43 39.85 +18 38 36.9  08 45 10.06 +18 32 55.2  31.92053  -8.55800  285.686375  11.099175   -1.783   5.434   99.98331  31.33116  306.926385   0.689713  6.29231782319033  -2.8857961    7.7341 /L    1.4750   0.5507974   105.00824   -3.946047         n.a.     n.a.
 2026-Aug-11 12:00 Cm  08 45 54.71 +18 30 11.7  08 47 24.82 +18 24 25.7  31.85790  -8.41072   71.849814   4.245747   -1.784   5.435   99.97449  31.35802  322.743108   0.663753  6.28692927136023  -4.5857194    9.5831 /L    1.8246   0.5491575   104.78906   -6.276042         n.a.     n.a.
 2026-Aug-14 00:00 *m  08 48 08.59 +18 21 42.7  08 49 38.58 +18 15 53.0  31.70504  -8.68448  286.681480   7.608968   -1.785   5.436   99.96392  31.39133  338.569314   0.638098  6.28025816012338  -4.6498194   11.4298 /L    2.1714   0.5478822   105.31842   -6.384341         n.a.     n.a.
 2026-Aug-16 12:00 C   08 50 22.13 +18 13 10.2  08 51 51.99 +18 07 16.5  31.55668  -8.52332   73.438576   7.518137   -1.787   5.437   99.95152  31.43104  354.402512   0.611803  6.27232266501369  -6.3424422   13.2879 /L    2.5178   0.5447913   105.11469   -8.734902         n.a.     n.a.
 2026-Aug-19 00:00 *m  08 52 34.53 +18 04 34.9  08 54 04.27 +17 58 37.4  31.41100  -8.77856  287.736027   4.120351   -1.789   5.438   99.93746  31.47718   10.245746   0.585876  6.26312984006230  -6.3924110   15.1437 /L    2.8605   0.5435771   105.61430   -8.834655         n.a.     n.a.
 2026-Aug-21 12:00 N   08 54 46.44 +17 55 57.1  08 56 16.08 +17 49 55.5  31.17781  -8.60415   74.991852  10.833154   -1.791   5.440   99.92167  31.52977   26.096613   0.559287  6.25268266704694  -8.0694180   17.0110 /L    3.2021   0.5390546   105.42793   -11.20810         n.a.     n.a.
 2026-Aug-24 00:00 *m  08 56 57.07 +17 47 17.3  08 58 26.60 +17 41 12.0  31.04614  -8.84169  288.857953   0.633588   -1.793   5.441   99.90434  31.58870   41.957947   0.533130  6.24101672510231  -8.1010482   18.8766 /L    3.5394   0.5380103   105.89652   -11.29265         n.a.     n.a.
 2026-Aug-26 12:00 N   08 59 07.07 +17 38 36.0  09 00 36.51 +17 32 26.8  30.73522  -8.65686   76.518944  14.190129   -1.796   5.443   99.88539  31.65417   57.827423   0.506300  6.22811017830995  -9.7594074   20.7546 /L    3.8750   0.5321850   105.73037   -13.69488         n.a.     n.a.
 2026-Aug-29 00:00 *   09 01 15.65 +17 29 53.4  09 02 44.97 +17 23 40.8  30.61494  -8.87455  290.056415  -2.850289   -1.799   5.444   99.86503  31.72596   73.707778   0.479972  6.21401707495201  -9.7795094   22.6318 /L    4.2057   0.5312543   106.16562   -13.77508         n.a.     n.a.
 2026-Aug-31 12:00 Nm  09 03 23.48 +17 21 10.4  09 04 52.68 +17 14 54.0  30.22978  -8.68085   78.029437  17.588413   -1.802   5.446   99.84318  31.80436   89.596776   0.452967  6.19869865722609 -11.4160169   24.5225 /L    4.5340   0.5241916   106.02207   -16.21136         n.a.     n.a.
 2026-Sep-03 00:00 *   09 05 29.76 +17 12 26.8  09 06 58.84 +17 06 06.9  30.12099  -8.87740  291.341736  -6.329724   -1.806   5.448   99.82009  31.88914  105.497065   0.426534  6.18221945616928 -11.4365920   26.4138 /L    4.8569   0.5233658   106.42155   -16.30430         n.a.     n.a.
 2026-Sep-05 12:00 Nm  09 07 35.14 +17 03 43.8  09 09 04.15 +16 57 20.2  29.65078  -8.67128   79.533526  21.027433   -1.810   5.450   99.79567  31.98069  121.406658   0.399425  6.16452056167368 -13.0463671   28.3196 /L    5.1768   0.5148785   106.30140   -18.78475         n.a.     n.a.
 2026-Sep-08 00:00 *   09 09 38.82 +16 55 01.3  09 11 07.75 +16 48 34.3  29.54927  -8.84352  292.726312  -9.802528   -1.814   5.452   99.77019  32.07867  137.328047   0.372951  6.14569185952517 -13.0689706   30.2271 /L    5.4905   0.5140707   106.66141   -18.89607         n.a.     n.a.
 2026-Sep-10 12:00 Nm  09 11 41.42 +16 46 20.8  09 13 10.27 +16 39 50.4  28.98722  -8.62223   81.041798  24.507252   -1.819   5.454   99.74357  32.18360  153.259483   0.345797  6.12565507291626 -14.6442222   32.1500 /L    5.8005   0.5040398   106.56508   -21.42782         n.a.     n.a.
 2026-Sep-13 00:00 *m  09 13 42.15 +16 37 41.9  09 15 10.87 +16 31 08.3  28.88691  -8.76621  294.225249 -13.265961   -1.824   5.456   99.71614  32.29497  169.203309   0.319331  6.10453142279969 -14.6554236   34.0750 /L    6.1035   0.5031291   106.88129   -21.54547         n.a.     n.a.
 2026-Sep-15 12:00 N   09 15 41.61 +16 29 06.4  09 17 10.25 +16 22 29.3  28.23474  -8.53032   82.566296  28.028380   -1.830   5.458   99.68777  32.41336  185.157836   0.292185  6.08223361699696 -16.1816382   36.0157 /L    6.4020   0.4915866   106.81069   -24.12295         n.a.     n.a.
 2026-Sep-18 00:00 *m  09 17 39.03 +16 20 33.6  09 19 07.57 +16 13 53.4  28.13902  -8.64634  295.856101 -16.716337   -1.835   5.461   99.65883  32.53816  201.125213   0.265778  6.05890487486903 -16.1802224   37.9591 /L    6.6926   0.4906242   107.08073   -24.24527         n.a.     n.a.
 2026-Sep-20 12:00 N   09 19 35.01 +16 12 05.6  09 21 03.50 +16 05 22.0  27.39941  -8.39731   84.120787  31.591076   -1.842   5.463   99.62920  32.67006  217.103903   0.238703  6.03444381001002 -17.6454246   39.9188 /L    6.9779   0.4776222   107.03914   -26.86463         n.a.     n.a.
 2026-Sep-23 00:00 *m  09 21 28.80 +16 03 41.5  09 22 57.20 +15 56 55.0  27.31063  -8.48556  297.639770 -20.148308   -1.848   5.465   99.59926  32.80831  233.095793   0.212421  6.00901527161764 -17.6321226   41.8819 /L    7.2548   0.4766419   107.26029   -26.99236         n.a.     n.a.
 2026-Sep-25 12:00 N   09 23 20.99 +15 55 23.3  09 24 49.32 +15 48 33.7  26.48603  -8.22472   85.721486  35.195371   -1.855   5.468   99.56888  32.95374  249.099544   0.185493  5.98249661035159 -19.0361225   43.8624 /L    7.5255   0.4622276   107.25116   -29.66437         n.a.     n.a.
 2026-Sep-28 00:00 *   09 25 10.84 +15 47 10.2  09 26 39.06 +15 40 17.9  26.40437  -8.28460  299.600824 -23.554803   -1.862   5.470   99.53845  33.10549  265.116862   0.159416  5.95507389771446 -19.0124025   45.8473 /L    7.7871   0.4612259   107.41969   -29.80046         n.a.     n.a.
 2026-Sep-30 12:00 Nm  09 26 58.93 +15 39 04.4  09 28 27.10 +15 32 08.9  25.49624  -8.01274   87.388732  38.840953   -1.870   5.472   99.50786  33.26453  281.146569   0.132723  5.92660297721247 -20.3526786   47.8507 /L    8.0419   0.4454281   107.44644   -32.53263         n.a.     n.a.
 2026-Oct-03 00:00 *   09 28 44.53 +15 31 04.7  09 30 12.64 +15 24 06.4  25.41387  -8.04054  301.768221 -26.926641   -1.878   5.475   99.47750  33.42992  297.190280   0.106933  5.89728133938205 -20.3322627   49.8600 /L    8.2867   0.4442582   107.55653   -32.70391         n.a.     n.a.
 2026-Oct-05 12:00 Nm  09 30 28.16 +15 23 13.8  09 31 56.26 +15 16 12.5  24.41357  -7.75420   89.148162  42.527294   -1.886   5.477   99.44728  33.60273  313.247100   0.080558  5.86695335033986 -21.5991090   51.8891 /L    8.5238   0.4269237   107.62081   -35.50573         n.a.     n.a.
 2026-Oct-08 00:00 *   09 32 09.13 +15 15 30.5  09 33 37.14 +15 08 26.8  24.32435  -7.74656  304.177252 -30.251985   -1.895   5.479   99.41761  33.78189  329.318454   0.055125  5.83583723575060 -21.5768838   53.9250 /L    8.7502   0.4254680   107.66508   -35.71463         n.a.     n.a.
 2026-Oct-10 12:00 N   09 33 47.90 +15 07 57.7  09 35 15.87 +15 00 51.3  23.22171  -7.44162   91.033274  46.253993   -1.905   5.482   99.38839  33.96856  345.403716   0.029137  5.80376820465495 -22.7564395   55.9817 /L    8.9678   0.4064157   107.76855   -38.59636         n.a.     n.a.
 2026-Oct-13 00:00 *m  09 35 23.81 +15 00 34.0  09 36 51.69 +14 53 25.1  23.12674  -7.39848  306.870020 -33.515902   -1.914   5.484   99.36006  34.16144    1.504005   0.004127  5.77099858750792 -22.7172545   58.0456 /L    9.1737   0.4046890   107.74002   -38.82549         n.a.     n.a.
 2026-Oct-15 12:00 N   09 36 57.30 +14 53 22.4  09 38 25.18 +14 46 10.8  21.92971  -7.07834   93.090171  50.019836   -1.925   5.486   99.33253  34.36179   17.618830  -0.021397  5.73735017905991 -23.7975041   60.1308 /L    9.3698   0.3840627   107.88873   -41.78061         n.a.     n.a.
 2026-Oct-18 00:00 *m  09 38 27.74 +14 46 21.5  09 39 55.57 +14 39 07.5  21.82717  -6.99926  309.895902 -36.698737   -1.935   5.488   99.30620  34.56819   33.749070  -0.045906  5.70309432657484 -23.7387574   62.2235 /L    9.5533   0.3820322   107.77936   -42.03171         n.a.     n.a.
 2026-Oct-20 12:00 N   09 39 55.56 +14 39 34.0  09 41 23.39 +14 32 17.6  20.54310  -6.66719   95.383648  53.821900   -1.946   5.490   99.28099  34.78195   49.894371  -0.070876  5.66804410001626 -24.7130921   64.3383 /L    9.7261   0.3599655   107.98064   -45.05947         n.a.     n.a.
 2026-Oct-23 00:00 *m  09 41 20.17 +14 32 58.6  09 42 47.94 +14 25 40.1  20.43535  -6.55339  313.312014 -39.774889   -1.958   5.492   99.25729  35.00156   66.055377  -0.094790  5.63248115505367 -24.6404728   66.4613 /L    9.8856   0.3576740   107.78048   -45.33838         n.a.     n.a.
 2026-Oct-25 12:00 Nm  09 42 41.95 +14 26 38.1  09 44 09.72 +14 19 17.4  19.06322  -6.20927   98.009419  57.654640   -1.970   5.494   99.23503  35.22845   82.231998  -0.119101  5.59620458550769 -25.5027032   68.6074 /L   10.0333   0.3341495   108.04145   -48.44920         n.a.     n.a.
 2026-Oct-28 00:00 *   09 44 00.37 +14 20 31.0  09 45 28.08 +14 13 08.1  18.94871  -6.06045  317.182417 -42.711783   -1.982   5.496   99.21458  35.46096   98.424594  -0.142318  5.55951249064031 -25.4212228   70.7627 /L   10.1670   0.3315715   107.73608   -48.76530         n.a.     n.a.
 2026-Oct-30 12:00 Nm  09 45 15.74 +14 14 40.3  09 46 43.51 +14 07 15.2  17.48868  -5.70419  101.115277  61.508191   -1.995   5.497   99.19588  35.70065  114.633376  -0.165862  5.52218581385523 -26.1722057   72.9427 /L   10.2880   0.3065905   108.06449   -51.97699         n.a.     n.a.
 2026-Nov-02 00:00 *   09 46 27.56 +14 09 04.5  09 47 55.30 +14 01 37.4  17.35594  -5.51588  321.576247 -45.468028   -2.008   5.499   99.17928  35.94572  130.858559  -0.188287  5.48453642500209 -26.0808417   75.1331 /L   10.3941   0.3035226   107.63073   -52.34893         n.a.     n.a.
 2026-Nov-04 12:00 Nm  09 47 36.10 +14 03 46.8  09 49 03.87 +13 56 17.9  15.80235  -5.14472  104.939873  65.365585   -2.022   5.500   99.16474  36.19780  147.100586  -0.210971  5.44634349974842 -26.7067110   77.3495 /L   10.4863   0.2769790   108.03354   -55.67589         n.a.     n.a.
 2026-Nov-07 00:00 *   09 48 40.88 +13 58 45.5  09 50 08.60 +13 51 14.9  15.64750  -4.91583  326.562694 -47.992027   -2.036   5.501   99.15259  36.45488  163.359422  -0.232520  5.40793579567280 -26.6002602   79.5770 /L   10.5626   0.2733585   107.44067   -56.10789         n.a.     n.a.
 2026-Nov-09 12:00 A   09 49 42.11 +13 54 04.2  09 51 09.88 +13 46 31.7  14.00108  -4.53015  109.894300  69.195297   -2.051   5.502   99.14281  36.71860  179.635752  -0.254254  5.36909380214534 -27.0815807   81.8314 /L   10.6240   0.2452621   107.92935   -59.55450         n.a.     n.a.
 2026-Nov-12 00:00 *m  09 50 39.39 +13 49 40.7  09 52 07.15 +13 42 06.5  13.82774  -4.26353  332.199294 -50.221195   -2.065   5.503   99.13565  36.98677  195.929122  -0.274835  5.33016650486221 -26.9477799   84.0972 /L   10.6684   0.2411685   107.13618   -60.03167         n.a.     n.a.
 2026-Nov-14 12:00 A   09 51 32.90 +13 45 38.7  09 53 00.73 +13 38 02.8  12.09787  -3.86736  116.730819  72.934118   -2.081   5.504   99.13110  37.26108  212.240423  -0.295513  5.29092643251915 -27.2813049   86.3903 /L   10.6969   0.2116831   107.72766   -63.60707         n.a.     n.a.
 2026-Nov-17 00:00 *m  09 52 22.29 +13 41 55.8  09 53 50.12 +13 34 18.6  11.90887  -3.56585  338.513993 -52.082079   -2.096   5.504   99.12935  37.53912  228.568874  -0.315018  5.25173785880953 -27.1140126   88.6950 /L   10.7078   0.2071878   106.66917   -64.12246         n.a.     n.a.
 2026-Nov-19 12:00 A   09 53 07.70 +13 38 35.6  09 54 35.59 +13 30 57.0  10.11041  -3.16527  126.897077  76.446066   -2.113   5.504   99.13040  37.82267  244.915496  -0.334520  5.21236633546876 -27.2943735   91.0275 /L   10.7017   0.1765717   107.38379   -67.82425         n.a.     n.a.
 2026-Nov-22 00:00 *m  09 53 48.87 +13 35 35.7  09 55 16.74 +13 27 55.9  9.903769  -2.82980  345.481486 -53.494435   -2.129   5.504   99.13435  38.10920  261.279238  -0.352832  5.17317720370648 -27.1030381   93.3719 /L   10.6774   0.1716686   105.94621   -68.39259         n.a.     n.a.
 2026-Nov-24 12:00 Am  09 54 25.86 +13 32 59.6  09 55 53.82 +13 25 18.4  8.045910  -2.42823  143.079931  79.418613   -2.146   5.504   99.14120  38.40050  277.661360  -0.371032  5.13393411665485 -27.1272100   95.7450 /L   10.6353   0.1400724   106.79363   -72.23240        2.312    2.381
 2026-Nov-27 00:00 *   09 54 58.50 +13 30 44.7  09 56 26.49 +13 23 02.2  7.820885  -2.06014  353.000921 -54.378943   -2.163   5.504   99.15100  38.69394  294.060510  -0.388035  5.09500080225684 -26.9179962   98.1307 /L   10.5744   0.1347945   104.75738   -72.85986         n.a.     n.a.
 2026-Nov-29 12:00 Am  09 55 26.76 +13 28 54.6  09 56 54.87 +13 21 11.0  5.898792  -1.65461  168.262463  81.178035   -2.180   5.503   99.16376  38.99136  310.478318  -0.404823  5.05613580474344 -26.7842331  100.5465 /L   10.4948   0.1021076   105.66878   -76.88430        2.598    2.119
 2026-Dec-02 00:00 *   09 55 50.51 +13 27 27.0  09 57 18.64 +13 19 42.5  5.648911  -1.25298    0.887624 -54.667730   -2.198   5.503   99.17944  39.28990  326.913120  -0.420420  5.01771789543852 -26.5478735  102.9757 /L   10.3958   0.0964367   102.50625   -77.57465         n.a.     n.a.
 2026-Dec-04 12:00 Am  09 56 09.70 +13 26 25.2  09 57 37.91 +13 18 40.0  3.673965  -0.84740  198.169410  80.880046   -2.215   5.502   99.19807  39.59136  343.366729  -0.435699  4.97951170978181 -26.2414088  105.4358 /L   10.2772   0.0628404   102.98809   -81.79779        0.238   23.128
 2026-Dec-07 00:00 *   09 56 24.26 +13 25 46.7  09 57 52.51 +13 18 00.7  3.400286  -0.41551    8.889831 -54.317016   -2.233   5.501   99.21951  39.89265  359.837100  -0.449801  4.94190349237479 -25.9662694  107.9094 /L   10.1386   0.0570930   96.966860   -82.51724         n.a.     n.a.
 2026-Dec-09 12:00 A   09 56 34.10 +13 25 34.8  09 58 02.47 +13 17 48.0  1.392082  -0.01751  221.518069  78.599683   -2.251   5.499   99.24376  40.19550   16.326131  -0.463472  4.90466878987444 -25.4783735  110.4140 /L    9.9798   0.0232032   90.720581   -86.90944         n.a.     n.a.
 2026-Dec-12 00:00 *m  09 56 39.28 +13 25 46.6  09 58 07.70 +13 17 59.1  1.107462  0.436092   16.732431 -53.315385   -2.269   5.498   99.27061  40.49669   32.831335  -0.475976  4.86819144632008 -25.1631171  112.9317 /L    9.8008   0.0198372   68.506680   -87.34390         n.a.     n.a.
 2026-Dec-14 12:00 A   09 56 39.62 +13 26 25.2  09 58 08.18 +13 18 37.3  -0.91545  0.819639  236.261639  75.160569   -2.287   5.496   99.30001  40.79791   49.354805  -0.487929  4.83224832768476 -24.4923689  115.4801 /L    9.6012   0.0204794   311.83929   -87.20384         n.a.     n.a.
 2026-Dec-17 00:00 *m  09 56 35.31 +13 27 27.4  09 58 03.91 +13 19 39.3  -1.20340  1.288467   24.172688 -51.684697   -2.305   5.494   99.33164  41.09578   65.893580  -0.498732  4.79722355327484 -24.1355543  118.0407 /L    9.3814   0.0293841   316.95513   -85.96173         n.a.     n.a.
 2026-Dec-19 12:00 A   09 56 26.15 +13 28 56.2  09 57 54.87 +13 21 07.9  -3.21295  1.647478  245.663101  71.134809   -2.323   5.492   99.36545  41.39199   82.449883  -0.508859  4.76289291834820 -23.2901511  120.6317 /L    9.1409   0.0601785   297.14701   -81.53874         n.a.     n.a.
 2026-Dec-22 00:00 *m  09 56 12.41 +13 30 48.3  09 57 41.19 +13 22 59.7  -3.50026  2.126684   31.041235 -49.473614   -2.341   5.490   99.40103  41.68311   99.020436  -0.517862  4.72962877802506 -22.8965289  123.2341 /L    8.8806   0.0682614   301.28195   -80.32732         n.a.     n.a.
 2026-Dec-24 12:00  m  09 55 53.83 +13 33 06.3  09 57 22.78 +13 25 17.6  -5.47526  2.454756  252.128914  66.784337   -2.358   5.488   99.43830  41.97078  115.607570  -0.526072  4.69721210651786 -21.8816233  125.8666 /L    8.5998   0.1000060   294.14841   -75.45290        2.982    1.840
 2026-Dec-27 00:00 *   09 55 30.80 +13 35 46.9  09 56 59.83 +13 27 58.1  -5.76217  2.941739   37.253651 -46.746016   -2.376   5.486   99.47678  42.25156  132.207733  -0.533208  4.66599615410667 -21.4640838  128.5102 /L    8.2997   0.1078276   297.04550   -74.18061         n.a.     n.a.
 2026-Dec-29 12:00  m  09 55 02.96 +13 38 52.6  09 56 32.14 +13 31 04.2  -7.69200  3.237415  256.928338  62.228598   -2.392   5.483   99.51639  42.52700  148.823525  -0.539452  4.63577598076999 -20.2754868  131.1840 /L    7.9792   0.1390919   292.82530   -68.97291        1.989    2.757
$$EOE
**********************************************************************************************************************************************************************************************************************************************************************************************
Column meaning:
 
TIME

  Times PRIOR to 1962 are UT1, a mean-solar time closely related to the
prior but now-deprecated GMT. Times AFTER 1962 are in UTC, the current
civil or "wall-clock" time-scale. UTC is kept within 0.9 seconds of UT1
using integer leap-seconds for 1972 and later years.

  Conversion from the internal Barycentric Dynamical Time (TDB) of solar
system dynamics to the non-uniform civil UT time-scale requested for output
has not been determined for UTC times after the next July or January 1st.
Therefore, the last known leap-second is used as a constant over future
intervals.

  Time tags refer to the UT time-scale conversion from TDB on Earth
regardless of observer location within the solar system, although clock
rates may differ due to the local gravity field and no analog to "UT"
may be defined for that location.

  Any 'b' symbol in the 1st-column denotes a B.C. date. First-column blank
(" ") denotes an A.D. date.
 
CALENDAR SYSTEM

  Mixed calendar mode was active such that calendar dates after AD 1582-Oct-15
(if any) are in the modern Gregorian system. Dates prior to 1582-Oct-5 (if any)
are in the Julian calendar system, which is automatically extended for dates
prior to its adoption on 45-Jan-1 BC.  The Julian calendar is useful for
matching historical dates. The Gregorian calendar more accurately corresponds
to the Earth's orbital motion and seasons. A "Gregorian-only" calendar mode is
available if such physical events are the primary interest.

  NOTE: "n.a." in output means quantity "not available" at the print-time.
 
SOLAR PRESENCE (OBSERVING SITE)
  Time tag is followed by a blank, then a solar-presence symbol:

       '*'  Daylight (refracted solar upper-limb on or above apparent horizon)
       'C'  Civil twilight/dawn
       'N'  Nautical twilight/dawn
       'A'  Astronomical twilight/dawn
       ' '  Night OR geocentric ephemeris

LUNAR PRESENCE (OBSERVING SITE)
  The solar-presence symbol is immediately followed by a lunar-presence symbol:

       'm'  Refracted upper-limb of Moon on or above apparent horizon
       ' '  Refracted upper-limb of Moon below apparent horizon OR geocentric
            ephemeris
 
 'R.A._____(ICRF)_____DEC' =
  Astrometric right ascension and declination of the target center with
respect to the observing site (coordinate origin) in the reference frame of
the planetary ephemeris (ICRF). Compensated for down-leg light-time delay
aberration.

  Units: RA  in hours-minutes-seconds of time,    HH MM SS.ff{ffff}
         DEC in degrees-minutes-seconds of arc,  sDD MN SC.f{ffff}
 
 'R.A.__(a-apparent)__DEC' =
  Airless apparent right ascension and declination of the target center
with respect to an instantaneous reference frame defined by the Earth equator
of-date (z-axis) and meridian containing the Earth equinox of-date (x-axis,
EOP-corrected IAU76/80). Compensated for down-leg light-time delay,
gravitational deflection of light, stellar aberration, precession & nutation.
Note: equinox (RA origin) is offset -53 mas from the of-date frame defined
by the IAU06/00a P & N system.

  Units: RA  in hours-minutes-seconds of time,   HH MM SS.ff{ffff}
         DEC in degrees-minutes-seconds of arc, sDD MN SC.f{ffff}
 
 'dRA*cosD d(DEC)/dt' =
  The angular rate of change in apparent RA and DEC of the target. This is
with respect to the non-inertial IAU76/80 Earth true equator and equinox
of-date reference frame.  d(RA)/dt is multiplied by the cosine of declination
to provide a linear rate in the plane-of-sky. Units: ARCSECONDS PER HOUR
 
 'Azi____(a-app)___Elev' =
  Airless apparent azimuth and elevation of target center. Compensated
for light-time, the gravitational deflection of light, stellar aberration,
precession and nutation. Azimuth is measured clockwise from north:

  North(0) -> East(90) -> South(180) -> West(270) -> North (360)

Elevation angle is with respect to a plane perpendicular to the reference
surface local zenith direction. TOPOCENTRIC ONLY.  Units: DEGREES
 
 'APmag   S-brt' =
  The targets' approximate apparent visual magnitude and surface brightness.
For planets and natural satellites, output is restricted to solar phase angles
covered by observational data. Outside the observed phase angle range, "n.a."
may be output to avoid extrapolation beyond the limit of model validity.

   For Earth-based observers, the estimated dimming due to atmospheric
absorption (extinction) is available as a separate, requestable quantity.

   Surface brightness is the average airless visual magnitude of a
square-arcsecond of the illuminated portion of the apparent disk. It is
computed only if the target radius is known.

   Units: MAGNITUDES & MAGNITUDES PER SQUARE ARCSECOND
 
 'Illu%' =
   Fraction of the target objects' assumed circular disk illuminated by Sun
(phase), as seen by the observer.  Units: PERCENT
 
 'Ang-diam' =
   The equatorial angular width of the target body full disk, if it were fully
illuminated and visible to the observer. If the target body diameter is unknown
"n.a." is output.

   Units: ARCSECONDS
 
 'ObsSub-LON ObsSub-LAT' =
   Apparent planetodetic longitude and latitude of the center of the target
disc seen by the OBSERVER at print-time. This is NOT exactly the same as the
"nearest" sub-point for a non-spherical target shape (since the center of the
disc might not be the point closest to the observer), but is generally very
close if not a very irregular body shape. Down-leg light travel-time from
target to observer is taken into account. Latitude is the angle between the
equatorial plane and the line perpendicular to the reference ellipsoid of the
body, so includes body oblateness. The reference ellipsoid is an oblate
spheroid with a single flatness coefficient in which the y-axis body radius
is taken to be the same value as the x-axis radius.  For Jupiter, Saturn, and
Uranus, IAU2015 longitude is based on the "System III" prime meridian rotation
angle of the magnetic field. By contrast, pole direction (thus latitude) is
relative to the body dynamical equator.  There can be an offset between the
magnetic pole and the dynamical pole of rotation. For Neptune, rotation is
IAU2015 "System II" rotation of optically observed features in the Neptunian
atmosphere. Positive longitude is to the WEST for this target. Cartographic
system is specified in the header.  Units: DEGREES DEGREES
 
 'delta      deldot' =
   Apparent range ("delta", light-time aberrated) and range-rate ("delta-dot")
of the target center relative to the observer. A positive "deldot" means the
target center is moving away from the observer, negative indicates movement
toward the observer.  Units: AU and KM/S
 
 'S-O-T /r' =
   Sun-Observer-Target apparent SOLAR ELONGATION ANGLE seen from the observers'
location at print-time.

   The '/r' column provides a code indicating the targets' apparent position
relative to the Sun in the observers' sky, as described below:

   Case A: For an observing location on the surface of a rotating body, that
body rotational sense is considered:

    /T indicates target TRAILS Sun   (evening sky: rises and sets AFTER Sun)
    /L indicates target LEADS Sun    (morning sky: rises and sets BEFORE Sun)

   Case B: For an observing point that does not have a rotational model (such
as a spacecraft), the "leading" and "trailing" condition is defined by the
observers' heliocentric ORBITAL motion:

    * If continuing in the observers' current direction of heliocentric
       motion would encounter the targets' apparent longitude first, followed
       by the Sun's, the target LEADS the Sun as seen by the observer.

    * If the Sun's apparent longitude would be encountered first, followed
       by the targets', the target TRAILS the Sun.

   Two other codes can be output:
    /* indicates observer is Sun-centered    (undefined)
    /? Target is aligned with Sun center     (no lead or trail)

   The S-O-T solar elongation angle is numerically the minimum separation
angle of the Sun and target in the sky in any direction. It does NOT indicate
the amount of separation in the leading or trailing directions, which would
be defined along the equator of a spherical coordinate system.

   Units: DEGREES
 
 'S-T-O' =
   The Sun-Target-Observer angle; the interior vertex angle at target center
formed by a vector from the target to the apparent center of the Sun (at
reflection time on the target) and the apparent vector from target to the
observer at print-time. Slightly different from true PHASE ANGLE (requestable
separately) at the few arcsecond level in that it includes stellar aberration
on the down-leg from target to observer.  Units: DEGREES
 
 'Sky_motion  Sky_mot_PA  RelVel-ANG' =
  Total apparent angular rate of the target in the plane-of-sky. "Sky_mot_PA"
is the position angle of the target's direction of motion in the plane-of-sky,
measured counter-clockwise from the apparent of-date north pole direction.
"RelVel-ANG" is the flight path angle of the target's relative motion with
respect to the observer's line-of-sight, in the range [-90,+90], where positive
values indicate motion away from the observer, negative values are toward the
observer:

  -90 = target is moving directly toward the observer
    0 = target is moving at right angles to the observer's line-of-sight
  +90 = target is moving directly away from the observer

UNITS:  ARCSECONDS/MINUTE, DEGREES, DEGREES
 
 'Lun_Sky_Brt  sky_SNR' =
  Sky brightness due to moonlight scattered by Earth's atmosphere at the
target's position in the sky. "sky_SNR" is the visual signal-to-noise ratio
(SNR) of the target's surface brightness relative to background sky. Output
only for topocentric Earth observers when both the Moon and target are above
the local horizon and the Sun is in astronomical twilight (or further) below
the horizon, and the target is not the Moon or Sun. If all conditions are
not met, "n.a." is output. Galactic brightness, local sky light-pollution
and weather are NOT considered. Lunar opposition surge is considered. The
value returned is accurate under ideal conditions at the approximately 8-23%
level, so is a useful but not definitive value.

  If the target-body radius is also known, "sky_SNR" is output. This is the
approximate visual signal-to-noise ratio of the target's brightness divided
by lunar sky brightness. When sky_SNR < 1, the target is dimmer than the
ideal moonlight-scattering background sky, so unlikely to be detectable at
visual wavelengths. In practice, visibility requires sky_SNR > 1 and a
detector sensitive enough to reach the target's magnitude, even if it isn't
washed out by moonlight. When relating magnitudes and brightness values,
keep in mind their logarithmic relationship m2-m1 = -2.5*log_10(b2/b1).

  UNITS: VISUAL MAGNITUDES / ARCSECOND^2, and unitless ratio

Computations by ...

    Solar System Dynamics Group, Horizons On-Line Ephemeris System
    4800 Oak Grove Drive, Jet Propulsion Laboratory
    Pasadena, CA  91109   USA

    General site: https://ssd.jpl.nasa.gov/
    Mailing list: https://ssd.jpl.nasa.gov/email_list.html
    System news : https://ssd.jpl.nasa.gov/horizons/news.html
    User Guide  : https://ssd.jpl.nasa.gov/horizons/manual.html
    Connect     : browser        https://ssd.jpl.nasa.gov/horizons/app.html#/x
                  API            https://ssd-api.jpl.nasa.gov/doc/horizons.html
                  command-line   telnet ssd.jpl.nasa.gov 6775
                  e-mail/batch   https://ssd.jpl.nasa.gov/ftp/ssd/horizons_batch.txt
                  scripts        https://ssd.jpl.nasa.gov/ftp/ssd/SCRIPTS
    Author      : Jon.D.Giorgini@jpl.nasa.gov

**********************************************************************************************************************************************************************************************************************************************************************************************
