*******************************************************************************
 Revised: April 12, 2021               Jupiter                              599
 
 PHYSICAL DATA (revised 2025-Jan-30):
  Mass x 10^26 (kg)     = 18.9819           Density (g/cm^3)  = 1.3262 +- .0003
  Equat. radius (1 bar) = 71492+-4 km       Polar radius (km)     = 66854+-10
  Vol. Mean Radius (km) = 69911+-6          Flattening            = 0.06487
  Geometric Albedo      = 0.52              Rocky core mass (Mc/M)= 0.0261
  Sid. rot. period (III)= 9h 55m 29.711 s   Sid. rot. rate (rad/s)= 0.00017585
  Mean solar day, hrs   = ~9.9259         
  GM (km^3/s^2)         = 126686531.900     GM 1-sigma (km^3/s^2) =  +- 1.2732
  Equ. grav, ge (m/s^2) = 24.79             Pol. grav, gp (m/s^2) =  28.34
  Vis. magnitude V(1,0) = -9.40
  Vis. mag. (opposition)= -2.70             Obliquity to orbit    =  3.13 deg
  Sidereal orbit period = 11.861982204 y    Sidereal orbit period = 4332.589 d
  Mean daily motion     = 0.0831294 deg/d   Mean orbit speed, km/s= 13.0697
  Atmos. temp. (1 bar)  = 165+-5 K          Escape speed, km/s    =  59.5           
  A_roche(ice)/Rp       =  2.76             Hill's sphere rad. Rp = 740
                                 Perihelion   Aphelion     Mean
  Solar Constant (W/m^2)         56           46           51
  Maximum Planetary IR (W/m^2)   13.7         13.4         13.6
  Minimum Planetary IR (W/m^2)   13.7         13.4         13.6
*******************************************************************************


*******************************************************************************
Ephemeris / WWW_USER Mon Apr  6 15:48:30 2026 Pasadena, USA      / Horizons    
*******************************************************************************
Target body name: Jupiter (599)                   {source: jup365_merged}
Center body name: Earth (399)                     {source: DE441}
Center-site name: (user defined site below)
*******************************************************************************
Start time      : A.D. 2026-Jan-01 00:00:00.0000 UT      
Stop  time      : A.D. 2026-Dec-31 00:00:00.0000 UT      
Step-size       : 3600 minutes
*******************************************************************************
Target pole/equ : IAU_JUPITER                     {West-longitude positive}
Target radii    : 71492.0, 71492.0, 66854.0 km    {Equator_a, b, pole_c}       
Center geodetic : 244.5, 32.5, .010               {E-lon(deg),Lat(deg),Alt(km)}
Center cylindric: 244.5, 5384.48017, 3407.32854   {E-lon(deg),Dxy(km),Dz(km)}
Center pole/equ : ITRF93                          {East-longitude positive}
Center radii    : 6378.137, 6378.137, 6356.752 km {Equator_a, b, pole_c}       
Target primary  : Sun
Vis. interferer : MOON (R_eq= 1737.400) km        {source: DE441}
Rel. light bend : Sun                             {source: jup365_merged}
Rel. lght bnd GM: 1.3271E+11 km^3/s^2                                          
Atmos refraction: NO (AIRLESS)
RA format       : HMS
Time format     : CAL 
Calendar mode   : Mixed Julian/Gregorian
EOP file        : eop.260406.p260703                                           
EOP coverage    : DATA-BASED 1962-JAN-20 TO 2026-APR-06. PREDICTS-> 2026-JUL-02
Units conversion: 1 au= 149597870.700 km, c= 299792.458 km/s, 1 day= 86400.0 s 
Table cut-offs 1: Elevation (-90.0deg=NO ),Airmass (>38.000=NO), Daylight (NO )
Table cut-offs 2: Solar elongation (  0.0,180.0=NO ),Local Hour Angle( 0.0=NO )
Table cut-offs 3: RA/DEC angular rate (     0.0=NO )                           
**********************************************************************************************************************************************************************************************************************************************************************************************
 Date__(UT)__HR:MN     R.A._____(ICRF)_____DEC  R.A.__(a-apparent)__DEC  dRA*cosD d(DEC)/dt  Azi____(a-app)___Elev    APmag   S-brt      Illu%  Ang-diam  ObsSub-LON ObsSub-LAT             delta      deldot     S-O-T /r     S-T-O  Sky_motion  Sky_mot_PA  RelVel-ANG  Lun_Sky_Brt  sky_SNR
**********************************************************************************************************************************************************************************************************************************************************************************************
$$SOE
 2026-Jan-01 00:00 *m  07 30 55.14 +22 02 03.1  07 32 29.93 +21 58 43.4  -19.0179  3.559823   49.603869 -16.260749   -2.670   5.403   99.96877  46.46727  336.671254   1.577569  4.24267771813557  -4.8305571  169.2060 /L    2.0309   0.3224705   280.60208   -16.28780         n.a.     n.a.
 2026-Jan-03 12:00  m  07 29 30.90 +22 05 26.2  07 31 05.86 +22 02 09.6  -19.8727  3.279496  272.244872  40.666020   -2.674   5.403   99.98312  46.52897  353.369783   1.580491  4.23705145966046  -2.8941981  172.0855 /L    1.4945   0.3356918   279.37078   -9.560918        4.488    1.204
 2026-Jan-06 00:00 *   07 28 05.92 +22 08 47.2  07 29 40.98 +22 05 33.4  -19.5741  3.546194   53.306475 -12.464911   -2.676   5.402   99.99313  46.56842   10.060656   1.583754  4.23346177851657  -2.1378651  174.9589 /L    0.9556   0.3315451   280.26878   -7.187425         n.a.     n.a.
 2026-Jan-08 12:00  m  07 26 39.75 +22 12 07.7  07 28 14.93 +22 08 57.3  -20.1737  3.213274  275.165409  35.966792   -2.676   5.403   99.99873  46.58702   26.746373   1.587062  4.23177202388943  -0.1455000  177.8377 /L    0.4138   0.3404664   279.05008   -0.484475        1.504    3.592
 2026-Jan-11 00:00 *   07 25 13.63 +22 15 24.4  07 26 48.88 +22 12 16.9  -19.7729  3.469815   56.761107  -8.488211   -2.676   5.403   99.99984  46.58306   43.421262   1.590545  4.23213128594193   0.5928971  179.2219 /T    0.1410   0.3345847   279.95309   1.9781272         n.a.     n.a.
 2026-Jan-13 12:00  m  07 23 47.10 +22 18 38.8  07 25 22.46 +22 15 34.5  -20.1005  3.089542  277.959049  31.283026   -2.674   5.403   99.99644  46.55785   60.087773   1.594061  4.23442274434694   2.6279580  176.3684 /T    0.6782   0.3389424   278.73825   8.6078918        0.258   20.904
 2026-Jan-16 00:00 *   07 22 21.50 +22 21 47.8  07 23 56.94 +22 18 46.4  -19.5894  3.333523   59.992540  -4.365956   -2.671   5.404   99.98860  46.51025   76.740155   1.597587  4.23875682192374   3.3322759  173.4952 /T    1.2179   0.3311832   279.65750   11.104546         n.a.     n.a.
 2026-Jan-18 12:00     07 20 56.29 +22 24 52.7  07 22 31.85 +22 21 54.5  -19.6381  2.912581  280.673111  26.636251   -2.667   5.405   99.97637  46.44156   93.380983   1.601144  4.24502569712656   5.3863684  170.6145 /T    1.7560   0.3308826   278.43618   17.596086         n.a.     n.a.
 2026-Jan-21 00:00 *m  07 19 32.86 +22 27 50.9  07 21 08.50 +22 24 55.7  -19.0179  3.143179   63.025990  -0.131126   -2.661   5.407   99.95997  46.35118  110.004522   1.604558  4.25330319097457   6.0447015  167.7485 /T    2.2871   0.3212651   279.38470   20.095729         n.a.     n.a.
 2026-Jan-23 12:00     07 18 10.67 +22 30 43.3  07 19 46.38 +22 27 51.4  -18.7902  2.689134  283.344217  22.047201   -2.654   5.408   99.93951  46.24049  126.613440   1.608014  4.26348515400712   8.0817250  164.8812 /T    2.8131   0.3163609   278.14450   26.362518         n.a.     n.a.
 2026-Jan-26 00:00 *m  07 16 51.07 +22 33 28.0  07 18 26.82 +22 30 38.8  -18.0764  2.907433   65.886812   4.185666   -2.646   5.410   99.91535  46.10944  143.202325   1.611194  4.27560285498192   8.6768326  162.0331 /T    3.3289   0.3051453   279.13728   28.814675         n.a.     n.a.
 2026-Jan-28 12:00     07 15 33.46 +22 36 05.6  07 17 09.29 +22 33 19.3  -17.5916  2.430510  286.001698  17.535390   -2.636   5.412   99.88763  45.95937  159.773986   1.614437  4.28956362848053  10.6716741  159.1874 /T    3.8366   0.2959784   277.86636   34.809600         n.a.     n.a.
 2026-Jan-31 00:00 *m  07 14 19.17 +22 38 34.8  07 15 55.07 +22 35 51.1  -16.8123  2.639638   68.600036   8.557112   -2.625   5.415   99.85685  45.79076  176.323393   1.617278  4.30535833568428  11.1913559  156.3640 /T    4.3313   0.2836382   278.92294   37.164502         n.a.     n.a.
 2026-Feb-02 12:00  m  07 13 07.49 +22 40 56.0  07 14 43.46 +22 38 15.2  -16.0997  2.151189  288.670737  13.118981   -2.614   5.417   99.82313  45.60478  192.853560   1.620198  4.32291607084309  13.1281113  153.5457 /T    4.8155   0.2707138   277.61057   42.859720        3.594    1.507
 2026-Feb-05 00:00 *   07 11 59.73 +22 43 08.6  07 13 35.72 +22 40 30.3  -15.2721  2.352529   71.190177  12.959799   -2.601   5.420   99.78709  45.40221  209.359732   1.622583  4.34220318994382  13.5817159  150.7516 /T    5.2843   0.2575378   278.75705   45.133007         n.a.     n.a.
 2026-Feb-07 12:00  m  07 10 55.16 +22 45 12.5  07 12 31.17 +22 42 36.9  -14.3487  1.860327  291.373259   8.814516   -2.587   5.423   99.74882  45.18407  225.844899   1.625054  4.36316715973512  15.4467239  147.9646 /T    5.7406   0.2411464   277.38727   50.530981        1.381    3.926
 2026-Feb-10 00:00 *   07 09 55.03 +22 47 07.8  07 11 31.07 +22 44 34.2  -13.4866  2.053254   73.681500  17.373008   -2.573   5.426   99.70903  44.95144  242.304652   1.626862  4.38574701084539  15.8329775  145.2037 /T    6.1794   0.2273666   278.65647   52.716180         n.a.     n.a.
 2026-Feb-12 12:00  m  07 08 58.63 +22 48 54.0  07 10 34.70 +22 46 22.7  -12.3619  1.562032  294.128467   4.637828   -2.557   5.429   99.66780  44.70516  258.741874   1.628767  4.40990826629189  17.6111215  142.4519 /T    6.6037   0.2076695   277.20166   57.845829        0.348   15.604
 2026-Feb-15 00:00 *   07 08 07.14 +22 50 31.6  07 09 43.24 +22 48 02.1  -11.4827  1.745369   76.097651  21.778479   -2.541   5.432   99.62589  44.44672  275.152618   1.629905  4.43554948514679  17.9200135  139.7284 /T    7.0089   0.1935763   278.64281   59.920503         n.a.     n.a.
 2026-Feb-17 12:00     07 07 19.81 +22 51 59.6  07 08 55.91 +22 49 32.3  -10.1846  1.261149  296.953702   0.604098   -2.524   5.435   99.58333  44.17673  291.539745   1.631161  4.46265819732742  19.5960546  137.0162 /T    7.3978   0.1710401   277.05893   64.786369         n.a.     n.a.
 2026-Feb-20 00:00 *m  07 06 37.76 +22 53 19.3  07 08 13.87 +22 50 53.5  -9.29658  1.431996   78.462751  26.160395   -2.506   5.438   99.54092  43.89697  307.899712   1.631565  4.49109864029278  19.8189803  134.3341 /T    7.7661   0.1567704   278.75671   66.759606         n.a.     n.a.
 2026-Feb-22 12:00     07 06 00.23 +22 54 29.2  07 07 36.30 +22 52 05.0  -7.85948  0.960263  299.864550  -3.272630   -2.488   5.442   99.49863  43.60792  324.235453   1.632126  4.52086773129295  21.3729137  131.6655 /T    8.1169   0.1319654   276.96581   71.354330         n.a.     n.a.
 2026-Feb-25 00:00 *m  07 05 28.23 +22 55 30.9  07 07 04.32 +22 53 07.6  -6.98819  1.118558   80.802430  30.505242   -2.470   5.445   99.45725  43.31154  340.543946   1.631765  4.55180364009837  21.5083094  129.0287 /T    8.4461   0.1179523   279.09386   73.209030         n.a.     n.a.
 2026-Feb-27 12:00     07 05 00.97 +22 56 22.7  07 06 37.05 +22 54 00.7  -5.44582  0.664242  302.875682  -6.979403   -2.451   5.448   99.41669  43.00808  356.828104   1.631595  4.58392040232594  22.9251481  126.4066 /T    8.7570   0.0914363   276.95418   77.537772         n.a.     n.a.
 2026-Mar-02 00:00 *   07 04 39.34 +22 57 06.8  07 06 15.43 +22 54 45.6  -4.61778  0.810663   83.144382  34.802291   -2.432   5.451   99.37767  42.69963   13.085513   1.630439  4.61703378997039  22.9822997  123.8166 /T    9.0460   0.0781399   279.95696   79.255513         n.a.     n.a.
 2026-Mar-04 12:00  m  07 04 22.55 +22 57 41.1  07 05 58.59 +22 55 20.9  -2.99964  0.377830  306.001335 -10.504383   -2.413   5.454   99.34006  42.38606   29.318904   1.629489  4.65118995110135  24.2689478  121.2417 /T    9.3163   0.0503891   277.17906   83.341708         n.a.     n.a.
 2026-Mar-07 00:00 *   07 04 11.44 +22 58 08.1  07 05 47.45 +22 55 48.2  -2.22117  0.510035   85.520470  39.042941   -2.393   5.457   99.30454  42.06951   45.526221   1.627487  4.68618807356071  24.2572390  118.6987 /T    9.5645   0.0379829   282.93235   84.931204         n.a.     n.a.
 2026-Mar-09 12:00  m  07 04 05.21 +22 58 25.3  07 05 41.16 +22 56 05.8  -0.54197  0.099180  309.254222 -13.836385   -2.374   5.459   99.27093  41.74960   61.709994   1.625700  4.72209680895416  25.4134133  116.1705 /T    9.7939   0.0091829   280.37026   88.818421         n.a.     n.a.
 2026-Mar-12 00:00 *   07 04 04.64 +22 58 35.6  07 05 40.60 +22 56 15.9  0.185388  0.213876   87.968177  43.219457   -2.354   5.462   99.23984  41.42848   77.868505   1.622806  4.75869815447834  25.3406602  113.6740 /T   10.0012   0.0047173   40.918824   89.386489         n.a.     n.a.
 2026-Mar-14 12:00  m  07 04 09.00 +22 58 35.9  07 05 44.90 +22 56 16.3  1.911137  -0.17556  312.645341 -16.964036   -2.335   5.464   99.21107  41.10563   94.004026   1.620144  4.79607409290833  26.3554479  111.1925 /T   10.1896   0.0319864   95.248422   85.975275         n.a.     n.a.
 2026-Mar-17 00:00 *   07 04 18.95 +22 58 29.6  07 05 54.83 +22 56 09.6  2.580479  -0.08088   90.533381  47.324450   -2.315   5.466   99.18516  40.78325  110.115341   1.616339  4.83398481683852  26.2182735  108.7423 /T   10.3561   0.0430291   91.795272   84.522182         n.a.     n.a.
 2026-Mar-19 12:00     07 04 33.80 +22 58 13.3  07 06 09.59 +22 55 53.0  4.335295  -0.44912  316.183441 -19.876269   -2.296   5.468   99.16187  40.46063  126.204472   1.612788  4.87253031085059  27.0899880  106.3076 /T   10.5039   0.0726416   95.914504   81.025125         n.a.     n.a.
 2026-Mar-22 00:00 *m  07 04 54.13 +22 57 50.3  07 06 29.88 +22 55 29.1  4.938233  -0.37625   93.275742  51.350491   -2.276   5.470   99.14166  40.14004  142.270658   1.608078  4.91144554043768  26.8828057  103.9042 /T   10.6303   0.0825424   94.357058   79.669078         n.a.     n.a.
 2026-Mar-24 12:00     07 05 19.24 +22 57 17.2  07 06 54.92 +22 54 55.2  6.693047  -0.72179  319.874563 -22.562562   -2.257   5.471   99.12425  39.82058  158.315813   1.603645  4.95084782599621  27.6063793  101.5165 /T   10.7382   0.1121976   96.155128   76.329913         n.a.     n.a.
 2026-Mar-27 00:00 *m  07 05 49.63 +22 56 37.6  07 07 25.31 +22 54 14.4  7.223561  -0.67126   96.275319  55.289669   -2.238   5.473   99.11001  39.50448  174.339576   1.598039  4.99046309158750  27.3409866   99.1599 /T   10.8255   0.1209114   95.309050   75.062932         n.a.     n.a.
 2026-Mar-29 12:00     07 06 24.64 +22 55 47.9  07 08 00.23 +22 53 23.7  8.955914  -0.99271  323.722280 -25.012641   -2.220   5.474   99.09863  39.19066  190.343649   1.592720  5.03042439752715  27.9200953   96.8185 /T   10.8951   0.1501794   96.325088   71.888449         n.a.     n.a.
 2026-Apr-01 00:00 *   07 07 04.67 +22 54 51.8  07 08 40.21 +22 52 26.1  9.407971  -0.96415   99.643983  59.132416   -2.202   5.475   99.09041  38.88122  206.328026   1.586207  5.07045849779302  27.6137419   94.5072 /T   10.9449   0.1576208   95.851371   70.717572         n.a.     n.a.
 2026-Apr-03 12:00  m  07 07 49.13 +22 53 45.5  07 09 24.56 +22 51 18.3  11.11723  -1.26330  327.726395 -27.216931   -2.184   5.476   99.08501  38.57492  222.294007   1.579976  5.11072043067948  28.0575921   92.2099 /T   10.9778   0.1864796   96.482965   67.677296         n.a.     n.a.
 2026-Apr-06 00:00 *   07 08 38.35 +22 52 32.8  07 10 13.74 +22 50 03.6  11.49406  -1.25798  103.544792  62.864500   -2.166   5.476   99.08268  38.27383  238.241910   1.572537  5.15092512693170  27.7186430   89.9412 /T   10.9919   0.1927116   96.245944   66.593073         n.a.     n.a.
 2026-Apr-08 12:00 Am  07 09 31.80 +22 51 09.8  07 11 07.11 +22 48 38.7  13.17433  -1.53632  331.881682 -29.166167   -2.149   5.476   99.08311  37.97655  254.172681   1.565372  5.19124722718871  28.0331338   87.6854 /T   10.9897   0.2210601   96.651497   63.672192         n.a.     n.a.
 2026-Apr-11 00:00 *   07 10 29.78 +22 49 40.4  07 12 05.06 +22 47 07.1  13.48691  -1.55656  108.222517  66.463230   -2.132   5.477   99.08645  37.68512  270.086880   1.556998  5.23139229258586  27.6621620   85.4570 /T   10.9697   0.2262740   96.583546   62.648902         n.a.     n.a.
 2026-Apr-13 12:00 Am  07 11 31.81 +22 48 00.3  07 13 06.98 +22 45 25.0  15.13249  -1.81568  336.177279 -30.851754   -2.115   5.477   99.09242  37.39811  285.985203   1.548895  5.27154071338394  27.8463014   83.2407 /T   10.9340   0.2540171   96.841962   59.831450         n.a.     n.a.
 2026-Apr-16 00:00 *m  07 12 38.11 +22 46 13.6  07 14 13.22 +22 43 35.9  15.38242  -1.86189  114.058126  69.890596   -2.099   5.476   99.10111  37.11751  301.868498   1.539597  5.31139136131888  27.4447916   81.0507 /T   10.8814   0.2582448   96.901499   58.862456         n.a.     n.a.
 2026-Apr-18 12:00 A   07 13 48.27 +22 44 16.1  07 15 23.25 +22 41 35.7  16.98669  -2.10301  340.596332 -32.266817   -2.084   5.476   99.11226  36.84187  317.737181   1.530571  5.35112985383430  27.4917814   78.8724 /T   10.8139   0.2852729   97.057515   56.130144         n.a.     n.a.
 2026-Apr-21 00:00 *m  07 15 02.42 +22 42 11.7  07 16 37.37 +22 39 28.4  17.16980  -2.17409  121.654884  73.080334   -2.069   5.475   99.12586  36.57318  333.592524   1.520374  5.39044280182576  27.0574576   76.7198 /T   10.7306   0.2884483   97.216549   55.214565         n.a.     n.a.
 2026-Apr-23 12:00 A   07 16 20.18 +22 39 56.3  07 17 55.04 +22 37 10.2  18.71454  -2.39545  345.116701 -33.406315   -2.054   5.475   99.14167  36.30989  349.434731   1.510443  5.42953028680762  26.9769328   74.5785 /T   10.6332   0.3144538   97.294154   52.582562         n.a.     n.a.
 2026-Apr-26 00:00 *m  07 17 41.62 +22 37 33.9  07 19 16.44 +22 34 44.9  18.83041  -2.48947  131.940184  75.914331   -2.039   5.474   99.15963  36.05389    5.265308   1.499360  5.46808200799100  26.5212891   72.4621 /T   10.5211   0.3165710   97.531106   51.727025         n.a.     n.a.
 2026-Apr-28 12:00 A   07 19 06.42 +22 35 00.4  07 20 41.09 +22 32 08.5  20.31070  -2.69082  349.711859 -34.267378   -2.026   5.473   99.17952  35.80357   21.084204   1.488520  5.50631262472149  26.3252703   70.3557 /T   10.3959   0.3414694   97.546773   49.193377         n.a.     n.a.
 2026-May-01 00:00 *   07 20 34.58 +22 32 19.8  07 22 09.19 +22 29 24.7  20.36940  -2.80750  146.116291  78.182700   -2.012   5.472   99.20122  35.56068   36.893044   1.476542  5.54392117529925  25.8680122   68.2730 /T   10.2572   0.3426995   97.847588   48.400388         n.a.     n.a.
 2026-May-03 12:00 Nm  07 22 05.88 +22 29 28.0  07 23 40.36 +22 26 29.5  21.79121  -2.99105  354.350960 -34.849952   -1.999   5.471   99.22456  35.32363   52.691407   1.464781  5.58112668733554  25.5588091   66.1989 /T   10.1062   0.3665921   97.815544   45.941136         n.a.     n.a.
 2026-May-06 00:00 *   07 23 40.26 +22 26 28.9  07 25 14.70 +22 23 26.9  21.79863  -3.13007  164.812267  79.560445   -1.986   5.469   99.24941  35.09411   68.481160   1.451908  5.61762739709581  25.1004843   64.1468 /T    9.9426   0.3670367   98.171248   45.201399         n.a.     n.a.
 2026-May-08 12:00 Nm  07 25 17.57 +22 23 18.5  07 26 51.90 +22 20 13.0  23.16701  -3.29790  359.000153 -35.156549   -1.974   5.468   99.27560  34.87051   84.261562   1.439226  5.65364939490446  24.6853209   62.1020 /T    9.7676   0.3900094   98.101807   42.803183         n.a.     n.a.
 2026-May-11 00:00 *   07 26 57.73 +22 20 00.5  07 28 32.00 +22 16 51.6  23.12852  -3.45879  186.047933  79.729175   -1.963   5.466   99.30297  34.65454  100.034678   1.425470  5.68888361604442  24.2212757   60.0779 /T    9.5809   0.3897620   98.505341   42.102468         n.a.     n.a.
 2026-May-13 12:00 Nm  07 28 40.61 +22 16 31.0  07 30 14.73 +22 13 18.4  24.43854  -3.61118    3.624645 -35.192858   -1.951   5.465   99.33140  34.44458  115.799573   1.411885  5.72355972402874  23.7005802   58.0601 /T    9.3834   0.4117318   98.405523   39.759077         n.a.     n.a.
 2026-May-16 00:00 *m  07 30 26.08 +22 12 53.7  07 32 00.13 +22 09 37.3  24.36296  -3.79372  205.422207  78.671322   -1.940   5.463   99.36070  34.24231  131.558474   1.397271  5.75736949164319  23.2302310   56.0620 /T    9.1751   0.4109427   98.850829   39.084025         n.a.     n.a.
 2026-May-18 12:00 N   07 32 14.08 +22 09 04.8  07 33 48.01 +22 05 44.3  25.60662  -3.93005    8.190946 -34.967694   -1.930   5.461   99.39075  34.04619  147.310306   1.382810  5.79053445806152  22.6005352   54.0695 /T    8.9568   0.4317742   98.725549   36.787573         n.a.     n.a.
 2026-May-21 00:00 *m  07 34 04.40 +22 05 07.9  07 35 38.29 +22 01 43.6  25.48697  -4.13041  220.349967  76.703710   -1.920   5.460   99.42133  33.85781  163.057558   1.367370  5.82275244213170  22.1265978   52.0962 /T    8.7288   0.4303247   99.205305   36.147259         n.a.     n.a.
 2026-May-23 12:00 N   07 35 57.01 +22 00 59.5  07 37 30.77 +21 57 31.2  26.65962  -4.24953   12.669059 -34.491861   -1.910   5.458   99.45236  33.67563  178.798946   1.352050  5.85425284949464  21.3986153   50.1280 /T    8.4915   0.4499363   99.056732   33.901338         n.a.     n.a.
 2026-May-26 00:00 *m  07 37 51.66 +21 56 43.1  07 39 25.34 +21 53 10.9  26.49859  -4.46511  231.156124  74.182272   -1.901   5.456   99.48358  33.50115  194.537111   1.335791  5.88474209080292  20.9347007   48.1780 /T    8.2455   0.4478691   99.564704   33.306844         n.a.     n.a.
 2026-May-28 12:00 N   07 39 48.38 +21 52 15.2  07 41 21.91 +21 48 38.8  27.60046  -4.56705   17.033764 -33.778278   -1.892   5.455   99.51495  33.33283  210.270507   1.319613  5.91445857330828  20.1229124   46.2321 /T    7.9911   0.4662627   99.395599   31.115052         n.a.     n.a.
 2026-May-31 00:00 *   07 41 46.90 +21 47 39.4  07 43 20.36 +21 43 58.8  27.41141  -4.79813  239.039314  71.344669   -1.884   5.453   99.54623  33.17208  226.001792   1.302539  5.94312004289150  19.6754091   44.3030 /T    7.7290   0.4638030   99.928534   30.559344         n.a.     n.a.
 2026-Jun-02 12:00 Nm  07 43 47.31 +21 42 52.1  07 45 20.64 +21 39 07.2  28.44951  -4.88495   21.264534 -32.841274   -1.876   5.451   99.57738  33.01742  241.729230   1.285509  5.97095765325668  18.7818806   42.3767 /T    7.4590   0.4810975   99.743020   28.405501         n.a.     n.a.
 2026-Jun-05 00:00 *   07 45 49.28 +21 37 56.9  07 47 22.55 +21 34 07.8  28.23670  -5.13026  244.989589  68.325669   -1.868   5.449   99.60815  32.87022  257.455576   1.267636  5.99769731634414  18.3530928   40.4658 /T    7.1820   0.4783161   100.29761   27.886766         n.a.     n.a.
 2026-Jun-07 12:00 Nm  07 47 52.99 +21 32 50.2  07 49 26.12 +21 28 56.9  29.21659  -5.20382   25.346078 -31.696036   -1.861   5.448   99.63855  32.72907  273.178871   1.249774  6.02356429221032  17.3760224   38.5563 /T    6.8979   0.4946068   100.09915   25.753226         n.a.     n.a.
 2026-Jun-10 00:00 *   07 49 58.07 +21 27 35.4  07 51 31.10 +21 23 37.9  28.98333  -5.46200  249.659307  65.199662   -1.854   5.446   99.66833  32.59530  288.902062   1.231133  6.04828341528548  16.9569874   36.6612 /T    6.6075   0.4915585   100.67239   25.256084         n.a.     n.a.
 2026-Jun-12 12:00 Nm  07 52 04.72 +21 22 09.3  07 53 37.59 +21 18 07.3  29.90042  -5.52171   29.268695 -30.358407   -1.847   5.444   99.69749  32.46758  304.623070   1.212472  6.07207612669184  15.9020330   34.7664 /T    6.3104   0.5067666   100.46294   23.143841         n.a.     n.a.
 2026-Jun-15 00:00 *m  07 54 12.54 +21 16 35.1  07 55 45.35 +21 12 28.7  29.64812  -5.79067  253.459769  62.008518   -1.841   5.443   99.72580  32.34721  320.344945   1.193101  6.09467109604516  15.4860070   32.8851 /T    6.0079   0.5034721   101.05150   22.656981         n.a.     n.a.
 2026-Jun-17 12:00 N   07 56 21.73 +21 10 49.9  07 57 54.43 +21 06 39.0  30.49212  -5.83418   33.027799 -28.843858   -1.835   5.441   99.75325  32.23292  336.065613   1.173677  6.11628132496101  14.3537077   31.0038 /T    5.6994   0.5174206   100.83173   20.562753         n.a.     n.a.
 2026-Jun-20 00:00 *m  07 58 31.87 +21 04 56.8  08 00 04.49 +21 00 41.7  30.21943  -6.11027  256.654201  58.776582   -1.829   5.440   99.77962  32.12591  351.788207   1.153602  6.13665551222073  13.9554852   29.1354 /T    5.3862   0.5138496   101.43091   20.104635         n.a.     n.a.
 2026-Jun-22 12:00 N   08 00 43.20 +20 58 52.9  08 02 15.65 +20 54 33.4  30.98967  -6.13686   36.623468 -27.166767   -1.824   5.439   99.80493  32.02494    7.510483   1.133431  6.15600391197255  12.7566404   27.2665 /T    5.0678   0.5265244   101.20132   18.030143         n.a.     n.a.
 2026-Jun-25 00:00 *m  08 02 55.25 +20 52 41.5  08 04 27.60 +20 48 17.5  30.70067  -6.41823  259.414815  55.518078   -1.819   5.438   99.82896  31.93111   23.235624   1.112666  6.17409255979061  12.3836296   25.4097 /T    4.7455   0.5227397   101.80810   17.606170         n.a.     n.a.
 2026-Jun-27 12:00 N   08 05 08.32 +20 46 19.7  08 06 40.54 +20 41 51.1  31.40559  -6.43012   40.059285 -25.340945   -1.815   5.436   99.85174  31.84324   38.961196   1.091760  6.19112964176357  11.1295215   23.5514 /T    4.4186   0.5342850   101.57107   15.549512         n.a.     n.a.
 2026-Jun-30 00:00 *   08 07 21.94 +20 39 50.4  08 08 54.08 +20 35 17.4  31.10671  -6.71620  261.857833  52.241910   -1.810   5.435   99.87307  31.76239   54.690395   1.070326  6.20688863408716  10.7808419   21.7040 /T    4.0886   0.5303915   102.18362   15.153639         n.a.     n.a.
 2026-Jul-02 12:00 Nm  08 09 36.44 +20 33 11.2  08 11 08.44 +20 28 33.7  31.74721  -6.71409   43.341010 -23.379185   -1.806   5.435   99.89300  31.68745   70.420706   1.048713  6.22156895779028   9.4731127   19.8538 /T    3.7544   0.5408235   101.94131   13.105982         n.a.     n.a.
 2026-Jul-05 00:00 *   08 11 51.30 +20 26 24.6  08 13 23.21 +20 21 43.0  31.44651  -7.00475  264.064382  48.953856   -1.803   5.434   99.91134  31.61940   86.155324   1.026643  6.23495814286943   9.1476548   18.0134 /T    3.4178   0.5369537   102.55769   12.732217         n.a.     n.a.
 2026-Jul-07 12:00 Nm  08 14 06.93 +20 19 28.5  08 15 38.67 +20 14 42.4  32.02487  -6.98970   46.476421 -21.293422   -1.799   5.433   99.92815  31.55725  101.891675   1.004362  6.24723714484425   7.7853195   16.1691 /T    3.0775   0.5463129   102.31220   10.681454         n.a.     n.a.
 2026-Jul-10 00:00 *   08 16 22.76 +20 12 25.4  08 17 54.40 +20 07 34.9  31.71997  -7.28216  266.092403  45.657576   -1.796   5.432   99.94326  31.50196  117.633042   0.981700  6.25820284637903   7.4747373   14.3334 /T    2.7353   0.5424191   102.92971   10.318814         n.a.     n.a.
 2026-Jul-12 12:00 Nm  08 18 39.23 +20 05 13.0  08 20 10.74 +20 00 17.8  32.23368  -7.25372   49.474856 -19.094644   -1.794   5.432   99.95671  31.45259  133.376819   0.958796  6.26802509435249   6.0580923   12.4932 /T    2.3900   0.5506630   102.68232   8.2562848         n.a.     n.a.
 2026-Jul-15 00:00 *m  08 20 55.72 +19 57 53.9  08 22 27.16 +19 52 54.5  31.92119  -7.54450  267.985128  42.355424   -1.791   5.432   99.96837  31.41008  149.126406   0.935587  6.27650766800349   5.7582980   10.6611 /T    2.0435   0.5466773   103.29770   7.8987238         n.a.     n.a.
 2026-Jul-17 12:00 N   08 23 12.67 +19 50 26.4  08 24 43.97 +19 45 22.5  32.35680  -7.49853   52.346497 -16.792143   -1.789   5.431   99.97827  31.37356  164.879240   0.912098  6.28381522423796   4.2994908    8.8244 /T    1.6946   0.5535718   103.04769   5.8327914         n.a.     n.a.
 2026-Jul-20 00:00 *m  08 25 29.46 +19 42 52.6  08 27 00.64 +19 37 44.7  32.03963  -7.78533  269.776270  39.048535   -1.787   5.431   99.98633  31.34381  180.638641   0.888368  6.28977980975614   4.0233787    6.9962 /T    1.3456   0.5495324   103.65765   5.4949924         n.a.     n.a.
 2026-Jul-22 12:00 N   08 27 46.55 +19 35 11.2  08 29 17.58 +19 29 58.7  32.40139  -7.72288   55.102425 -14.393991   -1.785   5.431   99.99255  31.32003  196.401993   0.864316  6.29455519937090   2.5327092    5.1647 /T    0.9949   0.5551508   103.40633   3.4257584         n.a.     n.a.
 2026-Jul-25 00:00 *m  08 30 03.30 +19 27 24.0  08 31 34.24 +19 22 07.3  32.08382  -8.00478  271.491909  35.737489   -1.784   5.432   99.99688  31.30292  212.172551   0.840091  6.29799597901536   2.2898303    3.3458 /T    0.6458   0.5511220   104.00905   3.1183761         n.a.     n.a.
 2026-Jul-27 12:00 N   08 32 20.22 +19 19 29.7  08 33 51.04 +19 14 08.6  32.37978  -7.92868   57.753608 -11.907544   -1.783   5.432   99.99934  31.29175  227.947583   0.815507  6.30024296524059   0.7692318    1.5490 /T    0.3005   0.5556063   103.75902   1.0359325         n.a.     n.a.
 2026-Jul-30 00:00 *   08 34 36.66 +19 11 30.2  08 36 07.36 +19 06 05.6  32.06531  -8.20486  273.153388  32.423003   -1.782   5.432   99.99990  31.28719  243.730375   0.790825  6.30116057040586   0.5516816    0.5945 /L    0.1120   0.5516399   104.35286   0.7465627         n.a.     n.a.
 2026-Aug-01 12:00 Nm  08 36 53.15 +19 03 24.3  08 38 23.71 +18 57 55.0  32.29596  -8.11573   60.311034  -9.339212   -1.782   5.433   99.99857  31.28860  259.518188   0.765756  6.30087742076373  -0.9909249    2.2481 /L    0.4283   0.5550011   104.10592   -1.348559         n.a.     n.a.
 2026-Aug-04 00:00 *   08 39 09.03 +18 55 13.7  08 40 39.46 +18 49 40.3  31.98766  -8.38529  274.777417  29.105651   -1.782   5.433   99.99535  31.29658  275.314245   0.740669  6.29927079434042  -1.1909346    4.0612 /L    0.7755   0.5511411   104.68908   -1.631111         n.a.     n.a.
 2026-Aug-06 12:00 Am  08 41 24.83 +18 46 57.3  08 42 55.12 +18 41 19.6  32.14976  -8.28260   62.785576  -6.695293   -1.782   5.434   99.99025  31.31061  291.115902   0.715172  6.29644912487681  -2.7584919    5.8971 /L    1.1259   0.5533254   104.44671   -3.753158         n.a.     n.a.
 2026-Aug-09 00:00 *   08 43 39.87 +18 38 36.8  08 45 10.08 +18 32 55.0  31.84669  -8.54311  276.379296  25.785991   -1.783   5.434   99.98331  31.33121  306.926379   0.689735  6.29230748776755  -2.9421251    7.7344 /L    1.4751   0.5495443   105.01648   -4.031830         n.a.     n.a.
 2026-Aug-11 12:00 Am  08 45 54.70 +18 30 11.4  08 47 24.80 +18 24 25.4  31.93335  -8.42474   65.188197  -3.980778   -1.784   5.435   99.97450  31.35799  322.743097   0.663862  6.28693540735489  -4.5323019    9.5829 /L    1.8246   0.5504329   104.77917   -6.189334         n.a.     n.a.
 2026-Aug-14 00:00 *m  08 48 08.60 +18 21 42.5  08 49 38.60 +18 15 52.8  31.62810  -8.67135  277.972429  22.464508   -1.785   5.436   99.96391  31.39138  338.569315   0.638120  6.28024751784307  -4.7002106   11.4302 /L    2.1715   0.5465877   105.33182   -6.468023         n.a.     n.a.
 2026-Aug-16 12:00 A   08 50 22.12 +18 13 09.9  08 51 51.98 +18 07 16.2  31.63510  -8.53557   67.529767  -1.199627   -1.787   5.437   99.95152  31.43101  354.402493   0.611911  6.27232915539494  -6.2950957   13.2878 /L    2.5177   0.5461063   105.09961   -8.650191         n.a.     n.a.
 2026-Aug-19 00:00 *m  08 52 34.54 +18 04 34.7  08 54 04.29 +17 58 37.2  31.33121  -8.76722  279.569333  19.141397   -1.789   5.438   99.93746  31.47723   10.245754   0.585900  6.26311892707324  -6.4366019   15.1441 /L    2.8606   0.5422456   105.63288   -8.916193         n.a.     n.a.
 2026-Aug-21 12:00 A   08 54 46.43 +17 55 56.8  08 56 16.06 +17 49 55.2  31.25894  -8.61462   69.821358   1.644610   -1.791   5.440   99.92167  31.52973   26.096586   0.559394  6.25268947571060  -8.0283954   17.0109 /L    3.2021   0.5404044   105.40762   -11.12544         n.a.     n.a.
 2026-Aug-24 00:00 *m  08 56 57.08 +17 47 17.1  08 58 26.62 +17 41 11.8  30.96379  -8.83214  281.181679  15.817323   -1.793   5.441   99.90434  31.58876   41.957960   0.533155  6.24100557916960  -8.1387965   18.8770 /L    3.5395   0.5366467   105.92032   -11.37195         n.a.     n.a.
 2026-Aug-26 12:00 A   08 59 07.06 +17 38 35.7  09 00 36.50 +17 32 26.5  30.81878  -8.66554   72.073751   4.548695   -1.796   5.443   99.88539  31.65413   57.827390   0.506405  6.22811726728874  -9.7249401   20.7544 /L    3.8750   0.5335648   105.70477   -13.61438         n.a.     n.a.
 2026-Aug-29 00:00 *   09 01 15.66 +17 29 53.3  09 02 44.98 +17 23 40.7  30.53028  -8.86679  282.820730  12.493498   -1.799   5.444   99.86503  31.72601   73.707798   0.479999  6.21400573543261  -9.8105948   22.6323 /L    4.2057   0.5298632   106.19468   -13.85205         n.a.     n.a.
 2026-Aug-31 12:00 Am  09 03 23.47 +17 21 10.0  09 04 52.67 +17 14 53.7  30.31549  -8.68773   74.298025   7.509509   -1.802   5.446   99.84318  31.80432   89.596734   0.453071  6.19870598674750 -11.3883137   24.5224 /L    4.5340   0.5255964   105.99110   -16.13312        2.169    2.511
 2026-Sep-03 00:00 *   09 05 29.77 +17 12 26.6  09 06 58.86 +17 06 06.8  30.03433  -8.87144  284.497423   9.171403   -1.806   5.448   99.82009  31.88919  105.497092   0.426563  6.18220796398174 -11.4608179   26.4142 /L    4.8569   0.5219524   106.45591   -16.37886         n.a.     n.a.
 2026-Sep-05 12:00 Am  09 07 35.13 +17 03 43.5  09 09 04.14 +16 57 19.9  29.73835  -8.67637   76.505803  10.524070   -1.810   5.450   99.79566  31.98065  121.406608   0.399527  6.16452809023743 -13.0256122   28.3195 /L    5.1768   0.5163033   106.26498   -18.70882        0.893    6.106
 2026-Sep-08 00:00 *   09 09 38.83 +16 55 01.2  09 11 07.76 +16 48 34.2  29.46091  -8.83935  286.223276   5.852921   -1.814   5.452   99.77019  32.07873  137.328080   0.372982  6.14568025706263 -13.0861655   30.2276 /L    5.4906   0.5126400   106.70116   -18.96819         n.a.     n.a.
 2026-Sep-10 12:00 A   09 11 41.42 +16 46 20.5  09 13 10.26 +16 39 50.0  29.07634  -8.62554   78.709090  13.590176   -1.819   5.454   99.74357  32.18356  153.259427   0.345898  6.12566275727976 -14.6305746   32.1498 /L    5.8005   0.5054793   106.52307   -21.35420         n.a.     n.a.
 2026-Sep-13 00:00 *m  09 13 42.15 +16 37 41.8  09 15 10.87 +16 31 08.2  28.79716  -8.76382  288.010923   2.540220   -1.824   5.456   99.71613  32.29503  169.203348   0.319366  6.10451975382957 -14.6654415   34.0754 /L    6.1036   0.5016863   106.92655   -21.61514         n.a.     n.a.
 2026-Sep-15 12:00     09 15 41.61 +16 29 06.1  09 17 10.24 +16 22 29.0  28.32508  -8.53186   80.921110  16.706047   -1.830   5.458   99.68777  32.41332  185.157772   0.292284  6.08224141225386 -16.1752309   36.0156 /L    6.4020   0.4930355   106.76294   -24.05167         n.a.     n.a.
 2026-Sep-18 00:00 *m  09 17 39.03 +16 20 33.5  09 19 07.58 +16 13 53.3  28.04822  -8.64571  289.873648  -0.764019   -1.835   5.461   99.65883  32.53823  201.125258   0.265816  6.05889318449247 -16.1829444   37.9596 /L    6.6927   0.4891747   107.13164   -24.31243         n.a.     n.a.
 2026-Sep-20 12:00     09 19 35.01 +16 12 05.3  09 21 03.49 +16 05 21.7  27.49063  -8.39709   83.156224  19.869683   -1.842   5.463   99.62920  32.67002  217.103832   0.238799  6.03445166963907 -17.6463621   39.9187 /L    6.9779   0.4790749   106.98545   -26.79577         n.a.     n.a.
 2026-Sep-23 00:00 *m  09 21 28.80 +16 03 41.3  09 22 57.20 +15 56 54.8  27.21913  -8.48669  291.825969  -4.055975   -1.848   5.465   99.59926  32.80837  233.095843   0.212462  6.00900360618328 -17.6274594   41.8824 /L    7.2548   0.4751914   107.31702   -27.05693         n.a.     n.a.
 2026-Sep-25 12:00  m  09 23 20.99 +15 55 23.0  09 24 49.32 +15 48 33.4  26.57776  -8.22276   85.430355  23.078859   -1.855   5.468   99.56887  32.95370  249.099466   0.185587  5.98250448627817 -19.0444788   43.8622 /L    7.5255   0.4636783   107.19128   -29.59801        2.427    2.253
 2026-Sep-28 00:00 *   09 25 10.84 +15 47 10.1  09 26 39.06 +15 40 17.7  26.31255  -8.28746  293.883636  -7.330816   -1.862   5.470   99.53845  33.10555  265.116917   0.159461  5.95506230473204 -19.0002960   45.8477 /L    7.7871   0.4597801   107.48245   -29.86236         n.a.     n.a.
 2026-Sep-30 12:00  m  09 26 58.93 +15 39 04.0  09 28 27.10 +15 32 08.5  25.58810  -8.00907   87.762041  26.330884   -1.870   5.472   99.50785  33.26448  281.146484   0.132814  5.92661081996187 -20.3684951   47.8505 /L    8.0419   0.4468706   107.38010   -32.46884        1.722    3.179
 2026-Oct-03 00:00 *   09 28 44.52 +15 31 04.6  09 30 12.64 +15 24 06.2  25.32212  -8.04510  296.063934 -10.582541   -1.878   5.475   99.47750  33.42998  297.190341   0.106982  5.89726986741448 -20.3126890   49.8604 /L    8.2867   0.4428234   107.62560   -32.76315         n.a.     n.a.
 2026-Oct-05 12:00  m  09 30 28.17 +15 23 13.5  09 31 56.26 +15 16 12.2  24.50515  -7.74884   90.172839  29.622792   -1.886   5.477   99.44727  33.60268  313.247009   0.080646  5.86696110912358 -21.6223926   51.8889 /L    8.5239   0.4283517   107.54761   -35.44446        1.087    5.040
 2026-Oct-08 00:00 *   09 32 09.13 +15 15 30.4  09 33 37.14 +15 08 26.6  24.23308  -7.75281  298.386973 -13.803683   -1.895   5.479   99.41761  33.78196  329.318520   0.055178  5.83582593425302 -21.5498538   53.9255 /L    8.7502   0.4240507   107.74085   -35.77126         n.a.     n.a.
 2026-Oct-10 12:00     09 33 47.91 +15 07 57.4  09 35 15.87 +15 00 50.9  23.31258  -7.43458   92.688536  32.951662   -1.905   5.482   99.38838  33.96851  345.403619   0.029223  5.80377582742276 -22.7871613   55.9815 /L    8.9678   0.4078226   107.68793   -38.53750         n.a.     n.a.
 2026-Oct-13 00:00 *m  09 35 23.80 +15 00 33.9  09 36 51.69 +14 53 25.0  23.03641  -7.40639  300.875588 -16.985352   -1.914   5.484   99.36007  34.16151    1.504076   0.004185  5.77098750671791 -22.6828154   58.0461 /L    9.1737   0.4032957   107.82302   -38.87959         n.a.     n.a.
 2026-Oct-15 12:00     09 36 57.30 +14 53 22.1  09 38 25.18 +14 46 10.5  22.01941  -7.06967   95.341017  36.313617   -1.925   5.486   99.33252  34.36175   17.618726  -0.021315  5.73735761266449 -23.8355980   60.1305 /L    9.3698   0.3854415   107.80003   -41.72411         n.a.     n.a.
 2026-Oct-18 00:00 *m  09 38 27.73 +14 46 21.3  09 39 55.56 +14 39 07.3  21.73825  -7.00880  303.555262 -20.116192   -1.935   5.488   99.30620  34.56825   33.749146  -0.045844  5.70308351735188 -23.6969955   62.2240 /L    9.5533   0.3806700   107.87024   -42.08336         n.a.     n.a.
 2026-Oct-20 12:00     09 39 55.57 +14 39 33.7  09 41 23.40 +14 32 17.3  20.63114  -6.65691   98.169663  39.703179   -1.946   5.490   99.28098  34.78191   49.894261  -0.070797  5.66805129036635 -24.7584514   64.3381 /L    9.7262   0.3613087   107.88298   -45.00528         n.a.     n.a.
 2026-Oct-23 00:00 *m  09 41 20.16 +14 32 58.4  09 42 47.93 +14 25 39.9  20.34835  -6.56452  306.454404 -23.181865   -1.958   5.492   99.25730  35.00163   66.055457  -0.094723  5.63247066867103 -24.5915164   66.4618 /L    9.8855   0.3563504   107.88007   -45.38766         n.a.     n.a.
 2026-Oct-25 12:00  m  09 42 41.96 +14 26 37.8  09 44 09.72 +14 19 17.1  19.14908  -6.19741  101.224715  43.112596   -1.970   5.494   99.23502  35.22841   82.231883  -0.119025  5.59621147781646 -25.5551779   68.6072 /L   10.0334   0.3354495   107.93366   -48.39720        2.406    2.283
 2026-Oct-28 00:00 *   09 44 00.35 +14 20 30.8  09 45 28.07 +14 13 08.0  18.86416  -6.07315  309.604183 -26.164883   -1.982   5.496   99.21459  35.46102   98.424678  -0.142245  5.55950237857736 -25.3652445   70.7633 /L   10.1670   0.3302943   107.84550   -48.81234         n.a.     n.a.
 2026-Oct-30 12:00  m  09 45 15.76 +14 14 40.0  09 46 43.52 +14 07 14.9  17.57182  -5.69079  104.571464  46.530988   -1.995   5.497   99.19586  35.70061  114.633255  -0.165790  5.52219235292311 -26.2316002   72.9424 /L   10.2881   0.3078391   107.94500   -51.92698        1.907    2.883
 2026-Nov-02 00:00 *   09 46 27.55 +14 09 04.3  09 47 55.29 +14 01 37.2  17.27440  -5.53010  313.038727 -29.043680   -2.008   5.499   99.17928  35.94579  130.858647  -0.188209  5.48452673867066 -26.0180607   75.1336 /L   10.3940   0.3022999   107.75157   -52.39403         n.a.     n.a.
 2026-Nov-04 12:00  m  09 47 36.12 +14 03 46.5  09 49 03.88 +13 56 17.5  15.88217  -5.12981  108.295510  49.943737   -2.022   5.500   99.16473  36.19776  147.100461  -0.210903  5.44634963012442 -26.7727823   77.3491 /L   10.4864   0.2781678   107.90002   -55.62750        0.600    9.165
 2026-Nov-07 00:00 *   09 48 40.86 +13 58 45.4  09 50 08.59 +13 51 14.7  15.56957  -4.93155  316.794866 -31.792055   -2.036   5.501   99.15260  36.45494  163.359513  -0.232436  5.40792658615060 -26.5309442   79.5776 /L   10.5626   0.2721987   107.57522   -56.15149         n.a.     n.a.
 2026-Nov-09 12:00     09 49 42.13 +13 54 03.9  09 51 09.89 +13 46 31.4  14.07699  -4.51376  112.511904  53.330018   -2.050   5.502   99.14279  36.71857  179.635623  -0.254189  5.36909946841919 -27.1540362   81.8311 /L   10.6241   0.2463825   107.77835   -59.50724         n.a.     n.a.
 2026-Nov-12 00:00 *m  09 50 39.37 +13 49 40.5  09 52 07.13 +13 42 06.4  13.75404  -4.28071  320.909768 -34.378574   -2.065   5.503   99.13566  36.98683  195.929217  -0.274746  5.33015782260774 -26.8722472   84.0977 /L   10.6684   0.2400800   107.28784   -60.07426         n.a.     n.a.
 2026-Nov-14 12:00     09 51 32.92 +13 45 38.3  09 53 00.75 +13 38 02.5  12.16922  -3.84953  117.375745  56.659058   -2.081   5.504   99.13108  37.26104  212.240289  -0.295451  5.29093157970352 -27.3597999   86.3899 /L   10.6970   0.2127263   107.55392   -63.56042         n.a.     n.a.
 2026-Nov-17 00:00 *m  09 52 22.27 +13 41 55.6  09 53 50.10 +13 34 18.4  11.84006  -3.58444  325.417784 -36.765423   -2.096   5.504   99.12936  37.53918  228.568971  -0.314923  5.25172975323402 -27.0326352   88.6955 /L   10.7077   0.2061790   106.84310   -64.16466         n.a.     n.a.
 2026-Nov-19 12:00     09 53 07.72 +13 38 35.3  09 54 35.61 +13 30 56.7  10.17653  -3.14605  123.095823  59.885055   -2.113   5.504   99.13038  37.82264  244.915359  -0.334462  5.21237090945500 -27.3785085   91.0271 /L   10.7018   0.1775289   107.17886   -67.77757         n.a.     n.a.
 2026-Nov-22 00:00 *m  09 53 48.85 +13 35 35.5  09 55 16.72 +13 27 55.7  9.840523  -2.84977  330.345516 -38.908657   -2.129   5.504   99.13436  38.10925  261.279337  -0.352730  5.17316972271420 -27.0162440   93.3725 /L   10.6773   0.1707476   106.15076   -68.43519         n.a.     n.a.
 2026-Nov-24 12:00  m  09 54 25.89 +13 32 59.2  09 55 53.84 +13 25 18.0  8.106120  -2.40766  129.947855  62.939228   -2.146   5.504   99.14118  38.40047  277.661220  -0.370978  5.13393806481317 -27.2165282   95.7446 /L   10.6354   0.1409354   106.54235   -72.18479        2.554    2.155
 2026-Nov-27 00:00 *   09 54 58.47 +13 30 44.5  09 56 26.47 +13 23 02.0  7.763903  -2.08143  335.705611 -40.758904   -2.163   5.504   99.15102  38.69399  294.060611  -0.387928  5.09499399173927 -26.8262714   98.1313 /L   10.5743   0.1339678   105.00760   -72.90402         n.a.     n.a.
 2026-Nov-29 12:00  m  09 55 26.78 +13 28 54.3  09 56 54.89 +13 21 10.7  5.952383  -1.63275  138.271989  65.719744   -2.180   5.503   99.16374  38.99134  310.478175  -0.404772  5.05613907646809 -26.8782194  100.5460 /L   10.4949   0.1028709   105.33904   -76.83425        2.603    2.114
 2026-Dec-02 00:00 *   09 55 50.49 +13 27 26.7  09 57 18.61 +13 19 42.3  5.598901  -1.27553  341.489990 -42.262430   -2.198   5.503   99.17945  39.28995  326.913222  -0.420307  5.01771179870638 -26.4517629  102.9762 /L   10.3957   0.0957060   102.83400   -77.62249         n.a.     n.a.
 2026-Dec-04 12:00  m  09 56 09.72 +13 26 24.9  09 57 37.94 +13 18 39.6  3.720227  -0.82431  148.421035  68.080367   -2.215   5.502   99.19805  39.59134  343.366584  -0.435652  4.97951425698690 -26.3394887  105.4353 /L   10.2773   0.0635076   102.49344   -81.74234        0.200   27.447
 2026-Dec-07 00:00 *   09 56 24.24 +13 25 46.5  09 57 52.48 +13 18 00.4  3.357959  -0.43925  347.661779 -43.364647   -2.233   5.501   99.21952  39.89269  359.837202  -0.449682  4.94189814960760 -25.8663770  107.9099 /L   10.1385   0.0564428   97.452520   -82.57326         n.a.     n.a.
 2026-Dec-09 12:00     09 56 34.13 +13 25 34.5  09 58 02.50 +13 17 47.7  1.430305  0.006735  160.591799  69.825355   -2.251   5.499   99.24374  40.19549   16.325986  -0.463427  4.90467056775869 -25.5799132  110.4136 /L    9.9800   0.0238387   89.730209   -86.83755         n.a.     n.a.
 2026-Dec-12 00:00 *m  09 56 39.25 +13 25 46.3  09 58 07.68 +13 17 58.9  1.073521  0.411235  354.149229 -44.014221   -2.269   5.498   99.27062  40.49673   32.831437  -0.475852  4.86818689382585 -25.0601066  112.9322 /L    9.8007   0.0191599   69.039606   -87.42394         n.a.     n.a.
 2026-Dec-14 12:00     09 56 39.65 +13 26 24.8  09 58 08.20 +13 18 37.0  -0.88596  0.844946  174.511654  70.735176   -2.287   5.496   99.29999  40.79790   49.354660  -0.487888  4.83224929558532 -24.5966752  115.4796 /L    9.6013   0.0204046   313.64264   -87.22583         n.a.     n.a.
 2026-Dec-17 00:00 *m  09 56 35.29 +13 27 27.2  09 58 03.88 +13 19 39.0  -1.22828  1.262601    0.846302 -44.168604   -2.305   5.494   99.33165  41.09581   65.893681  -0.498602  4.79721982268124 -24.0301478  118.0412 /L    9.3813   0.0293581   315.78937   -85.94765         n.a.     n.a.
 2026-Dec-19 12:00     09 56 26.18 +13 28 55.9  09 57 54.89 +13 21 07.6  -3.19285  1.673738  189.208138  70.640042   -2.323   5.492   99.36543  41.39199   82.449738  -0.508820  4.76289304069135 -23.3964732  120.6311 /L    9.1411   0.0600825   297.66422   -81.58989         n.a.     n.a.
 2026-Dec-22 00:00 *m  09 56 12.38 +13 30 48.1  09 57 41.16 +13 22 59.5  -3.51545  2.099931    7.621300 -43.799903   -2.341   5.490   99.40104  41.68313   99.020534  -0.517727  4.72962589545857 -22.7895045  123.2346 /L    8.8805   0.0682481   300.85170   -80.28462         n.a.     n.a.
 2026-Dec-24 12:00  m  09 55 53.86 +13 33 06.0  09 57 22.81 +13 25 17.2  -5.46514  2.481836  203.307189  69.506146   -2.358   5.488   99.43828  41.97078  115.607427  -0.526036  4.69721135380652 -21.9891573  125.8661 /L    8.5999   0.1000379   294.42380   -75.51661        3.089    1.777
 2026-Dec-27 00:00 *   09 55 30.77 +13 35 46.6  09 56 59.80 +13 27 57.8  -5.76710  2.914246   14.333303 -42.898093   -2.376   5.486   99.47679  42.25158  132.207828  -0.533068  4.66599413933029 -21.3562703  128.5107 /L    8.2996   0.1076933   296.80851   -74.12358         n.a.     n.a.
 2026-Dec-29 12:00  m  09 55 02.99 +13 38 52.3  09 56 32.17 +13 31 03.9  -7.69239  3.265155  215.760021  67.448754   -2.392   5.483   99.51638  42.52701  148.823386  -0.539418  4.63577433041113 -20.3833802  131.1835 /L    7.9794   0.1392780   292.99955   -69.04899        1.955    2.804
$$EOE
**********************************************************************************************************************************************************************************************************************************************************************************************
Column meaning:
 
TIME

  Times PRIOR to 1962 are UT1, a mean-solar time closely related to the
prior but now-deprecated GMT. Times AFTER 1962 are in UTC, the current
civil or "wall-clock" time-scale. UTC is kept within 0.9 seconds of UT1
using integer leap-seconds for 1972 and later years.

  Conversion from the internal Barycentric Dynamical Time (TDB) of solar
system dynamics to the non-uniform civil UT time-scale requested for output
has not been determined for UTC times after the next July or January 1st.
Therefore, the last known leap-second is used as a constant over future
intervals.

  Time tags refer to the UT time-scale conversion from TDB on Earth
regardless of observer location within the solar system, although clock
rates may differ due to the local gravity field and no analog to "UT"
may be defined for that location.

  Any 'b' symbol in the 1st-column denotes a B.C. date. First-column blank
(" ") denotes an A.D. date.
 
CALENDAR SYSTEM

  Mixed calendar mode was active such that calendar dates after AD 1582-Oct-15
(if any) are in the modern Gregorian system. Dates prior to 1582-Oct-5 (if any)
are in the Julian calendar system, which is automatically extended for dates
prior to its adoption on 45-Jan-1 BC.  The Julian calendar is useful for
matching historical dates. The Gregorian calendar more accurately corresponds
to the Earth's orbital motion and seasons. A "Gregorian-only" calendar mode is
available if such physical events are the primary interest.

  NOTE: "n.a." in output means quantity "not available" at the print-time.
 
SOLAR PRESENCE (OBSERVING SITE)
  Time tag is followed by a blank, then a solar-presence symbol:

       '*'  Daylight (refracted solar upper-limb on or above apparent horizon)
       'C'  Civil twilight/dawn
       'N'  Nautical twilight/dawn
       'A'  Astronomical twilight/dawn
       ' '  Night OR geocentric ephemeris

LUNAR PRESENCE (OBSERVING SITE)
  The solar-presence symbol is immediately followed by a lunar-presence symbol:

       'm'  Refracted upper-limb of Moon on or above apparent horizon
       ' '  Refracted upper-limb of Moon below apparent horizon OR geocentric
            ephemeris
 
 'R.A._____(ICRF)_____DEC' =
  Astrometric right ascension and declination of the target center with
respect to the observing site (coordinate origin) in the reference frame of
the planetary ephemeris (ICRF). Compensated for down-leg light-time delay
aberration.

  Units: RA  in hours-minutes-seconds of time,    HH MM SS.ff{ffff}
         DEC in degrees-minutes-seconds of arc,  sDD MN SC.f{ffff}
 
 'R.A.__(a-apparent)__DEC' =
  Airless apparent right ascension and declination of the target center
with respect to an instantaneous reference frame defined by the Earth equator
of-date (z-axis) and meridian containing the Earth equinox of-date (x-axis,
EOP-corrected IAU76/80). Compensated for down-leg light-time delay,
gravitational deflection of light, stellar aberration, precession & nutation.
Note: equinox (RA origin) is offset -53 mas from the of-date frame defined
by the IAU06/00a P & N system.

  Units: RA  in hours-minutes-seconds of time,   HH MM SS.ff{ffff}
         DEC in degrees-minutes-seconds of arc, sDD MN SC.f{ffff}
 
 'dRA*cosD d(DEC)/dt' =
  The angular rate of change in apparent RA and DEC of the target. This is
with respect to the non-inertial IAU76/80 Earth true equator and equinox
of-date reference frame.  d(RA)/dt is multiplied by the cosine of declination
to provide a linear rate in the plane-of-sky. Units: ARCSECONDS PER HOUR
 
 'Azi____(a-app)___Elev' =
  Airless apparent azimuth and elevation of target center. Compensated
for light-time, the gravitational deflection of light, stellar aberration,
precession and nutation. Azimuth is measured clockwise from north:

  North(0) -> East(90) -> South(180) -> West(270) -> North (360)

Elevation angle is with respect to a plane perpendicular to the reference
surface local zenith direction. TOPOCENTRIC ONLY.  Units: DEGREES
 
 'APmag   S-brt' =
  The targets' approximate apparent visual magnitude and surface brightness.
For planets and natural satellites, output is restricted to solar phase angles
covered by observational data. Outside the observed phase angle range, "n.a."
may be output to avoid extrapolation beyond the limit of model validity.

   For Earth-based observers, the estimated dimming due to atmospheric
absorption (extinction) is available as a separate, requestable quantity.

   Surface brightness is the average airless visual magnitude of a
square-arcsecond of the illuminated portion of the apparent disk. It is
computed only if the target radius is known.

   Units: MAGNITUDES & MAGNITUDES PER SQUARE ARCSECOND
 
 'Illu%' =
   Fraction of the target objects' assumed circular disk illuminated by Sun
(phase), as seen by the observer.  Units: PERCENT
 
 'Ang-diam' =
   The equatorial angular width of the target body full disk, if it were fully
illuminated and visible to the observer. If the target body diameter is unknown
"n.a." is output.

   Units: ARCSECONDS
 
 'ObsSub-LON ObsSub-LAT' =
   Apparent planetodetic longitude and latitude of the center of the target
disc seen by the OBSERVER at print-time. This is NOT exactly the same as the
"nearest" sub-point for a non-spherical target shape (since the center of the
disc might not be the point closest to the observer), but is generally very
close if not a very irregular body shape. Down-leg light travel-time from
target to observer is taken into account. Latitude is the angle between the
equatorial plane and the line perpendicular to the reference ellipsoid of the
body, so includes body oblateness. The reference ellipsoid is an oblate
spheroid with a single flatness coefficient in which the y-axis body radius
is taken to be the same value as the x-axis radius.  For Jupiter, Saturn, and
Uranus, IAU2015 longitude is based on the "System III" prime meridian rotation
angle of the magnetic field. By contrast, pole direction (thus latitude) is
relative to the body dynamical equator.  There can be an offset between the
magnetic pole and the dynamical pole of rotation. For Neptune, rotation is
IAU2015 "System II" rotation of optically observed features in the Neptunian
atmosphere. Positive longitude is to the WEST for this target. Cartographic
system is specified in the header.  Units: DEGREES DEGREES
 
 'delta      deldot' =
   Apparent range ("delta", light-time aberrated) and range-rate ("delta-dot")
of the target center relative to the observer. A positive "deldot" means the
target center is moving away from the observer, negative indicates movement
toward the observer.  Units: AU and KM/S
 
 'S-O-T /r' =
   Sun-Observer-Target apparent SOLAR ELONGATION ANGLE seen from the observers'
location at print-time.

   The '/r' column provides a code indicating the targets' apparent position
relative to the Sun in the observers' sky, as described below:

   Case A: For an observing location on the surface of a rotating body, that
body rotational sense is considered:

    /T indicates target TRAILS Sun   (evening sky: rises and sets AFTER Sun)
    /L indicates target LEADS Sun    (morning sky: rises and sets BEFORE Sun)

   Case B: For an observing point that does not have a rotational model (such
as a spacecraft), the "leading" and "trailing" condition is defined by the
observers' heliocentric ORBITAL motion:

    * If continuing in the observers' current direction of heliocentric
       motion would encounter the targets' apparent longitude first, followed
       by the Sun's, the target LEADS the Sun as seen by the observer.

    * If the Sun's apparent longitude would be encountered first, followed
       by the targets', the target TRAILS the Sun.

   Two other codes can be output:
    /* indicates observer is Sun-centered    (undefined)
    /? Target is aligned with Sun center     (no lead or trail)

   The S-O-T solar elongation angle is numerically the minimum separation
angle of the Sun and target in the sky in any direction. It does NOT indicate
the amount of separation in the leading or trailing directions, which would
be defined along the equator of a spherical coordinate system.

   Units: DEGREES
 
 'S-T-O' =
   The Sun-Target-Observer angle; the interior vertex angle at target center
formed by a vector from the target to the apparent center of the Sun (at
reflection time on the target) and the apparent vector from target to the
observer at print-time. Slightly different from true PHASE ANGLE (requestable
separately) at the few arcsecond level in that it includes stellar aberration
on the down-leg from target to observer.  Units: DEGREES
 
 'Sky_motion  Sky_mot_PA  RelVel-ANG' =
  Total apparent angular rate of the target in the plane-of-sky. "Sky_mot_PA"
is the position angle of the target's direction of motion in the plane-of-sky,
measured counter-clockwise from the apparent of-date north pole direction.
"RelVel-ANG" is the flight path angle of the target's relative motion with
respect to the observer's line-of-sight, in the range [-90,+90], where positive
values indicate motion away from the observer, negative values are toward the
observer:

  -90 = target is moving directly toward the observer
    0 = target is moving at right angles to the observer's line-of-sight
  +90 = target is moving directly away from the observer

UNITS:  ARCSECONDS/MINUTE, DEGREES, DEGREES
 
 'Lun_Sky_Brt  sky_SNR' =
  Sky brightness due to moonlight scattered by Earth's atmosphere at the
target's position in the sky. "sky_SNR" is the visual signal-to-noise ratio
(SNR) of the target's surface brightness relative to background sky. Output
only for topocentric Earth observers when both the Moon and target are above
the local horizon and the Sun is in astronomical twilight (or further) below
the horizon, and the target is not the Moon or Sun. If all conditions are
not met, "n.a." is output. Galactic brightness, local sky light-pollution
and weather are NOT considered. Lunar opposition surge is considered. The
value returned is accurate under ideal conditions at the approximately 8-23%
level, so is a useful but not definitive value.

  If the target-body radius is also known, "sky_SNR" is output. This is the
approximate visual signal-to-noise ratio of the target's brightness divided
by lunar sky brightness. When sky_SNR < 1, the target is dimmer than the
ideal moonlight-scattering background sky, so unlikely to be detectable at
visual wavelengths. In practice, visibility requires sky_SNR > 1 and a
detector sensitive enough to reach the target's magnitude, even if it isn't
washed out by moonlight. When relating magnitudes and brightness values,
keep in mind their logarithmic relationship m2-m1 = -2.5*log_10(b2/b1).

  UNITS: VISUAL MAGNITUDES / ARCSECOND^2, and unitless ratio

Computations by ...

    Solar System Dynamics Group, Horizons On-Line Ephemeris System
    4800 Oak Grove Drive, Jet Propulsion Laboratory
    Pasadena, CA  91109   USA

    General site: https://ssd.jpl.nasa.gov/
    Mailing list: https://ssd.jpl.nasa.gov/email_list.html
    System news : https://ssd.jpl.nasa.gov/horizons/news.html
    User Guide  : https://ssd.jpl.nasa.gov/horizons/manual.html
    Connect     : browser        https://ssd.jpl.nasa.gov/horizons/app.html#/x
                  API            https://ssd-api.jpl.nasa.gov/doc/horizons.html
                  command-line   telnet ssd.jpl.nasa.gov 6775
                  e-mail/batch   https://ssd.jpl.nasa.gov/ftp/ssd/horizons_batch.txt
                  scripts        https://ssd.jpl.nasa.gov/ftp/ssd/SCRIPTS
    Author      : Jon.D.Giorgini@jpl.nasa.gov

**********************************************************************************************************************************************************************************************************************************************************************************************
