*******************************************************************************
 Revised: April 12, 2021               Jupiter                              599
 
 PHYSICAL DATA (revised 2025-Jan-30):
  Mass x 10^26 (kg)     = 18.9819           Density (g/cm^3)  = 1.3262 +- .0003
  Equat. radius (1 bar) = 71492+-4 km       Polar radius (km)     = 66854+-10
  Vol. Mean Radius (km) = 69911+-6          Flattening            = 0.06487
  Geometric Albedo      = 0.52              Rocky core mass (Mc/M)= 0.0261
  Sid. rot. period (III)= 9h 55m 29.711 s   Sid. rot. rate (rad/s)= 0.00017585
  Mean solar day, hrs   = ~9.9259         
  GM (km^3/s^2)         = 126686531.900     GM 1-sigma (km^3/s^2) =  +- 1.2732
  Equ. grav, ge (m/s^2) = 24.79             Pol. grav, gp (m/s^2) =  28.34
  Vis. magnitude V(1,0) = -9.40
  Vis. mag. (opposition)= -2.70             Obliquity to orbit    =  3.13 deg
  Sidereal orbit period = 11.861982204 y    Sidereal orbit period = 4332.589 d
  Mean daily motion     = 0.0831294 deg/d   Mean orbit speed, km/s= 13.0697
  Atmos. temp. (1 bar)  = 165+-5 K          Escape speed, km/s    =  59.5           
  A_roche(ice)/Rp       =  2.76             Hill's sphere rad. Rp = 740
                                 Perihelion   Aphelion     Mean
  Solar Constant (W/m^2)         56           46           51
  Maximum Planetary IR (W/m^2)   13.7         13.4         13.6
  Minimum Planetary IR (W/m^2)   13.7         13.4         13.6
*******************************************************************************


*******************************************************************************
Ephemeris / WWW_USER Mon Apr  6 15:56:01 2026 Pasadena, USA      / Horizons    
*******************************************************************************
Target body name: Jupiter (599)                   {source: jup365_merged}
Center body name: Earth (399)                     {source: DE441}
Center-site name: (user defined site below)
*******************************************************************************
Start time      : A.D. 2026-Jan-01 00:00:00.0000 UT      
Stop  time      : A.D. 2026-Dec-31 00:00:00.0000 UT      
Step-size       : 3600 minutes
*******************************************************************************
Target pole/equ : IAU_JUPITER                     {West-longitude positive}
Target radii    : 71492.0, 71492.0, 66854.0 km    {Equator_a, b, pole_c}       
Center geodetic : 254.5, 20.5, .010               {E-lon(deg),Lat(deg),Alt(km)}
Center cylindric: 254.5, 5976.68694, 2219.6325    {E-lon(deg),Dxy(km),Dz(km)}
Center pole/equ : ITRF93                          {East-longitude positive}
Center radii    : 6378.137, 6378.137, 6356.752 km {Equator_a, b, pole_c}       
Target primary  : Sun
Vis. interferer : MOON (R_eq= 1737.400) km        {source: DE441}
Rel. light bend : Sun                             {source: jup365_merged}
Rel. lght bnd GM: 1.3271E+11 km^3/s^2                                          
Atmos refraction: NO (AIRLESS)
RA format       : HMS
Time format     : CAL 
Calendar mode   : Mixed Julian/Gregorian
EOP file        : eop.260406.p260703                                           
EOP coverage    : DATA-BASED 1962-JAN-20 TO 2026-APR-06. PREDICTS-> 2026-JUL-02
Units conversion: 1 au= 149597870.700 km, c= 299792.458 km/s, 1 day= 86400.0 s 
Table cut-offs 1: Elevation (-90.0deg=NO ),Airmass (>38.000=NO), Daylight (NO )
Table cut-offs 2: Solar elongation (  0.0,180.0=NO ),Local Hour Angle( 0.0=NO )
Table cut-offs 3: RA/DEC angular rate (     0.0=NO )                           
**********************************************************************************************************************************************************************************************************************************************************************************************
 Date__(UT)__HR:MN     R.A._____(ICRF)_____DEC  R.A.__(a-apparent)__DEC  dRA*cosD d(DEC)/dt  Azi____(a-app)___Elev    APmag   S-brt      Illu%  Ang-diam  ObsSub-LON ObsSub-LAT             delta      deldot     S-O-T /r     S-T-O  Sky_motion  Sky_mot_PA  RelVel-ANG  Lun_Sky_Brt  sky_SNR
**********************************************************************************************************************************************************************************************************************************************************************************************
$$SOE
 2026-Jan-01 00:00 *m  07 30 55.16 +22 02 03.5  07 32 29.95 +21 58 43.8  -19.0614  3.592855   58.453507 -16.033951   -2.670   5.403   99.96876  46.46727  336.671185   1.577419  4.24267752874911  -4.9004762  169.2056 /L    2.0310   0.3232844   280.67435   -16.47144         n.a.     n.a.
 2026-Jan-03 12:00  m  07 29 30.88 +22 05 26.5  07 31 05.83 +22 02 09.9  -19.8249  3.247192  284.274372  30.023571   -2.674   5.403   99.98313  46.52890  353.369855   1.580420  4.23705790879027  -2.8260736  172.0860 /L    1.4944   0.3348174   279.30210   -9.363939        4.407    1.226
 2026-Jan-06 00:00 *   07 28 05.94 +22 08 47.6  07 29 41.01 +22 05 33.8  -19.6261  3.577685   60.975373 -11.421966   -2.676   5.402   99.99313  46.56843   10.060594   1.583601  4.23346099317347  -2.2040085  174.9585 /L    0.9557   0.3324925   280.33112   -7.386344         n.a.     n.a.
 2026-Jan-08 12:00  m  07 26 39.72 +22 12 08.0  07 28 14.90 +22 08 57.6  -20.1175  3.182699  285.665508  24.943881   -2.676   5.403   99.99873  46.58694   26.746436   1.586992  4.23177908101321  -0.0814788  177.8382 /L    0.4137   0.3394620   278.98999   -0.274647        1.561    3.461
 2026-Jan-11 00:00 *   07 25 13.65 +22 15 24.9  07 26 48.90 +22 12 17.3  -19.8330  3.499372   63.246886  -6.697556   -2.676   5.403   99.99984  46.58308   43.421209   1.590390  4.23212994046479   0.5311723  179.2220 /T    0.1410   0.3356558   280.00639   1.7660519         n.a.     n.a.
 2026-Jan-13 12:00  m  07 23 47.08 +22 18 39.1  07 25 22.44 +22 15 34.8  -20.0367  3.061078  287.143708  19.896496   -2.674   5.403   99.99644  46.55777   60.087826   1.593993  4.23443036947037   2.6872578  176.3679 /T    0.6784   0.3378189   278.68614   8.8280667        0.328   16.470
 2026-Jan-16 00:00 *   07 22 21.51 +22 21 48.3  07 23 56.96 +22 18 46.8  -19.6567  3.360780   65.298519  -1.889588   -2.671   5.404   99.98860  46.51027   76.740110   1.597430  4.23875495877975   3.2755593  173.4955 /T    1.2178   0.3323661   279.70224   10.882066         n.a.     n.a.
 2026-Jan-18 12:00     07 20 56.27 +22 24 53.0  07 22 31.83 +22 21 54.8  -19.5674  2.886575  288.716821  14.899110   -2.667   5.405   99.97636  46.44148   93.381025   1.601078  4.24503384347109   5.4403877  170.6140 /T    1.7561   0.3296530   278.39172   17.823630         n.a.     n.a.
 2026-Jan-21 00:00 *m  07 19 32.88 +22 27 51.4  07 21 08.52 +22 24 56.2  -19.0917  3.167811   67.156276   2.975427   -2.661   5.407   99.95997  46.35121  110.004487   1.604401  4.25330085852755   5.9935187  167.7488 /T    2.2871   0.3225461   279.42101   19.865987         n.a.     n.a.
 2026-Jan-23 12:00     07 18 10.65 +22 30 43.6  07 19 46.36 +22 27 51.7  -18.7135  2.665887  290.393981   9.970001   -2.654   5.408   99.93950  46.24039  126.613471   1.607950  4.26349376896651   8.1299742  164.8807 /T    2.8132   0.3150399   278.10771   26.594319         n.a.     n.a.
 2026-Jan-26 00:00 *m  07 16 51.09 +22 33 28.5  07 18 26.84 +22 30 39.3  -18.1558  2.929166   68.842599   7.873222   -2.646   5.410   99.91536  46.10947  143.202300   1.611036  4.27560010644735   8.6316354  162.0333 /T    3.3288   0.3065089   279.16486   28.581001         n.a.     n.a.
 2026-Jan-28 12:00     07 15 33.45 +22 36 05.8  07 17 09.27 +22 33 19.6  -17.5098  2.410269  292.185587   5.127296   -2.636   5.412   99.88763  45.95927  159.774006   1.614373  4.28957265476787  10.7137403  159.1869 /T    3.8367   0.2945818   277.83766   35.042595         n.a.     n.a.
 2026-Jan-31 00:00 *m  07 14 19.18 +22 38 35.3  07 15 55.09 +22 35 51.5  -16.8963  2.658256   70.376516  12.782508   -2.625   5.415   99.85686  45.79079  176.323378   1.617120  4.30535522798244  11.1525169  156.3643 /T    4.3312   0.2850681   278.94095   36.930167         n.a.     n.a.
 2026-Feb-02 12:00  m  07 13 07.48 +22 40 56.2  07 14 43.44 +22 38 15.5  -16.0139  2.134139  294.104274   0.388545   -2.614   5.417   99.82313  45.60468  192.853569   1.620136  4.32292544782135  13.1636626  153.5451 /T    4.8155   0.2692583   277.59095   43.091028        3.702    1.463
 2026-Feb-05 00:00 *   07 11 59.74 +22 43 09.1  07 13 35.74 +22 40 30.8  -15.3596  2.367877   71.773760  17.685471   -2.601   5.420   99.78709  45.40225  209.359728   1.622427  4.34219978253939  13.5495263  150.7519 /T    5.2843   0.2590170   278.76389   44.900946         n.a.     n.a.
 2026-Feb-07 12:00  m  07 10 55.15 +22 45 12.7  07 12 31.15 +22 42 37.1  -14.2599  1.846594  296.164492  -4.229512   -2.587   5.423   99.74882  45.18397  225.844896   1.624993  4.36317682468082  15.4755100  147.9640 /T    5.7406   0.2396488   277.37851   50.758269         n.a.     n.a.
 2026-Feb-10 00:00 *   07 09 55.04 +22 47 08.3  07 11 31.08 +22 44 34.7  -13.5765  2.065240   73.047458  22.566635   -2.573   5.426   99.70904  44.95148  242.304657   1.626707  4.38574336455086  15.8076464  145.2039 /T    6.1794   0.2288783   278.64944   52.488714         n.a.     n.a.
 2026-Feb-12 12:00  m  07 08 58.62 +22 48 54.2  07 10 34.69 +22 46 22.9  -12.2711  1.551678  298.382285  -8.709980   -2.557   5.429   99.66780  44.70506  258.741861   1.628706  4.40991815554568  17.6329742  142.4514 /T    6.6038   0.2061464   277.20681   58.067428         n.a.     n.a.
 2026-Feb-15 00:00 *   07 08 07.14 +22 50 32.1  07 09 43.25 +22 48 02.5  -11.5741  1.753961   74.207637  27.412493   -2.541   5.432   99.62589  44.44676  275.152632   1.629751  4.43554566110269  17.9016691  139.7286 /T    7.0089   0.1951039   278.61715   59.699238         n.a.     n.a.
 2026-Feb-17 12:00     07 07 19.80 +22 51 59.8  07 08 55.90 +22 49 32.5  -10.0928  1.254178  300.775501 -13.035725   -2.524   5.435   99.58333  44.17663  291.539722   1.631101  4.46266824739711  19.6108848  137.0156 /T    7.3978   0.1695076   277.08351   65.001116         n.a.     n.a.
 2026-Feb-20 00:00 *m  07 06 37.77 +22 53 19.8  07 08 13.87 +22 50 54.0  -9.38850  1.437218   75.261795  32.211702   -2.506   5.438   99.54092  43.89701  307.899735   1.631415  4.49109469894763  19.8076736  134.3343 /T    7.7661   0.1582978   278.70343   66.545586         n.a.     n.a.
 2026-Feb-22 12:00     07 06 00.23 +22 54 29.4  07 07 36.29 +22 52 05.2  -7.76764  0.956626  303.363360 -17.189728   -2.488   5.442   99.49863  43.60782  324.235419   1.632065  4.52087787981264  21.3807072  131.6650 /T    8.1169   0.1304387   277.02093   71.561602         n.a.     n.a.
 2026-Feb-25 00:00 *m  07 05 28.23 +22 55 31.4  07 07 04.32 +22 53 08.1  -7.07971  1.120485   76.215079  36.955099   -2.470   5.445   99.45725  43.31158  340.543979   1.631618  4.55179964028402  21.5040197  129.0288 /T    8.4461   0.1194639   278.99343   73.002994         n.a.     n.a.
 2026-Feb-27 12:00     07 05 00.97 +22 56 22.9  07 06 37.05 +22 54 00.9  -5.35479  0.663843  306.166903 -21.154978   -2.451   5.448   99.41668  43.00799  356.828061   1.631534  4.58393058890160  22.9259587  126.4060 /T    8.7571   0.0899297   277.06701   77.737246         n.a.     n.a.
 2026-Mar-02 00:00 *m  07 04 39.34 +22 57 07.3  07 06 15.44 +22 54 46.1  -4.70809  0.809411   77.069211  41.636150   -2.432   5.451   99.37767  42.69967   13.085554   1.630295  4.61702978826387  22.9849422  123.8168 /T    9.0460   0.0796194   279.75487   79.058178         n.a.     n.a.
 2026-Mar-04 12:00  m  07 04 22.56 +22 57 41.3  07 05 58.59 +22 55 21.1  -2.91021  0.380537  309.209061 -24.914365   -2.413   5.454   99.34006  42.38597   29.318853   1.629428  4.65120011797832  24.2628894  121.2412 /T    9.3163   0.0489164   277.44968   83.533017         n.a.     n.a.
 2026-Mar-07 00:00 *   07 04 11.44 +22 58 08.6  07 05 47.45 +22 55 48.6  -2.30954  0.505754   77.822509  46.250612   -2.393   5.457   99.30454  42.06955   45.526269   1.627346  4.68618412371563  24.2666726  118.6988 /T    9.5645   0.0394044   282.35196   84.744586         n.a.     n.a.
 2026-Mar-09 12:00  m  07 04 05.22 +22 58 25.5  07 05 41.16 +22 56 05.9  -0.45483  0.104830  312.512955 -28.449959   -2.374   5.459   99.27093  41.74951   61.709935   1.625638  4.72210690144861  25.4006525  116.1700 /T    9.7939   0.0077793   282.97892   88.998485         n.a.     n.a.
 2026-Mar-12 00:00 *   07 04 04.64 +22 58 36.0  07 05 40.59 +22 56 16.3  0.099620  0.206743   78.468309  50.795347   -2.354   5.462   99.23984  41.42851   77.868560   1.622669  4.75869430703419  25.3566946  113.6741 /T   10.0012   0.0038249   25.727427   89.502867         n.a.     n.a.
 2026-Mar-14 12:00 Am  07 04 09.01 +22 58 36.1  07 05 44.91 +22 56 16.5  1.995384  -0.16715  316.100752 -31.742061   -2.335   5.464   99.21107  41.10554   94.003960   1.620081  4.79608405975650  26.3361976  111.1919 /T   10.1896   0.0333729   94.788378   85.798363         n.a.     n.a.
 2026-Mar-17 00:00 *   07 04 18.95 +22 58 30.0  07 05 54.83 +22 56 10.1  2.497874  -0.09067   78.992512  55.268032   -2.315   5.466   99.18515  40.78329  110.115402   1.616206  4.83398111886094  26.2406753  108.7425 /T   10.3562   0.0416586   92.078912   84.700142         n.a.     n.a.
 2026-Mar-19 12:00 A   07 04 33.81 +22 58 13.4  07 06 09.59 +22 55 53.2  4.416127  -0.43816  319.991595 -34.769668   -2.296   5.468   99.16187  40.46055  126.204400   1.612724  4.87254010441197  27.0645001  106.3071 /T   10.5039   0.0739635   95.666210   80.856059         n.a.     n.a.
 2026-Mar-22 00:00 *m  07 04 54.12 +22 57 50.7  07 06 29.87 +22 55 29.6  4.859269  -0.38849   79.370275  59.667355   -2.276   5.470   99.14165  40.14007  142.270725   1.607949  4.91144203529113  26.9113057  103.9044 /T   10.6303   0.0812462   94.571003   79.838451         n.a.     n.a.
 2026-Mar-24 12:00 A   07 05 19.25 +22 57 17.4  07 06 54.93 +22 54 55.4  6.770028  -0.70849  324.199072 -37.510853   -2.257   5.471   99.12425  39.82050  158.315736   1.603580  4.95085740233419  27.5749383  101.5160 /T   10.7382   0.1134500   95.974330   76.167962         n.a.     n.a.
 2026-Mar-27 00:00 *m  07 05 49.62 +22 56 38.0  07 07 25.30 +22 54 14.8  7.148633  -0.68573   79.557024  63.993013   -2.238   5.473   99.11000  39.50450  174.339647   1.597915  4.99045981891680  27.3752868   99.1601 /T   10.8256   0.1196908   95.479323   75.224811         n.a.     n.a.
 2026-Mar-29 12:00 A   07 06 24.65 +22 55 48.1  07 08 00.24 +22 53 23.8  9.028686  -0.97728  328.728995 -39.942838   -2.220   5.474   99.09864  39.19058  190.343568   1.592653  5.03043371642371  27.8830113   96.8181 /T   10.8950   0.1513571   96.177766   71.733113         n.a.     n.a.
 2026-Apr-01 00:00 *   07 07 04.66 +22 54 52.2  07 08 40.21 +22 52 26.5  9.337402  -0.98063   79.470492  68.245376   -2.202   5.475   99.09040  38.88125  206.328101   1.586088  5.07045549362055  27.6535219   94.5073 /T   10.9450   0.1564792   95.995354   70.872572         n.a.     n.a.
 2026-Apr-03 12:00 Am  07 07 49.14 +22 53 45.7  07 09 24.57 +22 51 18.4  11.18550  -1.24597  333.575001 -42.043088   -2.184   5.476   99.08502  38.57485  222.293922   1.579907  5.11072945551592  28.0151949   92.2094 /T   10.9778   0.1875781   96.356039   67.528190         n.a.     n.a.
 2026-Apr-06 00:00 *   07 08 38.33 +22 52 33.2  07 10 13.73 +22 50 04.0  11.42811  -1.27626   78.950243  72.423926   -2.166   5.476   99.08267  38.27385  238.241988   1.572422  5.15092242368881  27.7635643   89.9413 /T   10.9920   0.1916526   96.372249   66.741656         n.a.     n.a.
 2026-Apr-08 12:00 Am  07 09 31.82 +22 51 10.0  07 11 07.12 +22 48 38.9  13.23788  -1.51730  338.714211 -43.789990   -2.149   5.476   99.08311  37.97648  254.172594   1.565301  5.19125592484765  27.9857690   87.6850 /T   10.9897   0.2220758   96.538580   63.528960         n.a.     n.a.
 2026-Apr-11 00:00 *   07 10 29.77 +22 49 40.7  07 12 05.05 +22 47 07.5  13.42578  -1.57643   77.641838  76.524716   -2.132   5.477   99.08644  37.68513  270.086961   1.556888  5.23138991925370  27.7118726   85.4571 /T   10.9697   0.2253002   96.696902   62.791487         n.a.     n.a.
 2026-Apr-13 12:00 Nm  07 11 31.83 +22 48 00.5  07 13 06.99 +22 45 25.1  15.19114  -1.79517  344.104473 -45.164680   -2.115   5.477   99.09243  37.39805  285.985114   1.548823  5.27154905414365  27.7943271   83.2402 /T   10.9340   0.2549473   96.739519   59.693714         n.a.     n.a.
 2026-Apr-16 00:00 *   07 12 38.10 +22 46 14.0  07 14 13.21 +22 43 36.2  15.32624  -1.88313   74.605047  80.533216   -2.099   5.476   99.10110  37.11753  301.868581   1.539492  5.31138934352351  27.4989285   81.0509 /T   10.8815   0.2573583   97.004795   58.999472         n.a.     n.a.
 2026-Apr-18 12:00 N   07 13 48.29 +22 44 16.3  07 15 23.26 +22 41 35.9  17.04032  -2.08123  349.683953 -46.153726   -2.084   5.476   99.11227  36.84182  317.737091   1.530497  5.35113781118896  27.4355643   78.8719 /T   10.8139   0.2861157   96.963357   55.997483         n.a.     n.a.
 2026-Apr-21 00:00 *m  07 15 02.40 +22 42 12.0  07 16 37.36 +22 39 28.8  17.11869  -2.19651   66.380884  84.387752   -2.069   5.475   99.12585  36.57319  333.592608   1.520273  5.39044116195174  27.1156508   76.7200 /T   10.7307   0.2876505   97.311698   55.346495         n.a.     n.a.
 2026-Apr-23 12:00 N   07 16 20.20 +22 39 56.5  07 17 55.06 +22 37 10.4  18.76307  -2.37258  355.374672 -46.750649   -2.054   5.475   99.14168  36.30984  349.434640   1.510367  5.42953783728914  26.9168453   74.5780 /T   10.6331   0.3152081   97.206763   52.454537         n.a.     n.a.
 2026-Apr-26 00:00 *m  07 17 41.61 +22 37 34.2  07 19 16.43 +22 34 45.3  18.78442  -2.51287   30.067415  87.591707   -2.039   5.474   99.15962  36.05390    5.265393   1.499263  5.46808076549066  26.5831644   72.4622 /T   10.5212   0.3158626   97.619470   51.854308         n.a.     n.a.
 2026-Apr-28 12:00 N   07 19 06.43 +22 35 00.6  07 20 41.11 +22 32 08.7  20.35408  -2.66706    1.088995 -46.957090   -2.026   5.473   99.17952  35.80352   21.084113   1.488442  5.50631974768721  26.2616877   70.3553 /T   10.3959   0.3421346   97.465112   49.069602         n.a.     n.a.
 2026-May-01 00:00 *   07 20 34.56 +22 32 20.1  07 22 09.17 +22 29 25.0  20.32857  -2.83170  306.920059  86.645904   -2.012   5.472   99.20121  35.56069   36.893129   1.476451  5.54392034685991  25.9331935   68.2731 /T   10.2572   0.3420808   97.930087   48.523359         n.a.     n.a.
 2026-May-03 12:00 Nm  07 22 05.89 +22 29 28.2  07 23 40.37 +22 26 29.7  21.82943  -2.96656    6.736963 -46.783614   -1.999   5.471   99.22457  35.32358   52.691317   1.464701  5.58113336477769  25.4921082   66.1984 /T   10.1061   0.3671681   97.738940   45.821312         n.a.     n.a.
 2026-May-06 00:00 *   07 23 40.24 +22 26 29.3  07 25 14.69 +22 23 27.3  21.76296  -3.15490  287.331421  83.165645   -1.986   5.469   99.24939  35.09411   68.481245   1.451821  5.61762699675552  25.1685947   64.1469 /T    9.9427   0.3665074   98.248506   45.320379         n.a.     n.a.
 2026-May-08 12:00 Nm  07 25 17.59 +22 23 18.7  07 26 51.92 +22 20 13.2  23.20008  -3.27287   12.234874 -46.248644   -1.974   5.468   99.27561  34.87047   84.261472   1.439144  5.65365561136222  24.6158785   62.1016 /T    9.7675   0.3904966   98.029803   42.687036         n.a.     n.a.
 2026-May-11 00:00 *   07 26 57.71 +22 20 00.8  07 28 31.98 +22 16 51.9  23.09799  -3.48409  281.734254  79.456872   -1.963   5.466   99.30296  34.65454  100.034763   1.425387  5.68888365533830  24.2919382   60.0781 /T    9.5809   0.3893214   98.577791   42.217762         n.a.     n.a.
 2026-May-13 12:00 Nm  07 28 40.63 +22 16 31.2  07 30 14.74 +22 13 18.6  24.46649  -3.58575   17.513077 -45.377380   -1.951   5.465   99.33141  34.44455  115.799485   1.411800  5.72356546644863  23.6287727   58.0597 /T    9.3833   0.4121309   98.337781   39.646308         n.a.     n.a.
 2026-May-16 00:00 *m  07 30 26.06 +22 12 54.0  07 32 00.11 +22 09 37.6  24.33753  -3.81933  279.422302  75.727917   -1.940   5.463   99.36069  34.24231  131.558557   1.397192  5.75736997969034  23.3030704   56.0621 /T    9.1752   0.4105899   98.918784   39.195940         n.a.     n.a.
 2026-May-18 12:00 N   07 32 14.10 +22 09 05.0  07 33 48.03 +22 05 44.5  25.62949  -3.90438   22.520697 -44.199636   -1.930   5.461   99.39076  34.04616  147.310220   1.382724  5.79053971564295  22.5267367   54.0691 /T    8.9568   0.4320863   98.661817   36.677867         n.a.     n.a.
 2026-May-21 00:00 *m  07 34 04.38 +22 05 08.2  07 35 38.28 +22 01 43.9  25.46659  -4.15619  278.345603  72.013320   -1.920   5.460   99.42132  33.85780  163.057640   1.367295  5.82275338580260  22.2012412   52.0964 /T    8.7289   0.4300584   99.269044   36.256135         n.a.     n.a.
 2026-May-23 12:00 C   07 35 57.03 +22 00 59.7  07 37 30.79 +21 57 31.4  26.67747  -4.22377   27.226677 -42.746642   -1.910   5.458   99.45236  33.67560  178.798863   1.351961  5.85425761357427  21.3231971   50.1276 /T    8.4914   0.4501628   98.996795   33.794386         n.a.     n.a.
 2026-May-26 00:00 *m  07 37 51.64 +21 56 43.4  07 39 25.32 +21 53 11.2  26.48319  -4.49092  277.862272  68.320971   -1.901   5.456   99.48357  33.50114  194.537191   1.335720  5.88474349494751  21.0107782   48.1782 /T    8.2456   0.4476877   99.624443   33.412968         n.a.     n.a.
 2026-May-28 12:00 C   07 39 48.40 +21 52 15.4  07 41 21.93 +21 48 39.1  27.61337  -4.54131   31.618000 -41.049620   -1.892   5.455   99.51496  33.33280  210.270427   1.319522  5.91446283718516  20.0462425   46.2317 /T    7.9911   0.4664052   99.339301   31.010611         n.a.     n.a.
 2026-May-31 00:00 *   07 41 46.88 +21 47 39.7  07 43 20.34 +21 43 59.1  27.40092  -4.82383  277.709141  64.652030   -1.884   5.453   99.54622  33.17207  226.001869   1.302472  5.94312191039081  19.7525547   44.3033 /T    7.7290   0.4637047   99.984411   30.662928         n.a.     n.a.
 2026-Jun-02 12:00 Cm  07 43 47.32 +21 42 52.4  07 45 20.65 +21 39 07.4  28.45756  -4.85937   35.695237 -39.138345   -1.876   5.451   99.57738  33.01740  241.729152   1.285416  5.97096141216485  18.7043233   42.3763 /T    7.4589   0.4811578   99.690283   28.303382         n.a.     n.a.
 2026-Jun-05 00:00 *   07 45 49.26 +21 37 57.1  07 47 22.54 +21 34 08.1  28.23102  -5.15575  277.760059  61.005764   -1.868   5.449   99.60814  32.87021  257.455652   1.267572  5.99769964817368  18.4309439   40.4660 /T    7.1821   0.4782991   100.34971   27.987996         n.a.     n.a.
 2026-Jun-07 12:00 Cm  07 47 53.01 +21 32 50.4  07 49 26.14 +21 28 57.1  29.21987  -5.17851   39.468955 -37.040185   -1.861   5.448   99.63856  32.72905  273.178797   1.249679  6.02356754329600  17.2979383   38.5560 /T    6.8978   0.4945868   100.04993   25.653256         n.a.     n.a.
 2026-Jun-10 00:00 *   07 49 58.05 +21 27 35.6  07 51 31.08 +21 23 38.2  28.98238  -5.48716  277.947069  57.380705   -1.854   5.446   99.66832  32.59529  288.902135   1.231072  6.04828621053993  17.0351858   36.6614 /T    6.6076   0.4916207   100.72076   25.355158         n.a.     n.a.
 2026-Jun-12 12:00 Cm  07 52 04.74 +21 22 09.6  07 53 37.61 +21 18 07.6  29.89903  -5.49678   42.956768 -34.779828   -1.847   5.444   99.69750  32.46757  304.623000   1.212376  6.07207886892179  15.8237781   34.7661 /T    6.3104   0.5066684   100.41721   23.045834         n.a.     n.a.
 2026-Jun-15 00:00 *m  07 54 12.52 +21 16 35.4  07 55 45.33 +21 12 29.0  29.65179  -5.81540  278.230617  53.774896   -1.841   5.443   99.72579  32.34720  320.345014   1.193043  6.09467435199254  15.5641988   32.8854 /T    6.0080   0.5036113   101.09618   22.754103         n.a.     n.a.
 2026-Jun-17 12:00 C   07 56 21.75 +21 10 50.2  07 57 54.45 +21 06 39.2  30.48615  -5.80974   46.180181 -32.378615   -1.835   5.441   99.75326  32.23291  336.065548   1.173578  6.11628355907750  14.2756334   31.0035 /T    5.6993   0.5172465   100.78947   20.466487         n.a.     n.a.
 2026-Jun-20 00:00 *m  07 58 31.85 +21 04 57.0  08 00 04.47 +21 00 41.9  30.22762  -6.13447  278.587485  50.185928   -1.829   5.440   99.77962  32.12589  351.788273   1.153547  6.13665922447058  14.0333216   29.1357 /T    5.3863   0.5140634   101.47195   20.200002         n.a.     n.a.
 2026-Jun-22 12:00 C   08 00 43.22 +20 58 53.2  08 02 15.67 +20 54 33.6  30.97923  -6.11299   49.162520 -29.854248   -1.824   5.439   99.80494  32.02493    7.510423   1.133331  6.15600564042210  12.6790931   27.2662 /T    5.0677   0.5262766   101.16250   17.935445         n.a.     n.a.
 2026-Jun-25 00:00 *m  08 02 55.23 +20 52 41.7  08 04 27.58 +20 48 17.8  30.71327  -6.44181  279.002915  46.611105   -1.819   5.438   99.82895  31.93109   23.235687   1.112614  6.17409672234288  12.4607666   25.4100 /T    4.7456   0.5230258   101.84552   17.699936         n.a.     n.a.
 2026-Jun-27 12:00 C   08 05 08.34 +20 46 19.9  08 06 40.56 +20 41 51.3  31.39080  -6.40690   51.927342 -27.221890   -1.815   5.436   99.85174  31.84323   38.961140   1.091659  6.19113086864196  11.0528425   23.5511 /T    4.4186   0.5339660   101.53571   15.456272         n.a.     n.a.
 2026-Jun-30 00:00 *   08 07 21.92 +20 39 50.6  08 08 54.06 +20 35 17.7  31.12361  -6.73907  279.467601  43.048136   -1.810   5.435   99.87306  31.76237   54.690454   1.070276  6.20689323932605  10.8569409   21.7042 /T    4.0887   0.5307474   102.21742   15.245900         n.a.     n.a.
 2026-Jul-02 12:00 Nm  08 09 36.45 +20 33 11.4  08 11 08.46 +20 28 33.9  31.72818  -6.69162   54.496873 -24.494352   -1.806   5.435   99.89300  31.68744   70.420655   1.048611  6.22156968890986   9.3976381   19.8536 /T    3.7544   0.5404358   101.90942   13.014107         n.a.     n.a.
 2026-Jul-05 00:00 *   08 11 51.28 +20 26 24.9  08 13 23.19 +20 21 43.2  31.46759  -7.02683  279.975828  39.495080   -1.803   5.434   99.91134  31.61937   86.155379   1.026595  6.23496318157121   9.2223827   18.0136 /T    3.4179   0.5373767   102.58785   12.823050         n.a.     n.a.
 2026-Jul-07 12:00 Nm  08 14 06.95 +20 19 28.8  08 15 38.69 +20 14 42.7  32.00172  -6.96804   56.892088 -21.682513   -1.799   5.433   99.92815  31.55725  101.891629   1.004258  6.24723738771429   7.7113792   16.1688 /T    3.0774   0.5458590   102.28383   10.590871         n.a.     n.a.
 2026-Jul-10 00:00 *   08 16 22.75 +20 12 25.6  08 17 54.38 +20 07 35.1  31.74512  -7.30339  280.523825  35.950173   -1.796   5.432   99.94325  31.50193  117.633093   0.981654  6.25820830768353   7.5477673   14.3337 /T    2.7354   0.5429068   102.95621   10.408313         n.a.     n.a.
 2026-Jul-12 12:00 Nm  08 18 39.24 +20 05 13.3  08 20 10.76 +20 00 18.1  32.20653  -7.23296   59.132569 -18.795534   -1.794   5.432   99.95671  31.45259  133.376778   0.958691  6.26802485814286   5.9860098   12.4930 /T    2.3899   0.5501455   102.65750   8.1668972         n.a.     n.a.
 2026-Jul-15 00:00 *m  08 20 55.70 +19 57 54.1  08 22 27.15 +19 52 54.7  31.95027  -7.56480  281.109823  32.411722   -1.791   5.432   99.96837  31.41005  149.126453   0.935543  6.27651353946876   5.8293101   10.6614 /T    2.0436   0.5472269   103.32051   7.9869997         n.a.     n.a.
 2026-Jul-17 12:00 N   08 23 12.69 +19 50 26.7  08 24 43.99 +19 45 22.8  32.32577  -7.47871   61.235998 -15.840450   -1.789   5.431   99.97828  31.37356  164.879205   0.911992  6.28381451980415   4.2295830    8.8242 /T    1.6946   0.5529934   103.02644   5.7444773         n.a.     n.a.
 2026-Jul-20 00:00 *m  08 25 29.44 +19 42 52.8  08 27 00.63 +19 37 44.9  32.07252  -7.80466  281.733886  28.877666   -1.787   5.431   99.98632  31.34377  180.638683   0.888325  6.28978607748163   4.0920593    6.9965 /T    1.3456   0.5501412   103.67676   5.5821331         n.a.     n.a.
 2026-Jul-22 12:00 N   08 27 46.56 +19 35 11.4  08 29 17.59 +19 29 58.9  32.36661  -7.70407   63.218758 -12.822719   -1.785   5.431   99.99255  31.32003  196.401963   0.864208  6.29455403918644   2.4652860    5.1644 /T    0.9949   0.5545144   103.38870   3.3384566         n.a.     n.a.
 2026-Jul-25 00:00 *m  08 30 03.28 +19 27 24.2  08 31 34.22 +19 22 07.5  32.12039  -8.02307  282.396730  25.346159   -1.784   5.432   99.99688  31.30288  212.172589   0.840048  6.29800262759708   2.3558733    3.3461 /T    0.6458   0.5517873   104.02444   3.2044101         n.a.     n.a.
 2026-Jul-27 12:00 N   08 32 20.23 +19 19 30.0  08 33 51.06 +19 14 08.8  32.34139  -7.91092   65.095465  -9.747031   -1.783   5.432   99.99934  31.29176  227.947559   0.815399  6.30024136345476   0.7045955    1.5487 /T    0.3005   0.5549145   103.74505   0.9496347         n.a.     n.a.
 2026-Jul-30 00:00 *   08 34 36.65 +19 11 30.4  08 36 07.34 +19 06 05.8  32.10543  -8.22206  283.100324  21.815917   -1.782   5.432   99.99990  31.28716  243.730408   0.790784  6.30116758291530   0.6147888    0.5941 /L    0.1120   0.5523588   104.36448   0.8314990         n.a.     n.a.
 2026-Aug-01 12:00 Nm  08 36 53.16 +19 03 24.6  08 38 23.72 +18 57 55.3  32.25410  -8.09908   66.879323  -6.617111   -1.782   5.433   99.99857  31.28861  259.518170   0.765648  6.30087539324663  -1.0524802    2.2482 /L    0.4283   0.5542567   104.09567   -1.433849         n.a.     n.a.
 2026-Aug-04 00:00 *   08 39 09.01 +18 55 13.9  08 40 39.45 +18 49 40.6  32.03119  -8.40137  283.846483  18.286050   -1.782   5.433   99.99536  31.29654  275.314274   0.740628  6.29927815231276  -1.1310526    4.0608 /L    0.7754   0.5519108   104.69689   -1.547276         n.a.     n.a.
 2026-Aug-06 12:00 Nm  08 41 24.84 +18 46 57.6  08 42 55.14 +18 41 19.9  32.10456  -8.26709   68.582469  -3.436586   -1.782   5.434   99.99025  31.31062  291.115890   0.715063  6.29644668918240  -2.8166818    5.8972 /L    1.1259   0.5525314   104.44024   -3.837451         n.a.     n.a.
 2026-Aug-09 00:00 *   08 43 39.85 +18 38 37.0  08 45 10.06 +18 32 55.2  31.89347  -8.55802  284.638777  14.755721   -1.783   5.434   99.98331  31.33118  306.926404   0.689694  6.29231517118778  -2.8857476    7.7340 /L    1.4750   0.5503619   105.02043   -3.949084         n.a.     n.a.
 2026-Aug-11 12:00 Nm  08 45 54.71 +18 30 11.7  08 47 24.82 +18 24 25.7  31.88497  -8.41041   70.216050  -0.207820   -1.784   5.435   99.97449  31.35800  322.743090   0.663753  6.28693258274328  -4.5868518    9.5830 /L    1.8246   0.5495923   104.77655   -6.272659         n.a.     n.a.
 2026-Aug-14 00:00 *m  08 48 08.58 +18 21 42.7  08 49 38.58 +18 15 53.0  31.67799  -8.68506  285.481453  11.224244   -1.785   5.436   99.96392  31.39134  338.569335   0.638079  6.28025550523050  -4.6476070   11.4298 /L    2.1714   0.5474500   105.33187   -6.386319         n.a.     n.a.
 2026-Aug-16 12:00 N   08 50 22.13 +18 13 10.2  08 51 51.99 +18 07 16.5  31.58368  -8.52246   71.790283   3.067769   -1.787   5.437   99.95152  31.43102  354.402492   0.611802  6.27232596284243  -6.3457416   13.2879 /L    2.5178   0.5452220   105.10090   -8.732581         n.a.     n.a.
 2026-Aug-19 00:00 *m  08 52 34.53 +18 04 34.9  08 54 04.27 +17 58 37.4  31.38406  -8.77969  286.379849   7.690759   -1.789   5.438   99.93746  31.47719   10.245769   0.585858  6.26312719551502  -6.3880307   15.1437 /L    2.8605   0.5431498   105.62896   -8.835530         n.a.     n.a.
 2026-Aug-21 12:00 N   08 54 46.44 +17 55 57.1  08 56 16.08 +17 49 55.5  31.20465  -8.60275   73.315017   6.389150   -1.791   5.440   99.92167  31.52975   26.096592   0.559285  6.25268593787504  -8.0748842   17.0110 /L    3.2021   0.5394796   105.41290   -11.20689         n.a.     n.a.
 2026-Aug-24 00:00 *m  08 56 57.07 +17 47 17.3  08 58 26.60 +17 41 12.0  31.01941  -8.84335  287.340249   4.155021   -1.793   5.441   99.90434  31.58872   41.957971   0.533113  6.24101410429616  -8.0945046   18.8766 /L    3.5394   0.5375895   105.91237   -11.29237         n.a.     n.a.
 2026-Aug-26 12:00 N   08 59 07.07 +17 38 36.0  09 00 36.51 +17 32 26.8  30.76180  -8.65493   74.799342   9.755451   -1.796   5.443   99.88539  31.65415   57.827401   0.506297  6.22811340858140  -9.7670314   20.7545 /L    3.8750   0.5326027   105.71412   -13.69483         n.a.     n.a.
 2026-Aug-29 00:00 *   09 01 15.65 +17 29 53.5  09 02 44.97 +17 23 40.9  30.58852  -8.87672  288.370080   0.617456   -1.799   5.444   99.86503  31.72597   73.707804   0.479956  6.21401449141366  -9.7708159   22.6318 /L    4.2056   0.5308416   106.18262   -13.77359         n.a.     n.a.
 2026-Aug-31 12:00 Nm  09 03 23.48 +17 21 10.4  09 04 52.68 +17 14 54.0  30.25599  -8.67842   76.252265  13.165898   -1.802   5.446   99.84318  31.80434   89.596751   0.452962  6.19870183330996 -11.4257807   24.5225 /L    4.5340   0.5246004   106.00464   -16.21251         n.a.     n.a.
 2026-Sep-03 00:00 *   09 05 29.76 +17 12 26.8  09 06 58.84 +17 06 07.0  30.09500  -8.88008  289.477791  -2.921089   -1.806   5.448   99.82009  31.88915  105.497093   0.426519  6.18221692351026 -11.4257710   26.4138 /L    4.8569   0.5229629   106.43966   -16.30158         n.a.     n.a.
 2026-Sep-05 12:00 Nm  09 07 35.14 +17 03 43.8  09 09 04.15 +16 57 20.2  29.67652  -8.66836   77.682977  16.619873   -1.810   5.450   99.79566  31.98068  121.406632   0.399419  6.16452366990253 -13.0582435   28.3196 /L    5.1768   0.5152767   106.28281   -18.78713         n.a.     n.a.
 2026-Sep-08 00:00 *   09 09 38.82 +16 55 01.4  09 11 07.75 +16 48 34.4  29.52380  -8.84667  290.673714  -6.459290   -1.814   5.452   99.77020  32.07869  137.328076   0.372937  6.14568939141445 -13.0560542   30.2271 /L    5.4905   0.5136792   106.68060   -18.89209         n.a.     n.a.
 2026-Sep-10 12:00 A   09 11 41.43 +16 46 20.8  09 13 10.27 +16 39 50.4  29.01238  -8.61884   79.100547  20.117473   -1.819   5.454   99.74357  32.18358  153.259457   0.345791  6.12565809962076 -14.6581745   32.1499 /L    5.8005   0.5044257   106.54535   -21.43146         n.a.     n.a.
 2026-Sep-13 00:00 *m  09 13 42.15 +16 37 42.0  09 15 10.87 +16 31 08.4  28.86208  -8.76982  291.970618  -9.995482   -1.824   5.456   99.71614  32.29498  169.203339   0.319318  6.10452903294585 -14.6404532   34.0750 /L    6.1035   0.5027506   106.90155   -21.54020         n.a.     n.a.
 2026-Sep-15 12:00 A   09 15 41.61 +16 29 06.4  09 17 10.25 +16 22 29.3  28.25921  -8.52648   80.514835  23.659333   -1.830   5.458   99.68777  32.41335  185.157809   0.292178  6.08223654853591 -16.1976203   36.0157 /L    6.4020   0.4919586   106.78982   -24.12787         n.a.     n.a.
 2026-Sep-18 00:00 *m  09 17 39.03 +16 20 33.7  09 19 07.57 +16 13 53.5  28.11494  -8.65038  293.383413 -13.527272   -1.835   5.461   99.65883  32.53818  201.125245   0.265766  6.05890257697320 -16.1632492   37.9591 /L    6.6926   0.4902604   107.10205   -24.23867         n.a.     n.a.
 2026-Sep-20 12:00 A   09 19 35.01 +16 12 05.6  09 21 03.50 +16 05 22.0  27.42307  -8.39305   81.936575  27.245944   -1.842   5.463   99.62920  32.67004  217.103874   0.238693  6.03444663281902 -17.6633799   39.9188 /L    6.9779   0.4779784   107.01714   -26.87089         n.a.     n.a.
 2026-Sep-23 00:00 *m  09 21 28.80 +16 03 41.5  09 22 57.20 +15 56 55.0  27.28742  -8.49002  294.930021 -17.050890   -1.848   5.465   99.59926  32.80832  233.095826   0.212410  6.00901307933025 -17.6132082   41.8820 /L    7.2548   0.4762946   107.28265   -26.98439         n.a.     n.a.
 2026-Sep-25 12:00 A   09 23 20.99 +15 55 23.3  09 24 49.32 +15 48 33.8  26.50876  -8.22005   83.377808  30.877696   -1.855   5.468   99.56888  32.95372  249.099514   0.185483  5.98249931099938 -19.0559844   43.8623 /L    7.5255   0.4625664   107.22803   -29.67201         n.a.     n.a.
 2026-Sep-28 00:00 *   09 25 10.84 +15 47 10.3  09 26 39.06 +15 40 17.9  26.38215  -8.28946  296.631640 -20.561188   -1.862   5.470   99.53845  33.10550  265.116896   0.159406  5.95507182457284 -18.9916188   45.8473 /L    7.7871   0.4608968   107.44308   -29.79108         n.a.     n.a.
 2026-Sep-30 12:00 Am  09 26 58.93 +15 39 04.4  09 28 27.10 +15 32 08.9  25.51792  -8.00768   84.853083  34.554820   -1.870   5.472   99.50785  33.26451  281.146539   0.132712  5.92660554245915 -20.3743696   47.8507 /L    8.0419   0.4457476   107.42219   -32.54167        1.685    3.248
 2026-Oct-03 00:00 *   09 28 44.52 +15 31 04.8  09 30 12.63 +15 24 06.4  25.39277  -8.04577  298.513473 -24.051334   -1.878   5.475   99.47750  33.42993  297.190315   0.106925  5.89727939874075 -20.3096929   49.8600 /L    8.2867   0.4439491   107.58095   -32.69312         n.a.     n.a.
 2026-Oct-05 12:00 Am  09 30 28.17 +15 23 13.8  09 31 56.26 +15 16 12.5  24.43406  -7.74878   86.379954  38.277568   -1.886   5.477   99.44727  33.60271  313.247069   0.080545  5.86695576719966 -21.6225403   51.8891 /L    8.5239   0.4272220   107.59540   -35.51617        1.087    5.037
 2026-Oct-08 00:00 *   09 32 09.13 +15 15 30.6  09 33 37.14 +15 08 26.8  24.30449  -7.75214  300.606691 -27.512425   -1.895   5.479   99.41761  33.78190  329.318490   0.055118  5.83583544074837 -21.5526222   53.9251 /L    8.7502   0.4251809   107.69056   -35.70242         n.a.     n.a.
 2026-Oct-10 12:00 A   09 33 47.91 +15 07 57.7  09 35 15.88 +15 00 51.3  23.24089  -7.43586   87.980407  42.046662   -1.905   5.482   99.38839  33.96854  345.403684   0.029123  5.80377046044380 -22.7815113   55.9817 /L    8.9678   0.4066910   107.74193   -38.60819         n.a.     n.a.
 2026-Oct-13 00:00 *m  09 35 23.80 +15 00 34.1  09 36 51.69 +14 53 25.2  23.10826  -7.40439  302.949071 -30.933154   -1.914   5.484   99.36007  34.16145    1.504041   0.004121  5.77099695101618 -22.6914065   58.0456 /L    9.1737   0.4044257   107.76660   -38.81185         n.a.     n.a.
 2026-Oct-15 12:00 A   09 36 57.30 +14 53 22.5  09 38 25.18 +14 46 10.8  21.94745  -7.07227   89.683755  45.862551   -1.925   5.486   99.33252  34.36178   17.618798  -0.021413  5.73735226145873 -23.8241051   60.1307 /L    9.3698   0.3843130   107.86084   -41.79385         n.a.     n.a.
 2026-Oct-18 00:00 *m  09 38 27.73 +14 46 21.5  09 39 55.56 +14 39 07.5  21.81020  -7.00548  305.585909 -34.298295   -1.935   5.488   99.30620  34.56820   33.749107  -0.045911  5.70309286111317 -23.7114401   62.2235 /L    9.5533   0.3817946   107.80711   -42.01663         n.a.     n.a.
 2026-Oct-20 12:00 A   09 39 55.56 +14 39 34.1  09 41 23.40 +14 32 17.6  20.55925  -6.66082   91.529667  49.724798   -1.946   5.490   99.28098  34.78194   49.894339  -0.070893  5.66804599716558 -24.7410991   64.3383 /L    9.7261   0.3601888   107.95138   -45.07414         n.a.     n.a.
 2026-Oct-23 00:00 *m  09 41 20.16 +14 32 58.6  09 42 47.93 +14 25 40.1  20.42004  -6.55989  308.571290 -37.587589   -1.958   5.492   99.25730  35.00157   66.055414  -0.094794  5.63247987269652 -24.6118155   66.4614 /L    9.8855   0.3574642   107.80948   -45.32186         n.a.     n.a.
 2026-Oct-25 12:00 Am  09 42 41.96 +14 26 38.2  09 44 09.72 +14 19 17.4  19.07764  -6.20263   93.574869  53.631736   -1.970   5.494   99.23503  35.22844   82.231965  -0.119119  5.59620628610371 -25.5319809   68.6074 /L   10.0334   0.3343438   108.01068   -48.46529        2.149    2.556
 2026-Oct-28 00:00 *   09 44 00.36 +14 20 31.0  09 45 28.08 +14 13 08.2  18.93521  -6.06720  311.968705 -40.774748   -1.982   5.496   99.21459  35.46096   98.424631  -0.142321  5.55951140291059 -25.3913671   70.7628 /L   10.1670   0.3313915   107.76645   -48.74735         n.a.     n.a.
 2026-Oct-30 12:00 Am  09 45 15.75 +14 14 40.4  09 46 43.51 +14 07 15.2  17.50123  -5.69731   95.904071  57.579814   -1.995   5.497   99.19587  35.70064  114.633343  -0.165882  5.52218730725081 -26.2026064   72.9426 /L   10.2881   0.3067537   108.03202   -51.99446        1.889    2.910
 2026-Nov-02 00:00 *   09 46 27.56 +14 09 04.5  09 47 55.30 +14 01 37.5  17.34439  -5.52286  315.851593 -43.825501   -2.008   5.499   99.17928  35.94573  130.858596  -0.188289  5.48453554277291 -26.0499415   75.1331 /L   10.3940   0.3033745   107.66269   -52.32961         n.a.     n.a.
 2026-Nov-04 12:00 Am  09 47 36.11 +14 03 46.8  09 49 03.88 +13 56 17.9  15.81287  -5.13763   98.648858  61.562863   -2.022   5.500   99.16474  36.19779  147.100554  -0.210993  5.44634477604974 -26.7380744   77.3494 /L   10.4864   0.2771091   107.99906   -55.69467        0.632    8.704
 2026-Nov-07 00:00 *   09 48 40.87 +13 58 45.6  09 50 08.59 +13 51 15.0  15.63805  -4.92302  320.301950 -46.695773   -2.036   5.501   99.15260  36.45488  163.359459  -0.232521  5.40793512908802 -26.5684818   79.5771 /L   10.5626   0.2732442   107.47453   -56.08728         n.a.     n.a.
 2026-Nov-09 12:00 A   09 49 42.12 +13 54 04.2  09 51 09.88 +13 46 31.7  14.00943  -4.52286  102.028305  65.569223   -2.051   5.502   99.14280  36.71860  179.635720  -0.254277  5.36909485230784 -27.1137341   81.8313 /L   10.6240   0.2453570   107.89235   -59.57450         n.a.     n.a.
 2026-Nov-12 00:00 *m  09 50 39.39 +13 49 40.8  09 52 07.14 +13 42 06.6  13.82054  -4.27090  325.403496 -49.329700   -2.065   5.503   99.13566  36.98677  195.929160  -0.274834  5.33016606321392 -26.9153022   84.0972 /L   10.6684   0.2410900   107.17248   -60.00984         n.a.     n.a.
 2026-Nov-14 12:00 A   09 51 32.91 +13 45 38.7  09 53 00.74 +13 38 02.8  12.10390  -3.85990  106.432588  69.575215   -2.081   5.504   99.13110  37.26107  212.240391  -0.295537  5.29092724848725 -27.3140632   86.3902 /L   10.6970   0.2117409   107.68735   -63.62821         n.a.     n.a.
 2026-Nov-17 00:00 *m  09 52 22.28 +13 41 55.9  09 53 50.11 +13 34 18.6  11.90406  -3.57337  331.228678 -51.657645   -2.096   5.504   99.12936  37.53912  228.568911  -0.315016  5.25173765038430 -27.0810269   88.6950 /L   10.7078   0.2071470   106.70874   -64.09950         n.a.     n.a.
 2026-Nov-19 12:00 A   09 53 07.71 +13 38 35.7  09 54 35.60 +13 30 57.0  10.11397  -3.15767  112.617528  73.530579   -2.113   5.504   99.13039  37.82267  244.915466  -0.334545  5.21236691033315 -27.3275393   91.0274 /L   10.7018   0.1765906   107.33884   -67.84642         n.a.     n.a.
 2026-Nov-22 00:00 *m  09 53 48.86 +13 35 35.8  09 55 16.73 +13 27 55.9  9.901492  -2.83744  337.816303 -53.597125   -2.129   5.504   99.13436  38.10920  261.279274  -0.352829  5.17317723561112 -27.0697480   93.3720 /L   10.6774   0.1716672   105.99056   -68.36864         n.a.     n.a.
 2026-Nov-24 12:00 Am  09 54 25.87 +13 32 59.6  09 55 53.83 +13 25 18.4  8.046868  -2.42053  122.189601  77.318139   -2.146   5.504   99.14120  38.40050  277.661330  -0.371059  5.13393444481677 -27.1605737   95.7450 /L   10.6354   0.1400506   106.74147   -72.25544        2.378    2.315
 2026-Nov-27 00:00 *   09 54 58.49 +13 30 44.7  09 56 26.48 +13 23 02.2  7.821277  -2.06788  345.141378 -55.057117   -2.163   5.504   99.15101  38.69393  294.060546  -0.388032  5.09500108024248 -26.8846170   98.1308 /L   10.5743   0.1348337   104.80962   -72.83513         n.a.     n.a.
 2026-Nov-29 12:00  m  09 55 26.76 +13 28 54.7  09 56 54.88 +13 21 11.1  5.897018  -1.64683  138.718277  80.631186   -2.180   5.503   99.16375  38.99136  310.478289  -0.404851  5.05613588208093 -26.8175738  100.5464 /L   10.4948   0.1020442   105.60321   -76.90790        2.600    2.117
 2026-Dec-02 00:00 *   09 55 50.50 +13 27 27.0  09 57 18.63 +13 19 42.6  5.652095  -1.26076  353.085729 -55.946798   -2.198   5.503   99.17945  39.28990  326.913155  -0.420416  5.01771842375559 -26.5146315  102.9757 /L   10.3957   0.0965167   102.57462   -77.54956         n.a.     n.a.
 2026-Dec-04 12:00  m  09 56 09.71 +13 26 25.3  09 57 37.92 +13 18 40.0  3.669343  -0.83959  167.820879  82.652422   -2.215   5.502   99.19806  39.59136  343.366701  -0.435728  4.97951153379603 -26.2744950  105.4357 /L   10.2772   0.0627362   102.88809   -81.82138        0.233   23.625
 2026-Dec-07 00:00 *   09 56 24.25 +13 25 46.8  09 57 52.50 +13 18 00.7  3.406371  -0.42331    1.424894 -56.190318   -2.233   5.501   99.21951  39.89265  359.837133  -0.449796  4.94190427360540 -25.9334009  107.9095 /L   10.1386   0.0572095   97.083754   -82.49274         n.a.     n.a.
 2026-Dec-09 12:00     09 56 34.11 +13 25 34.8  09 58 02.48 +13 17 48.0  1.384510  -0.00971  203.758778  82.159981   -2.251   5.499   99.24376  40.19551   16.326106  -0.463502  4.90466835986775 -25.5109645  110.4140 /L    9.9799   0.0230757   90.401747   -86.93031         n.a.     n.a.
 2026-Dec-12 00:00 *m  09 56 39.27 +13 25 46.6  09 58 07.69 +13 17 59.1  1.116539  0.428324    9.851564 -55.742048   -2.269   5.498   99.27061  40.49668   32.831367  -0.475971  4.86819248116478 -25.1308670  112.9317 /L    9.8007   0.0199313   69.012321   -87.32790         n.a.     n.a.
 2026-Dec-14 12:00     09 56 39.63 +13 26 25.2  09 58 08.18 +13 18 37.4  -0.92605  0.827384  228.549984  79.404503   -2.287   5.496   99.30000  40.79792   49.354781  -0.487960  4.83224764497039 -24.5242158  115.4800 /L    9.6012   0.0206971   311.77934   -87.17783         n.a.     n.a.
 2026-Dec-17 00:00 *m  09 56 35.31 +13 27 27.5  09 58 03.90 +13 19 39.3  -1.19127  1.280780   18.038642 -54.596589   -2.305   5.494   99.33164  41.09577   65.893610  -0.498726  4.79722484034191 -24.1041745  118.0408 /L    9.3814   0.0291525   317.07370   -85.98826         n.a.     n.a.
 2026-Dec-19 12:00     09 56 26.16 +13 28 56.3  09 57 54.87 +13 21 08.0  -3.22663  1.655115  242.396086  75.562329   -2.323   5.492   99.36545  41.39200   82.449861  -0.508890  4.76289198643798 -23.3209995  120.6316 /L    9.1410   0.0604394   297.15579   -81.51367         n.a.     n.a.
 2026-Dec-22 00:00 *m  09 56 12.40 +13 30 48.4  09 57 41.18 +13 22 59.8  -3.48504  2.119133   25.712742 -52.788386   -2.341   5.490   99.40103  41.68310   99.020464  -0.517856  4.72963031362189 -22.8662759  123.2341 /L    8.8806   0.0679792   301.30235   -80.35404         n.a.     n.a.
 2026-Dec-24 12:00  m  09 55 53.84 +13 33 06.4  09 57 22.79 +13 25 17.6  -5.49203  2.462226  250.718757  71.237481   -2.358   5.488   99.43829  41.97079  115.607550  -0.526104  4.69721093129115 -21.9112156  125.8665 /L    8.5998   0.1003120   294.14798   -75.42915        3.012    1.822
 2026-Dec-27 00:00 *   09 55 30.79 +13 35 46.9  09 56 59.83 +13 27 58.2  -5.74386  2.934388   32.700711 -50.380397   -2.376   5.486   99.47678  42.25155  132.207758  -0.533202  4.66599793207198 -21.4352154  128.5103 /L    8.2996   0.1075000   297.06131   -74.20608         n.a.     n.a.
 2026-Dec-29 12:00  m  09 55 02.97 +13 38 52.7  09 56 32.15 +13 31 04.3  -7.71184  3.244651  256.317908  66.655909   -2.392   5.483   99.51639  42.52701  148.823509  -0.539485  4.63577457061096 -20.3035653  131.1840 /L    7.9793   0.1394436   292.81825   -68.95101        1.985    2.762
$$EOE
**********************************************************************************************************************************************************************************************************************************************************************************************
Column meaning:
 
TIME

  Times PRIOR to 1962 are UT1, a mean-solar time closely related to the
prior but now-deprecated GMT. Times AFTER 1962 are in UTC, the current
civil or "wall-clock" time-scale. UTC is kept within 0.9 seconds of UT1
using integer leap-seconds for 1972 and later years.

  Conversion from the internal Barycentric Dynamical Time (TDB) of solar
system dynamics to the non-uniform civil UT time-scale requested for output
has not been determined for UTC times after the next July or January 1st.
Therefore, the last known leap-second is used as a constant over future
intervals.

  Time tags refer to the UT time-scale conversion from TDB on Earth
regardless of observer location within the solar system, although clock
rates may differ due to the local gravity field and no analog to "UT"
may be defined for that location.

  Any 'b' symbol in the 1st-column denotes a B.C. date. First-column blank
(" ") denotes an A.D. date.
 
CALENDAR SYSTEM

  Mixed calendar mode was active such that calendar dates after AD 1582-Oct-15
(if any) are in the modern Gregorian system. Dates prior to 1582-Oct-5 (if any)
are in the Julian calendar system, which is automatically extended for dates
prior to its adoption on 45-Jan-1 BC.  The Julian calendar is useful for
matching historical dates. The Gregorian calendar more accurately corresponds
to the Earth's orbital motion and seasons. A "Gregorian-only" calendar mode is
available if such physical events are the primary interest.

  NOTE: "n.a." in output means quantity "not available" at the print-time.
 
SOLAR PRESENCE (OBSERVING SITE)
  Time tag is followed by a blank, then a solar-presence symbol:

       '*'  Daylight (refracted solar upper-limb on or above apparent horizon)
       'C'  Civil twilight/dawn
       'N'  Nautical twilight/dawn
       'A'  Astronomical twilight/dawn
       ' '  Night OR geocentric ephemeris

LUNAR PRESENCE (OBSERVING SITE)
  The solar-presence symbol is immediately followed by a lunar-presence symbol:

       'm'  Refracted upper-limb of Moon on or above apparent horizon
       ' '  Refracted upper-limb of Moon below apparent horizon OR geocentric
            ephemeris
 
 'R.A._____(ICRF)_____DEC' =
  Astrometric right ascension and declination of the target center with
respect to the observing site (coordinate origin) in the reference frame of
the planetary ephemeris (ICRF). Compensated for down-leg light-time delay
aberration.

  Units: RA  in hours-minutes-seconds of time,    HH MM SS.ff{ffff}
         DEC in degrees-minutes-seconds of arc,  sDD MN SC.f{ffff}
 
 'R.A.__(a-apparent)__DEC' =
  Airless apparent right ascension and declination of the target center
with respect to an instantaneous reference frame defined by the Earth equator
of-date (z-axis) and meridian containing the Earth equinox of-date (x-axis,
EOP-corrected IAU76/80). Compensated for down-leg light-time delay,
gravitational deflection of light, stellar aberration, precession & nutation.
Note: equinox (RA origin) is offset -53 mas from the of-date frame defined
by the IAU06/00a P & N system.

  Units: RA  in hours-minutes-seconds of time,   HH MM SS.ff{ffff}
         DEC in degrees-minutes-seconds of arc, sDD MN SC.f{ffff}
 
 'dRA*cosD d(DEC)/dt' =
  The angular rate of change in apparent RA and DEC of the target. This is
with respect to the non-inertial IAU76/80 Earth true equator and equinox
of-date reference frame.  d(RA)/dt is multiplied by the cosine of declination
to provide a linear rate in the plane-of-sky. Units: ARCSECONDS PER HOUR
 
 'Azi____(a-app)___Elev' =
  Airless apparent azimuth and elevation of target center. Compensated
for light-time, the gravitational deflection of light, stellar aberration,
precession and nutation. Azimuth is measured clockwise from north:

  North(0) -> East(90) -> South(180) -> West(270) -> North (360)

Elevation angle is with respect to a plane perpendicular to the reference
surface local zenith direction. TOPOCENTRIC ONLY.  Units: DEGREES
 
 'APmag   S-brt' =
  The targets' approximate apparent visual magnitude and surface brightness.
For planets and natural satellites, output is restricted to solar phase angles
covered by observational data. Outside the observed phase angle range, "n.a."
may be output to avoid extrapolation beyond the limit of model validity.

   For Earth-based observers, the estimated dimming due to atmospheric
absorption (extinction) is available as a separate, requestable quantity.

   Surface brightness is the average airless visual magnitude of a
square-arcsecond of the illuminated portion of the apparent disk. It is
computed only if the target radius is known.

   Units: MAGNITUDES & MAGNITUDES PER SQUARE ARCSECOND
 
 'Illu%' =
   Fraction of the target objects' assumed circular disk illuminated by Sun
(phase), as seen by the observer.  Units: PERCENT
 
 'Ang-diam' =
   The equatorial angular width of the target body full disk, if it were fully
illuminated and visible to the observer. If the target body diameter is unknown
"n.a." is output.

   Units: ARCSECONDS
 
 'ObsSub-LON ObsSub-LAT' =
   Apparent planetodetic longitude and latitude of the center of the target
disc seen by the OBSERVER at print-time. This is NOT exactly the same as the
"nearest" sub-point for a non-spherical target shape (since the center of the
disc might not be the point closest to the observer), but is generally very
close if not a very irregular body shape. Down-leg light travel-time from
target to observer is taken into account. Latitude is the angle between the
equatorial plane and the line perpendicular to the reference ellipsoid of the
body, so includes body oblateness. The reference ellipsoid is an oblate
spheroid with a single flatness coefficient in which the y-axis body radius
is taken to be the same value as the x-axis radius.  For Jupiter, Saturn, and
Uranus, IAU2015 longitude is based on the "System III" prime meridian rotation
angle of the magnetic field. By contrast, pole direction (thus latitude) is
relative to the body dynamical equator.  There can be an offset between the
magnetic pole and the dynamical pole of rotation. For Neptune, rotation is
IAU2015 "System II" rotation of optically observed features in the Neptunian
atmosphere. Positive longitude is to the WEST for this target. Cartographic
system is specified in the header.  Units: DEGREES DEGREES
 
 'delta      deldot' =
   Apparent range ("delta", light-time aberrated) and range-rate ("delta-dot")
of the target center relative to the observer. A positive "deldot" means the
target center is moving away from the observer, negative indicates movement
toward the observer.  Units: AU and KM/S
 
 'S-O-T /r' =
   Sun-Observer-Target apparent SOLAR ELONGATION ANGLE seen from the observers'
location at print-time.

   The '/r' column provides a code indicating the targets' apparent position
relative to the Sun in the observers' sky, as described below:

   Case A: For an observing location on the surface of a rotating body, that
body rotational sense is considered:

    /T indicates target TRAILS Sun   (evening sky: rises and sets AFTER Sun)
    /L indicates target LEADS Sun    (morning sky: rises and sets BEFORE Sun)

   Case B: For an observing point that does not have a rotational model (such
as a spacecraft), the "leading" and "trailing" condition is defined by the
observers' heliocentric ORBITAL motion:

    * If continuing in the observers' current direction of heliocentric
       motion would encounter the targets' apparent longitude first, followed
       by the Sun's, the target LEADS the Sun as seen by the observer.

    * If the Sun's apparent longitude would be encountered first, followed
       by the targets', the target TRAILS the Sun.

   Two other codes can be output:
    /* indicates observer is Sun-centered    (undefined)
    /? Target is aligned with Sun center     (no lead or trail)

   The S-O-T solar elongation angle is numerically the minimum separation
angle of the Sun and target in the sky in any direction. It does NOT indicate
the amount of separation in the leading or trailing directions, which would
be defined along the equator of a spherical coordinate system.

   Units: DEGREES
 
 'S-T-O' =
   The Sun-Target-Observer angle; the interior vertex angle at target center
formed by a vector from the target to the apparent center of the Sun (at
reflection time on the target) and the apparent vector from target to the
observer at print-time. Slightly different from true PHASE ANGLE (requestable
separately) at the few arcsecond level in that it includes stellar aberration
on the down-leg from target to observer.  Units: DEGREES
 
 'Sky_motion  Sky_mot_PA  RelVel-ANG' =
  Total apparent angular rate of the target in the plane-of-sky. "Sky_mot_PA"
is the position angle of the target's direction of motion in the plane-of-sky,
measured counter-clockwise from the apparent of-date north pole direction.
"RelVel-ANG" is the flight path angle of the target's relative motion with
respect to the observer's line-of-sight, in the range [-90,+90], where positive
values indicate motion away from the observer, negative values are toward the
observer:

  -90 = target is moving directly toward the observer
    0 = target is moving at right angles to the observer's line-of-sight
  +90 = target is moving directly away from the observer

UNITS:  ARCSECONDS/MINUTE, DEGREES, DEGREES
 
 'Lun_Sky_Brt  sky_SNR' =
  Sky brightness due to moonlight scattered by Earth's atmosphere at the
target's position in the sky. "sky_SNR" is the visual signal-to-noise ratio
(SNR) of the target's surface brightness relative to background sky. Output
only for topocentric Earth observers when both the Moon and target are above
the local horizon and the Sun is in astronomical twilight (or further) below
the horizon, and the target is not the Moon or Sun. If all conditions are
not met, "n.a." is output. Galactic brightness, local sky light-pollution
and weather are NOT considered. Lunar opposition surge is considered. The
value returned is accurate under ideal conditions at the approximately 8-23%
level, so is a useful but not definitive value.

  If the target-body radius is also known, "sky_SNR" is output. This is the
approximate visual signal-to-noise ratio of the target's brightness divided
by lunar sky brightness. When sky_SNR < 1, the target is dimmer than the
ideal moonlight-scattering background sky, so unlikely to be detectable at
visual wavelengths. In practice, visibility requires sky_SNR > 1 and a
detector sensitive enough to reach the target's magnitude, even if it isn't
washed out by moonlight. When relating magnitudes and brightness values,
keep in mind their logarithmic relationship m2-m1 = -2.5*log_10(b2/b1).

  UNITS: VISUAL MAGNITUDES / ARCSECOND^2, and unitless ratio

Computations by ...

    Solar System Dynamics Group, Horizons On-Line Ephemeris System
    4800 Oak Grove Drive, Jet Propulsion Laboratory
    Pasadena, CA  91109   USA

    General site: https://ssd.jpl.nasa.gov/
    Mailing list: https://ssd.jpl.nasa.gov/email_list.html
    System news : https://ssd.jpl.nasa.gov/horizons/news.html
    User Guide  : https://ssd.jpl.nasa.gov/horizons/manual.html
    Connect     : browser        https://ssd.jpl.nasa.gov/horizons/app.html#/x
                  API            https://ssd-api.jpl.nasa.gov/doc/horizons.html
                  command-line   telnet ssd.jpl.nasa.gov 6775
                  e-mail/batch   https://ssd.jpl.nasa.gov/ftp/ssd/horizons_batch.txt
                  scripts        https://ssd.jpl.nasa.gov/ftp/ssd/SCRIPTS
    Author      : Jon.D.Giorgini@jpl.nasa.gov

**********************************************************************************************************************************************************************************************************************************************************************************************
