*******************************************************************************
 Revised: April 12, 2021               Jupiter                              599
 
 PHYSICAL DATA (revised 2025-Jan-30):
  Mass x 10^26 (kg)     = 18.9819           Density (g/cm^3)  = 1.3262 +- .0003
  Equat. radius (1 bar) = 71492+-4 km       Polar radius (km)     = 66854+-10
  Vol. Mean Radius (km) = 69911+-6          Flattening            = 0.06487
  Geometric Albedo      = 0.52              Rocky core mass (Mc/M)= 0.0261
  Sid. rot. period (III)= 9h 55m 29.711 s   Sid. rot. rate (rad/s)= 0.00017585
  Mean solar day, hrs   = ~9.9259         
  GM (km^3/s^2)         = 126686531.900     GM 1-sigma (km^3/s^2) =  +- 1.2732
  Equ. grav, ge (m/s^2) = 24.79             Pol. grav, gp (m/s^2) =  28.34
  Vis. magnitude V(1,0) = -9.40
  Vis. mag. (opposition)= -2.70             Obliquity to orbit    =  3.13 deg
  Sidereal orbit period = 11.861982204 y    Sidereal orbit period = 4332.589 d
  Mean daily motion     = 0.0831294 deg/d   Mean orbit speed, km/s= 13.0697
  Atmos. temp. (1 bar)  = 165+-5 K          Escape speed, km/s    =  59.5           
  A_roche(ice)/Rp       =  2.76             Hill's sphere rad. Rp = 740
                                 Perihelion   Aphelion     Mean
  Solar Constant (W/m^2)         56           46           51
  Maximum Planetary IR (W/m^2)   13.7         13.4         13.6
  Minimum Planetary IR (W/m^2)   13.7         13.4         13.6
*******************************************************************************


*******************************************************************************
Ephemeris / WWW_USER Mon Apr  6 15:59:36 2026 Pasadena, USA      / Horizons    
*******************************************************************************
Target body name: Jupiter (599)                   {source: jup365_merged}
Center body name: Earth (399)                     {source: DE441}
Center-site name: (user defined site below)
*******************************************************************************
Start time      : A.D. 2026-Jan-01 00:00:00.0000 UT      
Stop  time      : A.D. 2026-Dec-31 00:00:00.0000 UT      
Step-size       : 3600 minutes
*******************************************************************************
Target pole/equ : IAU_JUPITER                     {West-longitude positive}
Target radii    : 71492.0, 71492.0, 66854.0 km    {Equator_a, b, pole_c}       
Center geodetic : 260.9, 19.4, 2.24               {E-lon(deg),Lat(deg),Alt(km)}
Center cylindric: 260.9, 6020.33909, 2105.90832   {E-lon(deg),Dxy(km),Dz(km)}
Center pole/equ : ITRF93                          {East-longitude positive}
Center radii    : 6378.137, 6378.137, 6356.752 km {Equator_a, b, pole_c}       
Target primary  : Sun
Vis. interferer : MOON (R_eq= 1737.400) km        {source: DE441}
Rel. light bend : Sun                             {source: jup365_merged}
Rel. lght bnd GM: 1.3271E+11 km^3/s^2                                          
Atmos refraction: NO (AIRLESS)
RA format       : HMS
Time format     : CAL 
Calendar mode   : Mixed Julian/Gregorian
EOP file        : eop.260406.p260703                                           
EOP coverage    : DATA-BASED 1962-JAN-20 TO 2026-APR-06. PREDICTS-> 2026-JUL-02
Units conversion: 1 au= 149597870.700 km, c= 299792.458 km/s, 1 day= 86400.0 s 
Table cut-offs 1: Elevation (-90.0deg=NO ),Airmass (>38.000=NO), Daylight (NO )
Table cut-offs 2: Solar elongation (  0.0,180.0=NO ),Local Hour Angle( 0.0=NO )
Table cut-offs 3: RA/DEC angular rate (     0.0=NO )                           
**********************************************************************************************************************************************************************************************************************************************************************************************
 Date__(UT)__HR:MN     R.A._____(ICRF)_____DEC  R.A.__(a-apparent)__DEC  dRA*cosD d(DEC)/dt  Azi____(a-app)___Elev    APmag   S-brt      Illu%  Ang-diam  ObsSub-LON ObsSub-LAT             delta      deldot     S-O-T /r     S-T-O  Sky_motion  Sky_mot_PA  RelVel-ANG  Lun_Sky_Brt  sky_SNR
**********************************************************************************************************************************************************************************************************************************************************************************************
$$SOE
 2026-Jan-01 00:00 *m  07 30 55.17 +22 02 03.6  07 32 29.96 +21 58 43.9  -19.1117  3.603086   61.604934 -11.369603   -2.670   5.403   99.96876  46.46731  336.671179   1.577379  4.24267415669398  -4.9221228  169.2055 /L    2.0310   0.3241403   280.67651   -16.49894         n.a.     n.a.
 2026-Jan-03 12:00 Am  07 29 30.87 +22 05 26.5  07 31 05.82 +22 02 09.9  -19.7732  3.237865  286.194923  23.930476   -2.674   5.403   99.98313  46.52885  353.369858   1.580437  4.23706194209390  -2.8064194  172.0861 /L    1.4943   0.3339421   279.29967   -9.323913        4.353    1.241
 2026-Jan-06 00:00 *   07 28 05.95 +22 08 47.7  07 29 41.02 +22 05 33.9  -19.6790  3.586076   63.758533  -6.600308   -2.676   5.402   99.99313  46.56847   10.060594   1.583561  4.23345744855865  -2.2216200  174.9584 /L    0.9557   0.3333847   280.32760   -7.424989         n.a.     n.a.
 2026-Jan-08 12:00 Am  07 26 39.72 +22 12 08.0  07 28 14.89 +22 08 57.6  -20.0636  3.175279  287.582381  18.865176   -2.676   5.403   99.99873  46.58689   26.746433   1.587010  4.23178327144766  -0.0659525  177.8383 /L    0.4136   0.3385545   278.99310   -0.223992        1.596    3.384
 2026-Jan-11 00:00 *   07 25 13.66 +22 15 25.0  07 26 48.91 +22 12 17.4  -19.8878  3.505796   65.697294  -1.741068   -2.676   5.403   99.99984  46.58312   43.421215   1.590351  4.23212626019891   0.5177690  179.2221 /T    0.1410   0.3365746   279.99730   1.7166508         n.a.     n.a.
 2026-Jan-13 12:00 Am  07 23 47.08 +22 18 39.0  07 25 22.43 +22 15 34.7  -19.9811  3.055673  289.078908  13.837153   -2.674   5.403   99.99644  46.55772   60.087817   1.594010  4.23443467915130   2.6985079  176.3678 /T    0.6784   0.3368894   278.69479   8.8885451        0.357   15.154
 2026-Jan-16 00:00 *   07 22 21.52 +22 21 48.4  07 23 56.97 +22 18 46.9  -19.7129  3.365145   67.445661   3.182882   -2.671   5.404   99.98860  46.51031   76.740123   1.597392  4.23875118140280   3.2664868  173.4956 /T    1.2178   0.3333011   279.68745   10.822889         n.a.     n.a.
 2026-Jan-18 12:00 A   07 20 56.27 +22 24 52.9  07 22 31.82 +22 21 54.8  -19.5108  2.883260  290.693281   8.865040   -2.667   5.405   99.97636  46.44143   93.381010   1.601095  4.24503823318940   5.4472654  170.6139 /T    1.7561   0.3287121   278.40618   17.892575         n.a.     n.a.
 2026-Jan-21 00:00 *m  07 19 32.88 +22 27 51.5  07 21 08.52 +22 24 56.3  -19.1486  3.170064   69.023876   8.148000   -2.661   5.407   99.95997  46.35125  110.004505   1.604363  4.25329702348675   5.9888467  167.7489 /T    2.2871   0.3234865   279.40012   19.798479         n.a.     n.a.
 2026-Jan-23 12:00 A   07 18 10.65 +22 30 43.5  07 19 46.35 +22 27 51.6  -18.6565  2.664697  292.436178   3.968230   -2.654   5.408   99.93950  46.24035  126.613449   1.607966  4.26349819895308   8.1324367  164.8806 /T    2.8132   0.3140980   278.12853   26.670007         n.a.     n.a.
 2026-Jan-26 00:00 *m  07 16 51.09 +22 33 28.6  07 18 26.84 +22 30 39.4  -18.2126  2.929290   70.448908  13.132460   -2.646   5.410   99.91536  46.10951  143.202324   1.610999  4.27559625331743   8.6313799  162.0334 /T    3.3288   0.3074444   279.13712   28.507003         n.a.     n.a.
 2026-Jan-28 12:00 A   07 15 33.45 +22 36 05.8  07 17 09.27 +22 33 19.5  -17.4532  2.411199  294.320137  -0.833817   -2.636   5.412   99.88763  45.95922  159.773979   1.614388  4.28957708546998  10.7117980  159.1868 /T    3.8367   0.2936495   277.86575   35.123120         n.a.     n.a.
 2026-Jan-31 00:00 *m  07 14 19.18 +22 38 35.4  07 15 55.09 +22 35 51.7  -16.9525  2.656275   71.734475  18.116964   -2.625   5.415   99.85686  45.79083  176.323408   1.617084  4.30535139572306  11.1566419  156.3643 /T    4.3312   0.2859883   278.90525   36.851692         n.a.     n.a.
 2026-Feb-02 12:00 Am  07 13 07.48 +22 40 56.1  07 14 43.44 +22 38 15.4  -15.9583  2.137148  296.360518  -5.521930   -2.614   5.417   99.82313  45.60463  192.853536   1.620150  4.32292984061563  13.1573760  153.5451 /T    4.8155   0.2683454   277.62773   43.174443         n.a.     n.a.
 2026-Feb-05 00:00 *   07 11 59.73 +22 43 09.2  07 13 35.74 +22 40 30.9  -15.4145  2.363852   72.890978  23.085301   -2.601   5.420   99.78709  45.40229  209.359762   1.622393  4.34219600884426  13.5579476  150.7519 /T    5.2843   0.2599124   278.71850   44.819895         n.a.     n.a.
 2026-Feb-07 12:00 Am  07 10 55.15 +22 45 12.7  07 12 31.16 +22 42 37.1  -14.2057  1.851604  298.575110 -10.077414   -2.587   5.423   99.74882  45.18392  225.844859   1.625005  4.36318114249985  15.4649861  147.9640 /T    5.7406   0.2387645   277.42620   50.842901         n.a.     n.a.
 2026-Feb-10 00:00 *   07 09 55.04 +22 47 08.4  07 11 31.08 +22 44 34.8  -13.6297  2.059262   73.926015  28.023294   -2.573   5.426   99.70903  44.95151  242.304696   1.626675  4.38573968526207  15.8202355  145.2039 /T    6.1794   0.2297401   278.59162   52.406729         n.a.     n.a.
 2026-Feb-12 12:00 Am  07 08 58.63 +22 48 54.1  07 10 34.69 +22 46 22.8  -12.2189  1.558584  300.983832 -14.481022   -2.557   5.429   99.66780  44.70501  258.741819   1.628717  4.40992236341179  17.6183619  142.4513 /T    6.6038   0.2052990   277.26909   58.151961         n.a.     n.a.
 2026-Feb-15 00:00 *   07 08 07.14 +22 50 32.2  07 09 43.25 +22 48 02.7  -11.6250  1.746150   74.843547  32.918443   -2.541   5.432   99.62589  44.44680  275.152675   1.629721  4.43554210973888  17.9182579  139.7286 /T    7.0089   0.1959240   278.54231   59.617621         n.a.     n.a.
 2026-Feb-17 12:00 A   07 07 19.81 +22 51 59.8  07 08 55.91 +22 49 32.5  -10.0432  1.262847  303.608850 -18.712806   -2.524   5.435   99.58333  44.17659  291.539676   1.631110  4.46267231285467  19.5923701  137.0156 /T    7.3978   0.1687045   277.16685   65.084484         n.a.     n.a.
 2026-Feb-20 00:00 *m  07 06 37.76 +22 53 19.9  07 08 13.87 +22 50 54.1  -9.43675  1.427716   75.643984  37.760173   -2.506   5.438   99.54091  43.89704  307.899783   1.631386  4.49109130632710  19.8280598  134.3344 /T    7.7661   0.1590690   278.60321   66.465339         n.a.     n.a.
 2026-Feb-22 12:00 A   07 06 00.23 +22 54 29.3  07 07 36.30 +22 52 05.1  -7.72087  0.966908  306.473950 -22.752417   -2.488   5.442   99.49863  43.60778  324.235371   1.632072  4.52088177325266  21.3585073  131.6649 /T    8.1169   0.1296863   277.13817   71.643034         n.a.     n.a.
 2026-Feb-25 00:00 *m  07 05 28.22 +22 55 31.5  07 07 04.32 +22 53 08.2  -7.12493  1.109450   76.323654  42.539876   -2.470   5.445   99.45724  43.31161  340.544028   1.631591  4.55179643426127  21.5279727  129.0288 /T    8.4461   0.1201798   278.85067   72.924979         n.a.     n.a.
 2026-Feb-27 12:00 A   07 05 00.98 +22 56 22.9  07 06 37.05 +22 54 00.8  -5.31121  0.675576  309.604666 -26.578932   -2.451   5.448   99.41669  43.00795  356.828009   1.631539  4.58393428374855  22.9003160  126.4060 /T    8.7570   0.0892334   277.24899   77.816128         n.a.     n.a.
 2026-Mar-02 00:00 *m  07 04 39.33 +22 57 07.4  07 06 15.43 +22 54 46.2  -4.74998  0.797010   76.872486  47.251313   -2.432   5.451   99.37766  42.69969   13.085606   1.630271  4.61702679362860  23.0122094  123.8168 /T    9.0460   0.0802731   279.52505   78.983288         n.a.     n.a.
 2026-Mar-04 12:00 Am  07 04 22.57 +22 57 41.3  07 05 58.60 +22 55 21.0  -2.87007  0.393548  313.027839 -30.170689   -2.413   5.454   99.34007  42.38594   29.318800   1.629431  4.65120359074069  24.2340652  121.2411 /T    9.3163   0.0482821   277.80780   83.608651         n.a.     n.a.
 2026-Mar-07 00:00 *   07 04 11.43 +22 58 08.6  07 05 47.44 +22 55 48.7  -2.34789  0.492161   77.272114  51.890268   -2.393   5.457   99.30453  42.06957   45.526323   1.627324  4.68618136217526  24.2969852  118.6988 /T    9.5646   0.0399819   281.83885   84.674614         n.a.     n.a.
 2026-Mar-09 12:00 Am  07 04 05.23 +22 58 25.5  07 05 41.17 +22 56 05.9  -0.41831  0.118947  316.769001 -33.504660   -2.374   5.459   99.27093  41.74948   61.709880   1.625640  4.72211013171754  25.3689219  116.1700 /T    9.7938   0.0072482   285.87304   89.065669         n.a.     n.a.
 2026-Mar-12 00:00 *   07 04 04.63 +22 58 36.1  07 05 40.59 +22 56 16.4  0.064963  0.192130   77.490878  56.453247   -2.354   5.462   99.23983  41.42854   77.868615   1.622649  4.75869179723646  25.3897722  113.6741 /T   10.0012   0.0033803   18.681422   89.561224         n.a.     n.a.
 2026-Mar-14 12:00 Nm  07 04 09.02 +22 58 36.1  07 05 44.91 +22 56 16.5  2.028151  -0.15210  320.849937 -36.555662   -2.335   5.464   99.21108  41.10552   94.003904   1.620080  4.79608703015897  26.3018453  111.1919 /T   10.1895   0.0338974   94.288843   85.727008         n.a.     n.a.
 2026-Mar-17 00:00 *   07 04 18.94 +22 58 30.1  07 05 54.82 +22 56 10.2  2.467013  -0.10613   77.474734  60.936987   -2.315   5.466   99.18515  40.78330  110.115458   1.616189  4.83397887646723  26.2762301  108.7425 /T   10.3562   0.0411549   92.463378   84.770917         n.a.     n.a.
 2026-Mar-19 12:00 N   07 04 33.82 +22 58 13.4  07 06 09.60 +22 55 53.2  4.445066  -0.42234  325.285002 -39.297178   -2.296   5.468   99.16188  40.46052  126.204343   1.612722  4.87254280050364  27.0278161  106.3070 /T   10.5038   0.0744181   95.427622   80.788541         n.a.     n.a.
 2026-Mar-22 00:00 *m  07 04 54.11 +22 57 50.8  07 06 29.86 +22 55 29.6  4.832255  -0.40463   77.130447  65.338249   -2.276   5.470   99.14164  40.14009  142.270780   1.607934  4.91144007310373  26.9490464  103.9044 /T   10.6303   0.0808195   94.786562   79.904595         n.a.     n.a.
 2026-Mar-24 12:00 N   07 05 19.26 +22 57 17.4  07 06 54.94 +22 54 55.4  6.795110  -0.69208  330.076822 -41.702295   -2.257   5.471   99.12426  39.82048  158.315680   1.603575  4.95085981244046  27.5362142  101.5159 /T   10.7381   0.1138377   95.815479   76.103750         n.a.     n.a.
 2026-Mar-27 00:00 *m  07 05 49.61 +22 56 38.1  07 07 25.29 +22 54 14.9  7.125477  -0.70240   76.285561  69.652806   -2.238   5.473   99.11000  39.50452  174.339703   1.597902  4.99045814707585  27.4149220   99.1601 /T   10.8256   0.1193335   95.629774   75.287369         n.a.     n.a.
 2026-Mar-29 12:00 N   07 06 24.66 +22 55 48.1  07 08 00.25 +22 53 23.8  9.049919  -0.96042  335.212496 -43.744518   -2.220   5.474   99.09865  39.19057  190.343512   1.592646  5.03043583141872  27.8425375   96.8180 /T   10.8950   0.1516790   96.057825   71.672012         n.a.     n.a.
 2026-Apr-01 00:00 *m  07 07 04.65 +22 54 52.3  07 08 40.20 +22 52 26.6  9.318077  -0.99768   74.590778  73.872541   -2.202   5.475   99.09039  38.88126  206.328156   1.586078  5.07045411983690  27.6947628   94.5073 /T   10.9450   0.1561889   96.111319   70.931874         n.a.     n.a.
 2026-Apr-03 12:00 Nm  07 07 49.15 +22 53 45.7  07 09 24.58 +22 51 18.4  11.20293  -1.22880  340.658515 -45.399899   -2.184   5.476   99.08503  38.57484  222.293867   1.579899  5.11073126860214  27.9732580   92.2094 /T   10.9777   0.1878353   96.259480   67.470073         n.a.     n.a.
 2026-Apr-06 00:00 *   07 08 38.32 +22 52 33.3  07 10 13.72 +22 50 04.1  11.41256  -1.29354   71.238779  77.976205   -2.166   5.476   99.08266  38.27386  238.242043   1.572414  5.15092135342701  27.8061271   89.9413 /T   10.9920   0.1914272   96.466522   66.797903         n.a.     n.a.
 2026-Apr-08 12:00 Nm  07 09 31.83 +22 51 10.0  07 11 07.13 +22 48 38.9  13.25157  -1.49995  346.357389 -46.648842   -2.149   5.476   99.08312  37.97647  254.172540   1.565291  5.19125743138610  27.9426502   87.6849 /T   10.9896   0.2222698   96.457866   63.473704         n.a.     n.a.
 2026-Apr-11 00:00 *   07 10 29.76 +22 49 40.8  07 12 05.04 +22 47 07.5  13.41392  -1.59382   63.927587  81.896437   -2.132   5.477   99.08643  37.68514  270.087014   1.556882  5.23138915590252  27.7554790   85.4572 /T   10.9698   0.2251380   96.776013   62.844865         n.a.     n.a.
 2026-Apr-13 12:00 Cm  07 11 31.84 +22 48 00.5  07 13 07.00 +22 45 25.1  15.20117  -1.77778  352.228453 -47.478723   -2.115   5.477   99.09244  37.39804  285.985061   1.548811  5.27155025149070  27.7503009   83.2401 /T   10.9339   0.2550796   96.670457   59.641162         n.a.     n.a.
 2026-Apr-16 00:00 *   07 12 38.08 +22 46 14.0  07 14 13.19 +22 43 36.3  15.31799  -1.90051   43.853424  85.338719   -2.099   5.476   99.10109  37.11753  301.868633   1.539488  5.31138888855985  27.5433079   81.0509 /T   10.8815   0.2572573   97.072558   59.050169         n.a.     n.a.
 2026-Apr-18 12:00 C   07 13 48.30 +22 44 16.3  07 15 23.28 +22 41 35.9  17.04681  -2.06390  358.173505 -47.886730   -2.084   5.476   99.11227  36.84181  317.737040   1.530483  5.35113869852153  27.3908973   78.8718 /T   10.8139   0.2861883   96.903346   55.947447         n.a.     n.a.
 2026-Apr-21 00:00 *m  07 15 02.39 +22 42 12.1  07 16 37.35 +22 39 28.8  17.11393  -2.21377  346.801462  86.651608   -2.069   5.475   99.12584  36.57319  333.592657   1.520271  5.39044101510835  27.1605407   76.7200 /T   10.7307   0.2876085   97.370558   55.394723         n.a.     n.a.
 2026-Apr-23 12:00 C   07 16 20.21 +22 39 56.5  07 17 55.07 +22 37 10.4  18.76614  -2.35542    4.087133 -47.880544   -2.054   5.475   99.14169  36.30983  349.434591   1.510351  5.42953841541641  26.8717958   74.5779 /T   10.6331   0.3152230   97.154029   52.406842         n.a.     n.a.
 2026-Apr-26 00:00 *m  07 17 41.60 +22 37 34.2  07 19 16.42 +22 34 45.3  18.78302  -2.52992  304.656318  84.280473   -2.039   5.474   99.15961  36.05390    5.265440   1.499263  5.46808092497136  26.6283110   72.4622 /T   10.5212   0.3158773   97.671109   51.900232         n.a.     n.a.
 2026-Apr-28 12:00 C   07 19 06.45 +22 35 00.6  07 20 41.12 +22 32 08.7  20.35385  -2.65016    9.868588 -47.477852   -2.026   5.473   99.17953  35.80352   21.084066   1.488425  5.50632001885570  26.2165050   70.3552 /T   10.3958   0.3420942   97.418426   49.024111         n.a.     n.a.
 2026-May-01 00:00 *   07 20 34.55 +22 32 20.2  07 22 09.16 +22 29 25.1  20.33041  -2.84845  291.206314  80.782052   -2.012   5.472   99.20120  35.56069   36.893173   1.476452  5.54392080950322  25.9783521   68.2731 /T   10.2573   0.3421497   97.975664   48.567091         n.a.     n.a.
 2026-May-03 12:00 Cm  07 22 05.90 +22 29 28.2  07 23 40.39 +22 26 29.7  21.82603  -2.95001   15.431207 -46.705201   -1.999   5.471   99.22458  35.32358   52.691273   1.464683  5.58113333254402  25.4470322   66.1984 /T   10.1061   0.3670748   97.697458   45.777908         n.a.     n.a.
 2026-May-06 00:00 *   07 23 40.23 +22 26 29.3  07 25 14.68 +22 23 27.3  21.76789  -3.17126  285.731426  77.082558   -1.986   5.469   99.24939  35.09411   68.481287   1.451824  5.61762775812194  25.2135297   64.1470 /T    9.9427   0.3666281   98.288833   45.362047         n.a.     n.a.
 2026-May-08 12:00 *m  07 25 17.60 +22 23 18.7  07 26 51.93 +22 20 13.2  23.19364  -3.25673   20.708933 -45.595034   -1.974   5.468   99.27561  34.87047   84.261431   1.439124  5.65365528050893  24.5711403   62.1015 /T    9.7675   0.3903529   97.992917   42.645606         n.a.     n.a.
 2026-May-11 00:00 *   07 26 57.70 +22 20 00.8  07 28 31.97 +22 16 51.9  23.10589  -3.49999  283.024535  73.345263   -1.963   5.466   99.30295  34.65453  100.034802   1.425391  5.68888470980785  24.3364235   60.0781 /T    9.5810   0.3894912   98.613463   42.257497         n.a.     n.a.
 2026-May-13 12:00 *m  07 28 40.64 +22 16 31.3  07 30 14.75 +22 13 18.6  24.45716  -3.57010   25.659338 -44.183242   -1.951   5.465   99.33142  34.44455  115.799447   1.411779  5.72356484288781  23.5845937   58.0596 /T    9.3833   0.4119394   98.305024   39.606723         n.a.     n.a.
 2026-May-16 00:00 *m  07 30 26.05 +22 12 54.0  07 32 00.10 +22 09 37.7  24.34825  -3.83472  281.560166  69.612689   -1.940   5.463   99.36068  34.24230  131.558593   1.397198  5.75737132055770  23.3468890   56.0622 /T    9.1753   0.4108062   98.950256   39.233877         n.a.     n.a.
 2026-May-18 12:00 *   07 32 14.11 +22 09 05.0  07 33 48.04 +22 05 44.6  25.61741  -3.88928   30.262475 -42.506457   -1.930   5.461   99.39076  34.04616  147.310185   1.382701  5.79053880631694  22.4833290   54.0690 /T    8.9567   0.4318495   98.632827   36.639987         n.a.     n.a.
 2026-May-21 00:00 *m  07 34 04.37 +22 05 08.2  07 35 38.27 +22 01 43.9  25.47998  -4.17100  280.753935  65.898661   -1.920   5.460   99.42131  33.85779  163.057673   1.367302  5.82275500537468  22.2441857   52.0964 /T    8.7289   0.4303186   99.296695   36.292411         n.a.     n.a.
 2026-May-23 12:00 *   07 35 57.04 +22 00 59.7  07 37 30.80 +21 57 31.5  26.66278  -4.20927   34.516803 -40.599102   -1.910   5.458   99.45237  33.67561  178.798831   1.351938  5.85425642635282  21.2807639   50.1276 /T    8.4914   0.4498833   98.971269   33.758094         n.a.     n.a.
 2026-May-26 00:00 *m  07 37 51.63 +21 56 43.4  07 39 25.31 +21 53 11.2  26.49912  -4.50510  280.338142  62.207163   -1.901   5.456   99.48357  33.50113  194.537221   1.335728  5.88474538466047  21.0526499   48.1783 /T    8.2457   0.4479892   99.648578   33.447673         n.a.     n.a.
 2026-May-28 12:00 *   07 39 48.41 +21 52 15.5  07 41 21.94 +21 48 39.1  27.59621  -4.52746   38.434422 -38.492632   -1.892   5.455   99.51497  33.33281  210.270398   1.319498  5.91446138077049  20.0049780   46.2317 /T    7.9910   0.4660856   99.316999   30.975837         n.a.     n.a.
 2026-May-31 00:00 *   07 41 46.87 +21 47 39.7  07 43 20.33 +21 43 59.1  27.41925  -4.83735  280.173434  58.538618   -1.884   5.453   99.54621  33.17205  226.001896   1.302481  5.94312406086273  19.7931638   44.3033 /T    7.7291   0.4640448   100.00526   30.696123         n.a.     n.a.
 2026-Jun-02 12:00 *m  07 43 47.33 +21 42 52.4  07 45 20.67 +21 39 07.5  28.43807  -4.84621   42.035396 -36.215059   -1.876   5.451   99.57739  33.01741  241.729127   1.285391  5.97095969606988  18.6644129   42.3763 /T    7.4589   0.4808007   99.671025   28.270067         n.a.     n.a.
 2026-Jun-05 00:00 *   07 45 49.25 +21 37 57.1  07 47 22.52 +21 34 08.1  28.25162  -5.16856  280.181388  54.892282   -1.868   5.449   99.60814  32.87019  257.455675   1.267583  5.99770204922417  18.4701093   40.4660 /T    7.1822   0.4786752   100.36747   28.019736         n.a.     n.a.
 2026-Jun-07 12:00 *m  07 47 53.02 +21 32 50.5  07 49 26.15 +21 28 57.1  29.19819  -5.16607   45.344203 -33.790735   -1.861   5.448   99.63856  32.72906  273.178775   1.249653  6.02356557781815  17.2595585   38.5560 /T    6.8978   0.4941948   100.03357   25.621339         n.a.     n.a.
 2026-Jun-10 00:00 *   07 49 58.04 +21 27 35.6  07 51 31.07 +21 23 38.2  29.00510  -5.49923  280.314460  51.266843   -1.854   5.446   99.66832  32.59527  288.902155   1.231083  6.04828885122352  17.0727353   36.6614 /T    6.6076   0.4920302   100.73557   25.385516         n.a.     n.a.
 2026-Jun-12 12:00 *m  07 52 04.75 +21 22 09.6  07 53 37.62 +21 18 07.6  29.87529  -5.48510   48.387551 -31.240656   -1.847   5.444   99.69750  32.46758  304.622982   1.212350  6.07207666509488  15.7870968   34.7660 /T    6.3103   0.5062441   100.40363   23.015249         n.a.     n.a.
 2026-Jun-15 00:00 *m  07 54 12.51 +21 16 35.4  07 55 45.32 +21 12 29.0  29.67651  -5.82670  280.542404  47.660519   -1.841   5.443   99.72579  32.34718  320.345031   1.193055  6.09467722064743  15.5999692   32.8854 /T    6.0080   0.5040518   101.10818   22.783155         n.a.     n.a.
 2026-Jun-17 12:00 *   07 56 21.76 +21 10 50.2  07 57 54.46 +21 06 39.3  30.46048  -5.79883   51.192197 -28.582264   -1.835   5.441   99.75326  32.23293  336.065532   1.173552  6.11628112863058  14.2408096   31.0034 /T    5.6993   0.5167923   100.77855   20.437157         n.a.     n.a.
 2026-Jun-20 00:00 *m  07 58 31.84 +21 04 57.0  08 00 04.46 +21 00 41.9  30.25419  -6.14497  280.846279  44.071064   -1.829   5.440   99.77962  32.12587  351.788287   1.153559  6.13666230877361  14.0671579   29.1357 /T    5.3863   0.5145323   101.48125   20.227796         n.a.     n.a.
 2026-Jun-22 12:00 *   08 00 43.23 +20 58 53.3  08 02 15.68 +20 54 33.7  30.95178  -6.10289   53.783879 -25.829444   -1.824   5.439   99.80494  32.02494    7.510411   1.133304  6.15600299572701  12.6462775   27.2662 /T    5.0677   0.5257951   101.15416   17.907332         n.a.     n.a.
 2026-Jun-25 00:00 *m  08 02 55.22 +20 52 41.7  08 04 27.57 +20 48 17.8  30.74156  -6.45150  281.213398  40.495925   -1.819   5.438   99.82895  31.93107   23.235698   1.112626  6.17410000935101  12.4925224   25.4100 /T    4.7457   0.5235206   101.85223   17.726492         n.a.     n.a.
 2026-Jun-27 12:00 *   08 05 08.35 +20 46 20.0  08 06 40.57 +20 41 51.4  31.36169  -6.39762   56.186705 -22.993789   -1.815   5.436   99.85174  31.84325   38.961132   1.091632  6.19112802268995  11.0221773   23.5510 /T    4.4185   0.5334596   101.52985   15.429372         n.a.     n.a.
 2026-Jun-30 00:00 *   08 07 21.91 +20 39 50.6  08 08 54.05 +20 35 17.7  31.15350  -6.74793  281.635446  36.932940   -1.810   5.435   99.87306  31.76235   54.690461   1.070289  6.20689671547689  10.8864781   21.7043 /T    4.0887   0.5312656   102.22163   15.271219         n.a.     n.a.
 2026-Jul-02 12:00 *m  08 09 36.46 +20 33 11.5  08 11 08.47 +20 28 34.0  31.69753  -6.68318   58.422259 -20.084921   -1.806   5.435   99.89300  31.68746   70.420650   1.048584  6.22156665532162   9.3692571   19.8535 /T    3.7544   0.5399070   101.90599   12.988418         n.a.     n.a.
 2026-Jul-05 00:00 *   08 11 51.28 +20 26 24.8  08 13 23.18 +20 21 43.2  31.49895  -7.03486  282.107180  33.380290   -1.803   5.434   99.91134  31.61936   86.155383   1.026608  6.23496683269115   9.2495721   18.0137 /T    3.4179   0.5379160   102.58962   12.847131         n.a.     n.a.
 2026-Jul-07 12:00 *m  08 14 06.95 +20 19 28.9  08 15 38.70 +20 14 42.7  31.96967  -6.96044   60.510154 -17.110876   -1.799   5.433   99.92815  31.55727  101.891627   1.004231  6.24723418071941   7.6854071   16.1688 /T    3.0774   0.5453102   102.28276   10.566389         n.a.     n.a.
 2026-Jul-10 00:00 *   08 16 22.74 +20 12 25.5  08 17 54.38 +20 07 35.1  31.77782  -7.31056  282.625105  29.836333   -1.796   5.432   99.94325  31.50191  117.633094   0.981666  6.25821211900840   7.5724888   14.3338 /T    2.7354   0.5434647   102.95562   10.431168         n.a.     n.a.
 2026-Jul-12 12:00 *m  08 18 39.25 +20 05 13.4  08 20 10.76 +20 00 18.2  32.17321  -7.22620   62.468214 -14.078313   -1.794   5.432   99.95671  31.45261  133.376780   0.958664  6.26802149255162   5.9625621   12.4929 /T    2.3899   0.5495790   102.65874   8.1436061         n.a.     n.a.
 2026-Jul-15 00:00 *m  08 20 55.70 +19 57 54.1  08 22 27.14 +19 52 54.7  31.98418  -7.57113  283.187626  26.299495   -1.791   5.432   99.96837  31.41003  149.126451   0.935555  6.27651749566991   5.8514525   10.6614 /T    2.0437   0.5478011   103.31762   8.0086516         n.a.     n.a.
 2026-Jul-17 12:00 C   08 23 12.69 +19 50 26.8  08 24 44.00 +19 45 22.9  32.29130  -7.47281   64.312161 -10.992111   -1.789   5.431   99.97828  31.37358  164.879210   0.911965  6.28381101099031   4.2087664    8.8242 /T    1.6946   0.5524117   103.02994   5.7223634         n.a.     n.a.
 2026-Jul-20 00:00 *m  08 25 29.44 +19 42 52.8  08 27 00.62 +19 37 44.9  32.10751  -7.81013  283.794960  22.767850   -1.787   5.431   99.98632  31.34375  180.638678   0.888337  6.28979016270444   4.1115205    6.9966 /T    1.3457   0.5507294   103.67163   5.6025685         n.a.     n.a.
 2026-Jul-22 12:00 C   08 27 46.56 +19 35 11.5  08 29 17.60 +19 29 59.0  32.33113  -7.69903   66.056389  -7.855844   -1.785   5.431   99.99255  31.32005  196.401971   0.864183  6.29455040305293   2.4471982    5.1644 /T    0.9949   0.5539196   103.39441   3.3175432         n.a.     n.a.
 2026-Jul-25 00:00 *m  08 30 03.28 +19 27 24.1  08 31 34.21 +19 22 07.5  32.15633  -8.02768  284.448070  19.239698   -1.784   5.432   99.99688  31.30286  212.172580   0.840060  6.29800682547276   2.3725602    3.3462 /T    0.6459   0.5523871   104.01712   3.2235850         n.a.     n.a.
 2026-Jul-27 12:00 C   08 32 20.24 +19 19 30.1  08 33 51.07 +19 14 08.9  32.30502  -7.90673   67.713632  -4.672596   -1.783   5.432   99.99934  31.29178  227.947571   0.815374  6.30023761643502   0.6893248    1.5486 /T    0.3004   0.5543091   103.75292   0.9299663         n.a.     n.a.
 2026-Jul-30 00:00 *   08 34 36.64 +19 11 30.4  08 36 07.33 +19 06 05.8  32.14220  -8.22583  285.149250  15.713924   -1.782   5.432   99.99990  31.28714  243.730397   0.790794  6.30117187656269   0.6286182    0.5941 /L    0.1120   0.5529680   104.35503   0.8493763         n.a.     n.a.
 2026-Aug-01 12:00 Cm  08 36 53.17 +19 03 24.7  08 38 23.73 +18 57 55.3  32.21697  -8.09573   69.295347  -1.444710   -1.782   5.433   99.99857  31.28863  259.518184   0.765623  6.30087155229450  -1.0648556    2.2482 /L    0.4283   0.5536429   104.10567   -1.452228         n.a.     n.a.
 2026-Aug-04 00:00 *   08 39 09.01 +18 55 13.8  08 40 39.44 +18 49 40.5  32.06865  -8.40429  285.900800  12.189831   -1.782   5.433   99.99536  31.29652  275.314260   0.740638  6.29928252436312  -1.1201538    4.0608 /L    0.7754   0.5525270   104.68535   -1.530734         n.a.     n.a.
 2026-Aug-06 12:00 Cm  08 41 24.84 +18 46 57.7  08 42 55.14 +18 41 20.0  32.06680  -8.26459   70.812118   1.825380   -1.782   5.434   99.99025  31.31064  291.115907   0.715039  6.29644277173767  -2.8260941    5.8973 /L    1.1259   0.5519117   104.45234   -3.854515         n.a.     n.a.
 2026-Aug-09 00:00 *   08 43 39.85 +18 38 36.9  08 45 10.06 +18 32 55.2  31.93149  -8.56010  286.706885   8.666809   -1.783   5.434   99.98331  31.33115  306.926387   0.689703  6.29231960381323  -2.8778420    7.7340 /L    1.4750   0.5509828   105.00684   -3.933903         n.a.     n.a.
 2026-Aug-11 12:00 Cm  08 45 54.71 +18 30 11.8  08 47 24.82 +18 24 25.7  31.84672  -8.40874   72.273679   5.136338   -1.784   5.435   99.97449  31.35802  322.743111   0.663730  6.28692860670957  -4.5932438    9.5831 /L    1.8246   0.5489688   104.79071   -6.288388         n.a.     n.a.
 2026-Aug-14 00:00 *m  08 48 08.58 +18 21 42.7  08 49 38.58 +18 15 53.0  31.71644  -8.68632  287.572536   5.144450   -1.785   5.436   99.96392  31.39132  338.569315   0.638088  6.28025998017154  -4.6427464   11.4298 /L    2.1714   0.5480735   105.31627   -6.372514         n.a.     n.a.
 2026-Aug-16 12:00 C   08 50 22.13 +18 13 10.3  08 51 52.00 +18 07 16.6  31.54508  -8.52161   73.689002   8.487625   -1.787   5.437   99.95152  31.43105  354.402516   0.611780  6.27232194656648  -6.3490667   13.2879 /L    2.5178   0.5445971   105.11709   -8.746945         n.a.     n.a.
 2026-Aug-19 00:00 *m  08 52 34.53 +18 04 34.9  08 54 04.27 +17 58 37.4  31.42279  -8.78014  288.504095   1.622229   -1.789   5.438   99.93746  31.47717   10.245746   0.585865  6.26313169411197  -6.3862562   15.1436 /L    2.8605   0.5437735   105.61139   -8.823152         n.a.     n.a.
 2026-Aug-21 12:00 C   08 54 46.44 +17 55 57.2  08 56 16.08 +17 49 55.6  31.16583  -8.60270   75.066885  11.878984   -1.791   5.440   99.92167  31.52977   26.096618   0.559264  6.25268190011359  -8.0751069   17.0110 /L    3.2021   0.5388556   105.43110   -11.21983         n.a.     n.a.
 2026-Aug-24 00:00 *m  08 56 57.07 +17 47 17.3  08 58 26.60 +17 41 12.0  31.05830  -8.84300  289.509116  -1.899692   -1.793   5.441   99.90434  31.58870   41.957945   0.533119  6.24101860751235  -8.0958458   18.8765 /L    3.5394   0.5382112   105.89286   -11.28149         n.a.     n.a.
 2026-Aug-26 12:00 C   08 59 07.07 +17 38 36.1  09 00 36.51 +17 32 26.9  30.72290  -8.65567   76.415584  15.310198   -1.796   5.443   99.88539  31.65417   57.827430   0.506277  6.22810936848211  -9.7641281   20.7546 /L    3.8750   0.5319819   105.73431   -13.70628         n.a.     n.a.
 2026-Aug-29 00:00 *   09 01 15.65 +17 29 53.4  09 02 44.96 +17 23 40.9  30.62741  -8.87560  290.596609  -5.420385   -1.799   5.444   99.86503  31.72595   73.707776   0.479961  6.21401897986955  -9.7752903   22.6318 /L    4.2056   0.5314588   106.16120   -13.76427         n.a.     n.a.
 2026-Aug-31 12:00 Cm  09 03 23.48 +17 21 10.4  09 04 52.68 +17 14 54.1  30.21716  -8.67993   77.743495  18.781069   -1.802   5.446   99.84318  31.80436   89.596783   0.452944  6.19869781036580 -11.4197402   24.5225 /L    4.5340   0.5239851   106.02679   -16.22241         n.a.     n.a.
 2026-Sep-03 00:00 *   09 05 29.76 +17 12 26.8  09 06 58.84 +17 06 07.0  30.13374  -8.87819  291.776992  -8.938385   -1.806   5.448   99.82009  31.88913  105.497062   0.426522  6.18222137753108 -11.4333833   26.4137 /L    4.8569   0.5235733   106.41635   -16.29385         n.a.     n.a.
 2026-Sep-05 12:00 Cm  09 07 35.14 +17 03 43.9  09 09 04.15 +16 57 20.3  29.63790  -8.67062   79.059452  22.291486   -1.810   5.450   99.79567  31.98070  121.406666   0.399402  6.16451968389984 -13.0490676   28.3196 /L    5.1768   0.5146695   106.30693   -18.79546         n.a.     n.a.
 2026-Sep-08 00:00 *   09 09 38.82 +16 55 01.4  09 11 07.75 +16 48 34.4  29.56225  -8.84404  293.063036 -12.451598   -1.814   5.452   99.77019  32.07866  137.328043   0.372938  6.14569379107441 -13.0667961   30.2270 /L    5.4905   0.5142805   106.65543   -18.88599         n.a.     n.a.
 2026-Sep-10 12:00 Nm  09 11 41.42 +16 46 20.9  09 13 10.27 +16 39 50.4  28.97414  -8.62183   80.372422  25.841972   -1.819   5.454   99.74357  32.18360  153.259493   0.345775  6.12565417061388 -14.6458782   32.1500 /L    5.8005   0.5038289   106.57142   -21.43818         n.a.     n.a.
 2026-Sep-13 00:00 *m  09 13 42.15 +16 37 42.0  09 15 10.87 +16 31 08.4  28.90007  -8.76648  294.470560 -15.957373   -1.824   5.456   99.71614  32.29496  169.203304   0.319318  6.10453335810571 -14.6543030   34.0749 /L    6.1035   0.5033403   106.87452   -21.53576         n.a.     n.a.
 2026-Sep-15 12:00 N   09 15 41.61 +16 29 06.4  09 17 10.25 +16 22 29.4  28.22150  -8.53018   81.692517  29.433540   -1.830   5.458   99.68777  32.41337  185.157847   0.292163  6.08223269680456 -16.1822318   36.0157 /L    6.4020   0.4913747   106.81787   -24.13295         n.a.     n.a.
 2026-Sep-18 00:00 *m  09 17 39.03 +16 20 33.7  09 19 07.57 +16 13 53.5  28.15232  -8.64634  296.018261 -19.452073   -1.835   5.461   99.65883  32.53815  201.125208   0.265765  6.05890680733064 -16.1801715   37.9590 /L    6.6926   0.4908361   107.07314   -24.23594         n.a.     n.a.
 2026-Sep-20 12:00 N   09 19 35.01 +16 12 05.7  09 21 03.50 +16 05 22.1  27.38606  -8.39743   83.031211  33.067000   -1.842   5.463   99.62920  32.67006  217.103915   0.238681  6.03444287881223 -17.6449421   39.9189 /L    6.9779   0.4774100   107.04718   -26.87426         n.a.     n.a.
 2026-Sep-23 00:00 *m  09 21 28.80 +16 03 41.5  09 22 57.20 +15 56 55.0  27.32401  -8.48531  297.728760 -22.930339   -1.848   5.465   99.59926  32.80830  233.095787   0.212407  6.00901719448011 -17.6331529   41.8819 /L    7.2548   0.4768536   107.25187   -26.98342         n.a.     n.a.
 2026-Sep-25 12:00 N   09 23 20.99 +15 55 23.4  09 24 49.32 +15 48 33.8  26.47263  -8.22508   84.401959  36.743004   -1.855   5.468   99.56888  32.95374  249.099557   0.185472  5.98249567527129 -19.0345547   43.8624 /L    7.5255   0.4620161   107.26009   -29.67362         n.a.     n.a.
 2026-Sep-28 00:00 *   09 25 10.84 +15 47 10.3  09 26 39.06 +15 40 17.9  26.41778  -8.28409  299.629064 -26.384982   -1.862   5.470   99.53845  33.10548  265.116855   0.159402  5.95507580408091 -19.0145206   45.8472 /L    7.7871   0.4614365   107.41040   -29.79192         n.a.     n.a.
 2026-Sep-30 12:00 Nm  09 26 58.92 +15 39 04.4  09 28 27.10 +15 32 08.9  25.48284  -8.01335   85.821744  40.461995   -1.870   5.472   99.50786  33.26453  281.146583   0.132702  5.92660204558404 -20.3500213   47.8507 /L    8.0418   0.4452181   107.45632   -32.54149         n.a.     n.a.
 2026-Oct-03 00:00 *   09 28 44.53 +15 31 04.8  09 30 12.64 +15 24 06.4  25.42724  -8.03979  301.751531 -29.806540   -1.878   5.475   99.47750  33.42991  297.190272   0.106918  5.89728322222757 -20.3354706   49.8599 /L    8.2867   0.4444669   107.54632   -32.69578         n.a.     n.a.
 2026-Oct-05 12:00 Nm  09 30 28.16 +15 23 13.9  09 31 56.26 +15 16 12.6  24.40023  -7.75506   87.312053  44.224358   -1.886   5.477   99.44728  33.60273  313.247116   0.080537  5.86695242969914 -21.5953629   51.8892 /L    8.5238   0.4267162   107.63168   -35.51421         n.a.     n.a.
 2026-Oct-08 00:00 *   09 32 09.13 +15 15 30.6  09 33 37.14 +15 08 26.8  24.33762  -7.74556  304.136125 -33.182663   -1.895   5.479   99.41761  33.78188  329.318446   0.055109  5.83583908795391 -21.5811779   53.9249 /L    8.7502   0.4256739   107.65391   -35.70689         n.a.     n.a.
 2026-Oct-10 12:00 N   09 33 47.90 +15 07 57.8  09 35 15.87 +15 00 51.3  23.20850  -7.44272   88.901177  48.030841   -1.905   5.482   99.38839  33.96856  345.403732   0.029117  5.80376730273643 -22.7516105   55.9817 /L    8.9678   0.4062116   107.78049   -38.60446         n.a.     n.a.
 2026-Oct-13 00:00 *m  09 35 23.81 +15 00 34.1  09 36 51.69 +14 53 25.2  23.13985  -7.39725  306.831277 -36.497527   -1.914   5.484   99.36006  34.16143    1.503996   0.004111  5.77100040186696 -22.7226262   58.0455 /L    9.1737   0.4048910   107.72782   -38.81813         n.a.     n.a.
 2026-Oct-15 12:00 N   09 36 57.29 +14 53 22.5  09 38 25.18 +14 46 10.9  21.91669  -7.07968   90.628790  51.881757   -1.925   5.486   99.33253  34.36180   17.618847  -0.021417  5.73734930376926 -23.7916038   60.1308 /L    9.3698   0.3838631   107.90185   -41.78835         n.a.     n.a.
 2026-Oct-18 00:00 *m  09 38 27.74 +14 46 21.5  09 39 55.57 +14 39 07.5  21.84006  -6.99779  309.894789 -39.730000   -1.935   5.488   99.30620  34.56818   33.749060  -0.045924  5.70309609583108 -23.7451921   62.2234 /L    9.5533   0.3822293   107.76603   -42.02473         n.a.     n.a.
 2026-Oct-20 12:00 N   09 39 55.55 +14 39 34.1  09 41 23.39 +14 32 17.7  20.53035  -6.66876   92.551951  55.776247   -1.946   5.490   99.28099  34.78196   49.894389  -0.070895  5.66804325940960 -24.7061380   64.3383 /L    9.7261   0.3597714   107.99507   -45.06686         n.a.     n.a.
 2026-Oct-23 00:00 *m  09 41 20.17 +14 32 58.6  09 42 47.94 +14 25 40.1  20.44793  -6.55169  313.394705 -42.852141   -1.958   5.492   99.25729  35.00155   66.055367  -0.094808  5.63248287192446 -24.6479498   66.4612 /L    9.8856   0.3578651   107.76590   -45.33177         n.a.     n.a.
 2026-Oct-25 12:00 Nm  09 42 41.95 +14 26 38.2  09 44 09.71 +14 19 17.5  19.05081  -6.21107   94.757778  59.711675   -1.970   5.494   99.23503  35.22846   82.232017  -0.119120  5.59620378775192 -25.4947192   68.6075 /L   10.0333   0.3339622   108.05734   -48.45625         n.a.     n.a.
 2026-Oct-28 00:00 *   09 44 00.37 +14 20 31.0  09 45 28.08 +14 13 08.2  18.96092  -6.05853  317.408662 -45.827788   -1.982   5.496   99.21458  35.46095   98.424583  -0.142338  5.55951414784578 -25.4297151   70.7627 /L   10.1670   0.3317555   107.72009   -48.75902         n.a.     n.a.
 2026-Oct-30 12:00 Nm  09 45 15.74 +14 14 40.4  09 46 43.50 +14 07 15.3  17.47670  -5.70621   97.386845  63.682402   -1.995   5.497   99.19588  35.70066  114.633395  -0.165881  5.52218506718322 -26.1632222   72.9427 /L   10.2880   0.3064110   108.08207   -51.98373         n.a.     n.a.
 2026-Nov-02 00:00 *   09 46 27.57 +14 09 04.6  09 47 55.31 +14 01 37.5  17.36768  -5.51373  322.021540 -48.610262   -2.008   5.499   99.17928  35.94571  130.858548  -0.188307  5.48453801530842 -26.0903152   75.1330 /L   10.3941   0.3036983   107.61311   -52.34295         n.a.     n.a.
 2026-Nov-04 12:00 Nm  09 47 36.10 +14 03 46.9  09 49 03.87 +13 56 17.9  15.79087  -5.14697  100.679981  67.677669   -2.022   5.500   99.16474  36.19780  147.100607  -0.210990  5.44634281244192 -26.6967655   77.3495 /L   10.4863   0.2768086   108.05316   -55.68238         n.a.     n.a.
 2026-Nov-07 00:00 *   09 48 40.88 +13 58 45.6  09 50 08.60 +13 51 15.0  15.65869  -4.91346  327.318509 -51.140509   -2.036   5.501   99.15259  36.45487  163.359410  -0.232541  5.40793731193596 -26.6106738   79.5769 /L   10.5626   0.2735247   107.42108   -56.10215         n.a.     n.a.
 2026-Nov-09 12:00 N   09 49 42.11 +13 54 04.3  09 51 09.87 +13 46 31.8  13.99020  -4.53260  105.088995  71.675081   -2.051   5.502   99.14281  36.71861  179.635774  -0.254272  5.36909318248937 -27.0707178   81.8314 /L   10.6240   0.2451021   107.95150   -59.56079         n.a.     n.a.
 2026-Nov-12 00:00 *m  09 50 39.40 +13 49 40.8  09 52 07.15 +13 42 06.6  13.83829  -4.26095  333.368743 -53.346073   -2.065   5.503   99.13565  36.98676  195.929110  -0.274857  5.33016794006660 -26.9590852   84.0971 /L   10.6684   0.2413240   107.11414   -60.02609         n.a.     n.a.
 2026-Nov-14 12:00 N   09 51 32.90 +13 45 38.7  09 53 00.73 +13 38 02.9  12.08768  -3.87002  111.553395  75.623143   -2.081   5.504   99.13110  37.26108  212.240445  -0.295530  5.29092588874435 -27.2695769   86.3903 /L   10.6969   0.2115347   107.75311   -63.61326         n.a.     n.a.
 2026-Nov-17 00:00 *m  09 52 22.29 +13 41 55.9  09 53 50.12 +13 34 18.6  11.91868  -3.56307  340.199499 -55.141701   -2.096   5.504   99.12935  37.53911  228.568862  -0.315041  5.25173920613246 -27.1261533   88.6949 /L   10.7078   0.2073312   106.64395   -64.11696         n.a.     n.a.
 2026-Nov-19 12:00 N   09 53 07.70 +13 38 35.7  09 54 35.59 +13 30 57.1  10.10100  -3.16813  122.281496  79.388470   -2.113   5.504   99.13040  37.82268  244.915519  -0.334537  5.21236587568319 -27.2818409   91.0276 /L   10.7017   0.1764363   107.41378   -67.83042         n.a.     n.a.
 2026-Nov-22 00:00 *m  09 53 48.87 +13 35 35.8  09 55 16.74 +13 27 55.9  9.912746  -2.82683  347.762235 -56.435272   -2.129   5.504   99.13435  38.10919  261.279225  -0.352856  5.17317845658146 -27.1159497   93.3718 /L   10.6774   0.1717989   105.91660   -68.38705         n.a.     n.a.
 2026-Nov-24 12:00 Nm  09 54 25.86 +13 32 59.6  09 55 53.82 +13 25 18.4  8.037386  -2.43128  142.819453  82.564586   -2.146   5.504   99.14121  38.40050  277.661383  -0.371049  5.13393374874860 -27.1139412   95.7451 /L   10.6353   0.1399511   106.83037   -72.23868         n.a.     n.a.
 2026-Nov-27 00:00 *   09 54 58.50 +13 30 44.7  09 56 26.50 +13 23 02.2  7.828925  -2.05698  355.903418 -57.139020   -2.163   5.504   99.15100  38.69393  294.060498  -0.388060  5.09500195444325 -26.9316059   98.1307 /L   10.5744   0.1349107   104.72123   -72.85411         n.a.     n.a.
 2026-Nov-29 12:00 Am  09 55 26.75 +13 28 54.7  09 56 54.86 +13 21 11.1  5.891257  -1.65784  180.577025  83.952793   -2.180   5.503   99.16376  38.99137  310.478341  -0.404839  5.05613553630884 -26.7703053  100.5465 /L   10.4948   0.1020013   105.71699   -76.89091        2.596    2.120
 2026-Dec-02 00:00 *   09 55 50.52 +13 27 27.0  09 57 18.64 +13 19 42.6  5.655912  -1.24964    4.361575 -57.184320   -2.198   5.503   99.17944  39.28989  326.913108  -0.420446  5.01771894111023 -26.5620999  102.9756 /L   10.3958   0.0965386   102.45897   -77.56838         n.a.     n.a.
 2026-Dec-04 12:00 Am  09 56 09.69 +13 26 25.3  09 57 37.91 +13 18 40.0  3.667521  -0.85081  217.877510  82.360543   -2.215   5.502   99.19807  39.59136  343.366752  -0.435716  4.97951154804336 -26.2269076  105.4358 /L   10.2772   0.0627486   103.06069   -81.80514        0.242   22.733
 2026-Dec-07 00:00 *   09 56 24.27 +13 25 46.8  09 57 52.51 +13 18 00.7  3.406145  -0.41200   12.805972 -56.536933   -2.233   5.501   99.21951  39.89264  359.837088  -0.449828  4.94190442619568 -25.9810225  107.9093 /L   10.1386   0.0571829   96.896789   -82.50980         n.a.     n.a.
 2026-Dec-09 12:00 A   09 56 34.10 +13 25 34.9  09 58 02.47 +13 17 48.1  1.386831  -0.02108  238.011625  78.925173   -2.251   5.499   99.24377  40.19550   16.326155  -0.463488  4.90466874156902 -25.4633932  110.4141 /L    9.9798   0.0231165   90.870885   -86.91916         n.a.     n.a.
 2026-Dec-12 00:00 *m  09 56 39.28 +13 25 46.6  09 58 07.71 +13 17 59.2  1.112078  0.439759   20.908997 -55.203872   -2.269   5.498   99.27061  40.49668   32.831323  -0.476004  4.86819226354799 -25.1782984  112.9316 /L    9.8008   0.0199312   68.424228   -87.33294         n.a.     n.a.
 2026-Dec-14 12:00 A   09 56 39.61 +13 26 25.2  09 58 08.17 +13 18 37.4  -0.91941  0.815917  248.605760  74.785927   -2.287   5.496   99.30001  40.79791   49.354829  -0.487945  4.83224839893415 -24.4770123  115.4802 /L    9.6012   0.0204874   311.58697   -87.20100         n.a.     n.a.
 2026-Dec-17 00:00 *m  09 56 35.32 +13 27 27.5  09 58 03.91 +13 19 39.4  -1.20013  1.292276   28.418061 -53.229037   -2.305   5.494   99.33164  41.09577   65.893568  -0.498761  4.79722424987518 -24.1510568  118.0406 /L    9.3814   0.0293933   317.11738   -85.96305         n.a.     n.a.
 2026-Dec-19 12:00 A   09 56 26.15 +13 28 56.3  09 57 54.86 +13 21 08.0  -3.21552  1.643623  255.059666  70.331931   -2.323   5.492   99.36545  41.39199   82.449907  -0.508874  4.76289311451221 -23.2745291  120.6317 /L    9.1409   0.0601874   297.07397   -81.53191         n.a.     n.a.
 2026-Dec-22 00:00 *m  09 56 12.41 +13 30 48.4  09 57 41.19 +13 22 59.8  -3.49842  2.130615   35.190870 -50.680771   -2.341   5.490   99.40102  41.68310   99.020424  -0.517891  4.72962935077936 -22.9122378  123.2340 /L    8.8806   0.0682692   301.34236   -80.33275         n.a.     n.a.
 2026-Dec-24 12:00 Am  09 55 53.83 +13 33 06.4  09 57 22.77 +13 25 17.6  -5.47636  2.450789  259.520878  65.695487   -2.358   5.488   99.43830  41.97077  115.607593  -0.526087  4.69721243204223 -21.8658546  125.8667 /L    8.5998   0.0999957   294.10954   -75.44428        2.951    1.860
 2026-Dec-27 00:00 *   09 55 30.80 +13 35 46.9  09 56 59.84 +13 27 58.2  -5.76183  2.945770   41.187990 -47.636713   -2.376   5.486   99.47678  42.25156  132.207722  -0.533238  4.66599660073394 -21.4798769  128.5101 /L    8.2997   0.1078531   297.07865   -74.18810         n.a.     n.a.
 2026-Dec-29 12:00 Am  09 55 02.96 +13 38 52.7  09 56 32.13 +13 31 04.3  -7.69155  3.233359  262.908448  60.931967   -2.392   5.483   99.51640  42.52699  148.823549  -0.539467  4.63577643906789 -20.2596968  131.1841 /L    7.9792   0.1390589   292.80082   -68.96251        1.994    2.750
$$EOE
**********************************************************************************************************************************************************************************************************************************************************************************************
Column meaning:
 
TIME

  Times PRIOR to 1962 are UT1, a mean-solar time closely related to the
prior but now-deprecated GMT. Times AFTER 1962 are in UTC, the current
civil or "wall-clock" time-scale. UTC is kept within 0.9 seconds of UT1
using integer leap-seconds for 1972 and later years.

  Conversion from the internal Barycentric Dynamical Time (TDB) of solar
system dynamics to the non-uniform civil UT time-scale requested for output
has not been determined for UTC times after the next July or January 1st.
Therefore, the last known leap-second is used as a constant over future
intervals.

  Time tags refer to the UT time-scale conversion from TDB on Earth
regardless of observer location within the solar system, although clock
rates may differ due to the local gravity field and no analog to "UT"
may be defined for that location.

  Any 'b' symbol in the 1st-column denotes a B.C. date. First-column blank
(" ") denotes an A.D. date.
 
CALENDAR SYSTEM

  Mixed calendar mode was active such that calendar dates after AD 1582-Oct-15
(if any) are in the modern Gregorian system. Dates prior to 1582-Oct-5 (if any)
are in the Julian calendar system, which is automatically extended for dates
prior to its adoption on 45-Jan-1 BC.  The Julian calendar is useful for
matching historical dates. The Gregorian calendar more accurately corresponds
to the Earth's orbital motion and seasons. A "Gregorian-only" calendar mode is
available if such physical events are the primary interest.

  NOTE: "n.a." in output means quantity "not available" at the print-time.
 
SOLAR PRESENCE (OBSERVING SITE)
  Time tag is followed by a blank, then a solar-presence symbol:

       '*'  Daylight (refracted solar upper-limb on or above apparent horizon)
       'C'  Civil twilight/dawn
       'N'  Nautical twilight/dawn
       'A'  Astronomical twilight/dawn
       ' '  Night OR geocentric ephemeris

LUNAR PRESENCE (OBSERVING SITE)
  The solar-presence symbol is immediately followed by a lunar-presence symbol:

       'm'  Refracted upper-limb of Moon on or above apparent horizon
       ' '  Refracted upper-limb of Moon below apparent horizon OR geocentric
            ephemeris
 
 'R.A._____(ICRF)_____DEC' =
  Astrometric right ascension and declination of the target center with
respect to the observing site (coordinate origin) in the reference frame of
the planetary ephemeris (ICRF). Compensated for down-leg light-time delay
aberration.

  Units: RA  in hours-minutes-seconds of time,    HH MM SS.ff{ffff}
         DEC in degrees-minutes-seconds of arc,  sDD MN SC.f{ffff}
 
 'R.A.__(a-apparent)__DEC' =
  Airless apparent right ascension and declination of the target center
with respect to an instantaneous reference frame defined by the Earth equator
of-date (z-axis) and meridian containing the Earth equinox of-date (x-axis,
EOP-corrected IAU76/80). Compensated for down-leg light-time delay,
gravitational deflection of light, stellar aberration, precession & nutation.
Note: equinox (RA origin) is offset -53 mas from the of-date frame defined
by the IAU06/00a P & N system.

  Units: RA  in hours-minutes-seconds of time,   HH MM SS.ff{ffff}
         DEC in degrees-minutes-seconds of arc, sDD MN SC.f{ffff}
 
 'dRA*cosD d(DEC)/dt' =
  The angular rate of change in apparent RA and DEC of the target. This is
with respect to the non-inertial IAU76/80 Earth true equator and equinox
of-date reference frame.  d(RA)/dt is multiplied by the cosine of declination
to provide a linear rate in the plane-of-sky. Units: ARCSECONDS PER HOUR
 
 'Azi____(a-app)___Elev' =
  Airless apparent azimuth and elevation of target center. Compensated
for light-time, the gravitational deflection of light, stellar aberration,
precession and nutation. Azimuth is measured clockwise from north:

  North(0) -> East(90) -> South(180) -> West(270) -> North (360)

Elevation angle is with respect to a plane perpendicular to the reference
surface local zenith direction. TOPOCENTRIC ONLY.  Units: DEGREES
 
 'APmag   S-brt' =
  The targets' approximate apparent visual magnitude and surface brightness.
For planets and natural satellites, output is restricted to solar phase angles
covered by observational data. Outside the observed phase angle range, "n.a."
may be output to avoid extrapolation beyond the limit of model validity.

   For Earth-based observers, the estimated dimming due to atmospheric
absorption (extinction) is available as a separate, requestable quantity.

   Surface brightness is the average airless visual magnitude of a
square-arcsecond of the illuminated portion of the apparent disk. It is
computed only if the target radius is known.

   Units: MAGNITUDES & MAGNITUDES PER SQUARE ARCSECOND
 
 'Illu%' =
   Fraction of the target objects' assumed circular disk illuminated by Sun
(phase), as seen by the observer.  Units: PERCENT
 
 'Ang-diam' =
   The equatorial angular width of the target body full disk, if it were fully
illuminated and visible to the observer. If the target body diameter is unknown
"n.a." is output.

   Units: ARCSECONDS
 
 'ObsSub-LON ObsSub-LAT' =
   Apparent planetodetic longitude and latitude of the center of the target
disc seen by the OBSERVER at print-time. This is NOT exactly the same as the
"nearest" sub-point for a non-spherical target shape (since the center of the
disc might not be the point closest to the observer), but is generally very
close if not a very irregular body shape. Down-leg light travel-time from
target to observer is taken into account. Latitude is the angle between the
equatorial plane and the line perpendicular to the reference ellipsoid of the
body, so includes body oblateness. The reference ellipsoid is an oblate
spheroid with a single flatness coefficient in which the y-axis body radius
is taken to be the same value as the x-axis radius.  For Jupiter, Saturn, and
Uranus, IAU2015 longitude is based on the "System III" prime meridian rotation
angle of the magnetic field. By contrast, pole direction (thus latitude) is
relative to the body dynamical equator.  There can be an offset between the
magnetic pole and the dynamical pole of rotation. For Neptune, rotation is
IAU2015 "System II" rotation of optically observed features in the Neptunian
atmosphere. Positive longitude is to the WEST for this target. Cartographic
system is specified in the header.  Units: DEGREES DEGREES
 
 'delta      deldot' =
   Apparent range ("delta", light-time aberrated) and range-rate ("delta-dot")
of the target center relative to the observer. A positive "deldot" means the
target center is moving away from the observer, negative indicates movement
toward the observer.  Units: AU and KM/S
 
 'S-O-T /r' =
   Sun-Observer-Target apparent SOLAR ELONGATION ANGLE seen from the observers'
location at print-time.

   The '/r' column provides a code indicating the targets' apparent position
relative to the Sun in the observers' sky, as described below:

   Case A: For an observing location on the surface of a rotating body, that
body rotational sense is considered:

    /T indicates target TRAILS Sun   (evening sky: rises and sets AFTER Sun)
    /L indicates target LEADS Sun    (morning sky: rises and sets BEFORE Sun)

   Case B: For an observing point that does not have a rotational model (such
as a spacecraft), the "leading" and "trailing" condition is defined by the
observers' heliocentric ORBITAL motion:

    * If continuing in the observers' current direction of heliocentric
       motion would encounter the targets' apparent longitude first, followed
       by the Sun's, the target LEADS the Sun as seen by the observer.

    * If the Sun's apparent longitude would be encountered first, followed
       by the targets', the target TRAILS the Sun.

   Two other codes can be output:
    /* indicates observer is Sun-centered    (undefined)
    /? Target is aligned with Sun center     (no lead or trail)

   The S-O-T solar elongation angle is numerically the minimum separation
angle of the Sun and target in the sky in any direction. It does NOT indicate
the amount of separation in the leading or trailing directions, which would
be defined along the equator of a spherical coordinate system.

   Units: DEGREES
 
 'S-T-O' =
   The Sun-Target-Observer angle; the interior vertex angle at target center
formed by a vector from the target to the apparent center of the Sun (at
reflection time on the target) and the apparent vector from target to the
observer at print-time. Slightly different from true PHASE ANGLE (requestable
separately) at the few arcsecond level in that it includes stellar aberration
on the down-leg from target to observer.  Units: DEGREES
 
 'Sky_motion  Sky_mot_PA  RelVel-ANG' =
  Total apparent angular rate of the target in the plane-of-sky. "Sky_mot_PA"
is the position angle of the target's direction of motion in the plane-of-sky,
measured counter-clockwise from the apparent of-date north pole direction.
"RelVel-ANG" is the flight path angle of the target's relative motion with
respect to the observer's line-of-sight, in the range [-90,+90], where positive
values indicate motion away from the observer, negative values are toward the
observer:

  -90 = target is moving directly toward the observer
    0 = target is moving at right angles to the observer's line-of-sight
  +90 = target is moving directly away from the observer

UNITS:  ARCSECONDS/MINUTE, DEGREES, DEGREES
 
 'Lun_Sky_Brt  sky_SNR' =
  Sky brightness due to moonlight scattered by Earth's atmosphere at the
target's position in the sky. "sky_SNR" is the visual signal-to-noise ratio
(SNR) of the target's surface brightness relative to background sky. Output
only for topocentric Earth observers when both the Moon and target are above
the local horizon and the Sun is in astronomical twilight (or further) below
the horizon, and the target is not the Moon or Sun. If all conditions are
not met, "n.a." is output. Galactic brightness, local sky light-pollution
and weather are NOT considered. Lunar opposition surge is considered. The
value returned is accurate under ideal conditions at the approximately 8-23%
level, so is a useful but not definitive value.

  If the target-body radius is also known, "sky_SNR" is output. This is the
approximate visual signal-to-noise ratio of the target's brightness divided
by lunar sky brightness. When sky_SNR < 1, the target is dimmer than the
ideal moonlight-scattering background sky, so unlikely to be detectable at
visual wavelengths. In practice, visibility requires sky_SNR > 1 and a
detector sensitive enough to reach the target's magnitude, even if it isn't
washed out by moonlight. When relating magnitudes and brightness values,
keep in mind their logarithmic relationship m2-m1 = -2.5*log_10(b2/b1).

  UNITS: VISUAL MAGNITUDES / ARCSECOND^2, and unitless ratio

Computations by ...

    Solar System Dynamics Group, Horizons On-Line Ephemeris System
    4800 Oak Grove Drive, Jet Propulsion Laboratory
    Pasadena, CA  91109   USA

    General site: https://ssd.jpl.nasa.gov/
    Mailing list: https://ssd.jpl.nasa.gov/email_list.html
    System news : https://ssd.jpl.nasa.gov/horizons/news.html
    User Guide  : https://ssd.jpl.nasa.gov/horizons/manual.html
    Connect     : browser        https://ssd.jpl.nasa.gov/horizons/app.html#/x
                  API            https://ssd-api.jpl.nasa.gov/doc/horizons.html
                  command-line   telnet ssd.jpl.nasa.gov 6775
                  e-mail/batch   https://ssd.jpl.nasa.gov/ftp/ssd/horizons_batch.txt
                  scripts        https://ssd.jpl.nasa.gov/ftp/ssd/SCRIPTS
    Author      : Jon.D.Giorgini@jpl.nasa.gov

**********************************************************************************************************************************************************************************************************************************************************************************************
