*******************************************************************************
 Revised: April 12, 2021               Jupiter                              599
 
 PHYSICAL DATA (revised 2025-Jan-30):
  Mass x 10^26 (kg)     = 18.9819           Density (g/cm^3)  = 1.3262 +- .0003
  Equat. radius (1 bar) = 71492+-4 km       Polar radius (km)     = 66854+-10
  Vol. Mean Radius (km) = 69911+-6          Flattening            = 0.06487
  Geometric Albedo      = 0.52              Rocky core mass (Mc/M)= 0.0261
  Sid. rot. period (III)= 9h 55m 29.711 s   Sid. rot. rate (rad/s)= 0.00017585
  Mean solar day, hrs   = ~9.9259         
  GM (km^3/s^2)         = 126686531.900     GM 1-sigma (km^3/s^2) =  +- 1.2732
  Equ. grav, ge (m/s^2) = 24.79             Pol. grav, gp (m/s^2) =  28.34
  Vis. magnitude V(1,0) = -9.40
  Vis. mag. (opposition)= -2.70             Obliquity to orbit    =  3.13 deg
  Sidereal orbit period = 11.861982204 y    Sidereal orbit period = 4332.589 d
  Mean daily motion     = 0.0831294 deg/d   Mean orbit speed, km/s= 13.0697
  Atmos. temp. (1 bar)  = 165+-5 K          Escape speed, km/s    =  59.5           
  A_roche(ice)/Rp       =  2.76             Hill's sphere rad. Rp = 740
                                 Perihelion   Aphelion     Mean
  Solar Constant (W/m^2)         56           46           51
  Maximum Planetary IR (W/m^2)   13.7         13.4         13.6
  Minimum Planetary IR (W/m^2)   13.7         13.4         13.6
*******************************************************************************


*******************************************************************************
Ephemeris / WWW_USER Mon Apr  6 16:01:04 2026 Pasadena, USA      / Horizons    
*******************************************************************************
Target body name: Jupiter (599)                   {source: jup365_merged}
Center body name: Earth (399)                     {source: DE441}
Center-site name: (user defined site below)
*******************************************************************************
Start time      : A.D. 2026-Jan-01 00:00:00.0000 UT      
Stop  time      : A.D. 2026-Dec-31 00:00:00.0000 UT      
Step-size       : 3600 minutes
*******************************************************************************
Target pole/equ : IAU_JUPITER                     {West-longitude positive}
Target radii    : 71492.0, 71492.0, 66854.0 km    {Equator_a, b, pole_c}       
Center geodetic : 263.5, 17.0, 1.55               {E-lon(deg),Lat(deg),Alt(km)}
Center cylindric: 263.5, 6102.67095, 1853.28658   {E-lon(deg),Dxy(km),Dz(km)}
Center pole/equ : ITRF93                          {East-longitude positive}
Center radii    : 6378.137, 6378.137, 6356.752 km {Equator_a, b, pole_c}       
Target primary  : Sun
Vis. interferer : MOON (R_eq= 1737.400) km        {source: DE441}
Rel. light bend : Sun                             {source: jup365_merged}
Rel. lght bnd GM: 1.3271E+11 km^3/s^2                                          
Atmos refraction: NO (AIRLESS)
RA format       : HMS
Time format     : CAL 
Calendar mode   : Mixed Julian/Gregorian
EOP file        : eop.260406.p260703                                           
EOP coverage    : DATA-BASED 1962-JAN-20 TO 2026-APR-06. PREDICTS-> 2026-JUL-02
Units conversion: 1 au= 149597870.700 km, c= 299792.458 km/s, 1 day= 86400.0 s 
Table cut-offs 1: Elevation (-90.0deg=NO ),Airmass (>38.000=NO), Daylight (NO )
Table cut-offs 2: Solar elongation (  0.0,180.0=NO ),Local Hour Angle( 0.0=NO )
Table cut-offs 3: RA/DEC angular rate (     0.0=NO )                           
**********************************************************************************************************************************************************************************************************************************************************************************************
 Date__(UT)__HR:MN     R.A._____(ICRF)_____DEC  R.A.__(a-apparent)__DEC  dRA*cosD d(DEC)/dt  Azi____(a-app)___Elev    APmag   S-brt      Illu%  Ang-diam  ObsSub-LON ObsSub-LAT             delta      deldot     S-O-T /r     S-T-O  Sky_motion  Sky_mot_PA  RelVel-ANG  Lun_Sky_Brt  sky_SNR
**********************************************************************************************************************************************************************************************************************************************************************************************
$$SOE
 2026-Jan-01 00:00 *m  07 30 55.17 +22 02 03.7  07 32 29.97 +21 58 44.0  -19.1313  3.608599   63.043645 -10.296331   -2.670   5.403   99.96876  46.46731  336.671173   1.577344  4.24267336593271  -4.9337866  169.2055 /L    2.0310   0.3244781   280.68177   -16.51963         n.a.     n.a.
 2026-Jan-03 12:00 Am  07 29 30.87 +22 05 26.5  07 31 05.82 +22 02 09.9  -19.7529  3.232702  287.657280  20.868525   -2.674   5.403   99.98313  46.52883  353.369864   1.580426  4.23706404866745  -2.7955343  172.0862 /L    1.4943   0.3335941   279.29448   -9.297910        4.310    1.254
 2026-Jan-06 00:00 *   07 28 05.95 +22 08 47.8  07 29 41.02 +22 05 34.0  -19.7000  3.590875   64.911120  -5.412880   -2.676   5.402   99.99313  46.56848   10.060590   1.583525  4.23345656408767  -2.2316955  174.9584 /L    0.9557   0.3337431   280.33035   -7.450353         n.a.     n.a.
 2026-Jan-08 12:00 Am  07 26 39.72 +22 12 08.0  07 28 14.89 +22 08 57.6  -20.0420  3.170862  288.864703  15.768355   -2.676   5.403   99.99873  46.58687   26.746436   1.586998  4.23178547075743  -0.0567075  177.8384 /L    0.4136   0.3381875   278.99031   -0.193606        1.622    3.330
 2026-Jan-11 00:00 *   07 25 13.66 +22 15 25.1  07 26 48.91 +22 12 17.6  -19.9100  3.509815   66.570806  -0.452715   -2.676   5.403   99.99984  46.58313   43.421214   1.590315  4.23212529659871   0.5093803  179.2221 /T    0.1410   0.3369496   279.99762   1.6868732         n.a.     n.a.
 2026-Jan-13 12:00 Am  07 23 47.08 +22 18 39.1  07 25 22.43 +22 15 34.8  -19.9584  3.052064  290.202353  10.704049   -2.674   5.403   99.99644  46.55770   60.087817   1.593999  4.23443695595209   2.7060241  176.3677 /T    0.6784   0.3365075   278.69437   8.9228801        0.375   14.394
 2026-Jan-16 00:00 *   07 22 21.52 +22 21 48.5  07 23 56.97 +22 18 47.0  -19.7359  3.368329   68.044330   4.560530   -2.671   5.404   99.98860  46.51032   76.740124   1.597356  4.23875015418859   3.2598634  173.4957 /T    1.2178   0.3336886   279.68534   10.789194         n.a.     n.a.
 2026-Jan-18 12:00 A   07 20 56.26 +22 24 53.0  07 22 31.82 +22 21 54.8  -19.4874  2.880504  291.677506   5.694559   -2.667   5.405   99.97636  46.44140   93.381008   1.601083  4.24504057133598   5.4529852  170.6138 /T    1.7561   0.3283196   278.40820   17.930210         n.a.     n.a.
 2026-Jan-21 00:00 *m  07 19 32.88 +22 27 51.6  07 21 08.53 +22 24 56.4  -19.1722  3.172374   69.348709   9.604626   -2.661   5.407   99.95997  46.35126  110.004509   1.604327  4.25329594882544   5.9840450  167.7489 /T    2.2870   0.3238821   279.39544   19.761539         n.a.     n.a.
 2026-Jan-23 12:00 A   07 18 10.65 +22 30 43.6  07 19 46.35 +22 27 51.7  -18.6327  2.662826  293.300229   0.759650   -2.654   5.408   99.93950  46.24032  126.613445   1.607954  4.26350058171929   8.1363148  164.8805 /T    2.8133   0.3136995   278.13317   26.710164         n.a.     n.a.
 2026-Jan-26 00:00 *m  07 16 51.09 +22 33 28.7  07 18 26.85 +22 30 39.5  -18.2366  2.930705   70.497264  14.658830   -2.646   5.410   99.91536  46.10952  143.202331   1.610964  4.27559514770004   8.6284338  162.0334 /T    3.3288   0.3078435   279.12962   28.467640         n.a.     n.a.
 2026-Jan-28 12:00 A   07 15 33.45 +22 36 05.8  07 17 09.27 +22 33 19.6  -17.4291  2.410226  295.083255  -4.080760   -2.636   5.412   99.88763  45.95920  159.773972   1.614376  4.28957949588155  10.7138118  159.1867 /T    3.8367   0.2932493   277.87335   35.164960         n.a.     n.a.
 2026-Jan-31 00:00 *m  07 14 19.18 +22 38 35.5  07 15 55.09 +22 35 51.8  -16.9766  2.656789   71.499505  19.704703   -2.625   5.415   99.85686  45.79085  176.323417   1.617050  4.30535027565046  11.1555631  156.3644 /T    4.3312   0.2863865   278.89450   36.810780         n.a.     n.a.
 2026-Feb-02 12:00 Am  07 13 07.48 +22 40 56.2  07 14 43.44 +22 38 15.5  -15.9342  2.137071  297.042926  -8.806931   -2.614   5.417   99.82313  45.60461  192.853526   1.620137  4.32293226178477  13.1575247  153.5450 /T    4.8155   0.2679480   277.63884   43.217129         n.a.     n.a.
 2026-Feb-05 00:00 *   07 11 59.73 +22 43 09.3  07 13 35.74 +22 40 31.0  -15.4385  2.363474   72.360824  24.726658   -2.601   5.420   99.78709  45.40230  209.359773   1.622359  4.34219489054657  13.5587263  150.7519 /T    5.2843   0.2603055   278.70383   44.778252         n.a.     n.a.
 2026-Feb-07 12:00 Am  07 10 55.15 +22 45 12.7  07 12 31.16 +22 42 37.1  -14.1820  1.852407  299.198820 -13.399423   -2.587   5.423   99.74882  45.18390  225.844847   1.624993  4.36318355791766  15.4632896  147.9639 /T    5.7406   0.2383740   277.44167   50.885725         n.a.     n.a.
 2026-Feb-10 00:00 *   07 09 55.04 +22 47 08.5  07 11 31.08 +22 44 34.9  -13.6532  2.058018   73.082762  29.710947   -2.573   5.426   99.70903  44.95152  242.304709   1.626642  4.38573858442587  15.8228420  145.2039 /T    6.1794   0.2301239   278.57196   52.365048         n.a.     n.a.
 2026-Feb-12 12:00 Am  07 08 58.63 +22 48 54.2  07 10 34.69 +22 46 22.9  -12.1958  1.560233  301.573520 -17.837999   -2.557   5.429   99.66780  44.70499  258.741804   1.628704  4.40992475720243  17.6148593  142.4513 /T    6.6038   0.2049193   277.29039   58.194374         n.a.     n.a.
 2026-Feb-15 00:00 *   07 08 07.14 +22 50 32.3  07 09 43.25 +22 48 02.8  -11.6478  1.744078   73.661698  34.645247   -2.541   5.432   99.62589  44.44681  275.152691   1.629688  4.43554104129199  17.9226440  139.7286 /T    7.0089   0.1962949   278.51586   59.576437         n.a.     n.a.
 2026-Feb-17 12:00 A   07 07 19.81 +22 51 59.8  07 08 55.91 +22 49 32.5  -10.0208  1.265300  304.192754 -22.101398   -2.524   5.435   99.58333  44.17656  291.539659   1.631097  4.46267466999543  19.5871181  137.0155 /T    7.3978   0.1683390   277.19652   65.126055         n.a.     n.a.
 2026-Feb-20 00:00 *m  07 06 37.76 +22 53 20.0  07 08 13.87 +22 50 54.2  -9.45870  1.424865   74.088176  39.518901   -2.506   5.438   99.54091  43.89705  307.899799   1.631355  4.49109028424916  19.8341611  134.3344 /T    7.7661   0.1594237   278.56666   66.425052         n.a.     n.a.
 2026-Feb-22 12:00 A   07 06 00.24 +22 54 29.4  07 07 36.30 +22 52 05.1  -7.69941  0.970112  307.084759 -26.167547   -2.488   5.442   99.49863  43.60776  324.235352   1.632058  4.52088407974060  21.3515775  131.6649 /T    8.1169   0.1293381   277.18132   71.683465         n.a.     n.a.
 2026-Feb-25 00:00 *m  07 05 28.22 +22 55 31.6  07 07 04.32 +22 53 08.3  -7.14584  1.105877   74.345203  44.322906   -2.470   5.445   99.45724  43.31162  340.544046   1.631561  4.55179547143519  21.5357108  129.0288 /T    8.4461   0.1205151   278.79720   72.885919         n.a.     n.a.
 2026-Feb-27 12:00 N   07 05 00.98 +22 56 22.9  07 06 37.06 +22 54 00.9  -5.29087  0.679469  310.280327 -30.013287   -2.451   5.448   99.41669  43.00793  356.827989   1.631525  4.58393652672031  22.8917929  126.4059 /T    8.7570   0.0889054   277.31803   77.855187         n.a.     n.a.
 2026-Mar-02 00:00 *m  07 04 39.33 +22 57 07.5  07 06 15.43 +22 54 46.3  -4.76971  0.792779   74.403906  49.050152   -2.432   5.451   99.37766  42.69970   13.085625   1.630241  4.61702590177468  23.0214945  123.8168 /T    9.0460   0.0805858   279.43693   78.945788         n.a.     n.a.
 2026-Mar-04 12:00 Nm  07 04 22.57 +22 57 41.3  07 05 58.60 +22 55 21.1  -2.85098  0.398066  313.812147 -33.614110   -2.413   5.454   99.34007  42.38592   29.318778   1.629417  4.65120575853705  24.2240434  121.2411 /T    9.3163   0.0479773   277.94848   83.646055         n.a.     n.a.
 2026-Mar-07 00:00 *   07 04 11.42 +22 58 08.7  07 05 47.44 +22 55 48.8  -2.36631  0.487340   74.218308  53.694880   -2.393   5.457   99.30453  42.06958   45.526344   1.627296  4.68618055180726  24.3077185  118.6988 /T    9.5646   0.0402661   281.63733   84.639334         n.a.     n.a.
 2026-Mar-09 12:00 Nm  07 04 05.23 +22 58 25.5  07 05 41.17 +22 56 06.0  -0.40058  0.124020  317.711636 -36.943438   -2.374   5.459   99.27094  41.74946   61.709857   1.625624  4.72211221390540  25.3575040  116.1699 /T    9.7938   0.0069891   287.20237   89.098669         n.a.     n.a.
 2026-Mar-12 00:00 *   07 04 04.63 +22 58 36.2  07 05 40.58 +22 56 16.5  0.047945  0.186788   73.714422  58.250968   -2.354   5.462   99.23983  41.42854   77.868637   1.622622  4.75869107764405  25.4018479  113.6741 /T   10.0013   0.0032140   14.395947   89.582998         n.a.     n.a.
 2026-Mar-14 12:00 Nm  07 04 09.02 +22 58 36.2  07 05 44.92 +22 56 16.5  2.044441  -0.14654  322.005540 -39.971818   -2.335   5.464   99.21108  41.10550   94.003881   1.620065  4.79608901754130  26.2891398  111.1918 /T   10.1895   0.0341614   94.099818   85.691781         n.a.     n.a.
 2026-Mar-17 00:00 *   07 04 18.93 +22 58 30.2  07 05 54.82 +22 56 10.3  2.451464  -0.11193   72.769810  62.710622   -2.315   5.466   99.18514  40.78331  110.115480   1.616163  4.83397825572564  26.2895371  108.7425 /T   10.3562   0.0409003   92.614138   84.805707         n.a.     n.a.
 2026-Mar-19 12:00 N   07 04 33.82 +22 58 13.5  07 06 09.61 +22 55 53.2  4.459859  -0.41637  326.710769 -42.667867   -2.296   5.468   99.16188  40.46051  126.204319   1.612705  4.87254468509371  27.0139360  106.3069 /T   10.5038   0.0746542   95.333617   80.755148         n.a.     n.a.
 2026-Mar-22 00:00 *m  07 04 54.10 +22 57 50.8  07 06 29.86 +22 55 29.7  4.818224  -0.41081   71.173495  67.062567   -2.276   5.470   99.14164  40.14009  142.270803   1.607910  4.91143955809622  26.9634704  103.9044 /T   10.6304   0.0805951   94.873370   79.937324         n.a.     n.a.
 2026-Mar-24 12:00 N   07 05 19.27 +22 57 17.4  07 06 54.94 +22 54 55.4  6.808369  -0.68575  331.828153 -44.999530   -2.257   5.471   99.12426  39.82047  158.315655   1.603558  4.95086158740934  27.5212751  101.5159 /T   10.7381   0.1140469   95.751531   76.071933         n.a.     n.a.
 2026-Mar-27 00:00 *m  07 05 49.61 +22 56 38.2  07 07 25.29 +22 54 15.0  7.112990  -0.70889   68.534232  71.287193   -2.238   5.473   99.10999  39.50452  174.339725   1.597879  4.99045774356020  27.4303466   99.1601 /T   10.8256   0.1191371   95.691391   75.318442         n.a.     n.a.
 2026-Mar-29 12:00 N   07 06 24.67 +22 55 48.1  07 08 00.26 +22 53 23.9  9.061625  -0.95381  337.336605 -46.935464   -2.220   5.474   99.09865  39.19055  190.343488   1.592629  5.03043749102874  27.8266561   96.8179 /T   10.8950   0.1518614   96.008718   71.641667         n.a.     n.a.
 2026-Apr-01 00:00 *m  07 07 04.64 +22 54 52.3  07 08 40.19 +22 52 26.7  9.307147  -1.00442   64.058022  75.343889   -2.202   5.475   99.09038  38.88126  206.328179   1.586056  5.07045383253210  27.7110712   94.5073 /T   10.9450   0.1560198   96.159500   70.961434         n.a.     n.a.
 2026-Apr-03 12:00 Cm  07 07 49.16 +22 53 45.7  07 09 24.58 +22 51 18.5  11.21308  -1.22196  343.186501 -48.448020   -2.184   5.476   99.08503  38.57483  222.293842   1.579881  5.11073280812114  27.9565510   92.2093 /T   10.9777   0.1879911   96.219352   67.441129         n.a.     n.a.
 2026-Apr-06 00:00 *   07 08 38.32 +22 52 33.4  07 10 13.71 +22 50 04.2  11.40319  -1.30048   55.951917  79.133211   -2.166   5.476   99.08266  38.27386  238.242065   1.572393  5.15092118607081  27.8232028   89.9413 /T   10.9920   0.1912850   96.506216   66.826044         n.a.     n.a.
 2026-Apr-08 12:00 Cm  07 09 31.84 +22 51 10.1  07 11 07.13 +22 48 38.9  13.26016  -1.49296  349.296322 -49.516058   -2.149   5.476   99.08312  37.97646  254.172516   1.565273  5.19125884702397  27.9252334   87.6848 /T   10.9896   0.2223991   96.423853   63.446096         n.a.     n.a.
 2026-Apr-11 00:00 *   07 10 29.75 +22 49 40.9  07 12 05.03 +22 47 07.6  13.40609  -1.60089   39.838709  82.369887   -2.132   5.477   99.08643  37.68514  270.087036   1.556862  5.23138911132059  27.7732069   85.4572 /T   10.9698   0.2250223   96.809754   62.871673         n.a.     n.a.
 2026-Apr-13 12:00 Cm  07 11 31.85 +22 48 00.6  07 13 07.01 +22 45 25.2  15.20824  -1.77067  355.555985 -50.128435   -2.115   5.477   99.09244  37.39803  285.985038   1.548792  5.27155154033939  27.7322888   83.2401 /T   10.9339   0.2551829   96.640962   59.614810         n.a.     n.a.
 2026-Apr-16 00:00 *   07 12 38.08 +22 46 14.1  07 14 13.19 +22 43 36.4  15.31167  -1.90767    8.254238  84.211149   -2.099   5.476   99.10109  37.11753  301.868654   1.539469  5.31138896872347  27.5615744   81.0509 /T   10.8816   0.2571676   97.101830   59.075734         n.a.     n.a.
 2026-Apr-18 12:00 C   07 13 48.31 +22 44 16.4  07 15 23.28 +22 41 36.0  17.05237  -2.05673    1.837510 -50.287162   -2.084   5.476   99.11228  36.84180  317.737017   1.530463  5.35113985847953  27.3724024   78.8718 /T   10.8138   0.2862660   96.877375   55.922262         n.a.     n.a.
 2026-Apr-21 00:00 *m  07 15 02.39 +22 42 12.1  07 16 37.34 +22 39 28.9  17.10910  -2.22096  330.883923  83.488434   -2.069   5.475   99.12584  36.57319  333.592678   1.520254  5.39044122119370  27.1792346   76.7200 /T   10.7307   0.2875441   97.396312   55.419145         n.a.     n.a.
 2026-Apr-23 12:00 *   07 16 20.22 +22 39 56.5  07 17 55.07 +22 37 10.5  18.77023  -2.34824    8.011249 -50.007615   -2.054   5.475   99.14169  36.30983  349.434569   1.510331  5.42953944511694  26.8529279   74.5779 /T   10.6331   0.3152758   97.130901   52.382737         n.a.     n.a.
 2026-Apr-26 00:00 *m  07 17 41.59 +22 37 34.3  07 19 16.41 +22 34 45.4  18.77964  -2.53711  308.874590  80.863911   -2.039   5.474   99.15961  36.05390    5.265460   1.499247  5.46808125745831  26.6473237   72.4622 /T   10.5212   0.3158375   97.694003   51.923593         n.a.     n.a.
 2026-Apr-28 12:00 *   07 19 06.45 +22 35 00.7  07 20 41.13 +22 32 08.8  20.35651  -2.64301   13.962268 -49.316864   -2.026   5.473   99.17953  35.80351   21.084045   1.488404  5.50632091759147  26.1973712   70.3552 /T   10.3958   0.3421229   97.397670   49.001015         n.a.     n.a.
 2026-May-01 00:00 *   07 20 34.54 +22 32 20.2  07 22 09.16 +22 29 25.1  20.32844  -2.85558  298.039097  77.532189   -2.012   5.472   99.20120  35.56068   36.893193   1.476437  5.54392126823665  25.9975780   68.2731 /T   10.2573   0.3421337   97.996147   48.589450         n.a.     n.a.
 2026-May-03 12:00 *m  07 22 05.91 +22 29 28.3  07 23 40.39 +22 26 29.7  21.82731  -2.94293   19.601266 -48.251094   -1.999   5.471   99.22458  35.32358   52.691252   1.464661  5.58113410020781  25.4277367   66.1983 /T   10.1061   0.3670801   97.678754   45.755763         n.a.     n.a.
 2026-May-06 00:00 *   07 23 40.22 +22 26 29.3  07 25 14.67 +22 23 27.4  21.76729  -3.17831  292.225038  73.962349   -1.986   5.469   99.24938  35.09410   68.481307   1.451809  5.61762834234861  25.2328663   64.1470 /T    9.9428   0.3666350   98.307222   45.383465         n.a.     n.a.
 2026-May-08 12:00 *m  07 25 17.61 +22 23 18.8  07 26 51.93 +22 20 13.3  23.19358  -3.24975   24.869407 -46.851373   -1.974   5.468   99.27561  34.87047   84.261412   1.439102  5.65365591756371  24.5517841   62.1015 /T    9.7674   0.3903358   97.976034   42.624356         n.a.     n.a.
 2026-May-11 00:00 *   07 26 57.69 +22 20 00.9  07 28 31.96 +22 16 52.0  23.10660  -3.50691  288.806311  70.308771   -1.963   5.466   99.30295  34.65453  100.034820   1.425378  5.68888541822028  24.3557712   60.0781 /T    9.5810   0.3895201   98.629984   42.278038         n.a.     n.a.
 2026-May-13 12:00 *m  07 28 40.64 +22 16 31.3  07 30 14.76 +22 13 18.7  24.45581  -3.56327   29.737886 -45.160345   -1.951   5.465   99.33142  34.44455  115.799429   1.411757  5.72356535032348  23.5652747   58.0596 /T    9.3832   0.4119006   98.289787   39.586306         n.a.     n.a.
 2026-May-16 00:00 *   07 30 26.05 +22 12 54.1  07 32 00.10 +22 09 37.7  24.35022  -3.84149  286.669893  66.629650   -1.940   5.463   99.36068  34.24229  131.558610   1.397186  5.75737215132693  23.3661516   56.0622 /T    9.1753   0.4108562   98.965085   39.253605         n.a.     n.a.
 2026-May-18 12:00 *   07 32 14.11 +22 09 05.1  07 33 48.05 +22 05 44.6  25.61482  -3.88261   34.202985 -43.219247   -1.930   5.461   99.39076  34.04616  147.310167   1.382679  5.79053918560436  22.4641418   54.0690 /T    8.9567   0.4317901   98.619100   36.620336         n.a.     n.a.
 2026-May-21 00:00 *m  07 34 04.36 +22 05 08.3  07 35 38.26 +22 01 44.0  25.48317  -4.17759  285.289977  62.949596   -1.920   5.460   99.42131  33.85779  163.057689   1.367290  5.82275595619637  22.2632701   52.0964 /T    8.7289   0.4303888   99.309975   36.311392         n.a.     n.a.
 2026-May-23 12:00 *   07 35 57.04 +22 00 59.8  07 37 30.81 +21 57 31.5  26.65900  -4.20279   38.278939 -41.065118   -1.910   5.458   99.45237  33.67560  178.798815   1.351915  5.85425667940990  21.2618000   50.1275 /T    8.4914   0.4498042   98.958938   33.739150         n.a.     n.a.
 2026-May-26 00:00 *m  07 37 51.63 +21 56 43.4  07 39 25.31 +21 53 11.3  26.50348  -4.51148  284.391894  59.279094   -1.901   5.456   99.48356  33.50113  194.537236   1.335717  5.88474645281283  21.0714663   48.1783 /T    8.2457   0.4480786   99.660427   33.465958         n.a.     n.a.
 2026-May-28 12:00 *   07 39 48.42 +21 52 15.6  07 41 21.94 +21 48 39.1  27.59129  -4.52120   41.991527 -38.730435   -1.892   5.455   99.51497  33.33281  210.270384   1.319474  5.91446150991621  19.9863255   46.2316 /T    7.9910   0.4659878   99.305974   30.957561         n.a.     n.a.
 2026-May-31 00:00 *   07 41 46.87 +21 47 39.7  07 43 20.32 +21 43 59.2  27.42472  -4.84350  283.819424  55.622561   -1.884   5.453   99.54621  33.17205  226.001910   1.302470  5.94312524322331  19.8116255   44.3033 /T    7.7291   0.4641524   100.01577   30.713743         n.a.     n.a.
 2026-Jun-02 12:00 *m  07 43 47.34 +21 42 52.5  07 45 20.67 +21 39 07.5  28.43206  -4.84019   45.371738 -36.243128   -1.876   5.451   99.57739  33.01741  241.729114   1.285367  5.97095970401639  18.6461570   42.3762 /T    7.4589   0.4806851   99.661242   28.252426         n.a.     n.a.
 2026-Jun-05 00:00 *   07 45 49.25 +21 37 57.2  07 47 22.52 +21 34 08.2  28.25814  -5.17446  283.478622  51.981770   -1.868   5.449   99.60814  32.87019  257.455688   1.267573  5.99770334228463  18.4881329   40.4661 /T    7.1822   0.4787999   100.37670   28.036720         n.a.     n.a.
 2026-Jun-07 12:00 *m  07 47 53.03 +21 32 50.5  07 49 26.15 +21 28 57.2  29.19115  -5.16031   48.452233 -33.626757   -1.861   5.448   99.63856  32.72906  273.178763   1.249630  6.02356546766265  17.2417811   38.5559 /T    6.8978   0.4940625   100.02498   25.604303         n.a.     n.a.
 2026-Jun-10 00:00 *   07 49 58.04 +21 27 35.7  07 51 31.07 +21 23 38.3  29.01264  -5.50486  283.309613  48.357065   -1.854   5.446   99.66832  32.59527  288.902167   1.231074  6.04829025110026  17.0902405   36.6615 /T    6.6076   0.4921711   100.74358   25.401903         n.a.     n.a.
 2026-Jun-12 12:00 *m  07 52 04.75 +21 22 09.7  07 53 37.63 +21 18 07.7  29.86726  -5.47961   51.265533 -30.901089   -1.847   5.444   99.69750  32.46758  304.622971   1.212326  6.07207644029361  15.7698764   34.7660 /T    6.3103   0.5060960   100.39619   22.998784         n.a.     n.a.
 2026-Jun-15 00:00 *m  07 54 12.50 +21 16 35.4  07 55 45.32 +21 12 29.1  29.68500  -5.83204  283.272679  44.747795   -1.841   5.443   99.72579  32.34717  320.345042   1.193046  6.09467872309913  15.6168790   32.8854 /T    6.0080   0.5042079   101.11501   22.798983         n.a.     n.a.
 2026-Jun-17 12:00 *   07 56 21.77 +21 10 50.3  07 57 54.47 +21 06 39.3  30.45152  -5.79364   53.842265 -28.082140   -1.835   5.441   99.75326  32.23293  336.065523   1.173528  6.11628079298554  14.2242217   31.0034 /T    5.6992   0.5166294   100.77222   20.421221         n.a.     n.a.
 2026-Jun-20 00:00 *m  07 58 31.84 +21 04 57.0  08 00 04.45 +21 00 42.0  30.26359  -6.15002  283.341593  41.152471   -1.829   5.440   99.77961  32.12586  351.788296   1.153551  6.13666390923847  14.0833984   29.1357 /T    5.3863   0.5147026   101.48695   20.243094         n.a.     n.a.
 2026-Jun-22 12:00 *   08 00 43.23 +20 58 53.3  08 02 15.69 +20 54 33.7  30.94194  -6.09800   56.210530 -25.182316   -1.824   5.439   99.80494  32.02494    7.510403   1.133280  6.15600255336904  12.6303944   27.2661 /T    5.0677   0.5256184   101.14890   17.891904         n.a.     n.a.
 2026-Jun-25 00:00 *m  08 02 55.22 +20 52 41.7  08 04 27.57 +20 48 17.8  30.75182  -6.45624  283.498093  37.569083   -1.819   5.438   99.82895  31.93106   23.235705   1.112618  6.17410170296078  12.5080228   25.4101 /T    4.7457   0.5237041   101.85684   17.741275         n.a.     n.a.
 2026-Jun-27 12:00 *   08 05 08.35 +20 46 20.1  08 06 40.57 +20 41 51.4  31.35101  -6.39305   58.395764 -22.211760   -1.815   5.436   99.85174  31.84325   38.961125   1.091608  6.19112747806326  11.0070683   23.5510 /T    4.4185   0.5332701   101.52565   15.414443         n.a.     n.a.
 2026-Jun-30 00:00 *   08 07 21.91 +20 39 50.6  08 08 54.05 +20 35 17.7  31.16456  -6.75235  283.729579  33.995854   -1.810   5.435   99.87306  31.76234   54.690467   1.070281  6.20689849705804  10.9011710   21.7043 /T    4.0888   0.5314614   102.22517   15.285494         n.a.     n.a.
 2026-Jul-02 12:00 *m  08 09 36.46 +20 33 11.6  08 11 08.47 +20 28 34.1  31.68608  -6.67893   60.420142 -19.178761   -1.806   5.435   99.89300  31.68746   70.420646   1.048559  6.22156601319575   9.3549880   19.8535 /T    3.7543   0.5397056   101.90282   12.973980         n.a.     n.a.
 2026-Jul-05 00:00 *   08 11 51.27 +20 26 24.9  08 13 23.18 +20 21 43.3  31.51077  -7.03894  284.027472  30.431241   -1.803   5.434   99.91134  31.61935   86.155388   1.026600  6.23496869677028   9.2633931   18.0137 /T    3.4179   0.5381231   102.59212   12.860902         n.a.     n.a.
 2026-Jul-07 12:00 *m  08 14 06.96 +20 19 29.0  08 15 38.70 +20 14 42.8  31.95748  -6.95653   62.303360 -16.090130   -1.799   5.433   99.92815  31.55727  101.891624   1.004206  6.24723344617933   7.6720405   16.1688 /T    3.0774   0.5450979   102.28061   10.552438         n.a.     n.a.
 2026-Jul-10 00:00 *   08 16 22.74 +20 12 25.6  08 17 54.37 +20 07 35.1  31.79034  -7.31431  284.385672  26.873811   -1.796   5.432   99.94325  31.50190  117.633098   0.981659  6.25821405981318   7.5853769   14.3338 /T    2.7354   0.5436821   102.95710   10.444446         n.a.     n.a.
 2026-Jul-12 12:00 *m  08 18 39.25 +20 05 13.4  08 20 10.77 +20 00 18.2  32.16035  -7.22263   64.062975 -12.951404   -1.794   5.432   99.95671  31.45261  133.376778   0.958640  6.26802067098368   5.9501573   12.4929 /T    2.3899   0.5493568   102.65758   8.1301287         n.a.     n.a.
 2026-Jul-15 00:00 *m  08 20 55.70 +19 57 54.2  08 22 27.13 +19 52 54.7  31.99735  -7.57453  284.800509  23.322136   -1.791   5.432   99.96837  31.41002  149.126454   0.935547  6.27651950714472   5.8633505   10.6615 /T    2.0437   0.5480278   103.31810   8.0214496         n.a.     n.a.
 2026-Jul-17 12:00 *   08 23 12.69 +19 50 26.8  08 24 44.00 +19 45 22.9  32.27781  -7.46958   65.714175  -9.766476   -1.789   5.431   99.97828  31.37358  164.879210   0.911941  6.28381010808635   4.1973790    8.8241 /T    1.6946   0.5521805   103.02976   5.7093482         n.a.     n.a.
 2026-Jul-20 00:00 *m  08 25 29.44 +19 42 52.9  08 27 00.62 +19 37 44.9  32.12129  -7.81318  285.270523  19.774378   -1.787   5.431   99.98632  31.34374  180.638679   0.888329  6.28979223853687   4.1223743    6.9966 /T    1.3457   0.5509646   103.67113   5.6148884         n.a.     n.a.
 2026-Jul-22 12:00 *   08 27 46.57 +19 35 11.6  08 29 17.60 +19 29 59.1  32.31706  -7.69615   67.270640  -6.538019   -1.785   5.431   99.99255  31.32005  196.401973   0.864158  6.29454942479265   2.4368805    5.1644 /T    0.9948   0.5536804   103.39520   3.3049940         n.a.     n.a.
 2026-Jul-25 00:00 *m  08 30 03.28 +19 27 24.2  08 31 34.21 +19 22 07.5  32.17067  -8.03038  285.795363  16.228904   -1.784   5.432   99.99688  31.30285  212.172580   0.840052  6.29800895909060   2.3823193    3.3462 /T    0.6459   0.5526298   104.01565   3.2354140         n.a.     n.a.
 2026-Jul-27 12:00 *   08 32 20.24 +19 19 30.1  08 33 51.07 +19 14 09.0  32.29043  -7.90421   68.744313  -3.268332   -1.783   5.432   99.99934  31.29178  227.947574   0.815349  6.30023656909094   0.6801254    1.5486 /T    0.3004   0.5540628   103.75467   0.9178975         n.a.     n.a.
 2026-Jul-30 00:00 *   08 34 36.64 +19 11 30.4  08 36 07.33 +19 06 05.8  32.15703  -8.22817  286.376302  12.684631   -1.782   5.432   99.99990  31.28713  243.730395   0.790787  6.30117406113718   0.6372359    0.5940 /L    0.1119   0.5532172   104.35260   0.8607026         n.a.     n.a.
 2026-Aug-01 12:00 Cm  08 36 53.17 +19 03 24.8  08 38 23.73 +18 57 55.4  32.20190  -8.09356   70.145776   0.040942   -1.782   5.433   99.99857  31.28863  259.518189   0.765600  6.30087044243359  -1.0728919    2.2482 /L    0.4283   0.5533906   104.10838   -1.463801         n.a.     n.a.
 2026-Aug-04 00:00 *   08 39 09.01 +18 55 13.9  08 40 39.44 +18 49 40.6  32.08392  -8.40628  287.014875   9.140905   -1.782   5.433   99.99536  31.29651  275.314257   0.740630  6.29928475281498  -1.1127202    4.0607 /L    0.7754   0.5527818   104.68199   -1.519923         n.a.     n.a.
 2026-Aug-06 12:00 Cm  08 41 24.84 +18 46 57.8  08 42 55.15 +18 41 20.1  32.05132  -8.26277   71.484710   3.388001   -1.782   5.434   99.99025  31.31064  291.115913   0.715015  6.29644160620342  -2.8329265    5.8973 /L    1.1259   0.5516541   104.45598   -3.865585         n.a.     n.a.
 2026-Aug-09 00:00 *   08 43 39.85 +18 38 37.0  08 45 10.06 +18 32 55.2  31.94716  -8.56174  287.714681   5.597118   -1.783   5.434   99.98331  31.33114  306.926383   0.689695  6.29232186881913  -2.8716312    7.7339 /L    1.4750   0.5512422   105.00256   -3.923615         n.a.     n.a.
 2026-Aug-11 12:00 Cm  08 45 54.71 +18 30 11.8  08 47 24.82 +18 24 25.8  31.83086  -8.40727   72.769852   6.772079   -1.784   5.435   99.97449  31.35803  322.743118   0.663706  6.28692739261984  -4.5988358    9.5831 /L    1.8246   0.5487071   104.79528   -6.298950         n.a.     n.a.
 2026-Aug-14 00:00 *m  08 48 08.58 +18 21 42.7  08 49 38.58 +18 15 53.1  31.73245  -8.68761  288.480383   2.052858   -1.785   5.436   99.96392  31.39131  338.569310   0.638079  6.28026227418673  -4.6377927   11.4297 /L    2.1714   0.5483366   105.31107   -6.362751         n.a.     n.a.
 2026-Aug-16 12:00 C   08 50 22.13 +18 13 10.4  08 51 52.00 +18 07 16.6  31.52891  -8.52049   74.009088  10.193143   -1.787   5.437   99.95152  31.43105  354.402525   0.611757  6.27232069131287  -6.3533860   13.2880 /L    2.5178   0.5443321   105.12260   -8.756990         n.a.     n.a.
 2026-Aug-19 00:00 *m  08 52 34.53 +18 04 34.9  08 54 04.27 +17 58 37.4  31.43909  -8.78107  289.318147  -1.492411   -1.789   5.438   99.93746  31.47715   10.245740   0.585856  6.26313400938180  -6.3825898   15.1435 /L    2.8605   0.5440393   105.60528   -8.813932         n.a.     n.a.
 2026-Aug-21 12:00 C   08 54 46.45 +17 55 57.3  08 56 16.08 +17 49 55.7  31.14941  -8.60193   75.210052  13.651418   -1.791   5.440   99.92167  31.52978   26.096628   0.559241  6.25268061134451  -8.0781257   17.0110 /L    3.2021   0.5385884   105.43753   -11.22934         n.a.     n.a.
 2026-Aug-24 00:00 *m  08 56 57.07 +17 47 17.3  08 58 26.60 +17 41 12.1  31.07482  -8.84360  290.235575  -5.038534   -1.793   5.441   99.90434  31.58868   41.957939   0.533110  6.24102093607933  -8.0934921   18.8765 /L    3.5394   0.5384787   105.88584   -11.27284         n.a.     n.a.
 2026-Aug-26 12:00 C   08 59 07.07 +17 38 36.2  09 00 36.51 +17 32 27.0  30.70628  -8.65525   76.379737  17.147118   -1.796   5.443   99.88539  31.65418   57.827442   0.506255  6.22810805410526  -9.7658233   20.7546 /L    3.8750   0.5317134   105.74167   -13.71523         n.a.     n.a.
 2026-Aug-29 00:00 *   09 01 15.65 +17 29 53.5  09 02 44.96 +17 23 40.9  30.64410  -8.87585  291.241967  -8.584584   -1.799   5.444   99.86503  31.72593   73.707768   0.479950  6.21402131358637  -9.7742699   22.6317 /L    4.2056   0.5317271   106.15329   -13.75621         n.a.     n.a.
 2026-Aug-31 12:00 Cm  09 03 23.48 +17 21 10.5  09 04 52.68 +17 14 54.2  30.20040  -8.67984   77.525148  20.680463   -1.802   5.446   99.84318  31.80437   89.596796   0.452922  6.19869647852926 -11.4200937   24.5225 /L    4.5340   0.5237164   106.03508   -16.23077         n.a.     n.a.
 2026-Sep-03 00:00 *   09 05 29.76 +17 12 26.8  09 06 58.84 +17 06 07.0  30.15054  -8.87810  292.348310 -12.129070   -1.806   5.448   99.82009  31.88911  105.497053   0.426512  6.18222370807135 -11.4337118   26.4136 /L    4.8569   0.5238414   106.40755   -16.28640         n.a.     n.a.
 2026-Sep-05 12:00 Cm  09 07 35.14 +17 03 44.0  09 09 04.15 +16 57 20.3  29.62107  -8.67086   78.653550  24.251761   -1.810   5.450   99.79567  31.98070  121.406680   0.399381  6.16451834297021 -13.0480665   28.3197 /L    5.1768   0.5144014   106.31614   -18.80322         n.a.     n.a.
 2026-Sep-08 00:00 *   09 09 38.82 +16 55 01.4  09 11 07.75 +16 48 34.4  29.57909  -8.84362  293.568283 -15.669851   -1.814   5.452   99.77019  32.07865  137.328034   0.372927  6.14569610995550 -13.0684835   30.2270 /L    5.4905   0.5145473   106.64573   -18.87915         n.a.     n.a.
 2026-Sep-10 12:00 Cm  09 11 41.42 +16 46 21.0  09 13 10.27 +16 39 50.5  28.95730  -8.62240   79.772063  27.861931   -1.819   5.454   99.74357  32.18361  153.259509   0.345754  6.12565282917954 -14.6435152   32.1500 /L    5.8005   0.5035626   106.58157   -21.44534         n.a.     n.a.
 2026-Sep-13 00:00 *m  09 13 42.15 +16 37 42.0  09 15 10.87 +16 31 08.4  28.91689  -8.76574  294.919045 -19.204190   -1.824   5.456   99.71614  32.29494  169.203293   0.319306  6.10453565671234 -14.6573540   34.0748 /L    6.1035   0.5036049   106.86392   -21.52955         n.a.     n.a.
 2026-Sep-15 12:00 C   09 15 41.61 +16 29 06.5  09 17 10.25 +16 22 29.5  28.20472  -8.53107   80.888598  31.512406   -1.830   5.458   99.68777  32.41337  185.157864   0.292143  6.08223136365735 -16.1785050   36.0157 /L    6.4019   0.4911113   106.82897   -24.13949         n.a.     n.a.
 2026-Sep-18 00:00 *m  09 17 39.03 +16 20 33.7  09 19 07.57 +16 13 53.5  28.16904  -8.64528  296.421193 -22.728282   -1.835   5.461   99.65883  32.53814  201.125196   0.265752  6.05890907692766 -16.1845849   37.9589 /L    6.6926   0.4910973   107.06163   -24.23037         n.a.     n.a.
 2026-Sep-20 12:00 C   09 19 35.01 +16 12 05.7  09 21 03.50 +16 05 22.2  27.36941  -8.39863   82.012002  35.204446   -1.842   5.463   99.62920  32.67007  217.103933   0.238661  6.03444156292924 -17.6398555   39.9189 /L    6.9779   0.4771506   107.05926   -26.88016         n.a.     n.a.
 2026-Sep-23 00:00 *m  09 21 28.80 +16 03 41.6  09 22 57.20 +15 56 55.0  27.34056  -8.48394  298.099997 -26.236489   -1.848   5.465   99.59926  32.80829  233.095774   0.212394  6.00901942623969 -17.6389215   41.8818 /L    7.2548   0.4771104   107.23942   -26.97852         n.a.     n.a.
 2026-Sep-25 12:00 C   09 23 20.99 +15 55 23.5  09 24 49.32 +15 48 33.9  26.45618  -8.22659   83.152516  38.939196   -1.855   5.468   99.56888  32.95375  249.099576   0.185452  5.98249438579516 -19.0281188   43.8624 /L    7.5255   0.4617618   107.27317   -29.67886         n.a.     n.a.
 2026-Sep-28 00:00 *   09 25 10.84 +15 47 10.3  09 26 39.06 +15 40 18.0  26.43410  -8.28243  299.986083 -29.721159   -1.862   5.470   99.53845  33.10547  265.116842   0.159387  5.95507798910648 -19.0216309   45.8471 /L    7.7871   0.4616877   107.39700   -29.78771         n.a.     n.a.
 2026-Sep-30 12:00 Cm  09 26 58.92 +15 39 04.5  09 28 27.10 +15 32 09.0  25.46667  -8.01516   84.323129  42.717697   -1.870   5.472   99.50786  33.26454  281.146603   0.132683  5.92660079178414 -20.3422529   47.8508 /L    8.0418   0.4449700   107.47043   -32.54606         n.a.     n.a.
 2026-Oct-03 00:00 *   09 28 44.53 +15 31 04.8  09 30 12.64 +15 24 06.5  25.44324  -8.03782  302.116702 -33.172099   -1.878   5.475   99.47750  33.42990  297.190258   0.106903  5.89728535158156 -20.3439020   49.8598 /L    8.2867   0.4447113   107.53195   -32.69225         n.a.     n.a.
 2026-Oct-05 12:00 Cm  09 30 28.16 +15 23 13.9  09 31 56.26 +15 16 12.7  24.38441  -7.75716   85.540250  46.541049   -1.886   5.477   99.44728  33.60274  313.247137   0.080519  5.86695122094949 -21.5862859   51.8892 /L    8.5238   0.4264756   107.64688   -35.51810         n.a.     n.a.
 2026-Oct-08 00:00 *   09 32 09.14 +15 15 30.6  09 33 37.14 +15 08 26.9  24.35322  -7.74332  304.538429 -36.575845   -1.895   5.479   99.41760  33.78187  329.318431   0.055093  5.83584115269659 -21.5909032   53.9249 /L    8.7502   0.4259103   107.63851   -35.70404         n.a.     n.a.
 2026-Oct-10 12:00 C   09 33 47.90 +15 07 57.8  09 35 15.87 +15 00 51.4  23.19313  -7.44509   86.825540  50.410893   -1.905   5.482   99.38839  33.96857  345.403754   0.029099  5.80376614850461 -22.7412558   55.9818 /L    8.9678   0.4059798   107.79685   -38.60770         n.a.     n.a.
 2026-Oct-13 00:00 *m  09 35 23.81 +15 00 34.1  09 36 51.69 +14 53 25.2  23.15497  -7.39473  307.308512 -39.914866   -1.914   5.484   99.36006  34.16142    1.503981   0.004094  5.77100239308152 -22.7336107   58.0454 /L    9.1737   0.4051181   107.71131   -38.81595         n.a.     n.a.
 2026-Oct-15 12:00 C   09 36 57.29 +14 53 22.6  09 38 25.18 +14 46 11.0  21.90185  -7.08232   88.210020  54.328756   -1.925   5.486   99.33253  34.36180   17.618870  -0.021434  5.73734821357636 -23.7800096   60.1308 /L    9.3697   0.3836413   107.91946   -41.79093         n.a.     n.a.
 2026-Oct-18 00:00 *m  09 38 27.74 +14 46 21.6  09 39 55.57 +14 39 07.6  21.85459  -6.99501  310.496304 -43.165444   -1.935   5.488   99.30620  34.56817   33.749045  -0.045942  5.70309800466485 -23.7573938   62.2233 /L    9.5533   0.3824458   107.74833   -42.02322         n.a.     n.a.
 2026-Oct-20 12:00 C   09 39 55.55 +14 39 34.2  09 41 23.39 +14 32 17.8  20.51614  -6.67166   89.739416  58.295449   -1.946   5.490   99.28099  34.78196   49.894413  -0.070912  5.66804224279094 -24.6933503   64.3384 /L    9.7261   0.3595610   108.01405   -45.06879         n.a.     n.a.
 2026-Oct-23 00:00 *m  09 41 20.17 +14 32 58.7  09 42 47.94 +14 25 40.2  20.46180  -6.54865  314.184535 -46.295780   -1.958   5.492   99.25729  35.00154   66.055350  -0.094828  5.63248468963941 -24.6613187   66.4611 /L    9.8856   0.3580697   107.74690   -45.33092         n.a.     n.a.
 2026-Oct-25 12:00 C   09 42 41.95 +14 26 38.3  09 44 09.71 +14 19 17.6  19.03731  -6.21421   91.486322  62.310790   -1.970   5.494   99.23504  35.22846   82.232041  -0.119136  5.59620285419910 -25.4807921   68.6075 /L   10.0333   0.3337646   108.07787   -48.45754         n.a.     n.a.
 2026-Oct-28 00:00 *   09 44 00.37 +14 20 31.1  09 45 28.09 +14 13 08.2  18.97401  -6.05524  318.468505 -49.264069   -1.982   5.496   99.21458  35.46094   98.424567  -0.142358  5.55951586586457 -25.4441928   70.7626 /L   10.1670   0.3319467   107.69963   -48.75882         n.a.     n.a.
 2026-Oct-30 12:00 Nm  09 45 15.74 +14 14 40.5  09 46 43.50 +14 07 15.3  17.46402  -5.70960   93.574259  66.372903   -1.995   5.497   99.19588  35.70066  114.633420  -0.165896  5.52218422608063 -26.1482184   72.9427 /L   10.2880   0.3062278   108.10437   -51.98441         n.a.     n.a.
 2026-Nov-02 00:00 *   09 46 27.57 +14 09 04.6  09 47 55.31 +14 01 37.5  17.37990  -5.51021  323.452268 -52.015626   -2.008   5.499   99.17927  35.94570  130.858531  -0.188329  5.48453962527570 -26.1058347   75.1329 /L   10.3941   0.3038747   107.59096   -52.34333         n.a.     n.a.
 2026-Nov-04 12:00 Nm  09 47 36.09 +14 03 47.0  09 49 03.87 +13 56 18.0  15.77912  -5.15058   96.230697  70.476996   -2.022   5.500   99.16475  36.19781  147.100633  -0.211005  5.44634207303302 -26.6807563   77.3495 /L   10.4863   0.2766412   108.07758   -55.68251         n.a.     n.a.
 2026-Nov-07 00:00 C   09 48 40.88 +13 58 45.7  09 50 08.61 +13 51 15.0  15.66993  -4.90973  329.237511 -54.480571   -2.036   5.501   99.15259  36.45486  163.359392  -0.232564  5.40793880577652 -26.6271593   79.5769 /L   10.5626   0.2736848   107.39690   -56.10305         n.a.     n.a.
 2026-Nov-09 12:00 N   09 49 42.10 +13 54 04.3  09 51 09.87 +13 46 31.9  13.97949  -4.53643   99.931486  74.610551   -2.051   5.502   99.14281  36.71861  179.635800  -0.254286  5.36909255381416 -27.0537834   81.8315 /L   10.6239   0.2449520   107.97857   -59.56046         n.a.     n.a.
 2026-Nov-12 00:00 Cm  09 50 39.40 +13 49 40.8  09 52 07.16 +13 42 06.6  13.84844  -4.25700  335.898531 -56.572951   -2.065   5.503   99.13565  36.98675  195.929093  -0.274881  5.33016931004502 -26.9764518   84.0970 /L   10.6685   0.2414662   107.08741   -60.02744         n.a.     n.a.
 2026-Nov-14 12:00 N   09 51 32.89 +13 45 38.8  09 53 00.72 +13 38 02.9  12.07812  -3.87405  105.852917  78.737476   -2.081   5.504   99.13111  37.26109  212.240472  -0.295544  5.29092537955703 -27.2518068   86.3904 /L   10.6969   0.2114035   107.78364   -63.61254         n.a.     n.a.
 2026-Nov-17 00:00 Cm  09 52 22.30 +13 41 56.0  09 53 50.12 +13 34 18.7  11.92762  -3.55892  343.442737 -58.192996   -2.096   5.504   99.12935  37.53910  228.568844  -0.315066  5.25174044494466 -27.1443068   88.6948 /L   10.7078   0.2074542   106.61386   -64.11866         n.a.     n.a.
 2026-Nov-19 12:00 N   09 53 07.69 +13 38 35.8  09 54 35.59 +13 30 57.2  10.09270  -3.17236  117.734164  82.731272   -2.113   5.504   99.13040  37.82268  244.915546  -0.334550  5.21236549435709 -27.2633341   91.0276 /L   10.7017   0.1763255   107.44907   -67.82942         n.a.     n.a.
 2026-Nov-22 00:00 Cm  09 53 48.88 +13 35 35.9  09 55 16.75 +13 27 56.0  9.920369  -2.82249  351.763192 -59.236988   -2.129   5.504   99.13435  38.10918  261.279208  -0.352881  5.17317955744651 -27.1347862   93.3718 /L   10.6774   0.1719013   105.88183   -68.38898         n.a.     n.a.
 2026-Nov-24 12:00 Nm  09 54 25.85 +13 32 59.7  09 55 53.82 +13 25 18.5  8.030465  -2.43569  151.250230  85.929383   -2.146   5.504   99.14121  38.40050  277.661411  -0.371062  5.13393350315348 -27.0948064   95.7452 /L   10.6353   0.1398620   106.87285   -72.23753         n.a.     n.a.
 2026-Nov-27 00:00 C   09 54 58.50 +13 30 44.8  09 56 26.50 +13 23 02.3  7.835115  -2.05247    0.608650 -59.614421   -2.163   5.504   99.15100  38.69392  294.060480  -0.388087  5.09500291120069 -26.9510120   98.1306 /L   10.5744   0.1349914   104.67927   -72.85607         n.a.     n.a.
 2026-Nov-29 12:00 Nm  09 55 26.75 +13 28 54.8  09 56 54.86 +13 21 11.2  5.885825  -1.66241  215.527157  85.539051   -2.180   5.503   99.16376  38.99137  310.478369  -0.404851  5.05613543370528 -26.7506608  100.5466 /L   10.4948   0.1019348   105.77197   -76.88986         n.a.     n.a.
 2026-Dec-02 00:00 C   09 55 50.52 +13 27 27.1  09 57 18.65 +13 19 42.7  5.660556  -1.24498    9.605679 -59.267699   -2.198   5.503   99.17944  39.28989  326.913091  -0.420474  5.01771974833108 -26.5819526  102.9755 /L   10.3958   0.0965975   102.40408   -77.57004         n.a.     n.a.
 2026-Dec-04 12:00 Nm  09 56 09.69 +13 26 25.4  09 57 37.90 +13 18 40.1  3.663691  -0.85552  243.728520  81.952965   -2.215   5.502   99.19807  39.59136  343.366780  -0.435727  4.97951159499129 -26.2068810  105.4359 /L   10.2771   0.0627042   103.14380   -81.80469         n.a.     n.a.
 2026-Dec-07 00:00 C   09 56 24.27 +13 25 46.9  09 57 52.51 +13 18 00.8  3.409134  -0.40720   18.342094 -58.186994   -2.233   5.501   99.21951  39.89264  359.837071  -0.449857  4.94190507928189 -26.0011893  107.9092 /L   10.1386   0.0572228   96.811339   -82.51038         n.a.     n.a.
 2026-Dec-09 12:00 N   09 56 34.09 +13 25 34.9  09 58 02.46 +13 17 48.1  1.384708  -0.02592  254.263463  77.624826   -2.251   5.499   99.24377  40.19550   16.326183  -0.463499  4.90466894378194 -25.4431215  110.4142 /L    9.9798   0.0230825   91.072394   -86.92123         n.a.     n.a.
 2026-Dec-12 00:00 Cm  09 56 39.29 +13 25 46.7  09 58 07.71 +13 17 59.2  1.113310  0.444669   26.472386 -56.410090   -2.269   5.498   99.27060  40.49668   32.831307  -0.476034  4.86819275886663 -25.1986380  112.9315 /L    9.8008   0.0199805   68.227635   -87.32851         n.a.     n.a.
 2026-Dec-14 12:00 N   09 56 39.61 +13 26 25.3  09 58 08.17 +13 18 37.5  -0.91973  0.810976  259.779752  73.055420   -2.287   5.496   99.30001  40.79791   49.354855  -0.487956  4.83224876112248 -24.4566411  115.4802 /L    9.6011   0.0204368   311.40443   -87.20559         n.a.     n.a.
 2026-Dec-17 00:00 *m  09 56 35.32 +13 27 27.6  09 58 03.92 +13 19 39.4  -1.20074  1.297275   33.786075 -54.008536   -2.305   5.494   99.33163  41.09577   65.893553  -0.498792  4.79722458489942 -24.1714194  118.0406 /L    9.3814   0.0294614   317.21297   -85.95713         n.a.     n.a.
 2026-Dec-19 12:00 N   09 56 26.14 +13 28 56.4  09 57 54.86 +13 21 08.1  -3.21395  1.638606  263.357777  68.350155   -2.323   5.492   99.36546  41.39199   82.449932  -0.508884  4.76289364021331 -23.2542121  120.6318 /L    9.1409   0.0601260   297.01440   -81.53314         n.a.     n.a.
 2026-Dec-22 00:00 *m  09 56 12.42 +13 30 48.5  09 57 41.20 +13 22 59.9  -3.50097  2.135675   40.212183 -51.069123   -2.341   5.490   99.40102  41.68310   99.020410  -0.517923  4.72962952422071 -22.9324663  123.2339 /L    8.8807   0.0683493   301.38421   -80.32999         n.a.     n.a.
 2026-Dec-24 12:00 Am  09 55 53.82 +13 33 06.5  09 57 22.77 +13 25 17.7  -5.47282  2.445728  266.010727  63.544172   -2.358   5.488   99.43831  41.97077  115.607618  -0.526098  4.69721312345098 -21.8457522  125.8668 /L    8.5997   0.0999074   294.07920   -75.44377        2.906    1.888
 2026-Dec-27 00:00 *   09 55 30.81 +13 35 47.0  09 56 59.84 +13 27 58.3  -5.76637  2.950856   45.780827 -47.677972   -2.376   5.486   99.47678  42.25156  132.207708  -0.533271  4.66599661267873 -21.4998079  128.5101 /L    8.2997   0.1079591   297.10042   -74.18728         n.a.     n.a.
 2026-Dec-29 12:00 Am  09 55 02.95 +13 38 52.8  09 56 32.13 +13 31 04.3  -7.68600  3.228289  268.162790  58.654035   -2.392   5.483   99.51640  42.52699  148.823573  -0.539477  4.63577729690863 -20.2399748  131.1842 /L    7.9792   0.1389408   292.78349   -68.96012        2.000    2.742
$$EOE
**********************************************************************************************************************************************************************************************************************************************************************************************
Column meaning:
 
TIME

  Times PRIOR to 1962 are UT1, a mean-solar time closely related to the
prior but now-deprecated GMT. Times AFTER 1962 are in UTC, the current
civil or "wall-clock" time-scale. UTC is kept within 0.9 seconds of UT1
using integer leap-seconds for 1972 and later years.

  Conversion from the internal Barycentric Dynamical Time (TDB) of solar
system dynamics to the non-uniform civil UT time-scale requested for output
has not been determined for UTC times after the next July or January 1st.
Therefore, the last known leap-second is used as a constant over future
intervals.

  Time tags refer to the UT time-scale conversion from TDB on Earth
regardless of observer location within the solar system, although clock
rates may differ due to the local gravity field and no analog to "UT"
may be defined for that location.

  Any 'b' symbol in the 1st-column denotes a B.C. date. First-column blank
(" ") denotes an A.D. date.
 
CALENDAR SYSTEM

  Mixed calendar mode was active such that calendar dates after AD 1582-Oct-15
(if any) are in the modern Gregorian system. Dates prior to 1582-Oct-5 (if any)
are in the Julian calendar system, which is automatically extended for dates
prior to its adoption on 45-Jan-1 BC.  The Julian calendar is useful for
matching historical dates. The Gregorian calendar more accurately corresponds
to the Earth's orbital motion and seasons. A "Gregorian-only" calendar mode is
available if such physical events are the primary interest.

  NOTE: "n.a." in output means quantity "not available" at the print-time.
 
SOLAR PRESENCE (OBSERVING SITE)
  Time tag is followed by a blank, then a solar-presence symbol:

       '*'  Daylight (refracted solar upper-limb on or above apparent horizon)
       'C'  Civil twilight/dawn
       'N'  Nautical twilight/dawn
       'A'  Astronomical twilight/dawn
       ' '  Night OR geocentric ephemeris

LUNAR PRESENCE (OBSERVING SITE)
  The solar-presence symbol is immediately followed by a lunar-presence symbol:

       'm'  Refracted upper-limb of Moon on or above apparent horizon
       ' '  Refracted upper-limb of Moon below apparent horizon OR geocentric
            ephemeris
 
 'R.A._____(ICRF)_____DEC' =
  Astrometric right ascension and declination of the target center with
respect to the observing site (coordinate origin) in the reference frame of
the planetary ephemeris (ICRF). Compensated for down-leg light-time delay
aberration.

  Units: RA  in hours-minutes-seconds of time,    HH MM SS.ff{ffff}
         DEC in degrees-minutes-seconds of arc,  sDD MN SC.f{ffff}
 
 'R.A.__(a-apparent)__DEC' =
  Airless apparent right ascension and declination of the target center
with respect to an instantaneous reference frame defined by the Earth equator
of-date (z-axis) and meridian containing the Earth equinox of-date (x-axis,
EOP-corrected IAU76/80). Compensated for down-leg light-time delay,
gravitational deflection of light, stellar aberration, precession & nutation.
Note: equinox (RA origin) is offset -53 mas from the of-date frame defined
by the IAU06/00a P & N system.

  Units: RA  in hours-minutes-seconds of time,   HH MM SS.ff{ffff}
         DEC in degrees-minutes-seconds of arc, sDD MN SC.f{ffff}
 
 'dRA*cosD d(DEC)/dt' =
  The angular rate of change in apparent RA and DEC of the target. This is
with respect to the non-inertial IAU76/80 Earth true equator and equinox
of-date reference frame.  d(RA)/dt is multiplied by the cosine of declination
to provide a linear rate in the plane-of-sky. Units: ARCSECONDS PER HOUR
 
 'Azi____(a-app)___Elev' =
  Airless apparent azimuth and elevation of target center. Compensated
for light-time, the gravitational deflection of light, stellar aberration,
precession and nutation. Azimuth is measured clockwise from north:

  North(0) -> East(90) -> South(180) -> West(270) -> North (360)

Elevation angle is with respect to a plane perpendicular to the reference
surface local zenith direction. TOPOCENTRIC ONLY.  Units: DEGREES
 
 'APmag   S-brt' =
  The targets' approximate apparent visual magnitude and surface brightness.
For planets and natural satellites, output is restricted to solar phase angles
covered by observational data. Outside the observed phase angle range, "n.a."
may be output to avoid extrapolation beyond the limit of model validity.

   For Earth-based observers, the estimated dimming due to atmospheric
absorption (extinction) is available as a separate, requestable quantity.

   Surface brightness is the average airless visual magnitude of a
square-arcsecond of the illuminated portion of the apparent disk. It is
computed only if the target radius is known.

   Units: MAGNITUDES & MAGNITUDES PER SQUARE ARCSECOND
 
 'Illu%' =
   Fraction of the target objects' assumed circular disk illuminated by Sun
(phase), as seen by the observer.  Units: PERCENT
 
 'Ang-diam' =
   The equatorial angular width of the target body full disk, if it were fully
illuminated and visible to the observer. If the target body diameter is unknown
"n.a." is output.

   Units: ARCSECONDS
 
 'ObsSub-LON ObsSub-LAT' =
   Apparent planetodetic longitude and latitude of the center of the target
disc seen by the OBSERVER at print-time. This is NOT exactly the same as the
"nearest" sub-point for a non-spherical target shape (since the center of the
disc might not be the point closest to the observer), but is generally very
close if not a very irregular body shape. Down-leg light travel-time from
target to observer is taken into account. Latitude is the angle between the
equatorial plane and the line perpendicular to the reference ellipsoid of the
body, so includes body oblateness. The reference ellipsoid is an oblate
spheroid with a single flatness coefficient in which the y-axis body radius
is taken to be the same value as the x-axis radius.  For Jupiter, Saturn, and
Uranus, IAU2015 longitude is based on the "System III" prime meridian rotation
angle of the magnetic field. By contrast, pole direction (thus latitude) is
relative to the body dynamical equator.  There can be an offset between the
magnetic pole and the dynamical pole of rotation. For Neptune, rotation is
IAU2015 "System II" rotation of optically observed features in the Neptunian
atmosphere. Positive longitude is to the WEST for this target. Cartographic
system is specified in the header.  Units: DEGREES DEGREES
 
 'delta      deldot' =
   Apparent range ("delta", light-time aberrated) and range-rate ("delta-dot")
of the target center relative to the observer. A positive "deldot" means the
target center is moving away from the observer, negative indicates movement
toward the observer.  Units: AU and KM/S
 
 'S-O-T /r' =
   Sun-Observer-Target apparent SOLAR ELONGATION ANGLE seen from the observers'
location at print-time.

   The '/r' column provides a code indicating the targets' apparent position
relative to the Sun in the observers' sky, as described below:

   Case A: For an observing location on the surface of a rotating body, that
body rotational sense is considered:

    /T indicates target TRAILS Sun   (evening sky: rises and sets AFTER Sun)
    /L indicates target LEADS Sun    (morning sky: rises and sets BEFORE Sun)

   Case B: For an observing point that does not have a rotational model (such
as a spacecraft), the "leading" and "trailing" condition is defined by the
observers' heliocentric ORBITAL motion:

    * If continuing in the observers' current direction of heliocentric
       motion would encounter the targets' apparent longitude first, followed
       by the Sun's, the target LEADS the Sun as seen by the observer.

    * If the Sun's apparent longitude would be encountered first, followed
       by the targets', the target TRAILS the Sun.

   Two other codes can be output:
    /* indicates observer is Sun-centered    (undefined)
    /? Target is aligned with Sun center     (no lead or trail)

   The S-O-T solar elongation angle is numerically the minimum separation
angle of the Sun and target in the sky in any direction. It does NOT indicate
the amount of separation in the leading or trailing directions, which would
be defined along the equator of a spherical coordinate system.

   Units: DEGREES
 
 'S-T-O' =
   The Sun-Target-Observer angle; the interior vertex angle at target center
formed by a vector from the target to the apparent center of the Sun (at
reflection time on the target) and the apparent vector from target to the
observer at print-time. Slightly different from true PHASE ANGLE (requestable
separately) at the few arcsecond level in that it includes stellar aberration
on the down-leg from target to observer.  Units: DEGREES
 
 'Sky_motion  Sky_mot_PA  RelVel-ANG' =
  Total apparent angular rate of the target in the plane-of-sky. "Sky_mot_PA"
is the position angle of the target's direction of motion in the plane-of-sky,
measured counter-clockwise from the apparent of-date north pole direction.
"RelVel-ANG" is the flight path angle of the target's relative motion with
respect to the observer's line-of-sight, in the range [-90,+90], where positive
values indicate motion away from the observer, negative values are toward the
observer:

  -90 = target is moving directly toward the observer
    0 = target is moving at right angles to the observer's line-of-sight
  +90 = target is moving directly away from the observer

UNITS:  ARCSECONDS/MINUTE, DEGREES, DEGREES
 
 'Lun_Sky_Brt  sky_SNR' =
  Sky brightness due to moonlight scattered by Earth's atmosphere at the
target's position in the sky. "sky_SNR" is the visual signal-to-noise ratio
(SNR) of the target's surface brightness relative to background sky. Output
only for topocentric Earth observers when both the Moon and target are above
the local horizon and the Sun is in astronomical twilight (or further) below
the horizon, and the target is not the Moon or Sun. If all conditions are
not met, "n.a." is output. Galactic brightness, local sky light-pollution
and weather are NOT considered. Lunar opposition surge is considered. The
value returned is accurate under ideal conditions at the approximately 8-23%
level, so is a useful but not definitive value.

  If the target-body radius is also known, "sky_SNR" is output. This is the
approximate visual signal-to-noise ratio of the target's brightness divided
by lunar sky brightness. When sky_SNR < 1, the target is dimmer than the
ideal moonlight-scattering background sky, so unlikely to be detectable at
visual wavelengths. In practice, visibility requires sky_SNR > 1 and a
detector sensitive enough to reach the target's magnitude, even if it isn't
washed out by moonlight. When relating magnitudes and brightness values,
keep in mind their logarithmic relationship m2-m1 = -2.5*log_10(b2/b1).

  UNITS: VISUAL MAGNITUDES / ARCSECOND^2, and unitless ratio

Computations by ...

    Solar System Dynamics Group, Horizons On-Line Ephemeris System
    4800 Oak Grove Drive, Jet Propulsion Laboratory
    Pasadena, CA  91109   USA

    General site: https://ssd.jpl.nasa.gov/
    Mailing list: https://ssd.jpl.nasa.gov/email_list.html
    System news : https://ssd.jpl.nasa.gov/horizons/news.html
    User Guide  : https://ssd.jpl.nasa.gov/horizons/manual.html
    Connect     : browser        https://ssd.jpl.nasa.gov/horizons/app.html#/x
                  API            https://ssd-api.jpl.nasa.gov/doc/horizons.html
                  command-line   telnet ssd.jpl.nasa.gov 6775
                  e-mail/batch   https://ssd.jpl.nasa.gov/ftp/ssd/horizons_batch.txt
                  scripts        https://ssd.jpl.nasa.gov/ftp/ssd/SCRIPTS
    Author      : Jon.D.Giorgini@jpl.nasa.gov

**********************************************************************************************************************************************************************************************************************************************************************************************
