*******************************************************************************
 Revised: April 12, 2021               Jupiter                              599
 
 PHYSICAL DATA (revised 2025-Jan-30):
  Mass x 10^26 (kg)     = 18.9819           Density (g/cm^3)  = 1.3262 +- .0003
  Equat. radius (1 bar) = 71492+-4 km       Polar radius (km)     = 66854+-10
  Vol. Mean Radius (km) = 69911+-6          Flattening            = 0.06487
  Geometric Albedo      = 0.52              Rocky core mass (Mc/M)= 0.0261
  Sid. rot. period (III)= 9h 55m 29.711 s   Sid. rot. rate (rad/s)= 0.00017585
  Mean solar day, hrs   = ~9.9259         
  GM (km^3/s^2)         = 126686531.900     GM 1-sigma (km^3/s^2) =  +- 1.2732
  Equ. grav, ge (m/s^2) = 24.79             Pol. grav, gp (m/s^2) =  28.34
  Vis. magnitude V(1,0) = -9.40
  Vis. mag. (opposition)= -2.70             Obliquity to orbit    =  3.13 deg
  Sidereal orbit period = 11.861982204 y    Sidereal orbit period = 4332.589 d
  Mean daily motion     = 0.0831294 deg/d   Mean orbit speed, km/s= 13.0697
  Atmos. temp. (1 bar)  = 165+-5 K          Escape speed, km/s    =  59.5           
  A_roche(ice)/Rp       =  2.76             Hill's sphere rad. Rp = 740
                                 Perihelion   Aphelion     Mean
  Solar Constant (W/m^2)         56           46           51
  Maximum Planetary IR (W/m^2)   13.7         13.4         13.6
  Minimum Planetary IR (W/m^2)   13.7         13.4         13.6
*******************************************************************************


*******************************************************************************
Ephemeris / WWW_USER Mon Apr  6 15:56:20 2026 Pasadena, USA      / Horizons    
*******************************************************************************
Target body name: Jupiter (599)                   {source: jup365_merged}
Center body name: Earth (399)                     {source: DE441}
Center-site name: (user defined site below)
*******************************************************************************
Start time      : A.D. 2026-Jan-01 00:00:00.0000 UT      
Stop  time      : A.D. 2026-Dec-31 00:00:00.0000 UT      
Step-size       : 3600 minutes
*******************************************************************************
Target pole/equ : IAU_JUPITER                     {West-longitude positive}
Target radii    : 71492.0, 71492.0, 66854.0 km    {Equator_a, b, pole_c}       
Center geodetic : 256.5, 20.5, 1.55               {E-lon(deg),Lat(deg),Alt(km)}
Center cylindric: 256.5, 5978.12942, 2220.17182   {E-lon(deg),Dxy(km),Dz(km)}
Center pole/equ : ITRF93                          {East-longitude positive}
Center radii    : 6378.137, 6378.137, 6356.752 km {Equator_a, b, pole_c}       
Target primary  : Sun
Vis. interferer : MOON (R_eq= 1737.400) km        {source: DE441}
Rel. light bend : Sun                             {source: jup365_merged}
Rel. lght bnd GM: 1.3271E+11 km^3/s^2                                          
Atmos refraction: NO (AIRLESS)
RA format       : HMS
Time format     : CAL 
Calendar mode   : Mixed Julian/Gregorian
EOP file        : eop.260406.p260703                                           
EOP coverage    : DATA-BASED 1962-JAN-20 TO 2026-APR-06. PREDICTS-> 2026-JUL-02
Units conversion: 1 au= 149597870.700 km, c= 299792.458 km/s, 1 day= 86400.0 s 
Table cut-offs 1: Elevation (-90.0deg=NO ),Airmass (>38.000=NO), Daylight (NO )
Table cut-offs 2: Solar elongation (  0.0,180.0=NO ),Local Hour Angle( 0.0=NO )
Table cut-offs 3: RA/DEC angular rate (     0.0=NO )                           
**********************************************************************************************************************************************************************************************************************************************************************************************
 Date__(UT)__HR:MN     R.A._____(ICRF)_____DEC  R.A.__(a-apparent)__DEC  dRA*cosD d(DEC)/dt  Azi____(a-app)___Elev    APmag   S-brt      Illu%  Ang-diam  ObsSub-LON ObsSub-LAT             delta      deldot     S-O-T /r     S-T-O  Sky_motion  Sky_mot_PA  RelVel-ANG  Lun_Sky_Brt  sky_SNR
**********************************************************************************************************************************************************************************************************************************************************************************************
$$SOE
 2026-Jan-01 00:00 *m  07 30 55.16 +22 02 03.5  07 32 29.96 +21 58 43.8  -19.0772  3.595920   59.417202 -14.429245   -2.670   5.403   99.96876  46.46728  336.671183   1.577410  4.24267637866604  -4.9069608  169.2056 /L    2.0310   0.3235528   280.67460   -16.47912         n.a.     n.a.
 2026-Jan-03 12:00  m  07 29 30.87 +22 05 26.5  07 31 05.83 +22 02 09.9  -19.8086  3.244411  284.713681  28.209832   -2.674   5.403   99.98313  46.52888  353.369855   1.580428  4.23705908349296  -2.8202147  172.0860 /L    1.4944   0.3345431   279.30175   -9.352396        4.394    1.230
 2026-Jan-06 00:00 *   07 28 05.94 +22 08 47.6  07 29 41.01 +22 05 33.8  -19.6427  3.580172   61.843618  -9.777033   -2.676   5.402   99.99313  46.56844   10.060594   1.583592  4.23345979127271  -2.2092272  174.9585 /L    0.9557   0.3327717   280.32961   -7.397493         n.a.     n.a.
 2026-Jan-08 12:00  m  07 26 39.72 +22 12 08.0  07 28 14.90 +22 08 57.6  -20.1006  3.180517  286.136982  23.142204   -2.676   5.403   99.99873  46.58693   26.746434   1.587001  4.23178030180441  -0.0769134  177.8382 /L    0.4136   0.3391783   278.99135   -0.259793        1.570    3.441
 2026-Jan-11 00:00 *   07 25 13.65 +22 15 24.9  07 26 48.90 +22 12 17.4  -19.8501  3.501242   64.032706  -5.018985   -2.676   5.403   99.99984  46.58309   43.421211   1.590381  4.23212869832331   0.5272708  179.2221 /T    0.1410   0.3359428   280.00315   1.7515424         n.a.     n.a.
 2026-Jan-13 12:00  m  07 23 47.08 +22 18 39.1  07 25 22.44 +22 15 34.8  -20.0193  3.059527  287.651268  18.108835   -2.674   5.403   99.99644  46.55776   60.087822   1.594002  4.23443162450287   2.6904861  176.3679 /T    0.6784   0.3375289   278.68922   8.8459909        0.336   16.100
 2026-Jan-16 00:00 *   07 22 21.52 +22 21 48.3  07 23 56.97 +22 18 46.8  -19.6743  3.362007   66.012956  -0.182799   -2.671   5.404   99.98860  46.51028   76.740114   1.597422  4.23875368846137   3.2730106  173.4956 /T    1.2178   0.3326576   279.69724   10.864493         n.a.     n.a.
 2026-Jan-18 12:00     07 20 56.27 +22 24 53.0  07 22 31.83 +22 21 54.8  -19.5498  2.885677  289.265133  13.127717   -2.667   5.405   99.97636  46.44146   93.381020   1.601087  4.24503512052214   5.4422516  170.6140 /T    1.7561   0.3293600   278.39661   17.844211         n.a.     n.a.
 2026-Jan-21 00:00 *m  07 19 32.88 +22 27 51.4  07 21 08.52 +22 24 56.2  -19.1094  3.168379   67.808578   4.705963   -2.661   5.407   99.95997  46.35122  110.004493   1.604392  4.25329957235486   5.9923417  167.7488 /T    2.2871   0.3228386   279.41410   19.845795         n.a.     n.a.
 2026-Jan-23 12:00     07 18 10.65 +22 30 43.5  07 19 46.36 +22 27 51.7  -18.6957  2.665651  290.988497   8.217475   -2.654   5.408   99.93950  46.24038  126.613464   1.607958  4.26349505567565   8.1304631  164.8807 /T    2.8132   0.3147471   278.11457   26.617027         n.a.     n.a.
 2026-Jan-26 00:00 *m  07 16 51.09 +22 33 28.5  07 18 26.84 +22 30 39.3  -18.1734  2.929072   69.440414   9.623802   -2.646   5.410   99.91536  46.10948  143.202308   1.611028  4.27559881675917   8.6318326  162.0334 /T    3.3288   0.3067994   279.15581   28.558759         n.a.     n.a.
 2026-Jan-28 12:00     07 15 33.45 +22 36 05.8  07 17 09.27 +22 33 19.5  -17.4922  2.410691  292.832609   3.396648   -2.636   5.412   99.88763  45.95926  159.773998   1.614381  4.28957393887778  10.7128601  159.1868 /T    3.8367   0.2942926   277.84679   35.066842         n.a.     n.a.
 2026-Jan-31 00:00 *m  07 14 19.18 +22 38 35.3  07 15 55.09 +22 35 51.6  -16.9137  2.657509   70.926058  14.550055   -2.625   5.415   99.85686  45.79081  176.323388   1.617112  4.30535394690226  11.1540744  156.3643 /T    4.3312   0.2853532   278.92941   36.906500         n.a.     n.a.
 2026-Feb-02 12:00  m  07 13 07.48 +22 40 56.2  07 14 43.44 +22 38 15.5  -15.9967  2.135206  294.811027  -1.316718   -2.614   5.417   99.82313  45.60467  192.853559   1.620143  4.32292671739488  13.1614347  153.5451 /T    4.8155   0.2689756   277.60280   43.116212         n.a.     n.a.
 2026-Feb-05 00:00 *   07 11 59.74 +22 43 09.1  07 13 35.74 +22 40 30.8  -15.3766  2.366497   72.279940  19.467409   -2.601   5.420   99.78709  45.40226  209.359738   1.622419  4.34219852177233  13.5524153  150.7519 /T    5.2843   0.2592940   278.74932   44.876445         n.a.     n.a.
 2026-Feb-07 12:00  m  07 10 55.15 +22 45 12.7  07 12 31.16 +22 42 37.1  -14.2431  1.848281  296.939224  -5.905297   -2.587   5.423   99.74882  45.18395  225.844885   1.625000  4.36317806829278  15.4719701  147.9640 /T    5.7406   0.2393755   277.39377   50.783870         n.a.     n.a.
 2026-Feb-10 00:00 *   07 09 55.04 +22 47 08.3  07 11 31.08 +22 44 34.7  -13.5930  2.063257   73.513982  24.360796   -2.573   5.426   99.70903  44.95149  242.304669   1.626700  4.38574213520423  15.8118247  145.2039 /T    6.1794   0.2291443   278.63097   52.463890         n.a.     n.a.
 2026-Feb-12 12:00  m  07 08 58.63 +22 48 54.2  07 10 34.69 +22 46 22.8  -12.2550  1.553949  299.234331 -10.351499   -2.557   5.429   99.66780  44.70504  258.741848   1.628713  4.40991936244568  17.6281708  142.4514 /T    6.6038   0.2058850   277.22663   58.093036         n.a.     n.a.
 2026-Feb-15 00:00 *   07 08 07.14 +22 50 32.1  07 09 43.25 +22 48 02.6  -11.5898  1.751413   74.637040  29.217037   -2.541   5.432   99.62589  44.44677  275.152646   1.629745  4.43554447353999  17.9070822  139.7286 /T    7.0089   0.1953565   278.59333   59.674498         n.a.     n.a.
 2026-Feb-17 12:00     07 07 19.80 +22 51 59.8  07 08 55.90 +22 49 32.5  -10.0775  1.256992  301.715323 -14.637379   -2.524   5.435   99.58333  44.17662  291.539707   1.631107  4.46266940763966  19.6048780  137.0156 /T    7.3978   0.1692604   277.10990   65.026399         n.a.     n.a.
 2026-Feb-20 00:00 *m  07 06 37.76 +22 53 19.8  07 08 13.87 +22 50 54.0  -9.40335  1.434151   75.655403  34.025050   -2.506   5.438   99.54092  43.89702  307.899751   1.631409  4.49109356267422  19.8142565  134.3343 /T    7.7661   0.1585348   278.67164   66.521245         n.a.     n.a.
 2026-Feb-22 12:00     07 06 00.23 +22 54 29.3  07 07 36.30 +22 52 05.1  -7.75326  0.959934  304.402541 -18.744977   -2.488   5.442   99.49863  43.60781  324.235404   1.632070  4.52087898435549  21.3735665  131.6650 /T    8.1169   0.1302077   277.05790   71.586318         n.a.     n.a.
 2026-Feb-25 00:00 *m  07 05 28.23 +22 55 31.4  07 07 04.32 +22 53 08.1  -7.09360  1.116949   76.572877  38.775885   -2.470   5.445   99.45725  43.31159  340.543994   1.631613  4.55179856386905  21.5116988  129.0288 /T    8.4461   0.1196832   278.94825   72.979323         n.a.     n.a.
 2026-Feb-27 12:00     07 05 00.97 +22 56 22.9  07 06 37.05 +22 54 00.9  -5.34143  0.667595  307.318042 -22.656198   -2.451   5.448   99.41669  43.00798  356.828045   1.631539  4.58393162965940  22.9177612  126.4060 /T    8.7570   0.0897164   277.12413   77.761204         n.a.     n.a.
 2026-Mar-02 00:00 *m  07 04 39.34 +22 57 07.3  07 06 15.44 +22 54 46.1  -4.72092  0.805457   77.389536  43.463170   -2.432   5.451   99.37767  42.69968   13.085571   1.630291  4.61702877931017  22.9936374  123.8168 /T    9.0460   0.0798190   279.68226   79.035463         n.a.     n.a.
 2026-Mar-04 12:00 Am  07 04 22.56 +22 57 41.3  07 05 58.59 +22 55 21.1  -2.89794  0.384678  310.485545 -26.352694   -2.413   5.454   99.34006  42.38596   29.318836   1.629432  4.65120108783352  24.2537178  121.2412 /T    9.3163   0.0487226   277.56135   83.556005         n.a.     n.a.
 2026-Mar-07 00:00 *   07 04 11.43 +22 58 08.6  07 05 47.45 +22 55 48.7  -2.32124  0.501439   78.101512  48.082780   -2.393   5.457   99.30454  42.06955   45.526286   1.627342  4.68618318885809  24.2762989  118.6988 /T    9.5645   0.0395798   282.18982   84.723408         n.a.     n.a.
 2026-Mar-09 12:00 Am  07 04 05.22 +22 58 25.5  07 05 41.17 +22 56 05.9  -0.44370  0.109306  313.928485 -29.815177   -2.374   5.459   99.27093  41.74950   61.709918   1.625642  4.72210779424937  25.3905937  116.1700 /T    9.7939   0.0076161   283.83928   89.019096         n.a.     n.a.
 2026-Mar-12 00:00 *   07 04 04.64 +22 58 36.0  07 05 40.59 +22 56 16.3  0.089077  0.202119   78.698992  52.631649   -2.354   5.462   99.23983  41.42852   77.868578   1.622666  4.75869345194948  25.3671635  113.6741 /T   10.0012   0.0036813   23.783815   89.521725         n.a.     n.a.
 2026-Mar-14 12:00 Am  07 04 09.01 +22 58 36.1  07 05 44.91 +22 56 16.5  2.005333  -0.16239  317.668548 -33.022520   -2.335   5.464   99.21107  41.10553   94.003943   1.620084  4.79608487029887  26.3253412  111.1919 /T   10.1896   0.0335316   94.629721   85.776714         n.a.     n.a.
 2026-Mar-17 00:00 *   07 04 18.94 +22 58 30.0  07 05 54.83 +22 56 10.1  2.488524  -0.09555   79.162954  57.107468   -2.315   5.466   99.18515  40.78329  110.115419   1.616204  4.83398034829220  26.2518964  108.7425 /T   10.3562   0.0415060   92.198867   84.721702         n.a.     n.a.
 2026-Mar-19 12:00 A   07 04 33.81 +22 58 13.4  07 06 09.59 +22 55 53.2  4.424874  -0.43317  321.723209 -35.952322   -2.296   5.468   99.16187  40.46054  126.204383   1.612726  4.87254082840498  27.0529372  106.3071 /T   10.5039   0.0741004   95.591146   80.835567         n.a.     n.a.
 2026-Mar-22 00:00 *m  07 04 54.11 +22 57 50.7  07 06 29.87 +22 55 29.6  4.851125  -0.39357   79.460285  61.508857   -2.276   5.470   99.14165  40.14008  142.270742   1.607948  4.91144135309123  26.9231876  103.9044 /T   10.6303   0.0811177   94.638263   79.858573         n.a.     n.a.
 2026-Mar-24 12:00 A   07 05 19.25 +22 57 17.4  07 06 54.93 +22 54 55.4  6.777567  -0.70333  326.102783 -38.581426   -2.257   5.471   99.12426  39.82050  158.315719   1.603581  4.95085803634951  27.5627604  101.5160 /T   10.7382   0.1135660   95.924551   76.148475         n.a.     n.a.
 2026-Mar-27 00:00 *m  07 05 49.62 +22 56 38.0  07 07 25.30 +22 54 14.8  7.141697  -0.69097   79.531199  65.835296   -2.238   5.473   99.11000  39.50451  174.339665   1.597914  4.99045922811100  27.3877382   99.1601 /T   10.8256   0.1195841   95.526219   75.243827         n.a.     n.a.
 2026-Mar-29 12:00 A   07 06 24.66 +22 55 48.1  07 08 00.25 +22 53 23.8  9.035021  -0.97199  330.807817 -40.886182   -2.220   5.474   99.09864  39.19058  190.343551   1.592654  5.03043425782359  27.8703092   96.8180 /T   10.8950   0.1514526   96.140284   71.714575         n.a.     n.a.
 2026-Apr-01 00:00 *   07 07 04.65 +22 54 52.2  07 08 40.20 +22 52 26.5  9.331663  -0.98598   79.262486  70.086617   -2.202   5.475   99.09039  38.88125  206.328119   1.586088  5.07045499647973  27.6664525   94.5073 /T   10.9450   0.1563935   96.031454   70.890586         n.a.     n.a.
 2026-Apr-03 12:00 Nm  07 07 49.14 +22 53 45.7  07 09 24.57 +22 51 18.4  11.19065  -1.24059  335.824513 -42.843807   -2.184   5.476   99.08502  38.57485  222.293905   1.579907  5.11072990238448  28.0020582   92.2094 /T   10.9777   0.1876534   96.325933   67.510563         n.a.     n.a.
 2026-Apr-06 00:00 *   07 08 38.33 +22 52 33.2  07 10 13.73 +22 50 04.0  11.42355  -1.28167   78.422284  74.260982   -2.166   5.476   99.08267  38.27385  238.242005   1.572423  5.15092202178893  27.7768855   89.9413 /T   10.9920   0.1915870   96.401554   66.758731         n.a.     n.a.
 2026-Apr-08 12:00 Nm  07 09 31.82 +22 51 10.0  07 11 07.12 +22 48 38.9  13.24186  -1.51187  341.120588 -44.433365   -2.149   5.476   99.08312  37.97648  254.172577   1.565301  5.19125627593732  27.9722853   87.6849 /T   10.9897   0.2221315   96.513466   63.512209         n.a.     n.a.
 2026-Apr-11 00:00 *   07 10 29.76 +22 49 40.7  07 12 05.05 +22 47 07.5  13.42237  -1.58186   76.458068  78.350672   -2.132   5.477   99.08643  37.68514  270.086978   1.556889  5.23138961352873  27.7254977   85.4572 /T   10.9698   0.2252543   96.721457   62.807680         n.a.     n.a.
 2026-Apr-13 12:00 Nm  07 11 31.83 +22 48 00.5  07 13 06.99 +22 45 25.1  15.19398  -1.78974  346.643368 -45.637815   -2.115   5.477   99.09243  37.39804  285.985098   1.548822  5.27154930882343  27.7805820   83.2402 /T   10.9340   0.2549838   96.718073   59.677791         n.a.     n.a.
 2026-Apr-16 00:00 *   07 12 38.09 +22 46 14.0  07 14 13.20 +22 43 36.2  15.32395  -1.88855   71.701940  82.327069   -2.099   5.476   99.10110  37.11753  301.868597   1.539493  5.31138913431787  27.5127732   81.0509 /T   10.8815   0.2573315   97.025795   59.014841         n.a.     n.a.
 2026-Apr-18 12:00 N   07 13 48.29 +22 44 16.3  07 15 23.27 +22 41 35.9  17.04206  -2.07582  352.320901 -46.446769   -2.084   5.476   99.11227  36.84181  317.737075   1.530495  5.35113796939086  27.4216406   78.8719 /T   10.8139   0.2861337   96.944757   55.982332         n.a.     n.a.
 2026-Apr-21 00:00 *m  07 15 02.40 +22 42 12.0  07 16 37.36 +22 39 28.8  17.11748  -2.20188   56.342087  86.039196   -2.069   5.475   99.12585  36.57319  333.592624   1.520275  5.39044104907403  27.1296336   76.7200 /T   10.7307   0.2876420   97.329909   55.361105         n.a.     n.a.
 2026-Apr-23 12:00 N   07 16 20.20 +22 39 56.5  07 17 55.06 +22 37 10.4  18.76375  -2.36724  358.067333 -46.857826   -2.054   5.475   99.14168  36.30984  349.434625   1.510364  5.42953789944868  26.9028233   74.5780 /T   10.6331   0.3152082   97.190450   52.440103         n.a.     n.a.
 2026-Apr-26 00:00 *m  07 17 41.60 +22 37 34.2  07 19 16.42 +22 34 45.3  18.78426  -2.51818  342.889645  87.822992   -2.039   5.474   99.15962  36.05390    5.265407   1.499266  5.46808074827899  26.5972066   72.4622 /T   10.5212   0.3158716   97.635419   51.868209         n.a.     n.a.
 2026-Apr-28 12:00 N   07 19 06.44 +22 35 00.6  07 20 41.11 +22 32 08.7  20.35374  -2.66181    3.791008 -46.877318   -2.026   5.473   99.17953  35.80352   21.084099   1.488439  5.50631971468163  26.2476447   70.3553 /T   10.3959   0.3421176   97.450698   49.055845         n.a.     n.a.
 2026-May-01 00:00 *   07 20 34.56 +22 32 20.1  07 22 09.17 +22 29 25.0  20.32941  -2.83690  294.460220  85.024217   -2.012   5.472   99.20121  35.56069   36.893142   1.476454  5.54392042423395  25.9472191   68.2731 /T   10.2572   0.3421066   97.944138   48.536585         n.a.     n.a.
 2026-May-03 12:00 Cm  07 22 05.90 +22 29 28.2  07 23 40.38 +22 26 29.7  21.82811  -2.96142    9.402646 -46.520577   -1.999   5.471   99.22457  35.32358   52.691303   1.464698  5.58113323788759  25.4781186   66.1984 /T   10.1061   0.3671347   97.726159   45.808197         n.a.     n.a.
 2026-May-06 00:00 *   07 23 40.24 +22 26 29.3  07 25 14.69 +22 23 27.3  21.76476  -3.15997  284.275341  81.362124   -1.986   5.469   99.24939  35.09411   68.481258   1.451824  5.61762716724365  25.1825308   64.1469 /T    9.9427   0.3665492   98.260914   45.332970         n.a.     n.a.
 2026-May-08 12:00 Cm  07 25 17.60 +22 23 18.7  07 26 51.92 +22 20 13.2  23.19782  -3.26786   14.823591 -45.810301   -1.974   5.468   99.27561  34.87047   84.261460   1.439140  5.65365539224434  24.6020138   62.1016 /T    9.7675   0.3904477   98.018463   42.674528         n.a.     n.a.
 2026-May-11 00:00 *   07 26 57.71 +22 20 00.8  07 28 31.98 +22 16 51.9  23.10070  -3.48901  280.641850  77.618894   -1.963   5.466   99.30296  34.65454  100.034775   1.425391  5.68888391710741  24.3057149   60.0781 /T    9.5810   0.3893783   98.588742   42.229757         n.a.     n.a.
 2026-May-13 12:00 Cm  07 28 40.63 +22 16 31.2  07 30 14.75 +22 13 18.6  24.46334  -3.58091   19.992378 -44.775016   -1.951   5.465   99.33141  34.44455  115.799474   1.411796  5.72356515710642  23.6151012   58.0597 /T    9.3833   0.4120672   98.327735   39.634368         n.a.     n.a.
 2026-May-16 00:00 *m  07 30 26.06 +22 12 54.0  07 32 00.11 +22 09 37.6  24.34111  -3.82409  279.017652  73.878681   -1.940   5.463   99.36068  34.24231  131.558568   1.397197  5.75737033057666  23.3166207   56.0622 /T    9.1752   0.4106611   98.928421   39.207381         n.a.     n.a.
 2026-May-18 12:00 C   07 32 14.10 +22 09 05.0  07 33 48.03 +22 05 44.5  25.62549  -3.89972   24.867719 -43.446698   -1.930   5.461   99.39076  34.04616  147.310209   1.382719  5.79053931839641  22.5133239   54.0691 /T    8.9567   0.4320087   98.652950   36.666452         n.a.     n.a.
 2026-May-21 00:00 *m  07 34 04.37 +22 05 08.2  07 35 38.27 +22 01 43.9  25.47099  -4.16076  278.256650  70.159552   -1.920   5.460   99.42132  33.85780  163.057650   1.367300  5.82275382334123  22.2145011   52.0964 /T    8.7289   0.4301432   99.277487   36.267063         n.a.     n.a.
 2026-May-23 12:00 C   07 35 57.03 +22 00 59.7  07 37 30.79 +21 57 31.4  26.67267  -4.21929   29.427905 -41.857599   -1.910   5.458   99.45237  33.67560  178.798853   1.351956  5.85425713102615  21.3101057   50.1276 /T    8.4914   0.4500721   98.989012   33.783461         n.a.     n.a.
 2026-May-26 00:00 *m  07 37 51.64 +21 56 43.4  07 39 25.32 +21 53 11.2  26.48837  -4.49529  277.944095  66.465387   -1.901   5.456   99.48357  33.50114  194.537200   1.335725  5.88474401640749  21.0236865   48.1783 /T    8.2456   0.4477852   99.631788   33.423411         n.a.     n.a.
 2026-May-28 12:00 C   07 39 48.41 +21 52 15.5  07 41 21.93 +21 48 39.1  27.60781  -4.53705   33.667984 -40.039011   -1.892   5.455   99.51496  33.33281  210.270418   1.319517  5.91446227219240  20.0335322   46.2317 /T    7.9911   0.4663022   99.332525   31.000155         n.a.     n.a.
 2026-May-31 00:00 *   07 41 46.88 +21 47 39.7  07 43 20.34 +21 43 59.1  27.40684  -4.82799  277.894490  62.796002   -1.884   5.453   99.54622  33.17206  226.001878   1.302477  5.94312251279248  19.7650530   44.3033 /T    7.7291   0.4638140   99.990731   30.672904         n.a.     n.a.
 2026-Jun-02 12:00 Cm  07 43 47.33 +21 42 52.4  07 45 20.66 +21 39 07.4  28.45128  -4.85532   37.594820 -38.020117   -1.876   5.451   99.57738  33.01741  241.729145   1.285410  5.97096076783155  18.6920511   42.3763 /T    7.4589   0.4810433   99.684458   28.293378         n.a.     n.a.
 2026-Jun-05 00:00 *   07 45 49.26 +21 37 57.1  07 47 22.53 +21 34 08.1  28.23763  -5.15969  278.013856  59.150121   -1.868   5.449   99.60814  32.87020  257.455658   1.267578  5.99770032829366  18.4429767   40.4660 /T    7.1821   0.4784194   100.35506   27.997521         n.a.     n.a.
 2026-Jun-07 12:00 Cm  07 47 53.02 +21 32 50.4  07 49 26.14 +21 28 57.1  29.21293  -5.17469   41.223457 -35.827273   -1.861   5.448   99.63856  32.72905  273.178791   1.249673  6.02356682296474  17.2861584   38.5560 /T    6.8978   0.4944617   100.04501   25.643685         n.a.     n.a.
 2026-Jun-10 00:00 *   07 49 58.05 +21 27 35.6  07 51 31.08 +21 23 38.2  28.98964  -5.49086  278.249504  55.526026   -1.854   5.446   99.66832  32.59528  288.902141   1.231078  6.04828696492209  17.0467001   36.6614 /T    6.6076   0.4917511   100.72520   25.364254         n.a.     n.a.
 2026-Jun-12 12:00 Cm  07 52 04.74 +21 22 09.6  07 53 37.62 +21 18 07.6  29.89145  -5.49320   44.574389 -33.483931   -1.847   5.444   99.69750  32.46757  304.622995   1.212370  6.07207807615971  15.8125419   34.7661 /T    6.3103   0.5065335   100.41316   23.036676         n.a.     n.a.
 2026-Jun-15 00:00 *m  07 54 12.51 +21 16 35.4  07 55 45.33 +21 12 29.0  29.65966  -5.81886  278.569882  51.921635   -1.841   5.443   99.72579  32.34719  320.345019   1.193049  6.09467517696371  15.5751448   32.8854 /T    6.0080   0.5037512   101.09974   22.762794         n.a.     n.a.
 2026-Jun-17 12:00 C   07 56 21.76 +21 10 50.2  07 57 54.45 +21 06 39.2  30.47798  -5.80640   47.670719 -31.010127   -1.835   5.441   99.75326  32.23292  336.065543   1.173573  6.11628269766271  14.2649896   31.0035 /T    5.6993   0.5171025   100.78624   20.457719         n.a.     n.a.
 2026-Jun-20 00:00 *m  07 58 31.85 +21 04 57.0  08 00 04.46 +21 00 41.9  30.23605  -6.13767  278.956258  48.334482   -1.829   5.440   99.77962  32.12588  351.788277   1.153553  6.13666011615533  14.0436519   29.1357 /T    5.3863   0.5142119   101.47467   20.208301         n.a.     n.a.
 2026-Jun-22 12:00 C   08 00 43.22 +20 58 53.2  08 02 15.68 +20 54 33.6  30.97053  -6.10991   50.536428 -28.422289   -1.824   5.439   99.80494  32.02493    7.510419   1.133325  6.15600471432628  12.6690876   27.2662 /T    5.0677   0.5261243   101.16008   17.927055         n.a.     n.a.
 2026-Jun-25 00:00 *m  08 02 55.23 +20 52 41.7  08 04 27.58 +20 48 17.8  30.72223  -6.44476  279.396596  44.761846   -1.819   5.438   99.82895  31.93108   23.235690   1.112620  6.17409767667708  12.4704365   25.4100 /T    4.7456   0.5231821   101.84744   17.707849         n.a.     n.a.
 2026-Jun-27 12:00 C   08 05 08.34 +20 46 19.9  08 06 40.56 +20 41 51.3  31.38159  -6.40408   53.195118 -25.734396   -1.815   5.436   99.85174  31.84324   38.961138   1.091653  6.19112988202412  11.0435187   23.5511 /T    4.4186   0.5338062   101.53405   15.448260         n.a.     n.a.
 2026-Jun-30 00:00 *   08 07 21.92 +20 39 50.6  08 08 54.06 +20 35 17.7  31.13305  -6.74176  279.883319  41.201428   -1.810   5.435   99.87306  31.76236   54.690455   1.070282  6.20689425205680  10.8659084   21.7043 /T    4.0887   0.5309107   102.21856   15.253427         n.a.     n.a.
 2026-Jul-02 12:00 Cm  08 09 36.46 +20 33 11.5  08 11 08.46 +20 28 34.0  31.71851  -6.68906   55.668670 -22.958205   -1.806   5.435   99.89300  31.68745   70.420654   1.048604  6.22156864611821   9.3890366   19.8535 /T    3.7544   0.5402693   101.90852   13.006474         n.a.     n.a.
 2026-Jul-05 00:00 *   08 11 51.28 +20 26 24.9  08 13 23.19 +20 21 43.2  31.47748  -7.02926  280.411869  37.651297   -1.803   5.434   99.91134  31.61937   86.155380   1.026601  6.23496424825892   9.2306086   18.0137 /T    3.4179   0.5375464   102.58823   12.830190         n.a.     n.a.
 2026-Jul-07 12:00 Cm  08 14 06.95 +20 19 28.8  08 15 38.69 +20 14 42.7  31.99162  -6.96575   57.977500 -20.103663   -1.799   5.433   99.92815  31.55726  101.891628   1.004252  6.24723629328017   7.7035379   16.1688 /T    3.0774   0.5456865   102.28366   10.583615         n.a.     n.a.
 2026-Jul-10 00:00 *   08 16 22.75 +20 12 25.6  08 17 54.38 +20 07 35.1  31.75541  -7.30555  280.979303  34.109705   -1.796   5.432   99.94325  31.50192  117.633093   0.981660  6.25820942370958   7.5552152   14.3337 /T    2.7354   0.5430820   102.95586   10.415069         n.a.     n.a.
 2026-Jul-12 12:00 Cm  08 18 39.24 +20 05 13.3  08 20 10.76 +20 00 18.1  32.19605  -7.23093   60.140514 -17.179117   -1.794   5.432   99.95671  31.45260  133.376779   0.958685  6.26802371677244   5.9789636   12.4929 /T    2.3899   0.5499677   102.65805   8.1600143         n.a.     n.a.
 2026-Jul-15 00:00 *m  08 20 55.70 +19 57 54.1  08 22 27.14 +19 52 54.7  31.96092  -7.56670  281.584469  30.574987   -1.791   5.432   99.96837  31.41005  149.126452   0.935549  6.27651470004274   5.8359465   10.6614 /T    2.0436   0.5474069   103.31945   7.9933791         n.a.     n.a.
 2026-Jul-17 12:00 C   08 23 12.69 +19 50 26.7  08 24 43.99 +19 45 22.8  32.31495  -7.47694   62.174682 -14.190908   -1.789   5.431   99.97828  31.37357  164.879207   0.911986  6.28381333637103   4.2233639    8.8242 /T    1.6946   0.5528111   103.02769   5.7379636         n.a.     n.a.
 2026-Jul-20 00:00 *m  08 25 29.44 +19 42 52.8  08 27 00.62 +19 37 44.9  32.08350  -7.80629  282.227910  27.045121   -1.787   5.431   99.98632  31.34377  180.638681   0.888331  6.28978727765169   4.0978535    6.9965 /T    1.3456   0.5503254   103.67501   5.5881305         n.a.     n.a.
 2026-Jul-22 12:00 N   08 27 46.56 +19 35 11.5  08 29 17.60 +19 29 59.0  32.35549  -7.70257   64.095685 -11.143894   -1.785   5.431   99.99255  31.32004  196.401965   0.864203  6.29455281872151   2.4599234    5.1644 /T    0.9949   0.5543283   103.39063   3.3323199         n.a.     n.a.
 2026-Jul-25 00:00 *m  08 30 03.28 +19 27 24.2  08 31 34.22 +19 22 07.5  32.13165  -8.02443  282.910759  23.518308   -1.784   5.432   99.99688  31.30288  212.172586   0.840054  6.29800386225482   2.3607974    3.3461 /T    0.6458   0.5519748   104.02200   3.2100114         n.a.     n.a.
 2026-Jul-27 12:00 N   08 32 20.24 +19 19 30.0  08 33 51.06 +19 14 08.8  32.33001  -7.90970   65.917495  -8.042260   -1.783   5.432   99.99934  31.29177  227.947563   0.815393  6.30024011114608   0.7001158    1.5487 /T    0.3005   0.5547253   103.74765   0.9438893         n.a.     n.a.
 2026-Jul-30 00:00 *   08 34 36.65 +19 11 30.4  08 36 07.34 +19 06 05.8  32.11693  -8.22316  283.635353  19.993322   -1.782   5.432   99.99990  31.28715  243.730404   0.790789  6.30116884679563   0.6188181    0.5941 /L    0.1120   0.5525490   104.36139   0.8366922         n.a.     n.a.
 2026-Aug-01 12:00 Nm  08 36 53.16 +19 03 24.6  08 38 23.72 +18 57 55.3  32.24249  -8.09811   67.652740  -4.889299   -1.782   5.433   99.99857  31.28862  259.518174   0.765643  6.30087411443546  -1.0560539    2.2482 /L    0.4283   0.5540652   104.09893   -1.439189         n.a.     n.a.
 2026-Aug-04 00:00 *   08 39 09.01 +18 55 13.8  08 40 39.45 +18 49 40.5  32.04289  -8.40220  284.403872  16.469340   -1.782   5.433   99.99536  31.29654  275.314269   0.740633  6.29927944000224  -1.1279397    4.0608 /L    0.7754   0.5521029   104.69315   -1.542503         n.a.     n.a.
 2026-Aug-06 12:00 Nm  08 41 24.84 +18 46 57.6  08 42 55.14 +18 41 19.9  32.09278  -8.26639   69.313059  -1.688275   -1.782   5.434   99.99025  31.31062  291.115896   0.715058  6.29644538935330  -2.8193296    5.8972 /L    1.1259   0.5523383   104.44414   -3.842377         n.a.     n.a.
 2026-Aug-09 00:00 *   08 43 39.85 +18 38 36.9  08 45 10.06 +18 32 55.2  31.90533  -8.55860  285.220244  12.945607   -1.783   5.434   99.98331  31.33117  306.926398   0.689699  6.29231647713421  -2.8835694    7.7340 /L    1.4750   0.5505552   105.01606   -3.944739         n.a.     n.a.
 2026-Aug-11 12:00 Nm  08 45 54.71 +18 30 11.7  08 47 24.82 +18 24 25.7  31.87304  -8.40997   70.909172   1.558760   -1.784   5.435   99.97449  31.35801  322.743097   0.663748  6.28693126751608  -4.5885571    9.5831 /L    1.8246   0.5493983   104.78109   -6.277165         n.a.     n.a.
 2026-Aug-14 00:00 *m  08 48 08.58 +18 21 42.7  08 49 38.58 +18 15 53.0  31.68997  -8.68538  286.089098   9.421540   -1.785   5.436   99.96392  31.39133  338.569328   0.638084  6.28025682374952  -4.6463783   11.4298 /L    2.1714   0.5476439   105.32688   -6.382408         n.a.     n.a.
 2026-Aug-16 12:00 N   08 50 22.13 +18 13 10.3  08 51 51.99 +18 07 16.5  31.57167  -8.52227   72.450946   4.850643   -1.787   5.437   99.95152  31.43103  354.402500   0.611798  6.27232463796435  -6.3464911   13.2879 /L    2.5178   0.5450278   105.10606   -8.736657         n.a.     n.a.
 2026-Aug-19 00:00 *m  08 52 34.53 +18 04 34.9  08 54 04.27 +17 58 37.4  31.39611  -8.77975  287.016195   5.896402   -1.789   5.438   99.93746  31.47718   10.245761   0.585863  6.26312852080015  -6.3877632   15.1437 /L    2.8605   0.5433434   105.62337   -8.832069         n.a.     n.a.
 2026-Aug-21 12:00 N   08 54 46.44 +17 55 57.2  08 56 16.08 +17 49 55.5  31.19259  -8.60281   73.947968   8.186568   -1.791   5.440   99.92167  31.52976   26.096600   0.559280  6.25268460921110  -8.0746682   17.0110 /L    3.2021   0.5392860   105.41868   -11.21051         n.a.     n.a.
 2026-Aug-24 00:00 *m  08 56 57.07 +17 47 17.3  08 58 26.60 +17 41 12.0  31.03149  -8.84317  288.008300   2.370095   -1.793   5.441   99.90434  31.58871   41.957962   0.533117  6.24101543042621  -8.0952061   18.8766 /L    3.5394   0.5377823   105.90618   -11.28938         n.a.     n.a.
 2026-Aug-26 12:00 N   08 59 07.07 +17 38 36.0  09 00 36.51 +17 32 26.8  30.74973  -8.65524   75.409158  11.565843   -1.796   5.443   99.88539  31.65416   57.827410   0.506293  6.22811208210698  -9.7658438   20.7545 /L    3.8750   0.5324103   105.72051   -13.69799         n.a.     n.a.
 2026-Aug-29 00:00 *   09 01 15.65 +17 29 53.4  09 02 44.97 +17 23 40.9  30.60059  -8.87630  289.073385  -1.156776   -1.799   5.444   99.86503  31.72596   73.707795   0.479960  6.21401581236323  -9.7724905   22.6318 /L    4.2056   0.5310327   106.17584   -13.77110         n.a.     n.a.
 2026-Aug-31 12:00 Nm  09 03 23.48 +17 21 10.4  09 04 52.68 +17 14 54.0  30.24395  -8.67896   76.843450  14.987846   -1.802   5.446   99.84318  31.80435   89.596761   0.452959  6.19870051509682 -11.4236193   24.5225 /L    4.5340   0.5244100   106.01163   -16.21518         n.a.     n.a.
 2026-Sep-03 00:00 *   09 05 29.76 +17 12 26.8  09 06 58.84 +17 06 07.0  30.10700  -8.87942  290.220541  -4.683147   -1.806   5.448   99.82009  31.88914  105.497082   0.426522  6.18221823316596 -11.4284189   26.4138 /L    4.8569   0.5231517   106.43230   -16.29958         n.a.     n.a.
 2026-Sep-05 12:00 Nm  09 07 35.14 +17 03 43.9  09 09 04.15 +16 57 20.2  29.66456  -8.66913   78.260078  18.452085   -1.810   5.450   99.79566  31.98068  121.406643   0.399417  6.16452236610291 -13.0551103   28.3196 /L    5.1768   0.5150890   106.29040   -18.78931         n.a.     n.a.
 2026-Sep-08 00:00 *   09 09 38.82 +16 55 01.4  09 11 07.75 +16 48 34.4  29.53570  -8.84579  291.460858  -8.207430   -1.814   5.452   99.77020  32.07868  137.328066   0.372939  6.14569068358775 -13.0596715   30.2271 /L    5.4905   0.5138649   106.67268   -18.89061         n.a.     n.a.
 2026-Sep-10 12:00 N   09 11 41.43 +16 46 20.8  09 13 10.27 +16 39 50.4  29.00056  -8.61984   79.668273  21.958753   -1.819   5.454   99.74357  32.18359  153.259468   0.345788  6.12565681645710 -14.6540754   32.1499 /L    5.8005   0.5042415   106.55353   -21.43313         n.a.     n.a.
 2026-Sep-13 00:00 *m  09 13 42.15 +16 37 42.0  09 15 10.87 +16 31 08.4  28.87382  -8.76872  292.808015 -11.727623   -1.824   5.456   99.71614  32.29497  169.203328   0.319320  6.10453030138333 -14.6450319   34.0750 /L    6.1035   0.5029324   106.89306   -21.53924         n.a.     n.a.
 2026-Sep-15 12:00 N   09 15 41.61 +16 29 06.4  09 17 10.25 +16 22 29.3  28.24757  -8.52770   81.078220  25.508559   -1.830   5.458   99.68777  32.41335  185.157820   0.292176  6.08223529228777 -16.1925654   36.0157 /L    6.4020   0.4917787   106.79861   -24.12902         n.a.     n.a.
 2026-Sep-18 00:00 *m  09 17 39.03 +16 20 33.7  09 19 07.57 +16 13 53.5  28.12647  -8.64906  294.278017 -15.240918   -1.835   5.461   99.65883  32.53817  201.125233   0.265768  6.05890381537348 -16.1687769   37.9591 /L    6.6926   0.4904376   107.09299   -24.23825         n.a.     n.a.
 2026-Sep-20 12:00 N   09 19 35.01 +16 12 05.6  09 21 03.50 +16 05 22.0  27.41166  -8.39447   82.501191  29.102037   -1.842   5.463   99.62920  32.67005  217.103887   0.238692  6.03444540980507 -17.6573839   39.9188 /L    6.9779   0.4778036   107.02654   -26.87151         n.a.     n.a.
 2026-Sep-23 00:00 *m  09 21 28.80 +16 03 41.5  09 22 57.20 +15 56 55.0  27.29869  -8.48849  295.890102 -18.743028   -1.848   5.465   99.59926  32.80832  233.095813   0.212411  6.00901428136206 -17.6196679   41.8819 /L    7.2548   0.4764664   107.27302   -26.98452         n.a.     n.a.
 2026-Sep-25 12:00 N   09 23 20.99 +15 55 23.4  09 24 49.32 +15 48 33.8  26.49764  -8.22167   83.950043  32.739595   -1.855   5.468   99.56888  32.95373  249.099527   0.185482  5.98249812755645 -19.0490666   43.8623 /L    7.5255   0.4623975   107.23804   -29.67206         n.a.     n.a.
 2026-Sep-28 00:00 *   09 25 10.84 +15 47 10.3  09 26 39.06 +15 40 17.9  26.39310  -8.28773  297.667052 -22.228155   -1.862   5.470   99.53845  33.10549  265.116883   0.159407  5.95507298389886 -18.9989889   45.8472 /L    7.7871   0.4610623   107.43287   -29.79179         n.a.     n.a.
 2026-Sep-30 12:00 Nm  09 26 58.93 +15 39 04.4  09 28 27.10 +15 32 08.9  25.50715  -8.00950   85.440548  36.421445   -1.870   5.472   99.50785  33.26452  281.146552   0.132711  5.92660440491658 -20.3665540   47.8507 /L    8.0419   0.4455854   107.43282   -32.54116         n.a.     n.a.
 2026-Oct-03 00:00 *   09 28 44.53 +15 31 04.8  09 30 12.63 +15 24 06.4  25.40335  -8.04385  299.635972 -25.688646   -1.878   5.475   99.47750  33.42992  297.190301   0.106925  5.89728050904480 -20.3179468   49.8600 /L    8.2867   0.4441076   107.57015   -32.69440         n.a.     n.a.
 2026-Oct-05 12:00 Nm  09 30 28.17 +15 23 13.8  09 31 56.26 +15 16 12.6  24.42369  -7.75079   86.992059  40.147776   -1.886   5.477   99.44727  33.60272  313.247083   0.080545  5.86695468185543 -21.6138562   51.8891 /L    8.5239   0.4270674   107.60669   -35.51510         n.a.     n.a.
 2026-Oct-08 00:00 *   09 32 09.13 +15 15 30.6  09 33 37.14 +15 08 26.8  24.31463  -7.75004  301.830310 -29.114546   -1.895   5.479   99.41761  33.78190  329.318476   0.055117  5.83583649575331 -21.5617280   53.9250 /L    8.7502   0.4253314   107.67915   -35.70427         n.a.     n.a.
 2026-Oct-10 12:00 N   09 33 47.91 +15 07 57.7  09 35 15.87 +15 00 51.3  23.23099  -7.43804   88.629232  43.919184   -1.905   5.482   99.38839  33.96855  345.403699   0.029124  5.80376943354718 -22.7719929   55.9817 /L    8.9678   0.4065448   107.75391   -38.60656         n.a.     n.a.
 2026-Oct-13 00:00 *m  09 35 23.80 +15 00 34.1  09 36 51.69 +14 53 25.2  23.11791  -7.40212  304.290535 -32.493199   -1.914   5.484   99.36007  34.16145    1.504026   0.004120  5.77099794450523 -22.7013275   58.0456 /L    9.1737   0.4045674   107.75455   -38.81427         n.a.     n.a.
 2026-Oct-15 12:00 A   09 36 57.30 +14 53 22.5  09 38 25.18 +14 46 10.8  21.93806  -7.07462   90.385436  47.735892   -1.925   5.486   99.33252  34.36179   17.618813  -0.021412  5.73735129918256 -23.8137919   60.1307 /L    9.3698   0.3841762   107.87355   -41.79167         n.a.     n.a.
 2026-Oct-18 00:00 *m  09 38 27.73 +14 46 21.5  09 39 55.56 +14 39 07.5  21.81930  -7.00304  307.065010 -35.807652   -1.935   5.488   99.30620  34.56819   33.749092  -0.045912  5.70309378696420 -23.7221341   62.2235 /L    9.5533   0.3819265   107.79437   -42.01963         n.a.     n.a.
 2026-Oct-20 12:00 A   09 39 55.56 +14 39 34.1  09 41 23.40 +14 32 17.6  20.55046  -6.66334   92.306653  51.597092   -1.946   5.490   99.28098  34.78195   49.894354  -0.070891  5.66804510556919 -24.7300362   64.3383 /L    9.7261   0.3600623   107.96490   -45.07139         n.a.     n.a.
 2026-Oct-23 00:00 *m  09 41 20.16 +14 32 58.6  09 42 47.93 +14 25 40.1  20.42851  -6.55730  310.211129 -39.035455   -1.958   5.492   99.25729  35.00156   66.055399  -0.094796  5.63248072492121 -24.6232345   66.4613 /L    9.8855   0.3575854   107.79598   -45.32543         n.a.     n.a.
 2026-Oct-25 12:00 Am  09 42 41.95 +14 26 38.2  09 44 09.72 +14 19 17.4  19.06950  -6.20529   94.459808  55.500480   -1.970   5.494   99.23503  35.22845   82.231981  -0.119117  5.59620547109109 -25.5202191   68.6074 /L   10.0334   0.3342287   108.02510   -48.46199        2.115    2.598
 2026-Oct-28 00:00 *   09 44 00.36 +14 20 31.0  09 45 28.08 +14 13 08.2  18.94298  -6.06447  313.795588 -42.147560   -1.982   5.496   99.21458  35.46096   98.424616  -0.142324  5.55951217569749 -25.4034575   70.7627 /L   10.1670   0.3315010   107.75212   -48.75148         n.a.     n.a.
 2026-Oct-30 12:00 Am  09 45 15.75 +14 14 40.4  09 46 43.51 +14 07 15.2  17.49382  -5.70011   96.946833  59.441401   -1.995   5.497   99.19588  35.70065  114.633358  -0.165879  5.52218657452584 -26.1902022   72.9426 /L   10.2881   0.3066509   108.04746   -51.99062        1.887    2.914
 2026-Nov-02 00:00 *   09 46 27.56 +14 09 04.5  09 47 55.30 +14 01 37.5  17.35140  -5.51999  317.894183 -45.106292   -2.008   5.499   99.17928  35.94573  130.858581  -0.188292  5.48453623053090 -26.0626435   75.1331 /L   10.3940   0.3034713   107.64738   -52.33427         n.a.     n.a.
 2026-Nov-04 12:00 Am  09 47 36.10 +14 03 46.9  09 49 03.88 +13 56 17.9  15.80627  -5.14056   99.929976  63.411669   -2.022   5.500   99.16474  36.19779  147.100570  -0.210989  5.44634413107847 -26.7250906   77.3494 /L   10.4863   0.2770196   108.01572   -55.69033        0.636    8.650
 2026-Nov-07 00:00 *   09 48 40.87 +13 58 45.6  09 50 08.60 +13 51 14.9  15.64422  -4.92002  322.589052 -47.863515   -2.036   5.501   99.15260  36.45488  163.359444  -0.232525  5.40793572648347 -26.5817299   79.5770 /L   10.5626   0.2733274   107.45807   -56.09243         n.a.     n.a.
 2026-Nov-09 12:00 A   09 49 42.11 +13 54 04.2  09 51 09.88 +13 46 31.7  14.00370  -4.52591  103.686816  67.395670   -2.051   5.502   99.14281  36.71860  179.635736  -0.254273  5.36909430027506 -27.1002394   81.8314 /L   10.6240   0.2452819   107.91053   -59.56971         n.a.     n.a.
 2026-Nov-12 00:00 *m  09 50 39.39 +13 49 40.8  09 52 07.14 +13 42 06.6  13.82580  -4.26778  327.959527 -50.358902   -2.065   5.503   99.13565  36.98677  195.929144  -0.274839  5.33016656522215 -26.9290246   84.0972 /L   10.6684   0.2411585   107.15454   -60.01543         n.a.     n.a.
 2026-Nov-14 12:00 A   09 51 32.90 +13 45 38.7  09 53 00.74 +13 38 02.8  12.09912  -3.86307  108.728315  71.361253   -2.081   5.504   99.13110  37.26108  212.240408  -0.295532  5.29092679423515 -27.3001324   86.3903 /L   10.6970   0.2116811   107.70752   -63.62302         n.a.     n.a.
 2026-Nov-17 00:00 *m  09 52 22.28 +13 41 55.9  09 53 50.11 +13 34 18.6  11.90833  -3.57015  334.065889 -52.518585   -2.096   5.504   99.12936  37.53912  228.568895  -0.315022  5.25173805235731 -27.0951456   88.6950 /L   10.7078   0.2071998   106.68886   -64.10549         n.a.     n.a.
 2026-Nov-19 12:00 A   09 53 07.71 +13 38 35.7  09 54 35.60 +13 30 57.0  10.11021  -3.16094  116.081972  75.237807   -2.113   5.504   99.13039  37.82267  244.915482  -0.334540  5.21236655829126 -27.3132535   91.0275 /L   10.7018   0.1765471   107.36178   -67.84089         n.a.     n.a.
 2026-Nov-22 00:00 *m  09 53 48.86 +13 35 35.8  09 55 16.74 +13 27 55.9  9.904712  -2.83413  340.923797 -54.257352   -2.129   5.504   99.13435  38.10920  261.279258  -0.352835  5.17317753335296 -27.0841787   93.3719 /L   10.6774   0.1717035   105.96791   -68.37494         n.a.     n.a.
 2026-Nov-24 12:00 Am  09 54 25.87 +13 32 59.6  09 55 53.83 +13 25 18.4  8.044204  -2.42388  127.996470  78.852518   -2.146   5.504   99.14120  38.40050  277.661346  -0.371053  5.13393419892347 -27.1460203   95.7450 /L   10.6353   0.1400242   106.76863   -72.24965        2.344    2.348
 2026-Nov-27 00:00 *   09 54 58.49 +13 30 44.7  09 56 26.49 +13 23 02.2  7.823367  -2.06448  348.473481 -55.484805   -2.163   5.504   99.15101  38.69393  294.060530  -0.388038  5.09500127008686 -26.8992693   98.1308 /L   10.5743   0.1348529   104.78259   -72.84163         n.a.     n.a.
 2026-Nov-29 12:00 Am  09 55 26.76 +13 28 54.7  09 56 54.87 +13 21 11.1  5.895519  -1.65027  149.198676  81.737502   -2.180   5.503   99.16375  38.99136  310.478304  -0.404844  5.05613574570701 -26.8028462  100.5465 /L   10.4948   0.1020356   105.63792   -76.90202        2.599    2.117
 2026-Dec-02 00:00 *   09 55 50.51 +13 27 27.0  09 57 18.63 +13 19 42.6  5.652986  -1.25730  356.555958 -56.115968   -2.198   5.503   99.17945  39.28990  326.913139  -0.420422  5.01771850263661 -26.5294092  102.9757 /L   10.3957   0.0965187   102.53926   -77.55603         n.a.     n.a.
 2026-Dec-04 12:00 Am  09 56 09.70 +13 26 25.3  09 57 37.92 +13 18 40.0  3.669075  -0.84308  183.195072  82.800368   -2.215   5.502   99.19806  39.59136  343.366717  -0.435721  4.97951150967712 -26.2596924  105.4357 /L   10.2772   0.0627448   102.94079   -81.81572        0.236   23.341
 2026-Dec-07 00:00 *   09 56 24.26 +13 25 46.8  09 57 52.50 +13 18 00.7  3.406000  -0.41979    4.913463 -56.086713   -2.233   5.501   99.21951  39.89265  359.837118  -0.449803  4.94190423913420 -25.9482019  107.9094 /L   10.1386   0.0571962   97.026297   -82.49870         n.a.     n.a.
 2026-Dec-09 12:00     09 56 34.11 +13 25 34.8  09 58 02.48 +13 17 48.0  1.385534  -0.01324  215.624744  81.227564   -2.251   5.499   99.24376  40.19551   16.326120  -0.463494  4.90466845001464 -25.4961914  110.4140 /L    9.9798   0.0230933   90.547545   -86.92620         n.a.     n.a.
 2026-Dec-12 00:00 *m  09 56 39.27 +13 25 46.6  09 58 07.70 +13 17 59.1  1.114848  0.431871   13.228571 -55.367151   -2.269   5.498   99.27061  40.49668   32.831353  -0.475979  4.86819233172872 -25.1455842  112.9317 /L    9.8008   0.0199262   68.824595   -87.33014         n.a.     n.a.
 2026-Dec-14 12:00     09 56 39.62 +13 26 25.2  09 58 08.18 +13 18 37.4  -0.92368  0.823828  235.035046  77.930542   -2.287   5.496   99.30000  40.79791   49.354795  -0.487952  4.83224785056601 -24.5095820  115.4801 /L    9.6012   0.0206282   311.72963   -87.18553         n.a.     n.a.
 2026-Dec-17 00:00 *m  09 56 35.31 +13 27 27.5  09 58 03.91 +13 19 39.3  -1.19433  1.284339   21.193591 -53.967491   -2.305   5.494   99.33164  41.09577   65.893596  -0.498734  4.79722457520558 -24.1186962  118.0407 /L    9.3814   0.0292306   317.07975   -85.97995         n.a.     n.a.
 2026-Dec-19 12:00     09 56 26.15 +13 28 56.3  09 57 54.87 +13 21 08.0  -3.22287  1.651558  246.077372  73.874595   -2.323   5.492   99.36545  41.39200   82.449874  -0.508882  4.76289230773722 -23.3066184  120.6316 /L    9.1409   0.0603567   297.13283   -81.51997         n.a.     n.a.
 2026-Dec-22 00:00 *m  09 56 12.40 +13 30 48.4  09 57 41.18 +13 22 59.8  -3.48950  2.122682   28.575123 -51.933515   -2.341   5.490   99.40103  41.68310   99.020451  -0.517864  4.72962993302739 -22.8804866  123.2341 /L    8.8806   0.0680735   301.31237   -80.34681         n.a.     n.a.
 2026-Dec-24 12:00  m  09 55 53.84 +13 33 06.4  09 57 22.78 +13 25 17.6  -5.48686  2.458692  253.050480  69.456792   -2.358   5.488   99.43830  41.97078  115.607563  -0.526096  4.69721136752555 -21.8972043  125.8666 /L    8.5998   0.1002092   294.13741   -75.43452        2.997    1.831
 2026-Dec-27 00:00 *   09 55 30.80 +13 35 46.9  09 56 59.83 +13 27 58.2  -5.74974  2.937899   35.243523 -49.333407   -2.376   5.486   99.47678  42.25155  132.207746  -0.533210  4.66599743732787 -21.4489973  128.5102 /L    8.2996   0.1076140   297.06529   -74.19982         n.a.     n.a.
 2026-Dec-29 12:00  m  09 55 02.97 +13 38 52.7  09 56 32.14 +13 31 04.3  -7.70524  3.241169  257.944390  64.829545   -2.392   5.483   99.51639  42.52701  148.823520  -0.539476  4.63577511991102 -20.2900424  131.1840 /L    7.9792   0.1393197   292.81381   -68.95529        1.988    2.759
$$EOE
**********************************************************************************************************************************************************************************************************************************************************************************************
Column meaning:
 
TIME

  Times PRIOR to 1962 are UT1, a mean-solar time closely related to the
prior but now-deprecated GMT. Times AFTER 1962 are in UTC, the current
civil or "wall-clock" time-scale. UTC is kept within 0.9 seconds of UT1
using integer leap-seconds for 1972 and later years.

  Conversion from the internal Barycentric Dynamical Time (TDB) of solar
system dynamics to the non-uniform civil UT time-scale requested for output
has not been determined for UTC times after the next July or January 1st.
Therefore, the last known leap-second is used as a constant over future
intervals.

  Time tags refer to the UT time-scale conversion from TDB on Earth
regardless of observer location within the solar system, although clock
rates may differ due to the local gravity field and no analog to "UT"
may be defined for that location.

  Any 'b' symbol in the 1st-column denotes a B.C. date. First-column blank
(" ") denotes an A.D. date.
 
CALENDAR SYSTEM

  Mixed calendar mode was active such that calendar dates after AD 1582-Oct-15
(if any) are in the modern Gregorian system. Dates prior to 1582-Oct-5 (if any)
are in the Julian calendar system, which is automatically extended for dates
prior to its adoption on 45-Jan-1 BC.  The Julian calendar is useful for
matching historical dates. The Gregorian calendar more accurately corresponds
to the Earth's orbital motion and seasons. A "Gregorian-only" calendar mode is
available if such physical events are the primary interest.

  NOTE: "n.a." in output means quantity "not available" at the print-time.
 
SOLAR PRESENCE (OBSERVING SITE)
  Time tag is followed by a blank, then a solar-presence symbol:

       '*'  Daylight (refracted solar upper-limb on or above apparent horizon)
       'C'  Civil twilight/dawn
       'N'  Nautical twilight/dawn
       'A'  Astronomical twilight/dawn
       ' '  Night OR geocentric ephemeris

LUNAR PRESENCE (OBSERVING SITE)
  The solar-presence symbol is immediately followed by a lunar-presence symbol:

       'm'  Refracted upper-limb of Moon on or above apparent horizon
       ' '  Refracted upper-limb of Moon below apparent horizon OR geocentric
            ephemeris
 
 'R.A._____(ICRF)_____DEC' =
  Astrometric right ascension and declination of the target center with
respect to the observing site (coordinate origin) in the reference frame of
the planetary ephemeris (ICRF). Compensated for down-leg light-time delay
aberration.

  Units: RA  in hours-minutes-seconds of time,    HH MM SS.ff{ffff}
         DEC in degrees-minutes-seconds of arc,  sDD MN SC.f{ffff}
 
 'R.A.__(a-apparent)__DEC' =
  Airless apparent right ascension and declination of the target center
with respect to an instantaneous reference frame defined by the Earth equator
of-date (z-axis) and meridian containing the Earth equinox of-date (x-axis,
EOP-corrected IAU76/80). Compensated for down-leg light-time delay,
gravitational deflection of light, stellar aberration, precession & nutation.
Note: equinox (RA origin) is offset -53 mas from the of-date frame defined
by the IAU06/00a P & N system.

  Units: RA  in hours-minutes-seconds of time,   HH MM SS.ff{ffff}
         DEC in degrees-minutes-seconds of arc, sDD MN SC.f{ffff}
 
 'dRA*cosD d(DEC)/dt' =
  The angular rate of change in apparent RA and DEC of the target. This is
with respect to the non-inertial IAU76/80 Earth true equator and equinox
of-date reference frame.  d(RA)/dt is multiplied by the cosine of declination
to provide a linear rate in the plane-of-sky. Units: ARCSECONDS PER HOUR
 
 'Azi____(a-app)___Elev' =
  Airless apparent azimuth and elevation of target center. Compensated
for light-time, the gravitational deflection of light, stellar aberration,
precession and nutation. Azimuth is measured clockwise from north:

  North(0) -> East(90) -> South(180) -> West(270) -> North (360)

Elevation angle is with respect to a plane perpendicular to the reference
surface local zenith direction. TOPOCENTRIC ONLY.  Units: DEGREES
 
 'APmag   S-brt' =
  The targets' approximate apparent visual magnitude and surface brightness.
For planets and natural satellites, output is restricted to solar phase angles
covered by observational data. Outside the observed phase angle range, "n.a."
may be output to avoid extrapolation beyond the limit of model validity.

   For Earth-based observers, the estimated dimming due to atmospheric
absorption (extinction) is available as a separate, requestable quantity.

   Surface brightness is the average airless visual magnitude of a
square-arcsecond of the illuminated portion of the apparent disk. It is
computed only if the target radius is known.

   Units: MAGNITUDES & MAGNITUDES PER SQUARE ARCSECOND
 
 'Illu%' =
   Fraction of the target objects' assumed circular disk illuminated by Sun
(phase), as seen by the observer.  Units: PERCENT
 
 'Ang-diam' =
   The equatorial angular width of the target body full disk, if it were fully
illuminated and visible to the observer. If the target body diameter is unknown
"n.a." is output.

   Units: ARCSECONDS
 
 'ObsSub-LON ObsSub-LAT' =
   Apparent planetodetic longitude and latitude of the center of the target
disc seen by the OBSERVER at print-time. This is NOT exactly the same as the
"nearest" sub-point for a non-spherical target shape (since the center of the
disc might not be the point closest to the observer), but is generally very
close if not a very irregular body shape. Down-leg light travel-time from
target to observer is taken into account. Latitude is the angle between the
equatorial plane and the line perpendicular to the reference ellipsoid of the
body, so includes body oblateness. The reference ellipsoid is an oblate
spheroid with a single flatness coefficient in which the y-axis body radius
is taken to be the same value as the x-axis radius.  For Jupiter, Saturn, and
Uranus, IAU2015 longitude is based on the "System III" prime meridian rotation
angle of the magnetic field. By contrast, pole direction (thus latitude) is
relative to the body dynamical equator.  There can be an offset between the
magnetic pole and the dynamical pole of rotation. For Neptune, rotation is
IAU2015 "System II" rotation of optically observed features in the Neptunian
atmosphere. Positive longitude is to the WEST for this target. Cartographic
system is specified in the header.  Units: DEGREES DEGREES
 
 'delta      deldot' =
   Apparent range ("delta", light-time aberrated) and range-rate ("delta-dot")
of the target center relative to the observer. A positive "deldot" means the
target center is moving away from the observer, negative indicates movement
toward the observer.  Units: AU and KM/S
 
 'S-O-T /r' =
   Sun-Observer-Target apparent SOLAR ELONGATION ANGLE seen from the observers'
location at print-time.

   The '/r' column provides a code indicating the targets' apparent position
relative to the Sun in the observers' sky, as described below:

   Case A: For an observing location on the surface of a rotating body, that
body rotational sense is considered:

    /T indicates target TRAILS Sun   (evening sky: rises and sets AFTER Sun)
    /L indicates target LEADS Sun    (morning sky: rises and sets BEFORE Sun)

   Case B: For an observing point that does not have a rotational model (such
as a spacecraft), the "leading" and "trailing" condition is defined by the
observers' heliocentric ORBITAL motion:

    * If continuing in the observers' current direction of heliocentric
       motion would encounter the targets' apparent longitude first, followed
       by the Sun's, the target LEADS the Sun as seen by the observer.

    * If the Sun's apparent longitude would be encountered first, followed
       by the targets', the target TRAILS the Sun.

   Two other codes can be output:
    /* indicates observer is Sun-centered    (undefined)
    /? Target is aligned with Sun center     (no lead or trail)

   The S-O-T solar elongation angle is numerically the minimum separation
angle of the Sun and target in the sky in any direction. It does NOT indicate
the amount of separation in the leading or trailing directions, which would
be defined along the equator of a spherical coordinate system.

   Units: DEGREES
 
 'S-T-O' =
   The Sun-Target-Observer angle; the interior vertex angle at target center
formed by a vector from the target to the apparent center of the Sun (at
reflection time on the target) and the apparent vector from target to the
observer at print-time. Slightly different from true PHASE ANGLE (requestable
separately) at the few arcsecond level in that it includes stellar aberration
on the down-leg from target to observer.  Units: DEGREES
 
 'Sky_motion  Sky_mot_PA  RelVel-ANG' =
  Total apparent angular rate of the target in the plane-of-sky. "Sky_mot_PA"
is the position angle of the target's direction of motion in the plane-of-sky,
measured counter-clockwise from the apparent of-date north pole direction.
"RelVel-ANG" is the flight path angle of the target's relative motion with
respect to the observer's line-of-sight, in the range [-90,+90], where positive
values indicate motion away from the observer, negative values are toward the
observer:

  -90 = target is moving directly toward the observer
    0 = target is moving at right angles to the observer's line-of-sight
  +90 = target is moving directly away from the observer

UNITS:  ARCSECONDS/MINUTE, DEGREES, DEGREES
 
 'Lun_Sky_Brt  sky_SNR' =
  Sky brightness due to moonlight scattered by Earth's atmosphere at the
target's position in the sky. "sky_SNR" is the visual signal-to-noise ratio
(SNR) of the target's surface brightness relative to background sky. Output
only for topocentric Earth observers when both the Moon and target are above
the local horizon and the Sun is in astronomical twilight (or further) below
the horizon, and the target is not the Moon or Sun. If all conditions are
not met, "n.a." is output. Galactic brightness, local sky light-pollution
and weather are NOT considered. Lunar opposition surge is considered. The
value returned is accurate under ideal conditions at the approximately 8-23%
level, so is a useful but not definitive value.

  If the target-body radius is also known, "sky_SNR" is output. This is the
approximate visual signal-to-noise ratio of the target's brightness divided
by lunar sky brightness. When sky_SNR < 1, the target is dimmer than the
ideal moonlight-scattering background sky, so unlikely to be detectable at
visual wavelengths. In practice, visibility requires sky_SNR > 1 and a
detector sensitive enough to reach the target's magnitude, even if it isn't
washed out by moonlight. When relating magnitudes and brightness values,
keep in mind their logarithmic relationship m2-m1 = -2.5*log_10(b2/b1).

  UNITS: VISUAL MAGNITUDES / ARCSECOND^2, and unitless ratio

Computations by ...

    Solar System Dynamics Group, Horizons On-Line Ephemeris System
    4800 Oak Grove Drive, Jet Propulsion Laboratory
    Pasadena, CA  91109   USA

    General site: https://ssd.jpl.nasa.gov/
    Mailing list: https://ssd.jpl.nasa.gov/email_list.html
    System news : https://ssd.jpl.nasa.gov/horizons/news.html
    User Guide  : https://ssd.jpl.nasa.gov/horizons/manual.html
    Connect     : browser        https://ssd.jpl.nasa.gov/horizons/app.html#/x
                  API            https://ssd-api.jpl.nasa.gov/doc/horizons.html
                  command-line   telnet ssd.jpl.nasa.gov 6775
                  e-mail/batch   https://ssd.jpl.nasa.gov/ftp/ssd/horizons_batch.txt
                  scripts        https://ssd.jpl.nasa.gov/ftp/ssd/SCRIPTS
    Author      : Jon.D.Giorgini@jpl.nasa.gov

**********************************************************************************************************************************************************************************************************************************************************************************************
