*******************************************************************************
 Revised: April 12, 2021               Jupiter                              599
 
 PHYSICAL DATA (revised 2025-Jan-30):
  Mass x 10^26 (kg)     = 18.9819           Density (g/cm^3)  = 1.3262 +- .0003
  Equat. radius (1 bar) = 71492+-4 km       Polar radius (km)     = 66854+-10
  Vol. Mean Radius (km) = 69911+-6          Flattening            = 0.06487
  Geometric Albedo      = 0.52              Rocky core mass (Mc/M)= 0.0261
  Sid. rot. period (III)= 9h 55m 29.711 s   Sid. rot. rate (rad/s)= 0.00017585
  Mean solar day, hrs   = ~9.9259         
  GM (km^3/s^2)         = 126686531.900     GM 1-sigma (km^3/s^2) =  +- 1.2732
  Equ. grav, ge (m/s^2) = 24.79             Pol. grav, gp (m/s^2) =  28.34
  Vis. magnitude V(1,0) = -9.40
  Vis. mag. (opposition)= -2.70             Obliquity to orbit    =  3.13 deg
  Sidereal orbit period = 11.861982204 y    Sidereal orbit period = 4332.589 d
  Mean daily motion     = 0.0831294 deg/d   Mean orbit speed, km/s= 13.0697
  Atmos. temp. (1 bar)  = 165+-5 K          Escape speed, km/s    =  59.5           
  A_roche(ice)/Rp       =  2.76             Hill's sphere rad. Rp = 740
                                 Perihelion   Aphelion     Mean
  Solar Constant (W/m^2)         56           46           51
  Maximum Planetary IR (W/m^2)   13.7         13.4         13.6
  Minimum Planetary IR (W/m^2)   13.7         13.4         13.6
*******************************************************************************


*******************************************************************************
Ephemeris / WWW_USER Mon Apr  6 16:02:08 2026 Pasadena, USA      / Horizons    
*******************************************************************************
Target body name: Jupiter (599)                   {source: jup365_merged}
Center body name: Earth (399)                     {source: DE441}
Center-site name: (user defined site below)
*******************************************************************************
Start time      : A.D. 2026-Jan-01 00:00:00.0000 UT      
Stop  time      : A.D. 2026-Dec-31 00:00:00.0000 UT      
Step-size       : 3600 minutes
*******************************************************************************
Target pole/equ : IAU_JUPITER                     {West-longitude positive}
Target radii    : 71492.0, 71492.0, 66854.0 km    {Equator_a, b, pole_c}       
Center geodetic : 267.0, 18.0, .010               {E-lon(deg),Lat(deg),Alt(km)}
Center cylindric: 267.0, 6067.91805, 1958.38756   {E-lon(deg),Dxy(km),Dz(km)}
Center pole/equ : ITRF93                          {East-longitude positive}
Center radii    : 6378.137, 6378.137, 6356.752 km {Equator_a, b, pole_c}       
Target primary  : Sun
Vis. interferer : MOON (R_eq= 1737.400) km        {source: DE441}
Rel. light bend : Sun                             {source: jup365_merged}
Rel. lght bnd GM: 1.3271E+11 km^3/s^2                                          
Atmos refraction: NO (AIRLESS)
RA format       : HMS
Time format     : CAL 
Calendar mode   : Mixed Julian/Gregorian
EOP file        : eop.260406.p260703                                           
EOP coverage    : DATA-BASED 1962-JAN-20 TO 2026-APR-06. PREDICTS-> 2026-JUL-02
Units conversion: 1 au= 149597870.700 km, c= 299792.458 km/s, 1 day= 86400.0 s 
Table cut-offs 1: Elevation (-90.0deg=NO ),Airmass (>38.000=NO), Daylight (NO )
Table cut-offs 2: Solar elongation (  0.0,180.0=NO ),Local Hour Angle( 0.0=NO )
Table cut-offs 3: RA/DEC angular rate (     0.0=NO )                           
**********************************************************************************************************************************************************************************************************************************************************************************************
 Date__(UT)__HR:MN     R.A._____(ICRF)_____DEC  R.A.__(a-apparent)__DEC  dRA*cosD d(DEC)/dt  Azi____(a-app)___Elev    APmag   S-brt      Illu%  Ang-diam  ObsSub-LON ObsSub-LAT             delta      deldot     S-O-T /r     S-T-O  Sky_motion  Sky_mot_PA  RelVel-ANG  Lun_Sky_Brt  sky_SNR
**********************************************************************************************************************************************************************************************************************************************************************************************
$$SOE
 2026-Jan-01 00:00 Cm  07 30 55.18 +22 02 03.7  07 32 29.97 +21 58 44.0  -19.1625  3.611055   64.185167  -6.861780   -2.670   5.403   99.96876  46.46734  336.671180   1.577338  4.24267083851218  -4.9389792  169.2054 /L    2.0310   0.3249962   280.67189   -16.51116         n.a.     n.a.
 2026-Jan-03 12:00 Nm  07 29 30.86 +22 05 26.5  07 31 05.82 +22 02 09.8  -19.7214  3.230814  288.013428  17.996774   -2.674   5.403   99.98313  46.52881  353.369856   1.580451  4.23706606925038  -2.7915640  172.0862 /L    1.4943   0.3330709   279.30373   -9.299254         n.a.     n.a.
 2026-Jan-06 00:00 C   07 28 05.95 +22 08 47.8  07 29 41.02 +22 05 34.0  -19.7317  3.592183   65.994696  -1.961244   -2.676   5.402   99.99313  46.56851   10.060600   1.583520  4.23345400145193  -2.2344354  174.9583 /L    0.9558   0.3342674   280.31777   -7.447839         n.a.     n.a.
 2026-Jan-08 12:00 Nm  07 26 39.71 +22 12 07.9  07 28 14.89 +22 08 57.5  -20.0101  3.170142  289.395661  12.941955   -2.676   5.403   99.99873  46.58685   26.746424   1.587023  4.23178751291117  -0.0552077  177.8384 /L    0.4136   0.3376608   279.00239   -0.188918         n.a.     n.a.
 2026-Jan-11 00:00 C   07 25 13.66 +22 15 25.1  07 26 48.91 +22 12 17.6  -19.9419  3.509943   67.615156   3.011167   -2.676   5.403   99.99984  46.58316   43.421227   1.590310  4.23212272097665   0.5091213  179.2221 /T    0.1410   0.3374742   279.98229   1.6833807         n.a.     n.a.
 2026-Jan-13 12:00 Nm  07 23 47.08 +22 18 39.0  07 25 22.43 +22 15 34.7  -19.9265  3.052533  290.909197   7.929241   -2.674   5.403   99.99644  46.55767   60.087802   1.594023  4.23443899737785   2.7050401  176.3677 /T    0.6784   0.3359832   278.70939   8.9333891         n.a.     n.a.
 2026-Jan-16 00:00 C   07 22 21.52 +22 21 48.5  07 23 56.97 +22 18 47.0  -19.7677  3.367266   69.065129   8.032936   -2.671   5.404   99.98860  46.51035   76.740141   1.597352  4.23874758798005   3.2620837  173.4957 /T    1.2178   0.3342075   279.66708   10.779996         n.a.     n.a.
 2026-Jan-18 12:00 N   07 20 56.27 +22 24 52.9  07 22 31.82 +22 21 54.7  -19.4559  2.882163  292.564700   2.978369   -2.667   5.405   99.97636  46.44138   93.380989   1.601106  4.24504258981917   5.4495341  170.6138 /T    1.7561   0.3278036   278.42642   17.945986         n.a.     n.a.
 2026-Jan-21 00:00 *m  07 19 32.88 +22 27 51.6  07 21 08.53 +22 24 56.4  -19.2035  3.170131   70.359142  13.082714   -2.661   5.407   99.95997  46.35129  110.004529   1.604324  4.25329341417228   5.9887129  167.7489 /T    2.2871   0.3243895   279.37391   19.747223         n.a.     n.a.
 2026-Jan-23 12:00 N   07 18 10.65 +22 30 43.5  07 19 46.35 +22 27 51.6  -18.6018  2.665652  294.375350  -1.889933   -2.654   5.408   99.93950  46.24030  126.613423   1.607977  4.26350255555563   8.1304428  164.8805 /T    2.8132   0.3131976   278.15500   26.730393         n.a.     n.a.
 2026-Jan-26 00:00 *m  07 16 51.09 +22 33 28.7  07 18 26.85 +22 30 39.5  -18.2670  2.927313   71.508452  18.140453   -2.646   5.410   99.91536  46.10955  143.202353   1.610962  4.27559266606275   8.6354891  162.0334 /T    3.3288   0.3083338   279.10434   28.449059         n.a.     n.a.
 2026-Jan-28 12:00 N   07 15 33.45 +22 36 05.7  07 17 09.27 +22 33 19.5  -17.3993  2.414178  296.356841  -6.654588   -2.636   5.412   99.88763  45.95918  159.773948   1.614398  4.28958140428166  10.7055929  159.1867 /T    3.8367   0.2927668   277.89943   35.188682         n.a.     n.a.
 2026-Jan-31 00:00 *m  07 14 19.18 +22 38 35.5  07 15 55.09 +22 35 51.8  -17.0057  2.652302   72.520821  23.188275   -2.625   5.415   99.85685  45.79087  176.323442   1.617048  4.30534786742927  11.1649187  156.3644 /T    4.3312   0.2868548   278.86475   36.788929         n.a.     n.a.
 2026-Feb-02 12:00 Nm  07 13 07.48 +22 40 56.1  07 14 43.44 +22 38 15.4  -15.9058  2.142086  298.528393 -11.294438   -2.614   5.417   99.82313  45.60459  192.853500   1.620158  4.32293408520099  13.1470581  153.5450 /T    4.8155   0.2674896   277.67007   43.243320         n.a.     n.a.
 2026-Feb-05 00:00 *   07 11 59.73 +22 43 09.3  07 13 35.73 +22 40 31.0  -15.4661  2.357962   73.400076  28.211048   -2.601   5.420   99.78709  45.40232  209.359800   1.622358  4.34219257477417  13.5702717  150.7519 /T    5.2843   0.2607471   278.66856   44.754092         n.a.     n.a.
 2026-Feb-07 12:00 Nm  07 10 55.16 +22 45 12.6  07 12 31.16 +22 42 37.0  -14.1552  1.858407  300.912379 -15.788352   -2.587   5.423   99.74882  45.18388  225.844819   1.625012  4.36318527831631  15.4506964  147.9639 /T    5.7406   0.2379441   277.47948   50.913486         n.a.     n.a.
 2026-Feb-10 00:00 *   07 09 55.03 +22 47 08.6  07 11 31.08 +22 44 34.9  -13.6791  2.051565   74.146232  33.195402   -2.573   5.426   99.70903  44.95155  242.304739   1.626642  4.38573637851545  15.8364463  145.2039 /T    6.1794   0.2305348   278.52954   52.339444         n.a.     n.a.
 2026-Feb-12 12:00 Nm  07 08 58.64 +22 48 54.1  07 10 34.69 +22 46 22.8  -12.1708  1.567127  303.533958 -20.114117   -2.557   5.429   99.66780  44.70497  258.741775   1.628722  4.40992635828384  17.6002794  142.4513 /T    6.6038   0.2045216   277.33710   58.222966         n.a.     n.a.
 2026-Feb-15 00:00 *   07 08 07.13 +22 50 32.3  07 09 43.24 +22 48 02.8  -11.6718  1.736780   74.753948  38.129337   -2.541   5.432   99.62588  44.44683  275.152721   1.629690  4.43553896084308  17.9381593  139.7286 /T    7.0089   0.1966717   278.46360   59.550112         n.a.     n.a.
 2026-Feb-17 12:00 N   07 07 19.81 +22 51 59.8  07 08 55.91 +22 49 32.4  -9.99787  1.272989  306.421007 -24.248190   -2.524   5.435   99.58333  44.17655  291.539629   1.631113  4.46267613734465  19.5707067  137.0155 /T    7.3978   0.1679765   277.25620   65.154853         n.a.     n.a.
 2026-Feb-20 00:00 *m  07 06 37.75 +22 53 20.0  07 08 13.86 +22 50 54.2  -9.48053  1.416826   75.211528  43.002478   -2.506   5.438   99.54091  43.89707  307.899831   1.631358  4.49108834292566  19.8514257  134.3344 /T    7.7661   0.1597636   278.49971   66.398590         n.a.     n.a.
 2026-Feb-22 12:00 N   07 06 00.24 +22 54 29.3  07 07 36.30 +22 52 05.1  -7.67869  0.978488  309.603145 -28.165940   -2.488   5.442   99.49864  43.60775  324.235320   1.632074  4.52088540091958  21.3335017  131.6649 /T    8.1169   0.1290131   277.26201   71.711976         n.a.     n.a.
 2026-Feb-25 00:00 *m  07 05 28.21 +22 55 31.6  07 07 04.31 +22 53 08.3  -7.16543  1.097204   75.498637  47.806065   -2.470   5.445   99.45724  43.31164  340.544078   1.631565  4.55179368091392  21.5545534  129.0288 /T    8.4462   0.1208158   278.70578   72.859847         n.a.     n.a.
 2026-Feb-27 12:00 N   07 05 00.98 +22 56 22.9  07 06 37.06 +22 54 00.8  -5.27244  0.688425  313.111243 -31.841397   -2.451   5.448   99.41669  43.00792  356.827957   1.631539  4.58393769127390  22.8722276  126.4059 /T    8.7570   0.0886199   277.43905   77.882982         n.a.     n.a.
 2026-Mar-02 00:00 *m  07 04 39.32 +22 57 07.5  07 06 15.42 +22 54 46.3  -4.78697  0.783581   75.580807  52.533191   -2.432   5.451   99.37766  42.69972   13.085659   1.630246  4.61702427177118  23.0417373  123.8168 /T    9.0461   0.0808447   279.29632   78.920649         n.a.     n.a.
 2026-Mar-04 12:00 Nm  07 04 22.58 +22 57 41.3  07 05 58.60 +22 55 21.0  -2.83490  0.407493  316.976004 -35.247090   -2.413   5.454   99.34007  42.38591   29.318746   1.629429  4.65120675792417  24.2031684  121.2411 /T    9.3162   0.0477340   278.17976   83.672612         n.a.     n.a.
 2026-Mar-07 00:00 *   07 04 11.42 +22 58 08.7  07 05 47.43 +22 55 48.8  -2.38120  0.477724   75.401986  57.178225   -2.393   5.457   99.30453  42.06959   45.526377   1.627302  4.68617909015374  24.3291803  118.6988 /T    9.5646   0.0404775   281.34425   84.616089         n.a.     n.a.
 2026-Mar-09 12:00 Nm  07 04 05.24 +22 58 25.5  07 05 41.18 +22 56 05.9  -0.38688  0.133813  321.223734 -38.353621   -2.374   5.459   99.27094  41.74945   61.709825   1.625636  4.72211304142890  25.3355011  116.1699 /T    9.7938   0.0068228   289.07926   89.119338         n.a.     n.a.
 2026-Mar-12 00:00 *   07 04 04.62 +22 58 36.2  07 05 40.58 +22 56 16.5  0.035433  0.176857   74.868730  61.734986   -2.354   5.462   99.23982  41.42855   77.868669   1.622629  4.75868979036918  25.4243467  113.6741 /T   10.0013   0.0030062   11.329155   89.610310         n.a.     n.a.
 2026-Mar-14 12:00 Cm  07 04 09.03 +22 58 36.1  07 05 44.92 +22 56 16.5  2.055764  -0.13648  325.871723 -41.129278   -2.335   5.464   99.21108  41.10549   94.003849   1.620074  4.79608966825643  26.2661907  111.1918 /T   10.1895   0.0343382   93.798311   85.665808         n.a.     n.a.
 2026-Mar-17 00:00 *   07 04 18.92 +22 58 30.2  07 05 54.81 +22 56 10.3  2.441322  -0.12207   73.818300  66.195132   -2.315   5.466   99.18514  40.78332  110.115512   1.616171  4.83397714715177  26.3128922  108.7425 /T   10.3562   0.0407395   92.862584   84.830581         n.a.     n.a.
 2026-Mar-19 12:00 C   07 04 33.83 +22 58 13.4  07 06 09.61 +22 55 53.2  4.468828  -0.40614  330.922130 -43.541571   -2.296   5.468   99.16188  40.46050  126.204288   1.612714  4.87254515569430  26.9902200  106.3070 /T   10.5038   0.0747874   95.192947   80.730939         n.a.     n.a.
 2026-Mar-22 00:00 *m  07 04 54.09 +22 57 50.8  07 06 29.85 +22 55 29.7  4.810414  -0.42108   71.949208  70.545433   -2.276   5.470   99.14164  40.14010  142.270835   1.607919  4.91143863097234  26.9875041  103.9044 /T   10.6304   0.0804802   95.002677   79.960149         n.a.     n.a.
 2026-Mar-24 12:00 C   07 05 19.27 +22 57 17.4  07 06 54.95 +22 54 55.4  6.815032  -0.67544  336.355537 -45.559226   -2.257   5.471   99.12427  39.82047  158.315625   1.603565  4.95086187609448  27.4969677  101.5159 /T   10.7381   0.1141404   95.660138   76.049126         n.a.     n.a.
 2026-Mar-27 00:00 *m  07 05 49.60 +22 56 38.2  07 07 25.28 +22 54 15.0  7.107457  -0.71920   68.643742  74.759917   -2.238   5.473   99.10999  39.50453  174.339757   1.597889  4.99045699921417  27.4548859   99.1601 /T   10.8256   0.1190625   95.778081   75.339789         n.a.     n.a.
 2026-Mar-29 12:00 C   07 06 24.68 +22 55 48.1  07 08 00.26 +22 53 23.8  9.066047  -0.94350  342.126334 -47.154227   -2.220   5.474   99.09866  39.19055  190.343458   1.592635  5.03043759733281  27.8019277   96.8180 /T   10.8950   0.1519168   95.941373   71.620180         n.a.     n.a.
 2026-Apr-01 00:00 *m  07 07 04.63 +22 54 52.3  07 08 40.18 +22 52 26.6  9.303818  -1.01470   62.458137  78.775674   -2.202   5.475   99.09038  38.88126  206.328209   1.586067  5.07045327103149  27.7359487   94.5073 /T   10.9451   0.1559831   96.224213   70.981437         n.a.     n.a.
 2026-Apr-03 12:00 Cm  07 07 49.16 +22 53 45.7  07 09 24.59 +22 51 18.4  11.21534  -1.21173  348.159407 -48.305322   -2.184   5.476   99.08504  38.57483  222.293814   1.579886  5.11073273276600  27.9315657   92.2093 /T   10.9777   0.1880101   96.166441   67.420920         n.a.     n.a.
 2026-Apr-06 00:00 *   07 08 38.31 +22 52 33.3  07 10 13.71 +22 50 04.1  11.40198  -1.31065   49.444109  82.401513   -2.166   5.476   99.08265  38.27386  238.242093   1.572405  5.15092080635666  27.8482576   89.9413 /T   10.9921   0.1912843   96.557314   66.844775         n.a.     n.a.
 2026-Apr-08 12:00 Cm  07 09 31.84 +22 51 10.1  07 11 07.14 +22 48 38.9  13.26035  -1.48286  354.351888 -49.000785   -2.149   5.476   99.08313  37.97646  254.172489   1.565276  5.19125859180595  27.9001490   87.6849 /T   10.9896   0.2223833   96.380703   63.427125         n.a.     n.a.
 2026-Apr-11 00:00 *   07 10 29.74 +22 49 40.8  07 12 05.03 +22 47 07.6  13.40691  -1.61089   19.051479  84.928057   -2.132   5.477   99.08642  37.68514  270.087063   1.556875  5.23138891131400  27.7982847   85.4572 /T   10.9698   0.2250557   96.851441   62.889202         n.a.     n.a.
 2026-Apr-13 12:00 *m  07 11 31.85 +22 48 00.6  07 13 07.01 +22 45 25.2  15.20644  -1.76078    0.582150 -49.241019   -2.115   5.477   99.09244  37.39803  285.985012   1.548794  5.27155110802252  27.7072560   83.2401 /T   10.9339   0.2551341   96.604969   59.597015         n.a.     n.a.
 2026-Apr-16 00:00 *   07 12 38.07 +22 46 14.1  07 14 13.18 +22 43 36.3  15.31443  -1.91743  333.158507  84.682005   -2.099   5.476   99.10109  37.11753  301.868680   1.539483  5.31138894543459  27.5865281   81.0509 /T   10.8816   0.2572333   97.136537   59.092134         n.a.     n.a.
 2026-Apr-18 12:00 *   07 13 48.31 +22 44 16.3  07 15 23.29 +22 41 35.9  17.04869  -2.04709    6.724308 -49.040083   -2.084   5.476   99.11228  36.84181  317.736993   1.530465  5.35113925269196  27.3475645   78.8718 /T   10.8138   0.2861859   96.846920   55.905568         n.a.     n.a.
 2026-Apr-21 00:00 *m  07 15 02.38 +22 42 12.1  07 16 37.34 +22 39 28.9  17.11368  -2.23045  306.805685  82.008549   -2.069   5.475   99.12584  36.57319  333.592702   1.520268  5.39044137083069  27.2039245   76.7200 /T   10.7307   0.2876403   97.425587   55.434497         n.a.     n.a.
 2026-Apr-23 12:00 *   07 16 20.23 +22 39 56.5  07 17 55.08 +22 37 10.4  18.76477  -2.33890   12.664242 -48.424005   -2.054   5.475   99.14170  36.30983  349.434547   1.510332  5.42953867023676  26.8284208   74.5779 /T   10.6331   0.3151662   97.104883   52.367080         n.a.     n.a.
 2026-Apr-26 00:00 *m  07 17 41.58 +22 37 34.3  07 19 16.40 +22 34 45.4  18.78596  -2.54627  295.440247  78.551193   -2.039   5.474   99.15961  36.05389    5.265482   1.499262  5.46808157554078  26.6716177   72.4622 /T   10.5213   0.3159623   97.718903   51.937949         n.a.     n.a.
 2026-Apr-28 12:00 *   07 19 06.46 +22 35 00.7  07 20 41.13 +22 32 08.7  20.34937  -2.63401   18.311903 -47.427643   -2.026   5.473   99.17954  35.80352   21.084025   1.488404  5.50631997863303  26.1733237   70.3552 /T   10.3958   0.3419856   97.375325   48.986351         n.a.     n.a.
 2026-May-01 00:00 *m  07 20 34.54 +22 32 20.2  07 22 09.15 +22 29 25.1  20.33638  -2.86439  289.841057  74.877991   -2.012   5.472   99.20120  35.56068   36.893213   1.476452  5.54392174969289  26.0213508   68.2731 /T   10.2573   0.3422852   98.017400   48.602842         n.a.     n.a.
 2026-May-03 12:00 *m  07 22 05.92 +22 29 28.3  07 23 40.40 +22 26 29.7  21.81859  -2.93431   23.606332 -46.091525   -1.999   5.471   99.22459  35.32359   52.691234   1.464660  5.58113300275583  25.4042702   66.1983 /T   10.1060   0.3669170   97.659548   45.742053         n.a.     n.a.
 2026-May-06 00:00 *   07 23 40.22 +22 26 29.3  07 25 14.67 +22 23 27.3  21.77675  -3.18672  286.731809  71.143810   -1.986   5.469   99.24938  35.09410   68.481325   1.451826  5.61762898156324  25.2559999   64.1470 /T    9.9428   0.3668113   98.325344   45.395937         n.a.     n.a.
 2026-May-08 12:00 *m  07 25 17.61 +22 23 18.8  07 26 51.94 +22 20 13.3  23.18340  -3.24154   28.514993 -44.457821   -1.974   5.468   99.27562  34.87048   84.261395   1.439101  5.65365466772361  24.5290132   62.1015 /T    9.7674   0.3901487   97.959580   42.611556         n.a.     n.a.
 2026-May-11 00:00 *   07 26 57.69 +22 20 00.9  07 28 31.96 +22 16 52.0  23.11748  -3.51491  284.881476  67.400606   -1.963   5.466   99.30295  34.65452  100.034836   1.425395  5.68888620908459  24.3781546   60.0781 /T    9.5810   0.3897194   98.645358   42.289640         n.a.     n.a.
 2026-May-13 12:00 *m  07 28 40.65 +22 16 31.3  07 30 14.77 +22 13 18.7  24.44426  -3.55548   33.029978 -42.567756   -1.951   5.465   99.33142  34.44456  115.799414   1.411755  5.72356395467073  23.5433070   58.0596 /T    9.3832   0.4116914   98.275787   39.574367         n.a.     n.a.
 2026-May-16 00:00 *   07 30 26.04 +22 12 54.0  07 32 00.09 +22 09 37.7  24.36242  -3.84904  283.747068  63.668738   -1.940   5.463   99.36067  34.24229  131.558624   1.397203  5.75737308729717  23.3876806   56.0622 /T    9.1753   0.4110767   98.978002   39.264391         n.a.     n.a.
 2026-May-18 12:00 *   07 32 14.12 +22 09 05.1  07 33 48.05 +22 05 44.6  25.60200  -3.87528   37.161940 -40.459532   -1.930   5.461   99.39077  34.04617  147.310155   1.382676  5.79053765113395  22.4430782   54.0690 /T    8.9567   0.4315605   98.607317   36.609201         n.a.     n.a.
 2026-May-21 00:00 *m  07 34 04.36 +22 05 08.2  07 35 38.25 +22 01 43.9  25.49660  -4.18468  283.057231  59.956492   -1.920   5.460   99.42131  33.85778  163.057701   1.367307  5.82275703034076  22.2838472   52.0964 /T    8.7289   0.4306287   99.320679   36.321409         n.a.     n.a.
 2026-May-23 12:00 *   07 35 57.05 +22 00 59.8  07 37 30.81 +21 57 31.5  26.64501  -4.19593   40.933482 -38.166379   -1.910   5.458   99.45237  33.67561  178.798804   1.351911  5.85425501347696  21.2417347   50.1275 /T    8.4914   0.4495560   98.949178   33.728780         n.a.     n.a.
 2026-May-26 00:00 *m  07 37 51.62 +21 56 43.4  07 39 25.30 +21 53 11.3  26.51803  -4.51810  282.663176  56.266385   -1.901   5.456   99.48356  33.50112  194.537246   1.335735  5.88474765786369  21.0910003   48.1783 /T    8.2457   0.4483361   99.669113   33.475228         n.a.     n.a.
 2026-May-28 12:00 *   07 39 48.42 +21 52 15.6  07 41 21.95 +21 48 39.1  27.57622  -4.51483   44.374125 -35.716785   -1.892   5.455   99.51497  33.33282  210.270375   1.319471  5.91445972019210  19.9673467   46.2316 /T    7.9910   0.4657227   99.298079   30.947942         n.a.     n.a.
 2026-May-31 00:00 *   07 41 46.86 +21 47 39.7  07 43 20.32 +21 43 59.1  27.44030  -4.84962  282.476661  52.598541   -1.884   5.453   99.54621  33.17204  226.001918   1.302488  5.94312657160873  19.8300312   44.3033 /T    7.7291   0.4644259   100.02259   30.722279         n.a.     n.a.
 2026-Jun-02 12:00 *m  07 43 47.34 +21 42 52.5  07 45 20.68 +21 39 07.5  28.41600  -4.83431   47.515471 -33.134922   -1.876   5.451   99.57739  33.01742  241.729107   1.285363  5.97095779847657  18.6283467   42.3762 /T    7.4589   0.4804048   99.655087   28.243543         n.a.     n.a.
 2026-Jun-05 00:00 *   07 45 49.25 +21 37 57.1  07 47 22.51 +21 34 08.1  28.27467  -5.18008  282.443093  48.952266   -1.868   5.449   99.60814  32.87018  257.455694   1.267591  5.99770478613311  18.5053313   40.4661 /T    7.1822   0.4790877   100.38178   28.044533         n.a.     n.a.
 2026-Jun-07 12:00 *m  07 47 53.03 +21 32 50.5  07 49 26.16 +21 28 57.2  29.17419  -5.15494   50.388862 -30.440996   -1.861   5.448   99.63857  32.72907  273.178758   1.249626  6.02356345457050  17.2252155   38.5559 /T    6.8977   0.4937686   100.02047   25.596137         n.a.     n.a.
 2026-Jun-10 00:00 *   07 49 58.04 +21 27 35.6  07 51 31.06 +21 23 38.2  29.03002  -5.50997  282.526813  45.326395   -1.854   5.446   99.66832  32.59526  288.902171   1.231092  6.04829180226210  17.1061586   36.6615 /T    6.6076   0.4924716   100.74704   25.409017         n.a.     n.a.
 2026-Jun-12 12:00 *m  07 52 04.76 +21 22 09.7  07 53 37.63 +21 18 07.7  29.84949  -5.47476   53.024451 -27.651869   -1.847   5.444   99.69751  32.46759  304.622968   1.212321  6.07207432817867  15.7546255   34.7660 /T    6.3103   0.5057901   100.39322   22.991315         n.a.     n.a.
 2026-Jun-15 00:00 *m  07 54 12.50 +21 16 35.4  07 55 45.31 +21 12 29.0  29.70315  -5.83664  282.703774  41.719315   -1.841   5.443   99.72578  32.34717  320.345044   1.193064  6.09468037317469  15.6314496   32.8854 /T    6.0080   0.5045194   101.11693   22.805422         n.a.     n.a.
 2026-Jun-17 12:00 *   07 56 21.77 +21 10 50.3  07 57 54.47 +21 06 39.3  30.43303  -5.78930   55.450052 -24.781118   -1.835   5.441   99.75326  32.23294  336.065522   1.173523  6.11627859061952  14.2103497   31.0034 /T    5.6992   0.5163131   100.77073   20.414426         n.a.     n.a.
 2026-Jun-20 00:00 *m  07 58 31.83 +21 04 57.0  08 00 04.45 +21 00 41.9  30.28242  -6.15410  282.958287  38.128935   -1.829   5.440   99.77961  32.12586  351.788296   1.153569  6.13666564959277  14.0965601   29.1357 /T    5.3864   0.5150237   101.48742   20.248863         n.a.     n.a.
 2026-Jun-22 12:00 *   08 00 43.23 +20 58 53.3  08 02 15.69 +20 54 33.7  30.92280  -6.09417   57.690878 -21.839119   -1.824   5.439   99.80494  32.02496    7.510404   1.133275  6.15600026973744  12.6179599   27.2661 /T    5.0676   0.5252932   101.14881   17.885782         n.a.     n.a.
 2026-Jun-25 00:00 *m  08 02 55.21 +20 52 41.7  08 04 27.57 +20 48 17.8  30.77125  -6.45980  283.279490  34.552847   -1.819   5.438   99.82895  31.93105   23.235703   1.112636  6.17410352474722  12.5197198   25.4101 /T    4.7457   0.5240332   101.85593   17.746364         n.a.     n.a.
 2026-Jun-27 12:00 *   08 05 08.36 +20 46 20.1  08 06 40.57 +20 41 51.4  31.33132  -6.38974   59.769640 -18.834356   -1.815   5.436   99.85174  31.84326   38.961128   1.091603  6.19112512235656  10.9961245   23.5510 /T    4.4185   0.5329374   101.52689   15.409009         n.a.     n.a.
 2026-Jun-30 00:00 *   08 07 21.91 +20 39 50.6  08 08 54.04 +20 35 17.7  31.18451  -6.75540  283.660119  30.989024   -1.810   5.435   99.87306  31.76233   54.690463   1.070298  6.20690039121966  10.9113529   21.7043 /T    4.0888   0.5317971   102.22294   15.289889         n.a.     n.a.
 2026-Jul-02 12:00 *m  08 09 36.47 +20 33 11.6  08 11 08.47 +20 28 34.1  31.66590  -6.67613   61.706066 -15.773764   -1.806   5.435   99.89300  31.68747   70.420650   1.048555  6.22156359480612   9.3455822   19.8535 /T    3.7543   0.5393670   101.90534   12.969247         n.a.     n.a.
 2026-Jul-05 00:00 *   08 11 51.27 +20 26 24.8  08 13 23.17 +20 21 43.2  31.53116  -7.04148  284.095575  27.435776   -1.803   5.434   99.91133  31.61934   86.155383   1.026617  6.23497065404476   9.2720154   18.0137 /T    3.4179   0.5384639   102.58863   12.864589         n.a.     n.a.
 2026-Jul-07 12:00 *m  08 14 06.96 +20 19 29.0  08 15 38.70 +20 14 42.8  31.93691  -6.95424   63.517709 -12.663055   -1.799   5.433   99.92815  31.55728  101.891630   1.004203  6.24723097468828   7.6642144   16.1688 /T    3.0774   0.5447547   102.28436   10.548414         n.a.     n.a.
 2026-Jul-10 00:00 *   08 16 22.74 +20 12 25.5  08 17 54.37 +20 07 35.1  31.81109  -7.31634  284.582839  23.891589   -1.796   5.432   99.94325  31.50189  117.633090   0.981676  6.25821607075301   7.5924011   14.3338 /T    2.7354   0.5440267   102.95241   10.447421         n.a.     n.a.
 2026-Jul-12 12:00 *m  08 18 39.25 +20 05 13.4  08 20 10.77 +20 00 18.2  32.13945  -7.22085   65.220288  -9.506871   -1.794   5.432   99.95671  31.45263  133.376786   0.958637  6.26801815614649   5.9439466   12.4929 /T    2.3899   0.5490104   102.66252   8.1268175         n.a.     n.a.
 2026-Jul-15 00:00 *m  08 20 55.70 +19 57 54.1  08 22 27.13 +19 52 54.7  32.01839  -7.57607  285.120694  20.355024   -1.791   5.432   99.96837  31.41001  149.126444   0.935564  6.27652156212824   5.8687435   10.6615 /T    2.0437   0.5483749   103.31227   8.0237105         n.a.     n.a.
 2026-Jul-17 12:00 *   08 23 12.69 +19 50 26.8  08 24 44.00 +19 45 23.0  32.25667  -7.46829   66.827448  -6.308381   -1.789   5.431   99.97828  31.37360  164.879219   0.911938  6.28380755981496   4.1928137    8.8241 /T    1.6945   0.5518323   103.03584   5.7067591         n.a.     n.a.
 2026-Jul-20 00:00 *m  08 25 29.44 +19 42 52.8  08 27 00.61 +19 37 44.9  32.14253  -7.81423  285.709718  16.824295   -1.787   5.431   99.98632  31.34373  180.638668   0.888345  6.28979432777764   4.1261091    6.9966 /T    1.3457   0.5513127   103.66419   5.6164113         n.a.     n.a.
 2026-Jul-22 12:00 *   08 27 46.57 +19 35 11.6  08 29 17.61 +19 29 59.1  32.29575  -7.69534   68.351605  -3.069672   -1.785   5.431   99.99255  31.32007  196.401983   0.864156  6.29454685314052   2.4339850    5.1644 /T    0.9948   0.5533317   103.40237   3.3031546         n.a.     n.a.
 2026-Jul-25 00:00 *m  08 30 03.28 +19 27 24.1  08 31 34.21 +19 22 07.4  32.19204  -8.03095  286.351313  13.297863   -1.784   5.432   99.99688  31.30284  212.172568   0.840067  6.29801107265355   2.3843745    3.3462 /T    0.6459   0.5529777   104.00765   3.2361613         n.a.     n.a.
 2026-Jul-27 12:00 *   08 32 20.24 +19 19 30.1  08 33 51.07 +19 14 09.0  32.26902  -7.90388   69.803701   0.207434   -1.783   5.432   99.99934  31.29180  227.947586   0.815348  6.30023398424480   0.6789180    1.5486 /T    0.3004   0.5537149   103.76291   0.9168429         n.a.     n.a.
 2026-Jul-30 00:00 *   08 34 36.64 +19 11 30.4  08 36 07.33 +19 06 05.8  32.17846  -8.22827  287.048302   9.774797   -1.782   5.432   99.99990  31.28712  243.730381   0.790801  6.30117618894335   0.6375962    0.5941 /L    0.1120   0.5535636   104.34360   0.8606446         n.a.     n.a.
 2026-Aug-01 12:00 *m  08 36 53.17 +19 03 24.8  08 38 23.73 +18 57 55.4  32.18047  -8.09370   71.193554   3.521675   -1.782   5.433   99.99857  31.28865  259.518202   0.765598  6.30086785469851  -1.0723990    2.2482 /L    0.4283   0.5530448   104.11763   -1.464038         n.a.     n.a.
 2026-Aug-04 00:00 *   08 39 09.01 +18 55 13.8  08 40 39.44 +18 49 40.5  32.10533  -8.40591  287.803667   6.254611   -1.782   5.433   99.99536  31.29650  275.314242   0.740644  6.29928688466222  -1.1140639    4.0607 /L    0.7754   0.5531254   104.67201   -1.520813         n.a.     n.a.
 2026-Aug-06 12:00 *m  08 41 24.84 +18 46 57.8  08 42 55.15 +18 41 20.1  32.02995  -8.26336   72.530306   6.871557   -1.782   5.434   99.99025  31.31066  291.115929   0.715015  6.29643902598273  -2.8307275    5.8973 /L    1.1259   0.5513118   104.46621   -3.864982         n.a.     n.a.
 2026-Aug-09 00:00 *   08 43 39.85 +18 38 36.9  08 45 10.05 +18 32 55.2  31.96848  -8.56093  288.622398   2.736950   -1.783   5.434   99.98331  31.33113  306.926366   0.689708  6.29232399440587  -2.8746814    7.7339 /L    1.4750   0.5515818   104.99165   -3.925360         n.a.     n.a.
 2026-Aug-11 12:00 *m  08 45 54.71 +18 30 11.8  08 47 24.83 +18 24 25.8  31.80963  -8.40830   73.822369  10.256561   -1.784   5.435   99.97450  31.35804  322.743134   0.663706  6.28692483039466  -4.5949314    9.5831 /L    1.8246   0.5483694   104.80646   -6.297489         n.a.     n.a.
 2026-Aug-14 00:00 *m  08 48 08.58 +18 21 42.7  08 49 38.58 +18 15 53.0  31.75359  -8.68636  289.510573  -0.778287   -1.785   5.436   99.96392  31.39130  338.569292   0.638092  6.28026438311923  -4.6425455   11.4297 /L    2.1714   0.5486709   105.29927   -6.365370         n.a.     n.a.
 2026-Aug-16 12:00 *   08 50 22.13 +18 13 10.4  08 51 52.00 +18 07 16.6  31.50789  -8.52195   75.077522  13.676844   -1.787   5.437   99.95152  31.43106  354.402542   0.611758  6.27231815762485  -6.3477833   13.2880 /L    2.5178   0.5440003   105.13469   -8.754641         n.a.     n.a.
 2026-Aug-19 00:00 *m  08 52 34.53 +18 04 34.9  08 54 04.27 +17 58 37.4  31.45997  -8.77941  290.475845  -4.291248   -1.789   5.438   99.93746  31.47714   10.245721   0.585868  6.26313609119265  -6.3890349   15.1436 /L    2.8605   0.5443670   105.59262   -8.817464         n.a.     n.a.
 2026-Aug-21 12:00 *   08 54 46.44 +17 55 57.3  08 56 16.08 +17 49 55.7  31.12868  -8.60380   76.303525  17.132776   -1.791   5.440   99.92168  31.52979   26.096647   0.559242  6.25267811677628  -8.0708384   17.0110 /L    3.2021   0.5382637   105.45051   -11.22606         n.a.     n.a.
 2026-Aug-24 00:00 *m  08 56 57.07 +17 47 17.3  08 58 26.60 +17 41 12.0  31.09537  -8.84153  291.527414  -7.801302   -1.793   5.441   99.90434  31.58867   41.957917   0.533121  6.24102298024892  -8.1016124   18.8765 /L    3.5394   0.5387987   105.87236   -11.27733         n.a.     n.a.
 2026-Aug-26 12:00 *   08 59 07.07 +17 38 36.2  09 00 36.51 +17 32 27.0  30.68593  -8.65751   77.507745  20.624674   -1.796   5.443   99.88539  31.65419   57.827461   0.506257  6.22810560925439  -9.7568720   20.7546 /L    3.8750   0.5313972   105.75550   -13.71098         n.a.     n.a.
 2026-Aug-29 00:00 *   09 01 15.65 +17 29 53.4  09 02 44.96 +17 23 40.8  30.66423  -8.87340  292.676335 -11.306938   -1.799   5.444   99.86503  31.72592   73.707746   0.479961  6.21402330956941  -9.7840411   22.6317 /L    4.2056   0.5320381   106.13901   -13.76169         n.a.     n.a.
 2026-Aug-31 12:00 *m  09 03 23.47 +17 21 10.5  09 04 52.68 +17 14 54.2  30.18051  -8.68247   78.697860  24.152824   -1.802   5.446   99.84318  31.80438   89.596817   0.452925  6.19869409397747 -11.4095062   24.5226 /L    4.5340   0.5234099   106.04973   -16.22552         n.a.     n.a.
 2026-Sep-03 00:00 *   09 05 29.76 +17 12 26.8  09 06 58.84 +17 06 07.0  30.17017  -8.87529  293.935574 -14.805965   -1.806   5.448   99.82009  31.88910  105.497030   0.426521  6.18222564533552 -11.4451024   26.4136 /L    4.8569   0.5241421   106.39252   -16.29290         n.a.     n.a.
 2026-Sep-05 12:00 *m  09 07 35.14 +17 03 44.0  09 09 04.15 +16 57 20.3  29.60172  -8.67386   79.882167  27.717559   -1.810   5.450   99.79567  31.98072  121.406702   0.399385  6.16451602925020 -13.0358782   28.3197 /L    5.1768   0.5141059   106.33158   -18.79693         n.a.     n.a.
 2026-Sep-08 00:00 *   09 09 38.83 +16 55 01.4  09 11 07.75 +16 48 34.4  29.59814  -8.84046  295.321081 -18.295359   -1.814   5.452   99.77019  32.07864  137.328009   0.372936  6.14569797800545 -13.0814544   30.2270 /L    5.4905   0.5148365   106.62998   -18.88669         n.a.     n.a.
 2026-Sep-10 12:00 *m  09 11 41.42 +16 46 21.0  09 13 10.27 +16 39 50.5  28.93857  -8.62574   81.069272  31.319782   -1.819   5.454   99.74358  32.18362  153.259531   0.345759  6.12565059674790 -14.6297687   32.1500 /L    5.8005   0.5032793   106.59778   -21.43801         n.a.     n.a.
 2026-Sep-13 00:00 *m  09 13 42.15 +16 37 42.0  09 15 10.87 +16 31 08.4  28.93527  -8.76224  296.852668 -21.771276   -1.824   5.456   99.71613  32.29493  169.203268   0.319314  6.10453744510484 -14.6718589   34.0748 /L    6.1035   0.5038813   106.84746   -21.53816         n.a.     n.a.
 2026-Sep-15 12:00 *   09 15 41.61 +16 29 06.5  09 17 10.24 +16 22 29.5  28.18670  -8.53473   82.269193  34.960867   -1.830   5.458   99.68777  32.41338  185.157887   0.292149  6.08222922287000 -16.1632507   36.0158 /L    6.4019   0.4908416   106.84594   -24.13107         n.a.     n.a.
 2026-Sep-18 00:00 *m  09 17 39.04 +16 20 33.7  09 19 07.57 +16 13 53.4  28.18667  -8.64147  298.554030 -25.228537   -1.835   5.461   99.65883  32.53813  201.125170   0.265759  6.05891077531089 -16.2005696   37.9589 /L    6.6926   0.4913596   107.04449   -24.24009         n.a.     n.a.
 2026-Sep-20 12:00 C   09 19 35.00 +16 12 05.7  09 21 03.50 +16 05 22.2  27.35219  -8.40260   83.493728  38.641956   -1.842   5.463   99.62920  32.67008  217.103957   0.238668  6.03443952399897 -17.6231515   39.9189 /L    6.9779   0.4768957   107.07696   -26.87063         n.a.     n.a.
 2026-Sep-23 00:00 *m  09 21 28.81 +16 03 41.5  09 22 57.20 +15 56 55.0  27.35735  -8.47983  300.454031 -28.659780   -1.848   5.465   99.59926  32.80828  233.095747   0.212399  6.00902102439195 -17.6563239   41.8818 /L    7.2548   0.4773573   107.22163   -26.98938         n.a.     n.a.
 2026-Sep-25 12:00 C   09 23 20.98 +15 55 23.5  09 24 49.32 +15 48 33.9  26.43986  -8.23085   84.757268  42.364005   -1.855   5.468   99.56888  32.95376  249.099601   0.185461  5.98249245874382 -19.0100312   43.8624 /L    7.5255   0.4615231   107.29160   -29.66817         n.a.     n.a.
 2026-Sep-28 00:00 *   09 25 10.85 +15 47 10.3  09 26 39.07 +15 40 17.9  26.44993  -8.27804  302.587436 -32.055199   -1.862   5.470   99.53845  33.10546  265.116814   0.159392  5.95507947698828 -19.0403805   45.8471 /L    7.7871   0.4619178   107.37856   -29.79974         n.a.     n.a.
 2026-Sep-30 12:00 Cm  09 26 58.92 +15 39 04.5  09 28 27.10 +15 32 09.0  25.45134  -8.01968   86.078769  46.127757   -1.870   5.472   99.50786  33.26455  281.146628   0.132693  5.92659898639346 -20.3228565   47.8508 /L    8.0418   0.4447489   107.48956   -32.53419         n.a.     n.a.
 2026-Oct-03 00:00 *   09 28 44.54 +15 31 04.8  09 30 12.64 +15 24 06.4  25.45804  -8.03318  304.996169 -35.401903   -1.878   5.475   99.47750  33.42989  297.190230   0.106907  5.89728671939302 -20.3639200   49.8598 /L    8.2867   0.4449232   107.51288   -32.70545         n.a.     n.a.
 2026-Oct-05 12:00 Cm  09 30 28.16 +15 23 13.9  09 31 56.25 +15 16 12.7  24.37017  -7.76192   87.483375  49.933865   -1.886   5.477   99.44728  33.60275  313.247162   0.080529  5.86694954670967 -21.5656637   51.8892 /L    8.5238   0.4262735   107.66672   -35.50506         n.a.     n.a.
 2026-Oct-08 00:00 C   09 32 09.14 +15 15 30.6  09 33 37.15 +15 08 26.8  24.36689  -7.73844  307.731892 -38.682985   -1.895   5.479   99.41760  33.78186  329.318402   0.055096  5.83584239090591 -21.6121023   53.9249 /L    8.7502   0.4261027   107.61881   -35.71842         n.a.     n.a.
 2026-Oct-10 12:00 Cm  09 33 47.89 +15 07 57.8  09 35 15.86 +15 00 51.4  23.18007  -7.45008   89.005948  53.783293   -1.905   5.482   99.38840  33.96858  345.403780   0.029111  5.80376461457685 -22.7194994   55.9818 /L    8.9678   0.4057980   107.81743   -38.59347         n.a.     n.a.
 2026-Oct-13 00:00 Cm  09 35 23.82 +15 00 34.1  09 36 51.70 +14 53 25.2  23.16739  -7.38964  310.856966 -41.876581   -1.914   5.484   99.36006  34.16141    1.503952   0.004096  5.77100349246648 -22.7558951   58.0454 /L    9.1737   0.4052896   107.69097   -38.83152         n.a.     n.a.
 2026-Oct-15 12:00 C   09 36 57.29 +14 53 22.6  09 38 25.17 +14 46 11.0  21.89008  -7.08752   90.698328  57.676493   -1.925   5.486   99.33253  34.36181   17.618896  -0.021421  5.73734682874030 -23.7572193   60.1308 /L    9.3697   0.3834814   107.94080   -41.77551         n.a.     n.a.
 2026-Oct-18 00:00 Cm  09 38 27.75 +14 46 21.5  09 39 55.57 +14 39 07.5  21.86568  -6.98972  314.444906 -44.953614   -1.935   5.488   99.30619  34.56816   33.749016  -0.045940  5.70309895638313 -23.7806587   62.2233 /L    9.5533   0.3825949   107.72732   -42.03999         n.a.     n.a.
 2026-Oct-20 12:00 C   09 39 55.55 +14 39 34.2  09 41 23.39 +14 32 17.8  20.50576  -6.67705   92.640647  61.612520   -1.946   5.490   99.28099  34.78197   49.894439  -0.070898  5.66804101536661 -24.6696353   64.3384 /L    9.7261   0.3594244   108.03619   -45.05216         n.a.     n.a.
 2026-Oct-23 00:00 Cm  09 41 20.18 +14 32 58.6  09 42 47.95 +14 25 40.1  20.47144  -6.54319  318.579816 -47.875815   -1.958   5.492   99.25729  35.00153   66.055321  -0.094827  5.63248548530535 -24.6854502   66.4611 /L    9.8856   0.3581949   107.72518   -45.34891         n.a.     n.a.
 2026-Oct-25 12:00 C   09 42 41.94 +14 26 38.3  09 44 09.71 +14 19 17.6  19.02844  -6.21977   94.966201  65.588116   -1.970   5.494   99.23504  35.22847   82.232067  -0.119121  5.59620179196854 -25.4562708   68.6075 /L   10.0333   0.3336527   108.10086   -48.43970         n.a.     n.a.
 2026-Oct-28 00:00 C   09 44 00.38 +14 20 31.1  09 45 28.09 +14 13 08.2  18.98209  -6.04962  323.352355 -50.593974   -1.982   5.496   99.21458  35.46093   98.424537  -0.142358  5.55951649763406 -25.4690681   70.7626 /L   10.1670   0.3320466   107.67715   -48.77802         n.a.     n.a.
 2026-Oct-30 12:00 Cm  09 45 15.73 +14 14 40.5  09 46 43.50 +14 07 15.3  17.45675  -5.71530   97.914760  69.595577   -1.995   5.497   99.19589  35.70067  114.633446  -0.165881  5.52218333620649 -26.1230183   72.9428 /L   10.2880   0.3061422   108.12832   -51.96538         n.a.     n.a.
 2026-Nov-02 00:00 C   09 46 27.58 +14 09 04.6  09 47 55.31 +14 01 37.5  17.38633  -5.50445  328.850760 -53.045673   -2.008   5.499   99.17927  35.94570  130.858502  -0.188330  5.48454008592525 -26.1313218   75.1329 /L   10.3941   0.3039478   107.56761   -52.36370         n.a.     n.a.
 2026-Nov-04 12:00 Cm  09 47 36.09 +14 03 46.9  09 49 03.86 +13 56 18.0  15.77357  -5.15640  101.961552  73.617805   -2.022   5.500   99.16475  36.19781  147.100658  -0.210988  5.44634136198274 -26.6550137   77.3496 /L   10.4863   0.2765833   108.10265   -55.66235         n.a.     n.a.
 2026-Nov-07 00:00 C   09 48 40.89 +13 58 45.6  09 50 08.61 +13 51 15.0  15.67459  -4.90385  335.142903 -55.154464   -2.036   5.501   99.15259  36.45485  163.359364  -0.232566  5.40793908876660 -26.6531173   79.5768 /L   10.5626   0.2737297   107.37248   -56.12454         n.a.     n.a.
 2026-Nov-09 12:00 C   09 49 42.09 +13 54 04.3  09 51 09.86 +13 46 31.8  13.97575  -4.54236  108.193130  77.611823   -2.051   5.502   99.14282  36.71862  179.635825  -0.254268  5.36909202728410 -27.0276440   81.8315 /L   10.6239   0.2449232   108.00506   -59.53920         n.a.     n.a.
 2026-Nov-12 00:00 Nm  09 50 39.41 +13 49 40.8  09 52 07.16 +13 42 06.6  13.85123  -4.25104  342.245283 -56.831903   -2.065   5.503   99.13564  36.98675  195.929064  -0.274883  5.33016940961613 -27.0027308   84.0970 /L   10.6685   0.2414815   107.06162   -60.05000         n.a.     n.a.
 2026-Nov-14 12:00 C   09 51 32.88 +13 45 38.8  09 53 00.72 +13 38 02.9  12.07630  -3.88006  119.597365  81.447115   -2.081   5.504   99.13111  37.26109  212.240496  -0.295525  5.29092504236184 -27.2254249   86.3904 /L   10.6969   0.2114053   107.81198   -63.59025         n.a.     n.a.
 2026-Nov-17 00:00 Nm  09 52 22.30 +13 41 55.9  09 53 50.13 +13 34 18.6  11.92844  -3.55289  350.084909 -57.983855   -2.096   5.504   99.12935  37.53911  228.568816  -0.315069  5.25174035623882 -27.1707480   88.6948 /L   10.7078   0.2074386   106.58619   -64.14226         n.a.     n.a.
 2026-Nov-19 12:00 C   09 53 07.69 +13 38 35.7  09 54 35.58 +13 30 57.1  10.09290  -3.17842  145.808068  84.607183   -2.113   5.504   99.13041  37.82268  244.915570  -0.334530  5.21236535030665 -27.2368727   91.0277 /L   10.7017   0.1763590   107.48005   -67.80616         n.a.     n.a.
 2026-Nov-22 00:00 Nm  09 53 48.88 +13 35 35.8  09 55 16.76 +13 27 56.0  9.919120  -2.81642  358.470094 -58.524026   -2.129   5.504   99.13434  38.10918  261.279181  -0.352886  5.17317927664146 -27.1612225   93.3717 /L   10.6774   0.1718536   105.85129   -68.41352         n.a.     n.a.
 2026-Nov-24 12:00 Cm  09 54 25.85 +13 32 59.7  09 55 53.81 +13 25 18.5  8.032782  -2.44177  197.585277  85.202968   -2.146   5.504   99.14121  38.40050  277.661433  -0.371041  5.13393355492603 -27.0684367   95.7452 /L   10.6353   0.1399284   106.90801   -72.21340         n.a.     n.a.
 2026-Nov-27 00:00 N   09 54 58.51 +13 30 44.8  09 56 26.51 +13 23 02.3  7.831710  -2.04639    7.096731 -58.391024   -2.163   5.504   99.15100  38.69392  294.060454  -0.388091  5.09500243564315 -26.9772684   98.1305 /L   10.5744   0.1349109   104.64373   -72.88141         n.a.     n.a.
 2026-Nov-29 12:00 Nm  09 55 26.74 +13 28 54.8  09 56 54.85 +13 21 11.2  5.890338  -1.66850  232.800791  82.465323   -2.180   5.503   99.16377  38.99137  310.478390  -0.404830  5.05613568272175 -26.7245613  100.5466 /L   10.4947   0.1020348   105.81530   -76.86508         n.a.     n.a.
 2026-Dec-02 00:00 N   09 55 50.53 +13 27 27.1  09 57 18.65 +13 19 42.6  5.654917  -1.23891   15.604790 -57.561683   -2.198   5.503   99.17943  39.28989  326.913066  -0.420479  5.01771907664603 -26.6078470  102.9755 /L   10.3958   0.0964840   102.35744   -77.59589         n.a.     n.a.
 2026-Dec-04 12:00 Nm  09 56 09.68 +13 26 25.3  09 57 37.90 +13 18 40.1  3.670472  -0.86157  247.497851  78.499002   -2.215   5.502   99.19808  39.59136  343.366800  -0.435705  4.97951204130730 -26.1812372  105.4359 /L   10.2771   0.0628372   103.20993   -81.77960         n.a.     n.a.
 2026-Dec-07 00:00 N   09 56 24.28 +13 25 46.8  09 57 52.52 +13 18 00.8  3.401198  -0.40118   23.663746 -56.055470   -2.233   5.501   99.21950  39.89265  359.837047  -0.449862  4.94190421149542 -26.0265335  107.9092 /L   10.1386   0.0570796   96.727177   -82.53610         n.a.     n.a.
 2026-Dec-09 12:00 N   09 56 34.08 +13 25 34.9  09 58 02.45 +13 17 48.1  1.393812  -0.03190  255.000831  74.141200   -2.251   5.499   99.24378  40.19550   16.326201  -0.463476  4.90466958595621 -25.4181243  110.4142 /L    9.9797   0.0232363   91.311221   -86.89772         n.a.     n.a.
 2026-Dec-12 00:00 Cm  09 56 39.29 +13 25 46.7  09 58 07.72 +13 17 59.2  1.103030  0.450596   31.041087 -53.926292   -2.269   5.498   99.27060  40.49669   32.831285  -0.476040  4.86819169656188 -25.2232386  112.9315 /L    9.8008   0.0198586   67.779621   -87.34737         n.a.     n.a.
 2026-Dec-14 12:00 N   09 56 39.60 +13 26 25.3  09 58 08.16 +13 18 37.4  -0.90826  0.805101  259.682518  69.592455   -2.287   5.496   99.30002  40.79790   49.354872  -0.487933  4.83224959606459 -24.4324857  115.4803 /L    9.6011   0.0202288   311.55431   -87.23125         n.a.     n.a.
 2026-Dec-17 00:00 Cm  09 56 35.33 +13 27 27.6  09 58 03.93 +13 19 39.4  -1.21339  1.303072   37.624966 -51.247536   -2.305   5.494   99.33163  41.09578   65.893532  -0.498798  4.79722333136648 -24.1950800  118.0405 /L    9.3814   0.0296757   317.04099   -85.93179         n.a.     n.a.
 2026-Dec-19 12:00 N   09 56 26.13 +13 28 56.3  09 57 54.85 +13 21 08.0  -3.20011  1.632883  263.028329  64.916882   -2.323   5.492   99.36546  41.39198   82.449947  -0.508861  4.76289466305256 -23.2310958  120.6318 /L    9.1409   0.0598773   297.03330   -81.55939         n.a.     n.a.
 2026-Dec-22 00:00 Cm  09 56 12.42 +13 30 48.5  09 57 41.20 +13 22 59.9  -3.51598  2.141297   43.404927 -48.097983   -2.341   5.490   99.40102  41.68312   99.020392  -0.517929  4.72962808459893 -22.9549892  123.2339 /L    8.8807   0.0686118   301.34218   -80.30291         n.a.     n.a.
 2026-Dec-24 12:00 Nm  09 55 53.82 +13 33 06.4  09 57 22.76 +13 25 17.7  -5.45663  2.440205  265.653508  60.142003   -2.358   5.488   99.43831  41.97076  115.607631  -0.526074  4.69721432742439 -21.8238726  125.8668 /L    8.5997   0.0996235   294.09418   -75.46944         n.a.     n.a.
 2026-Dec-27 00:00 C   09 55 30.82 +13 35 47.0  09 56 59.85 +13 27 58.2  -5.78372  2.956252   48.434781 -44.551561   -2.376   5.486   99.47677  42.25157  132.207692  -0.533277  4.66599499406443 -21.5209965  128.5100 /L    8.2997   0.1082575   297.07308   -74.16059         n.a.     n.a.
 2026-Dec-29 12:00 Nm  09 55 02.95 +13 38 52.7  09 56 32.12 +13 31 04.3  -7.66750  3.223020  267.856841  55.282994   -2.392   5.483   99.51640  42.52697  148.823583  -0.539453  4.63577867327778 -20.2195268  131.1842 /L    7.9792   0.1386226   292.79937   -68.98472         n.a.     n.a.
$$EOE
**********************************************************************************************************************************************************************************************************************************************************************************************
Column meaning:
 
TIME

  Times PRIOR to 1962 are UT1, a mean-solar time closely related to the
prior but now-deprecated GMT. Times AFTER 1962 are in UTC, the current
civil or "wall-clock" time-scale. UTC is kept within 0.9 seconds of UT1
using integer leap-seconds for 1972 and later years.

  Conversion from the internal Barycentric Dynamical Time (TDB) of solar
system dynamics to the non-uniform civil UT time-scale requested for output
has not been determined for UTC times after the next July or January 1st.
Therefore, the last known leap-second is used as a constant over future
intervals.

  Time tags refer to the UT time-scale conversion from TDB on Earth
regardless of observer location within the solar system, although clock
rates may differ due to the local gravity field and no analog to "UT"
may be defined for that location.

  Any 'b' symbol in the 1st-column denotes a B.C. date. First-column blank
(" ") denotes an A.D. date.
 
CALENDAR SYSTEM

  Mixed calendar mode was active such that calendar dates after AD 1582-Oct-15
(if any) are in the modern Gregorian system. Dates prior to 1582-Oct-5 (if any)
are in the Julian calendar system, which is automatically extended for dates
prior to its adoption on 45-Jan-1 BC.  The Julian calendar is useful for
matching historical dates. The Gregorian calendar more accurately corresponds
to the Earth's orbital motion and seasons. A "Gregorian-only" calendar mode is
available if such physical events are the primary interest.

  NOTE: "n.a." in output means quantity "not available" at the print-time.
 
SOLAR PRESENCE (OBSERVING SITE)
  Time tag is followed by a blank, then a solar-presence symbol:

       '*'  Daylight (refracted solar upper-limb on or above apparent horizon)
       'C'  Civil twilight/dawn
       'N'  Nautical twilight/dawn
       'A'  Astronomical twilight/dawn
       ' '  Night OR geocentric ephemeris

LUNAR PRESENCE (OBSERVING SITE)
  The solar-presence symbol is immediately followed by a lunar-presence symbol:

       'm'  Refracted upper-limb of Moon on or above apparent horizon
       ' '  Refracted upper-limb of Moon below apparent horizon OR geocentric
            ephemeris
 
 'R.A._____(ICRF)_____DEC' =
  Astrometric right ascension and declination of the target center with
respect to the observing site (coordinate origin) in the reference frame of
the planetary ephemeris (ICRF). Compensated for down-leg light-time delay
aberration.

  Units: RA  in hours-minutes-seconds of time,    HH MM SS.ff{ffff}
         DEC in degrees-minutes-seconds of arc,  sDD MN SC.f{ffff}
 
 'R.A.__(a-apparent)__DEC' =
  Airless apparent right ascension and declination of the target center
with respect to an instantaneous reference frame defined by the Earth equator
of-date (z-axis) and meridian containing the Earth equinox of-date (x-axis,
EOP-corrected IAU76/80). Compensated for down-leg light-time delay,
gravitational deflection of light, stellar aberration, precession & nutation.
Note: equinox (RA origin) is offset -53 mas from the of-date frame defined
by the IAU06/00a P & N system.

  Units: RA  in hours-minutes-seconds of time,   HH MM SS.ff{ffff}
         DEC in degrees-minutes-seconds of arc, sDD MN SC.f{ffff}
 
 'dRA*cosD d(DEC)/dt' =
  The angular rate of change in apparent RA and DEC of the target. This is
with respect to the non-inertial IAU76/80 Earth true equator and equinox
of-date reference frame.  d(RA)/dt is multiplied by the cosine of declination
to provide a linear rate in the plane-of-sky. Units: ARCSECONDS PER HOUR
 
 'Azi____(a-app)___Elev' =
  Airless apparent azimuth and elevation of target center. Compensated
for light-time, the gravitational deflection of light, stellar aberration,
precession and nutation. Azimuth is measured clockwise from north:

  North(0) -> East(90) -> South(180) -> West(270) -> North (360)

Elevation angle is with respect to a plane perpendicular to the reference
surface local zenith direction. TOPOCENTRIC ONLY.  Units: DEGREES
 
 'APmag   S-brt' =
  The targets' approximate apparent visual magnitude and surface brightness.
For planets and natural satellites, output is restricted to solar phase angles
covered by observational data. Outside the observed phase angle range, "n.a."
may be output to avoid extrapolation beyond the limit of model validity.

   For Earth-based observers, the estimated dimming due to atmospheric
absorption (extinction) is available as a separate, requestable quantity.

   Surface brightness is the average airless visual magnitude of a
square-arcsecond of the illuminated portion of the apparent disk. It is
computed only if the target radius is known.

   Units: MAGNITUDES & MAGNITUDES PER SQUARE ARCSECOND
 
 'Illu%' =
   Fraction of the target objects' assumed circular disk illuminated by Sun
(phase), as seen by the observer.  Units: PERCENT
 
 'Ang-diam' =
   The equatorial angular width of the target body full disk, if it were fully
illuminated and visible to the observer. If the target body diameter is unknown
"n.a." is output.

   Units: ARCSECONDS
 
 'ObsSub-LON ObsSub-LAT' =
   Apparent planetodetic longitude and latitude of the center of the target
disc seen by the OBSERVER at print-time. This is NOT exactly the same as the
"nearest" sub-point for a non-spherical target shape (since the center of the
disc might not be the point closest to the observer), but is generally very
close if not a very irregular body shape. Down-leg light travel-time from
target to observer is taken into account. Latitude is the angle between the
equatorial plane and the line perpendicular to the reference ellipsoid of the
body, so includes body oblateness. The reference ellipsoid is an oblate
spheroid with a single flatness coefficient in which the y-axis body radius
is taken to be the same value as the x-axis radius.  For Jupiter, Saturn, and
Uranus, IAU2015 longitude is based on the "System III" prime meridian rotation
angle of the magnetic field. By contrast, pole direction (thus latitude) is
relative to the body dynamical equator.  There can be an offset between the
magnetic pole and the dynamical pole of rotation. For Neptune, rotation is
IAU2015 "System II" rotation of optically observed features in the Neptunian
atmosphere. Positive longitude is to the WEST for this target. Cartographic
system is specified in the header.  Units: DEGREES DEGREES
 
 'delta      deldot' =
   Apparent range ("delta", light-time aberrated) and range-rate ("delta-dot")
of the target center relative to the observer. A positive "deldot" means the
target center is moving away from the observer, negative indicates movement
toward the observer.  Units: AU and KM/S
 
 'S-O-T /r' =
   Sun-Observer-Target apparent SOLAR ELONGATION ANGLE seen from the observers'
location at print-time.

   The '/r' column provides a code indicating the targets' apparent position
relative to the Sun in the observers' sky, as described below:

   Case A: For an observing location on the surface of a rotating body, that
body rotational sense is considered:

    /T indicates target TRAILS Sun   (evening sky: rises and sets AFTER Sun)
    /L indicates target LEADS Sun    (morning sky: rises and sets BEFORE Sun)

   Case B: For an observing point that does not have a rotational model (such
as a spacecraft), the "leading" and "trailing" condition is defined by the
observers' heliocentric ORBITAL motion:

    * If continuing in the observers' current direction of heliocentric
       motion would encounter the targets' apparent longitude first, followed
       by the Sun's, the target LEADS the Sun as seen by the observer.

    * If the Sun's apparent longitude would be encountered first, followed
       by the targets', the target TRAILS the Sun.

   Two other codes can be output:
    /* indicates observer is Sun-centered    (undefined)
    /? Target is aligned with Sun center     (no lead or trail)

   The S-O-T solar elongation angle is numerically the minimum separation
angle of the Sun and target in the sky in any direction. It does NOT indicate
the amount of separation in the leading or trailing directions, which would
be defined along the equator of a spherical coordinate system.

   Units: DEGREES
 
 'S-T-O' =
   The Sun-Target-Observer angle; the interior vertex angle at target center
formed by a vector from the target to the apparent center of the Sun (at
reflection time on the target) and the apparent vector from target to the
observer at print-time. Slightly different from true PHASE ANGLE (requestable
separately) at the few arcsecond level in that it includes stellar aberration
on the down-leg from target to observer.  Units: DEGREES
 
 'Sky_motion  Sky_mot_PA  RelVel-ANG' =
  Total apparent angular rate of the target in the plane-of-sky. "Sky_mot_PA"
is the position angle of the target's direction of motion in the plane-of-sky,
measured counter-clockwise from the apparent of-date north pole direction.
"RelVel-ANG" is the flight path angle of the target's relative motion with
respect to the observer's line-of-sight, in the range [-90,+90], where positive
values indicate motion away from the observer, negative values are toward the
observer:

  -90 = target is moving directly toward the observer
    0 = target is moving at right angles to the observer's line-of-sight
  +90 = target is moving directly away from the observer

UNITS:  ARCSECONDS/MINUTE, DEGREES, DEGREES
 
 'Lun_Sky_Brt  sky_SNR' =
  Sky brightness due to moonlight scattered by Earth's atmosphere at the
target's position in the sky. "sky_SNR" is the visual signal-to-noise ratio
(SNR) of the target's surface brightness relative to background sky. Output
only for topocentric Earth observers when both the Moon and target are above
the local horizon and the Sun is in astronomical twilight (or further) below
the horizon, and the target is not the Moon or Sun. If all conditions are
not met, "n.a." is output. Galactic brightness, local sky light-pollution
and weather are NOT considered. Lunar opposition surge is considered. The
value returned is accurate under ideal conditions at the approximately 8-23%
level, so is a useful but not definitive value.

  If the target-body radius is also known, "sky_SNR" is output. This is the
approximate visual signal-to-noise ratio of the target's brightness divided
by lunar sky brightness. When sky_SNR < 1, the target is dimmer than the
ideal moonlight-scattering background sky, so unlikely to be detectable at
visual wavelengths. In practice, visibility requires sky_SNR > 1 and a
detector sensitive enough to reach the target's magnitude, even if it isn't
washed out by moonlight. When relating magnitudes and brightness values,
keep in mind their logarithmic relationship m2-m1 = -2.5*log_10(b2/b1).

  UNITS: VISUAL MAGNITUDES / ARCSECOND^2, and unitless ratio

Computations by ...

    Solar System Dynamics Group, Horizons On-Line Ephemeris System
    4800 Oak Grove Drive, Jet Propulsion Laboratory
    Pasadena, CA  91109   USA

    General site: https://ssd.jpl.nasa.gov/
    Mailing list: https://ssd.jpl.nasa.gov/email_list.html
    System news : https://ssd.jpl.nasa.gov/horizons/news.html
    User Guide  : https://ssd.jpl.nasa.gov/horizons/manual.html
    Connect     : browser        https://ssd.jpl.nasa.gov/horizons/app.html#/x
                  API            https://ssd-api.jpl.nasa.gov/doc/horizons.html
                  command-line   telnet ssd.jpl.nasa.gov 6775
                  e-mail/batch   https://ssd.jpl.nasa.gov/ftp/ssd/horizons_batch.txt
                  scripts        https://ssd.jpl.nasa.gov/ftp/ssd/SCRIPTS
    Author      : Jon.D.Giorgini@jpl.nasa.gov

**********************************************************************************************************************************************************************************************************************************************************************************************
